2366492
1802
45507
3275
44670
3153
44944
3451
44537
4200
51866
3462
44471
3467
44490
3483
44535
4203
43821
3351
44642
3354
44528
3098
44886
3012
44952
3094
45013
3598
44382
3262
44715
3215
44781
3239
44761
3521
44442
3215
44775
3431
44564
3143
44823
3072
44985
3068
44859
3093
44871
3017
44969
2991
45013
2920
45063
2987
44980
3030
44978
3202
44758
2818
45177
2816
45169
2936
45057
2867
45103
2750
45274
2762
45206
2802
45185
2683
45314
2845
45093
3025
44934
2874
45132
2778
45235
2791
45169
2753
45288
2930
45008
2821
45202
2807
45130
2863
45107
2918
45088
2796
45192
2932
45179
2851
44973
2631
45400
2754
45243
2801
45162
2870
45126
2722
45221
2696
45265
2525
45483
2257
45833
2814
45100
2786
45197
2718
45312
2628
45358
2692
45289
2682
45016
2024
42209
2686
45352
2748
45164
2714
45263
2701
45309
2741
45269
2681
45309
2610
45320
2599
45416
2604
45392
2643
45214
2725
45412
2697
45115
3769
44242
2798
45210
3202
44751
2822
45299
2829
45101
2850
45133
2694
45362
2552
45376
2592
45400
2576
45411
2634
45381
2639
45314
2559
45431
2617
45404
2753
45163
2614
45400
2633
45299
2410
45666
2721
45187
2509
45560
2566
45379
2591
45409
3145
44776
2614
45418
2571
45122
1526
42613
2205
45919
2570
45402
2622
45274
2515
45581
2495
45476
2522
45508
2549
45408
2605
45384
2577
45287
2600
45516
2706
45188
2506
45533
2580
45402
2561
45405
2488
45337
2595
45604
2538
45390
2556
45446
2777
45196
2886
45074
2796
45268
2529
45394
2480
45550
2442
45488
2435
45596
2533
45448
2597
45339
2485
45498
2449
45598
2467
45478
2503
45515
2477
45460
2472
45549
2466
45534
2462
45497
2464
45545
2474
45509
2472
45512
2503
45493
2547
45392
2541
45475
2476
45495
2521
45478
2502
45463
2433
45534
2467
45519
2466
45518
2469
45554
2475
45485
2462
45519
2483
45544
2510
45465
2557
45408
2526
45442
2515
45496
2526
45437
2478
45532
2457
45494
2475
45544
2747
45246
2497
45466
2394
45570
2438
45581
2441
45501
2452
45567
2465
45506
2431
45574
2540
45455
2547
45428
2512
45448
2467
45511
2474
45505
2559
45345
2682
45430
2575
45419
2509
45459
2450
45493
2494
45513
2532
45497
2374
45628
2455
45436
2570
45386
6146
113863
3246
44757
2937
44933
2343
45725
2371
45614
2352
45601
2391
45596
2371
45690
2413
45593
2428
45525
2403
45572
2394
45618
2323
45662
2394
45582
2414
45534
2434
45597
2355
45591
2360
45631
2410
45627
2396
45543
2399
45586
2413
45556
2382
45541
2414
45649
2425
45542
2473
45486
2486
45567
2433
45405
2399
45721
2413
45563
2416
45570
2410
45545
2432
45600
2378
45554
2457
45541
2508
45525
2379
45562
2519
45449
2468
45513
2533
45514
2466
45478
2564
45393
2388
45631
2303
45693
2460
45521
2330
45639
2315
45698
2603
45339
2464
45546
2440
45519
2392
45621
2493
45496
2413
45603
2458
45484
2373
45624
2345
45608
2371
45603
2389
45637
2416
45527
2467
45559
2484
45502
2615
45348
2700
45291
2807
45140
2682
45321
3466
44489
2691
45357
2319
45619
2346
45663
2207
45801
2317
45626
2337
45676
2321
45686
2342
45611
2326
45538
2255
45834
2348
45663
2316
45651
2311
45681
2314
45606
2331
45743
2338
45629
2400
45570
2325
45690
2331
45606
2432
45537
2341
45707
2350
45604
2341
45657
2336
45633
2310
45672
2326
45672
2248
45715
2331
45624
2297
45727
2300
45681
2427
45685
2210
45545
2116
45872
2079
46002
2027
45908
2284
45755
2280
45714
2277
45626
2416
45650
2483
45488
2294
45689
2453
45538
2305
45667
2359
45598
2411
45605
2365
45607
2383
45626
2395
45565
2340
45588
2260
45772
2384
45523
2109
45654
1334
42436
1147
42837
1198
42818
1254
42831
1513
42363
1416
42969
2313
45790
2289
45678
1458
42457
2309
45614
2291
45798
2398
45596
2163
45847
2431
45532
2348
45671
2290
45678
2362
45565
2397
45655
2367
45625
2268
45712
2307
45675
2305
45618
2286
45757
2311
45650
2293
45712
2297
45681
2367
45630
2319
45677
2273
45696
2300
45674
2326
45669
2294
45716
2295
45666
2270
45725
2318
45646
2287
45745
2164
45742
2298
45678
2284
45724
2382
45574
2280
45656
2155
45544
1231
42587
1181
46960
1184
42617
1186
42793
1152
43245
2273
45791
2034
46022
2274
45715
2357
45620
2374
45582
2298
45713
2261
45729
2295
45688
2275
45698
2292
45703
2357
45637
2278
45737
2316
45569
2401
45476
2001
41844
1277
42928
2427
45644
2363
45613
2307
45667
2249
45800
2304
45637
2274
45624
1978
46093
2290
45672
2283
45696
2277
45714
2279
45673
2627
45405
2772
45118
2940
45066
2506
45491
2439
45584
2383
45504
2212
45587
1246
42460
1151
42901
1181
42729
1221
42761
1150
42840
1170
42872
1179
43208
2471
45572
2213
45842
2189
45752
2232
45744
2213
45776
2209
45769
2207
45705
2184
45838
2202
45807
2204
45818
2136
45821
2141
45715
2177
45891
2243
45748
2201
45792
2152
45828
2182
45771
2340
45548
1993
45800
1239
42490
1187
42780
1161
43304
2320
45789
2276
45652
2134
45893
2140
45750
2195
45843
2295
45705
2245
45684
2251
45738
2106
45850
2161
45793
2220
45651
2181
46023
1980
45801
1951
41972
2012
42065
2165
45831
2147
45871
2196
45808
2194
45742
2227
45749
2217
45846
2198
45616
2168
45939
2297
45661
2369
45658
2268
45722
2186
45723
2150
45895
3225
44040
31022
44855
1959
42068
1954
41998
2047
46084
2232
45785
2200
45726
2234
45771
2468
45531
2392
45592
2272
45644
2149
45879
2138
45840
2131
45859
2267
45718
2190
45758
2235
45764
2216
45765
2178
45822
2168
45801
2198
45825
2187
45771
2156
45843
2211
45716
2198
45814
2129
45856
2159
45860
2181
45767
2185
45829
2135
45826
2148
45841
2242
45758
2212
45739
2170
45724
2171
45906
2157
45829
2160
45845
2144
45791
2250
45730
2195
45776
2224
45783
2315
45642
2324
45630
2269
45726
2237
45762
2129
45876
2194
45769
2130
45854
2110
45868
2150
45841
2119
45878
2157
45789
2156
45847
2152
45793
2160
45873
2231
45705
2198
45816
2168
45829
2178
45811
2157
45809
2179
45793
2159
45857
2141
45884
2134
45798
2291
45704
2376
45604
2185
45785
2330
45668
2322
45615
2188
45831
2194
45807
2099
45913
2132
45814
2140
45838
2032
45963
2125
45842
2112
45879
2165
45844
2133
45913
2109
45809
2146
45823
2133
45859
2107
45874
2176
45800
2176
45821
2138
45831
2145
45866
2118
45877
2181
45771
2144
45852
2119
45858
2109
45888
2160
45796
2124
45890
2147
45840
2152
45805
2160
45833
2098
45780
2159
45958
2037
45919
2130
45853
2149
45844
2151
45883
2145
45781
2175
45837
35323
44497
1993
42003
1993
41987
2198
45928
2356
45585
2210
45824
2076
45905
2046
45920
2148
45820
2130
45874
2144
45839
2148
45829
2117
45877
2144
45844
2137
45854
2153
45808
2154
45852
2115
45873
2153
45835
2112
45824
2150
45860
2158
45902
2133
45769
2145
45864
2159
45788
2146
45861
2105
45891
2169
45819
2153
45834
2152
45834
1988
45978
2213
45786
2135
45848
2142
45855
2091
45873
2148
45842
2152
45831
2116
45843
2162
45862
2139
45797
2131
45892
2150
45798
2140
45886
2128
45873
2109
45856
2220
45758
2093
45903
2170
45779
2201
45805
2169
45812
2114
45878
2077
45908
2127
45849
2139
45895
2119
45832
2144
45838
2132
45829
2139
45871
2200
45767
2160
45820
2149
45847
2148
45830
2114
45836
2176
45844
2151
45835
2158
45825
2131
45836
2169
45833
2088
45880
2191
45809
2158
45816
2159
45840
2089
45889
2112
45890
2144
45823
2147
45816
2160
45838
2131
45775
2156
45920
2174
45773
2149
45799
2162
45865
2131
45873
2167
45809
2253
45760
2176
45708
2198
45879
2186
45790
2169
45808
2186
45824
2099
45860
2150
45837
2124
45923
1909
45904
1925
42012
1938
42132
2156
45881
2137
45853
2116
45865
2151
45839
2132
45845
2149
45818
2129
45878
2162
45808
34632
45308
2114
45916
2118
45868
2135
45857
2120
45880
2095
45818
2079
45966
2711
45269
2131
45849
2135
45836
2134
45883
2041
45931
2053
46003
2115
45799
2124
45868
2120
45848
2205
45717
2064
45708
1284
42536
1211
43018
1338
42654
1324
42646
1354
42377
1282
43050
2008
42070
2130
45903
2114
45869
2150
45823
2136
45840
2102
45881
2140
45862
2162
45814
2084
45895
2136
45857
2114
45858
2127
45837
2088
46028
1902
45877
1936
42002
1916
42135
2101
45952
2182
45812
2108
45812
2077
45943
2130
45854
2067
45936
2129
45850
2145
45839
2149
45813
2162
45862
2086
45889
2132
45876
2138
45832
2101
45865
2086
45913
2137
45847
2079
45914
2114
45853
2114
45863
2164
45824
2189
45805
2131
45863
2128
45836
2134
45837
2134
45869
2101
45806
2073
45980
2111
45886
2124
45855
2125
45877
2126
45848
2160
45829
2132
45865
2143
45821
2104
45872
2123
45887
2232
45729
2171
45803
2137
45827
2116
45898
2156
45790
2120
45902
2118
45852
2146
45859
2201
45788
2118
45834
2120
45886
2158
45833
2137
45813
2089
45921
2171
45808
2171
45822
2143
45829
2110
45889
2120
45874
2195
45796
2129
45838
2118
45879
2117
45836
2116
45771
2136
45962
2111
45885
2322
45650
2290
45692
2318
45613
30090
45851
2423
45559
1932
42030
2246
45866
2136
45849
2085
45878
2203
45811
2114
45857
2238
45712
2153
45873
2130
45845
2124
45880
2217
45779
2159
45842
2132
45809
2142
45823
2083
45923
2036
45957
2206
45816
2158
45749
2135
45881
2143
45834
2153
45848
2028
45942
2174
45850
2162
45758
2144
45943
2170
45632
2155
45929
2162
45846
2262
45657
2124
45909
2141
45817
2079
45965
2160
45790
2115
45870
2122
45858
2105
45886
2157
45830
2108
45874
2128
45856
2130
45872
2148
45706
2123
45978
2137
45845
2120
45870
2158
45851
2173
45808
2166
45785
2156
45857
2123
45890
2158
45788
2153
45825
2121
45845
2204
45796
2173
45817
2119
45860
2132
45859
2152
45823
2168
45836
2119
45850
2179
45801
2156
45795
2148
45858
2144
45871
2157
45812
2217
45779
2132
45843
2109
45855
2116
45892
2263
45728
2154
45821
2131
45868
2129
45766
2213
45865
2139
45831
2040
45955
2108
45866
2145
45822
2143
45860
2145
45846
2099
45872
2163
45850
2079
45876
2074
45933
2125
45841
2175
45822
2147
45833
2096
45852
2129
45900
2121
45856
2263
45726
2202
45749
2167
45833
2135
45866
2167
45767
2143
45894
2154
45827
2265
45712
2140
45855
2140
45839
2123
45855
2159
45834
2148
45837
29540
42306
1906
42085
1817
42147
2186
45940
2133
45856
2150
46107
2269
45458
2248
45705
2118
45840
2170
45850
2147
45868
2140
45787
2105
45922
2133
45799
2124
45898
2143
45835
2176
45817
2215
45769
2236
45743
2159
45839
2168
45815
2066
45905
2151
45834
2148
45838
2159
45857
2140
45809
2127
45862
2165
45801
2157
45846
2166
45838
2249
45701
2149
45847
2179
45809
2197
45685
2181
45861
2122
45853
2284
45705
2191
45748
2167
45780
2123
45950
2145
45820
2125
45927
2120
45791
2105
45904
2164
45817
2161
45838
2092
45877
2148
45831
2268
45723
2153
45826
2151
45846
2144
45833
2140
45829
2142
45888
2198
45773
2164
45826
2169
45794
2193
45781
2148
45868
2154
45819
2158
45815
2166
45834
2168
45791
2128
45855
2185
45811
2159
45888
2182
45669
2143
45880
2138
45892
2168
45799
2126
45860
2123
45849
2199
45783
2235
45758
2212
45783
2131
45799
2153
45890
2124
45815
2152
45879
2169
45826
2161
45814
2092
45896
2077
45897
2170
45797
2162
45848
2161
45807
2159
45843
2157
45818
2262
45727
2175
45851
2168
45752
2155
45842
2088
45921
2158
45805
2152
45848
2173
45780
2171
45825
2111
45867
2068
45883
2121
45913
2166
45773
2151
45868
2156
45840
2158
45829
28506
43344
1911
42044
1946
42058
2033
46072
2185
45812
2198
45793
2183
45802
2117
45859
2101
45886
2229
45739
2089
45917
2149
45838
2146
45834
2167
45835
2093
45853
2142
45854
2148
45799
2127
45910
2184
45802
2165
45797
2149
45818
2180
45835
2154
45829
2139
45841
2150
45839
2334
45646
2152
45834
2326
45656
2246
45733
2195
45787
2128
45873
2173
45799
2141
45857
2223
45755
2327
45665
2100
45886
2148
45848
2153
45811
2098
45857
2060
45953
2135
45863
2194
45772
2135
45862
2094
45889
2075
45904
2141
45850
2070
45912
2124
45878
2097
45873
2108
45765
2131
45961
2161
45838
2072
45898
2148
45841
2129
45854
2122
45839
2134
45873
2143
45834
2135
45863
2140
45838
2109
45888
2140
45833
2126
45856
2110
45882
2088
45887
2083
45884
2133
45879
2114
45875
2114
45864
2139
45834
2121
45858
2135
45851
2113
45876
2058
45928
2143
45819
2178
45852
2129
45844
2133
45845
2109
45895
2130
45839
2125
45929
2144
45782
2122
45843
2130
45873
2130
45838
2134
45866
2098
45886
2085
45877
2079
45917
2124
45851
2167
45826
2156
45821
2093
45896
2143
45836
2127
45850
2112
45855
2126
45881
2005
45965
2133
45872
2080
45884
2120
45880
2094
45900
2177
45800
2091
45908
37767
42121
1850
42072
2005
41985
2212
45922
2143
45841
2147
45870
2122
45830
2103
45878
2130
45857
2113
45842
2170
45810
2172
45828
2174
45823
2112
45888
2095
45872
2132
45814
2137
45892
2120
45866
2026
45968
2116
45850
2147
45807
2104
45894
2122
45886
2115
45868
2172
45806
2022
45935
2121
45893
2084
45901
2123
45857
2127
45864
2137
45846
2133
45851
2152
45865
2124
45830
2123
45867
2113
45838
2157
45862
2195
45800
2159
45822
2167
45707
2056
46012
2139
45862
2116
45877
2056
45915
2112
45872
2071
45913
2096
45899
2002
45976
2168
45816
2121
45862
2116
45839
2110
45880
2073
45939
2008
45987
2134
45826
2100
45901
2092
45893
2131
45844
2123
45854
2110
45889
2096
45890
2062
45928
2122
45844
2031
45960
2079
45911
2105
45880
2043
45954
2095
45861
2079
45922
2128
45859
2117
45856
2130
45857
2193
45785
2111
45876
2121
45861
2128
45850
2127
45819
2103
45930
2144
45810
2143
45873
2152
45881
2111
45818
2143
45805
2109
45911
2110
45883
2122
45874
2125
45809
2091
45941
2113
45862
2071
45921
2129
45837
2118
45883
2120
45799
2149
45888
2103
45843
2121
45979
2117
45742
2107
45930
2078
45883
2136
45871
2118
45871
2114
45886
1986
45979
2122
45859
37300
42548
1879
42102
1922
42052
2104
46042
1955
45977
2098
45973
2096
45731
2088
46011
2129
45852
2091
45915
2087
45901
2110
45867
2146
45837
2114
45866
2097
45888
2084
45974
2118
45787
2122
45883
2117
45852
2128
45845
2105
45891
2079
45911
2118
45849
2080
45917
2109
45874
2084
45904
2194
45781
2152
45836
2039
45960
2088
45886
2154
45819
2092
45858
2125
45904
2014
45997
2034
45924
2092
45869
2085
45901
2112
45889
2078
45906
2064
45992
2189
45700
2127
45865
2082
45925
2081
45915
2082
45894
1811
42112
2077
41933
2089
45892
2103
45919
2070
45902
2079
45922
2080
45895
2095
45876
2122
45858
2112
45899
2097
45872
2083
45901
2151
45825
2071
45935
2081
45919
2086
45902
1991
45957
2099
45783
2200
45895
2090
45893
2079
45868
2059
45988
2087
45848
2087
45833
2093
45975
2080
45913
2079
45916
2087
45878
2093
45903
2097
45879
2078
45932
2081
45843
2067
45962
2111
45886
2086
45891
2080
45900
2101
45891
2089
45888
2082
45904
2156
45823
2097
45907
2064
45905
2161
45827
2121
45856
2081
45913
2026
45961
2134
45847
2081
45909
2079
45914
2087
45899
2095
45875
2096
45913
2123
45829
2200
45785
2209
45796
2116
45852
2106
45900
2145
45840
2144
45827
1747
42160
2094
45962
2054
45777
1955
46072
2074
45833
2365
45706
2071
45961
2132
45801
2088
45865
2105
45894
2054
45908
2099
45863
2237
45763
2116
45874
2101
45884
2112
45869
1999
45996
2093
45883
2116
45778
2126
45966
2097
45894
2192
45714
2058
45991
2089
45870
2141
45834
2071
45918
2110
45795
2093
45957
2148
45800
2136
45891
2075
45971
2114
45797
2077
45911
2088
45862
2139
45925
2064
45868
2113
45872
2126
45880
2086
45908
2130
45863
2068
45852
2101
45906
2131
45870
2107
45845
2141
45803
2094
45934
2129
45853
2110
45874
2171
45947
2272
45548
2119
45906
2204
45769
2169
45828
2160
45792
2171
45907
2134
45791
2140
45816
2140
45846
2176
45820
2163
45773
1956
41584
1189
43033
1519
42198
2066
42282
2185
45973
2085
45888
2187
45767
2073
45938
2117
45876
2100
45894
2123
45770
2090
45949
2150
45853
2082
45889
2120
45880
2181
45788
2116
45869
2087
45900
2216
45773
2133
45843
2140
45868
2073
45880
2119
45838
2137
45890
2144
45832
2169
45806
2033
45964
2151
45835
2105
45885
2108
45881
2065
45911
2088
45879
2114
45898
2176
45810
2133
45863
2082
45857
2148
45869
2170
45830
2099
45865
2168
45790
2145
45829
2144
45901
2246
45667
2062
45951
2099
45911
2095
45904
2122
45846
2125
45869
2208
45782
2157
45810
2112
45891
2138
45813
2129
45881
2088
45854
2125
45904
2017
45958
2154
45804
2133
45867
2109
45902
2075
45878
2121
45849
2096
45925
2135
45879
2137
45775
2073
45935
2118
45852
2254
45751
2110
45874
2198
45800
2119
45848
2177
45825
2106
45857
2119
45878
2094
45880
2163
45828
2144
45846
2087
45893
2154
45821
2115
45883
2139
45841
2130
45795
2021
46007
2105
45882
2218
45778
2024
45951
2134
45855
2149
45825
2054
45977
2085
45881
2085
46014
1896
45850
1928
42027
1914
42171
2134
45908
2127
45850
2072
45896
2130
45901
2113
45816
2123
45873
2114
45877
2106
45883
2081
45873
2178
45818
2170
45817
2128
45862
2090
45884
2174
45817
2130
45826
2142
45850
2159
45871
2194
45765
2149
45848
2165
45806
2145
45893
2132
45821
2099
45897
2140
45794
2107
45901
2135
45858
2137
45838
2116
45884
2158
45765
2097
45958
2112
45845
2123
45872
2142
45827
2151
45855
2101
45876
2094
45928
2162
45789
2118
45807
2093
45923
2116
45870
2127
45918
2090
45855
2136
45813
2132
45879
2256
45731
2158
45829
2139
45848
2129
45817
2133
45879
2089
45922
2151
45819
2128
45812
2141
45854
2123
45892
2126
45857
2141
45820
2144
45841
30968
44892
1929
42052
1914
42073
3452
44630
2110
45899
2083
45921
2129
45873
2143
45840
2082
45900
2125
45880
2143
45830
2219
45755
2115
45873
2109
45889
2169
45811
2148
45838
2055
45891
2078
45936
2119
45854
2150
45844
1963
46017
2155
45837
2088
45872
2069
45933
2116
45888
2167
45800
2128
45881
2147
45811
2189
45785
2090
45912
2141
45836
2128
45842
2075
45935
2167
45837
2121
45848
2215
45757
2119
45882
2114
45866
2096
45876
2139
45873
2092
45910
2089
45819
2117
45835
2142
45917
2104
45874
2084
45883
2122
45881
2130
45836
2110
45886
2093
45904
2047
45629
1232
42603
2133
42258
2174
45834
2110
45898
2147
76915
1888
42859
1940
42080
1905
42086
2076
46025
2138
45840
2133
45861
1993
45965
2109
45883
2121
45872
2140
45841
2146
45837
2083
45905
2024
45941
2120
45881
2114
45840
2098
45889
2135
45880
2085
45886
2117
45888
2127
45843
2102
45874
2077
45918
2142
45835
2143
45868
2144
45801
2114
45864
2165
45908
2132
45796
2122
45860
2105
45882
2085
45889
2088
45920
2118
45849
2145
45840
2067
45925
2115
45867
2104
45886
2145
45820
2086
45908
2120
45869
2017
45964
2125
45850
2102
45883
2118
45900
2091
45881
2095
45884
2130
45849
2106
45874
2107
45847
2088
45935
2124
45921
2117
45797
2108
45842
2106
45867
2097
45943
2076
45903
1992
46011
2068
45890
2136
45832
2134
45869
2105
45899
2066
45906
2106
45880
2115
45836
2127
45892
2096
45872
2120
45752
2111
45999
2108
45867
2118
45882
2095
45875
2107
45882
2143
45826
2120
45856
2179
45834
2118
45873
2113
45855
2113
45867
2069
45938
2132
45854
2132
45839
2106
45859
2110
45881
2123
45867
2095
45896
2108
45913
2109
45842
2066
45919
2102
45854
2097
45923
2091
45880
2111
45784
2115
45966
2085
45891
2192
45798
2097
45893
2121
45868
2008
45959
2175
45846
2069
45888
2113
45858
2105
45855
1994
46056
3487
44370
34572
45333
1910
42102
1895
42044
2128
46023
2102
45855
2120
45885
2096
45874
2141
45813
2125
45883
2071
45940
2161
45829
2137
45810
2145
45854
2140
45844
2119
45885
2121
45854
2076
45858
2172
45924
2098
45788
1961
46052
2153
45825
2123
45837
2117
45861
2108
45878
2135
45905
2099
45860
2096
45917
2125
45846
2124
45860
2139
45827
2106
45895
2124
45847
2054
45912
2133
45896
2119
45840
2137
45873
2083
45890
2076
45899
2100
45897
2159
45821
2111
45893
2096
45946
2100
45812
2178
45809
2134
45878
2181
45748
2217
45787
2234
45784
2132
45829
2146
45803
2106
46238
2323
45332
2133
45857
2134
45844
2147
45816
2173
45830
2120
45821
2158
45837
2160
45826
2122
45846
2131
45858
2076
45879
2168
45861
2200
45645
2150
45926
2114
45941
2108
45823
2149
45841
2124
45869
2126
45860
2110
45871
2182
45798
2103
45890
2110
45865
2102
45887
2171
45808
2111
45878
2070
45923
2103
45883
2130
45831
2127
45843
2139
45879
2135
45838
2172
45825
2156
45793
2213
45799
2094
45873
2133
45875
2138
45830
2199
45774
2081
45934
2143
45844
2135
45838
2071
45891
2110
45885
2130
45847
2111
45886
2124
45874
2088
45886
2100
45893
2134
45845
2115
45870
2086
45905
2098
45876
33795
42041
1870
42153
1917
42059
1979
42094
2108
45913
2086
45914
2078
45887
2137
45865
2205
45751
2163
45834
2054
45915
2094
45904
2080
45862
2061
45883
1871
42094
2075
46022
2125
45843
2067
45933
2064
45922
2109
45857
1950
46044
2124
45874
2097
45844
2135
45887
2116
45854
2167
45822
2180
45796
2065
45932
2078
45896
2149
45846
2119
45869
2065
45913
2058
45933
2189
45781
2107
45885
2209
45782
2084
45889
2137
45864
2183
45756
2101
45670
1264
42646
1273
42555
1189
42743
1143
42996
1130
43121
2386
45719
2161
49828
2122
45860
2103
45867
2069
45935
2035
45930
2101
45907
2082
45888
2053
45919
2082
45901
2107
45883
2104
45948
2065
45830
2096
45907
2105
45877
2094
45898
2089
45907
2136
45822
2109
45901
2124
45855
2047
45927
2079
45900
2092
45888
2067
45876
2071
45975
2126
45851
2134
45764
2114
45945
2117
45889
2068
45912
2114
45867
2116
45873
1993
45992
2119
45869
2147
45743
1939
42152
2093
45888
2082
45888
2114
49817
2072
45974
2090
45887
1991
45971
2090
45907
2072
45923
2077
45901
2089
45561
1169
43081
2095
45974
2099
45881
2080
45891
2104
45875
2107
45904
2094
45852
2097
45801
2063
46009
2073
45931
2062
45875
2096
45719
1425
42735
2143
45844
28935
43084
2010
41966
2080
45900
2099
45919
2071
45912
2103
45871
2068
45915
2031
45926
2087
45936
2097
45904
2086
45882
2093
45891
2080
45864
2074
45937
2093
45858
2086
45967
1830
42108
2078
45927
2033
45838
1973
42081
2037
45996
1924
46049
2100
45907
2088
45842
2096
45917
2159
45837
2105
45881
2059
45923
2117
45841
2054
45955
2022
45951
2058
45912
2016
45995
2053
45932
2096
45900
2095
45846
2116
45868
1869
42110
2091
45931
2097
45892
2045
45926
2071
45911
2088
45902
2109
45871
2040
45942
2089
45879
2119
45894
2038
45951
2040
45934
2061
45963
2038
45918
2123
45867
2135
45838
2092
45894
2070
45908
2120
45867
2091
45875
2058
45946
1938
46047
2102
45884
2088
45896
2070
45914
2107
45872
2084
45901
2077
45908
2070
45919
2102
45867
2089
45919
2089
45886
2060
45923
2010
46041
2051
45873
2071
45926
2049
45927
2069
45897
2097
45890
2016
45971
2084
45920
2110
45527
1227
42946
2074
46063
2087
45902
2077
45901
2080
45896
2105
45898
2096
45881
2100
45895
2110
45860
2093
45897
1972
46027
2002
45989
2087
45720
2021
42062
2146
45870
2165
45857
1902
41921
1914
42061
1800
42215
2074
46032
2077
45853
1939
42049
2097
45942
1973
46017
2097
45875
2039
45951
28818
43158
2040
45916
2009
46006
2068
45915
2058
45926
2080
45911
2070
45906
3653
44292
2065
45963
2063
45887
2052
45942
2058
45906
2094
45935
2042
46022
2058
45850
2141
45831
2056
45935
2082
45913
2064
45903
2071
45906
2067
45929
2052
45945
2076
45879
2064
45930
2088
45887
2076
45938
2067
45922
2068
45919
2065
45905
2087
45880
2075
45880
2072
45976
2096
45869
2057
45938
2076
45903
2096
45899
1948
46044
2154
45826
2056
45923
2066
45903
2095
45882
2067
45912
2101
45921
2085
45895
2148
45808
2197
45810
2140
45800
2140
45896
2054
45929
2059
45915
2066
45912
2064
45928
2076
45905
2053
45943
2056
45906
2070
45931
2052
45912
2050
45962
2068
45923
2055
45916
2049
45917
2157
45848
2062
45935
2060
45912
2056
45913
1944
41984
2070
45984
2057
45895
2070
45951
2129
45869
2093
45874
2046
45936
2050
45935
2072
45904
2051
45956
2039
45910
2078
45933
2082
45894
2108
45887
2063
45903
2053
45948
1976
46005
2054
45919
2061
45889
2091
45958
2111
45853
2055
45918
2086
45907
2080
45909
2068
45907
2069
45920
1991
46001
2070
45889
2074
45924
2082
45870
2095
45916
2090
45896
2074
45917
2067
45900
2083
45929
2075
45898
2071
45913
2070
45885
2089
45940
33172
42752
2101
41877
2089
45945
2071
45888
2081
45990
2063
45855
2134
45852
2067
45910
2080
49162
2049
42641
2096
45944
2066
45961
2107
45841
2080
45909
2051
45932
2083
45902
2103
45889
2082
45919
2096
45845
2073
45917
2081
45907
2088
45909
2071
45900
2090
45898
2086
45888
2029
45956
2076
45912
2104
45892
2082
45971
2092
45828
2113
45849
2105
45907
2097
45878
2134
45796
2027
46001
2060
45920
2099
45903
2073
45895
2084
45922
2058
45924
2075
45843
2087
45944
2079
45943
2088
45859
2087
45934
2064
45890
2088
45893
2093
45885
2099
45870
2635
45403
2118
45841
2093
45899
2149
45846
2118
45813
2150
45770
2147
45890
2116
45838
1948
41982
2081
46032
2112
45871
2178
45807
2122
45835
2109
45891
2177
45803
2138
45876
2260
45665
2144
45873
2150
45854
2051
45923
2145
45839
2130
45851
2092
45878
2131
45893
2088
45835
2094
45927
2128
45867
2193
45773
2113
49875
2083
45912
2154
45842
2055
45916
2119
45826
2121
45896
2127
45853
2078
45908
2098
45894
2038
45929
2136
45860
2084
45905
1991
45985
2116
45875
2082
45915
2019
45987
2086
45766
2101
45978
2079
45911
2137
45794
2123
45920
2062
45952
2118
45821
2169
45838
2183
45793
2133
45836
2145
45847
32756
43186
2112
45928
2076
45898
2111
45899
2112
45859
2102
45881
2017
45945
2128
45890
2086
45868
2027
45985
2159
45824
2044
45919
2095
45898
2141
45851
2099
45838
2113
45876
2079
45939
2110
45913
2085
45854
2042
46063
1867
41887
1920
42036
1884
42194
2130
45915
2151
45849
2119
45845
2098
45880
2127
45889
2141
45824
2173
45825
2092
45881
2132
45865
2075
45895
2104
45828
2079
45980
2143
45840
2133
45818
2127
45868
2076
45949
2115
45819
2074
45929
2086
45845
2119
45898
2093
45982
1870
41894
1895
42105
1897
42207
2064
45918
2080
45907
2146
45820
2141
45819
2156
45843
2080
45953
2079
45874
2135
45811
2063
45978
2122
45851
2131
45868
2090
45875
2093
45932
2091
45840
2102
45927
2046
45767
2146
45793
2110
41933
2125
45959
2088
45949
2096
45907
2119
45801
2000
46020
2163
45813
2119
45855
2111
45868
2107
45908
2092
45872
2122
45852
2069
45895
2123
45852
2212
45819
2095
45886
2106
45856
2083
45919
2062
45903
2096
45941
2130
45814
2085
45908
2105
45881
2098
45900
2059
45945
2127
45821
2088
45904
2162
45837
2108
45826
2146
45878
2019
45967
2110
45888
2092
45894
2090
45863
2128
45884
2096
45877
2102
45849
2126
45900
2145
45832
2103
45878
2089
45905
33056
42888
2114
45864
2148
45876
2101
45891
2096
45859
2115
45898
2110
45858
2138
45883
2124
45839
2134
45811
2198
45833
2141
45825
2120
45866
2056
45902
2187
45801
2130
45904
2009
45914
2071
45984
2109
45841
2095
45900
2139
45826
2163
45833
2161
45845
2187
45788
2177
45808
2192
45781
2048
45955
2116
45849
2156
45888
2191
45754
2166
45801
2096
45894
2135
45876
2111
45837
1858
41990
1808
42163
1872
42142
2126
41933
2105
45938
2075
45901
2092
45870
2126
45786
2170
45930
2143
45822
2132
45846
2086
45918
2082
45915
2053
45860
2819
45158
2089
41876
2100
45957
2070
45881
2054
45972
2032
45926
2130
45892
2096
45860
2133
45859
2094
45958
2144
45779
2104
45839
2016
46016
2116
45854
2103
45895
2097
45873
2113
45881
2098
45890
2133
45840
2043
45943
2190
45789
2119
45845
2107
45894
2116
45882
2129
45860
2119
45868
2153
45821
2108
45883
2115
45857
2125
45878
2131
45840
2083
45879
2093
45915
2103
45935
2089
45850
2101
45845
2121
45902
2122
45767
2063
46010
2104
45890
2119
45862
2073
45883
2102
45907
2054
45928
2119
45875
2095
45896
2091
45829
2127
45914
2091
45891
2089
45905
2067
45901
2099
45867
2104
45877
2077
45928
2084
45928
2070
45920
31463
44450
2153
45885
2104
45876
2107
45835
2073
45925
2119
45894
2063
45898
2091
45915
2117
45882
2068
45844
2045
46000
2076
45916
2091
45896
2096
45867
2103
45893
2092
45877
2114
45900
2053
45895
2101
45903
2117
45889
2133
45834
2118
45844
2111
45893
2159
45823
2111
45877
2158
45820
2112
45888
2087
45885
1965
46022
2122
45852
2115
45888
2077
45900
2133
45851
2109
45871
2077
45881
2115
45904
2114
45856
2099
45909
2097
45889
2087
45881
2102
45878
2125
45884
2073
45895
2111
45890
2125
45851
2097
45881
2081
45913
2117
45870
2083
45900
2212
45752
2082
45907
1966
46016
2111
45882
2107
45866
2082
45919
2096
45893
2094
45884
2099
45872
2074
45930
2143
45824
2089
45890
2079
45915
2131
45842
2084
45916
2113
45854
2113
45881
2122
45873
2113
45874
2106
45870
2018
45932
2112
45918
2096
45879
2093
45947
2107
45819
2112
45864
2087
45909
2113
45857
2098
45904
2092
45884
2112
45870
2103
45860
2112
45895
2129
45860
2092
45902
2081
45879
2034
45968
2151
45837
2095
45896
2068
45883
2111
45886
2060
45932
2126
45857
2105
45883
2111
45841
2061
45949
2070
45919
2075
45988
2100
45802
2030
45956
2075
45899
2082
45908
1938
42026
1955
42043
2088
45938
37342
42584
2125
45912
2070
45892
2079
45907
2093
45887
2075
45922
2104
45886
2056
45910
2108
45882
2079
45905
2109
45871
2106
45894
2051
45875
2016
46010
2108
45895
2106
45833
2165
45852
2066
45917
2086
45907
2093
45883
2097
45858
2091
45923
2008
45977
2133
45839
2112
45884
2071
45882
2073
45937
2061
45926
2059
45927
2118
45874
2104
45843
2096
45895
2094
45803
2057
46046
2077
45903
2089
45864
2085
45925
2104
45888
2057
45937
2088
45854
2166
45834
2089
45922
2072
45897
2064
45912
2103
45888
2113
45862
2095
45916
3820
44120
2089
45921
2051
45945
2098
45880
2065
45923
2106
45868
2085
45904
2100
45884
2170
45811
2124
45872
2132
45843
2101
45893
2043
45950
1928
46039
2107
45871
2115
45890
2062
45932
2160
45804
2120
45850
2090
45897
2089
45919
2082
45891
2081
45913
2071
45882
2090
45880
2087
45939
2096
45909
2089
45870
1988
46004
2085
45898
2159
45761
2087
45905
2096
45889
2069
45907
2104
45898
2118
45843
2116
45911
2083
45834
2087
45934
2074
45921
2106
45938
2048
45872
2083
45905
2108
45873
2092
45893
2068
45909
2096
45843
2092
45931
2102
45890
2079
45900
2095
45917
2114
45855
2107
45878
2078
45901
2081
45903
2080
45912
2099
45884
35852
44104
2068
45934
2082
45915
2104
45874
2073
45921
2093
45889
2006
45978
1995
46100
1751
41964
1794
42188
1788
42196
2040
42051
2085
45916
2057
45898
2163
45853
2086
45913
2082
45905
1990
46002
2066
45901
2092
45901
2097
45905
2081
45908
2081
45881
2110
45869
2094
45894
2092
45886
2089
45849
2043
46002
2113
45854
2053
45934
2056
45944
2028
46003
2090
45841
2033
45933
2053
45948
1928
46070
2120
45862
2082
45868
2070
45916
2069
45946
2058
45934
2159
45817
2048
45912
2101
45904
2059
45926
2091
45902
2087
45890
2093
45858
2043
45971
2062
45940
2097
45881
2023
45958
2078
45868
2093
45905
2085
45924
2077
45906
2066
45916
2116
45848
2077
45910
2083
45922
2077
45891
2076
45920
2046
45922
2066
45942
2074
45906
2088
45905
2084
45881
2074
45913
2131
45861
2048
45934
2091
45904
2091
45891
2043
45925
2107
45888
2078
45896
2088
45890
2108
45902
2075
45914
2090
45845
2097
45938
2085
45878
2083
45933
2078
45882
2070
45915
2093
45895
1927
41981
2113
45953
2096
45885
2052
45930
2089
45893
2039
45943
2111
45843
2031
45889
2107
45978
2385
45485
1964
42120
2110
45823
2038
45600
1176
43167
2117
45885
2010
46009
2068
45920
2035
46086
1765
41939
1811
42138
31259
44843
2086
45907
2079
45929
2075
45898
2072
45913
2082
45913
2096
45892
2094
45884
2094
45898
2065
45897
2054
45955
2088
45896
2036
45936
2074
45922
2077
45915
2081
45893
2096
45854
1985
46042
2090
45884
2084
45906
2076
45906
2076
45985
2075
45825
2088
45882
2057
45959
2079
45881
2075
45909
2075
45901
2068
45936
2051
45938
2080
45886
2126
45870
2091
45900
2060
45907
1979
46034
2052
45894
2065
45948
2064
45933
2084
45884
2084
45903
2081
45860
2079
45889
2070
45979
2095
45853
2094
45898
2074
45993
2071
45855
2023
45962
2081
45905
2048
46198
2282
45454
2058
45898
2051
45948
2083
45893
2092
45902
2054
45901
2057
45940
2161
45836
2145
45845
2043
45945
1932
46050
2068
45922
2046
45944
1966
41942
2048
45995
2055
45935
2037
45935
2036
45938
2042
45979
2116
45851
2040
45947
2050
45940
2053
45888
2054
45966
2019
45957
2072
45885
2054
45972
2079
45867
1957
42024
2041
45993
2051
45953
2025
45906
2033
45998
2061
45878
2074
45910
2157
45827
2050
45947
2042
45960
2063
45887
2056
45968
2019
45933
2065
45948
1966
46004
2132
45866
2076
45897
2042
45943
2042
45948
2043
45944
2063
45899
2068
45946
2059
45900
2036
45967
2049
45924
2075
45929
35476
44448
2051
45988
2076
45897
2037
45958
4011
43934
2042
45975
2064
45908
2076
45909
2166
45836
2050
45925
2055
45927
2056
45933
2082
45896
2158
45827
2060
45928
2063
45897
2084
45920
2047
45943
2061
45888
2077
45950
2105
45842
2093
45919
2155
45803
2075
45926
2098
45903
2041
45946
2052
45924
2093
45883
2095
45897
2078
45935
2057
45910
2082
45889
2081
45966
2073
45875
2052
45813
2074
46011
2101
45933
2034
45886
2063
45930
2080
45900
2093
45910
2074
45867
2070
45909
2102
45860
2137
45882
2039
45937
2088
45882
2102
45898
2102
45906
2146
45858
2098
45845
2078
45866
2136
45908
2043
45924
2071
45930
2092
45903
2078
45886
2111
45877
2080
45890
2030
45968
2121
45925
2052
45869
2044
45903
2063
45963
2154
45839
2095
45894
2040
45936
2087
45885
2149
45856
2054
45910
2074
45935
2119
45853
2061
45877
2114
45913
2051
45921
2062
45949
1981
45955
2089
45894
2096
45936
2058
45881
2074
45961
2087
45879
2050
45936
2083
45937
2154
45765
2106
45869
2081
45927
2054
45914
2087
45911
2102
45879
2082
45880
2052
45950
2085
45914
2085
45886
2071
45919
2036
45917
2087
45917
2065
45920
2067
45912
2093
45900
2084
45876
2111
45905
2101
45872
2153
45821
35248
44703
2007
46022
2094
45898
2082
45902
2164
45817
2039
45948
2038
45956
2072
45894
2088
45840
2089
45964
2080
45895
2095
45907
2062
45913
2108
45881
2095
45890
2068
45915
2100
45880
2095
45869
2092
45926
2067
45907
2057
45947
2096
45875
2110
45867
2111
45854
2045
45957
2111
45880
2086
45899
2074
45885
2138
45872
2069
45911
2088
45894
2111
45847
2049
45950
2069
45930
2105
45872
2092
45870
2074
45945
2102
45855
2091
45904
2051
45895
2133
45904
2065
45924
2077
45888
2078
45927
2101
45855
2073
45843
2091
45987
2075
45880
2042
41950
2045
45961
2054
45917
2528
45545
2046
45871
2077
45906
2048
45937
2056
45908
2083
45935
2071
45896
2090
45889
2067
45914
2083
45899
2094
45889
2087
45912
2072
45900
2072
45911
2072
45901
2076
45938
2118
45829
2086
45919
2090
45881
2040
45952
2107
45884
2100
45887
2043
45934
2038
45951
2108
45950
2076
45847
2101
45869
2044
41895
2087
45945
2057
45929
2097
45875
2072
45921
2099
45877
2072
49931
2085
45882
2071
45925
2105
45879
2082
45903
2100
45895
2072
45896
2053
45950
2067
45927
2088
45869
2141
45852
2065
45833
2082
45992
2045
45930
2104
45861
2098
45976
2045
45865
2095
45894
2079
45880
2106
45906
29704
42234
2017
46021
2095
45892
2028
45962
2082
45889
2051
45949
2062
45892
2106
45892
2058
41901
2095
45911
2122
45865
2080
45922
2100
45836
2015
45978
2074
45911
2098
45911
2067
45921
2100
45879
2104
45879
2153
45811
2096
45918
2078
45902
2100
45881
2112
45889
2049
45921
2084
45914
2005
45965
2042
45961
2067
45903
2085
45887
2115
45884
2117
45886
2104
45855
2074
45915
2058
45916
2074
45916
2107
45859
2135
45873
2091
45893
2108
45876
2095
45891
2057
45892
2087
45925
2176
45817
2110
45809
2041
46002
2095
45869
2100
45895
2068
45932
2061
45923
2092
45880
2014
45976
2106
45881
2048
45943
2035
45942
2049
45938
1997
41955
2057
45958
2178
45806
2104
45882
2085
45886
2066
45903
2113
45897
2105
45894
2097
45873
2086
45889
2098
45899
2147
45831
2041
45946
2112
45874
2069
45917
2091
45898
2105
45859
2112
45860
2052
45973
2108
45873
2115
45840
2061
45948
2093
45911
2119
45843
2078
45914
2093
45885
2098
45886
2079
45912
2108
45863
2134
45861
2100
45866
2101
45883
2055
45935
2101
45908
2078
45955
2047
45873
2102
45888
2109
45906
2077
45888
2091
45893
2064
45912
2105
45871
2060
45947
2097
45874
2083
45925
2075
45886
2102
45881
2086
45908
28668
43275
2116
45905
2093
45911
2061
45879
2087
45925
2089
45911
2034
45936
2083
45905
2158
45814
2099
45899
2081
45949
2116
45827
2098
45883
2090
45890
2080
45908
2097
45881
2090
45906
2120
45849
2093
45901
2105
45918
2095
45851
2101
45886
2167
45818
2081
45893
2061
45893
2082
45851
2017
41998
2122
45904
2072
45917
2080
45901
2077
45911
2083
45889
2082
45933
2044
45910
2197
45816
2082
45846
2090
45931
2117
45872
2074
45893
2101
45904
2080
45889
1967
45999
2100
45930
2093
45881
2019
45963
2093
45908
2103
45833
2083
45943
2080
45914
2157
45806
2101
45902
2099
45837
2383
45617
2062
45932
2103
45905
2096
45874
2102
45880
2025
45971
2181
45812
2104
45870
2107
45882
2114
45847
2061
45937
2101
45893
2115
45854
2224
45751
2138
45827
2066
45962
2125
45846
2104
45893
2073
45913
2093
45880
2127
45840
2051
45956
2041
45918
2071
45941
2185
45801
2106
45867
2089
45904
2044
45943
2118
45870
2111
45822
2158
45871
2077
45896
2057
45925
2085
45915
2118
45847
2091
45903
2106
45891
1998
45983
2066
45927
2111
45867
2044
45934
2094
45895
2101
45879
2062
45894
2075
45944
2067
45905
1917
42036
2077
45961
2119
45882
2081
45883
2033
45923
2132
45846
37998
46020
2084
45951
2118
45831
1932
46021
2049
45944
2063
45903
2078
45945
2063
45905
2084
45891
2060
45947
2108
45862
1970
46039
1985
45970
2088
45895
2066
45878
2062
45968
2097
45902
2090
45853
2082
45922
2080
45916
2093
45891
2094
45892
2077
45938
2081
45845
2092
45914
2050
46013
2082
45842
2074
45868
2058
45957
2101
45879
2087
45903
2088
45890
2050
45950
2092
45886
2123
45837
2108
45913
2093
45882
2105
45874
2113
45871
2097
45884
2132
45857
2067
45916
2112
45868
2073
45905
2084
45918
2081
45896
2073
45905
2093
45899
2077
45884
2175
46080
1977
45677
1955
41980
1905
42201
2071
45923
2033
45950
2102
45872
2079
45930
2057
45890
2103
45913
2066
45906
2118
45876
2097
45895
2064
45875
2106
45897
2066
45923
2106
45891
2084
45899
2097
45857
2112
45895
2064
45930
2088
45894
2093
45881
2109
45869
2149
45845
2080
45887
1974
46022
2095
45910
2089
45876
2038
45948
2067
45953
2103
45881
1933
46028
2092
45855
2014
46004
2102
45896
1954
46019
2067
45917
2098
45822
2085
45956
1975
46018
2054
45934
2087
45890
2066
45926
2096
45879
2158
45837
2045
45940
1838
42165
2169
45786
2060
45940
2058
45816
1969
42075
2068
45950
2079
45911
2090
45891
32376
43588
2070
45951
2097
45881
2040
45948
2087
45893
2082
45916
2053
45909
2060
45938
2111
45848
2066
45938
2066
45923
2067
45914
2068
45909
1849
42112
2026
45996
2070
45901
2081
45968
1961
45981
2092
45889
2071
45906
2101
45881
2091
45883
2072
45930
1978
45994
1966
45959
2051
45999
2094
45906
2067
45894
2045
45938
2070
45920
2079
45907
2111
45876
2038
45932
2064
45955
1995
45974
2083
45893
2073
45906
2065
45913
2020
45974
2065
45928
2038
46002
2061
45859
2079
45926
2075
45883
2075
45916
2060
45887
2030
45977
1285
42611
1892
42076
1859
41892
1901
42442
1747
42213
2093
45919
2084
45921
2092
45866
2081
45893
2072
45930
2022
45961
2127
45879
1970
45974
2013
45950
2048
45972
2037
45940
1979
46002
2014
46057
2080
45824
2039
45943
2063
45923
1991
45982
1987
45979
2034
45966
1972
46032
2083
45901
2045
45944
2077
45925
2078
45863
2028
45968
2074
45917
1927
42017
1934
42000
1963
42082
2070
45935
2047
45934
2034
45940
2063
45922
2112
45879
2063
45945
2057
45927
2040
45898
2000
46005
2068
45952
2120
45843
2068
45936
2058
45879
1949
42043
2075
45946
2118
45847
2033
45963
2030
45938
2105
45904
2069
45915
2094
45903
2049
45913
2074
45910
1989
46025
37075
42823
2058
46045
2094
45851
1990
45954
2035
45979
1947
46038
2080
45851
2244
45737
2063
45950
2062
45933
2062
45907
2064
45906
2105
45885
2064
45940
2090
45856
2056
45964
2070
45832
2097
45945
2082
45880
2048
45947
2099
45889
2063
45925
2033
45952
2123
45784
2118
45935
2082
45923
2057
45901
2083
45877
2062
45899
2009
45989
2069
45906
2132
45878
2110
41777
2058
45697
1203
42973
2128
45964
2060
45957
1972
45953
2102
45918
1976
46016
2064
45912
1915
42005
2021
46054
1926
46026
2026
45965
1948
46038
2061
45919
1934
41989
2093
45954
1920
42007
2088
41913
2061
45978
2075
45896
1938
46055
2077
45946
2079
45839
2003
45986
2062
45953
2092
45862
2138
45845
2103
45889
2073
45916
1962
46005
2067
45935
2064
45879
2046
45983
1938
46057
2080
45889
1945
42001
2071
45960
2081
45786
2065
46027
2087
45876
2065
45962
1978
45986
2138
45839
1958
45985
2064
45970
2046
46028
1950
45932
2071
45922
2029
45930
2038
45967
1942
41992
2025
46038
2016
45948
2035
45926
1935
42030
2077
45950
1954
41989
2052
45977
2056
45907
2074
45915
2067
45935
2054
45927
1955
46043
2069
45748
1962
42111
2031
45984
2047
45965
2069
45921
1936
41990
2190
45851
2044
45927
2028
45971
36931
43000
2012
46042
1935
46004
2040
45974
2031
45957
1949
42006
2028
45970
2044
45946
2032
45952
2051
45875
2029
45991
2050
45975
2034
45930
2057
45908
2038
45961
1939
42003
2049
45938
2040
46021
2049
45879
2059
45965
2029
45942
2020
45970
1958
46030
1935
41993
2001
46043
2035
45931
2045
45922
2053
45954
1968
46030
2044
45883
1940
42046
2031
46020
1956
46016
2077
45895
2051
45936
2035
45978
2041
45921
2067
45919
2062
45918
2073
45811
2060
46032
2071
45922
1968
45996
1942
41991
1945
42055
2117
45924
2111
45873
2041
45953
1946
46032
1996
45992
2041
45934
1941
46044
2618
45348
2059
45948
2047
45918
1945
46053
2041
45955
2026
45952
2040
45751
1941
42002
2025
46009
2017
45965
2033
45950
1940
46050
2023
45970
2102
45841
2058
45972
2050
45913
2066
45981
1946
45976
2039
45946
2056
45931
1966
46013
2074
45915
2052
45934
2058
45921
2059
45932
2005
45981
1965
46037
2057
45902
2060
45931
2022
45948
2037
45960
2067
45891
2018
45986
1959
46034
1954
46000
2027
45662
1245
42905
2039
42030
2087
45975
2047
45934
2013
46026
2055
45837
2090
45925
2074
45923
2040
45935
2057
45940
2057
45910
2045
45950
2083
45895
1933
42016
2053
41917
2049
45964
2074
45941
31833
44103
2036
45995
2087
45898
2062
45938
2024
45801
2031
42050
2038
45977
2023
45968
2056
45882
1906
42103
2072
45904
2054
46034
2038
45852
2064
45955
2096
45885
2057
45923
2095
45874
2080
45908
2050
45972
2067
45901
2018
45953
2032
45956
2088
45908
2124
45836
2028
45969
2030
45969
1985
45986
2059
45950
2083
45841
2022
46013
2079
45900
2065
45922
2081
45908
2099
45841
2058
45980
2121
45875
2087
45866
2099
45914
2087
45851
2081
45940
2020
45917
2032
45977
2088
45888
2071
45932
2114
45865
1957
46049
2040
45912
2065
45935
2087
45850
2047
45989
2070
45894
2054
45939
2064
45910
2074
45906
2064
45925
2122
45868
2042
45929
2043
45972
2078
45906
2144
45844
2082
45891
2055
45925
2051
45926
2082
45907
2039
45940
2042
45969
2047
45880
2064
45959
2062
45917
2071
45922
2033
45945
2158
45818
2175
45785
2079
45945
2069
45924
2072
45909
2082
45899
2045
45950
2056
45907
2085
45899
2077
45910
2027
45953
2148
45905
2108
45811
2099
45892
2085
45893
2073
45911
2056
45927
2024
45924
2029
45995
2057
45922
2065
45913
2077
45924
2080
45883
2085
45916
2083
45854
2048
45970
2089
45909
2044
45959
2048
45900
2083
45891
2088
45930
2034
45911
2088
45912
36717
43227
2094
45937
2075
45993
2107
45751
2070
45980
2098
45868
2099
45863
2077
45932
2035
45955
2033
45954
2058
45946
2080
45903
2049
45921
2100
45887
2046
45951
2045
45915
2037
45952
2090
45856
2040
45984
2102
45873
2099
45899
2082
45904
2073
45911
2068
45922
2115
45868
2084
45889
2032
46026
2058
45884
2088
45859
2039
45950
2070
45929
2090
45882
2148
45829
2019
45976
2050
45929
2101
45879
2059
45910
2112
45879
2038
45962
2064
45893
2057
45937
2091
45875
2076
45924
2002
45978
2041
45959
2080
45904
2145
45810
2046
45951
2112
45857
2071
45887
2153
45876
2085
45765
1871
42060
1758
42253
1789
42271
2050
45913
2043
45966
1994
45961
2108
45937
2038
45909
2072
45897
2061
45894
2079
45918
1957
46001
2103
45926
4536
43391
2058
45932
2021
45927
2088
45930
1960
41988
2053
45989
2078
45901
2034
45967
2169
45794
2139
45838
2088
45920
2093
45870
2087
45923
2043
45884
2068
45905
2090
49906
2008
46005
2015
45959
2124
45835
2061
45936
2071
45939
2065
45919
2078
45898
2090
45862
2121
45875
1927
42048
2087
45974
2082
45870
2121
45888
2097
45861
1928
46031
2112
45886
2169
45813
2138
45841
2058
45934
2114
45841
2110
45907
2088
45874
2061
45901
35532
44431
2092
45902
2057
45931
1986
46024
2099
45845
2128
45844
2066
45916
2084
45899
2076
45907
2119
45913
2057
45868
1990
45998
2108
45876
2093
45897
2061
45916
2086
45895
2050
45946
2087
45908
2038
45939
2096
45873
1995
45991
2127
45852
2089
45915
1971
46020
2017
45900
2083
45984
2049
45886
2117
45892
2066
45925
2100
45855
2137
45854
2097
45869
2087
45889
2076
45920
2057
45933
2096
45893
2082
45882
2040
45971
1999
45954
2044
45960
2060
45925
2075
45962
2086
45838
2057
45944
2090
45899
2100
45879
2114
45876
2082
45903
1984
45985
2075
45907
2096
45897
1855
42075
2064
41926
2093
45924
2076
45924
2058
45933
1939
46020
2002
45992
2086
45865
2086
45916
2056
45946
2054
45927
2090
45901
2084
45911
2060
45914
2145
45836
1977
46003
2057
45935
2029
45962
2092
45880
2083
45913
2050
45928
2083
45914
2078
45897
2056
45933
2096
45889
2056
45893
2091
45914
2058
45940
2062
45921
1991
45970
2071
45904
2070
45895
2042
45984
1998
45994
2058
45918
2053
45914
2054
45861
2044
46029
2168
45819
2102
45887
2141
45800
2047
45974
1931
42057
1988
41943
2092
45957
2082
45896
2079
45908
2090
45883
2089
45876
2076
45920
2092
45910
2040
45931
2077
45936
34530
45455
2086
45894
1953
46023
2073
45917
2079
45898
2094
45894
2065
45908
2079
45910
1959
41976
2118
45904
1912
41957
2077
41978
2069
45978
2079
45904
2021
45963
2078
45909
2067
45910
2084
45864
2079
45940
2100
45874
2086
45924
2079
45906
2081
45890
1983
46014
2058
45927
2066
45924
2076
45891
2088
45899
1950
46012
2059
45955
2068
45857
2036
46013
2060
45972
2072
45857
2077
45895
1928
41992
2093
45937
2082
45901
2074
45954
2090
45835
2086
45823
2041
42011
2077
41926
1996
46037
2065
45902
1952
46040
2106
45868
2039
45933
1974
46028
2051
45928
2057
45926
2085
45907
2034
46231
2181
45539
2087
45875
2013
45979
2025
45976
2071
45869
1993
46016
2036
45945
1985
46045
2080
45873
2062
45911
2013
45945
2164
45859
2091
45884
2078
45907
2055
45887
1964
46073
2061
45916
2089
45891
2091
45890
2093
45890
2032
45850
2023
41998
1941
42088
2064
41917
2060
45942
2085
45899
2099
45893
2073
45923
2080
49894
2034
45948
1944
46039
2143
45855
1909
42006
2070
41935
2064
45971
2034
45947
1914
42032
1934
42048
1910
42050
2051
41968
2040
45976
2074
45910
2030
45941
2061
45940
2122
45844
2061
45974
2084
45828
2070
45951
2044
45931
1958
41987
2078
45954
2031
45920
28865
43090
2071
45967
2039
45946
1967
46001
2141
45778
2065
45997
2024
45933
2005
46013
2080
45906
2082
45844
2096
49949
2058
45920
1897
42066
2063
41923
2052
45993
2033
45925
1856
42090
1941
42040
1973
41981
2071
41920
2032
45990
2059
45944
2068
45926
2145
45821
1991
46004
2069
45921
2044
45957
2032
45947
2032
45942
2053
45928
2065
45929
2101
45880
1923
42006
1965
42043
2043
41921
2051
45980
1972
45985
1857
42115
2074
45946
1924
42037
2061
41922
2060
45945
2024
45951
2061
45948
2032
45945
2050
45940
1970
46025
2090
45884
2093
45898
2069
45918
2070
45875
2064
45936
2080
45895
2036
45977
2079
45903
2071
45870
2010
46030
2074
45841
1951
42042
2076
45927
1982
42018
2054
45948
2070
45908
2056
45973
1971
46001
2011
45948
1920
42042
2074
45948
1992
45993
2051
45913
2067
45992
1723
42064
1804
42177
1770
42208
2039
42032
1890
42091
2079
45941
2075
45918
2047
45911
2078
45945
2110
45812
2075
45960
2072
45898
2059
45940
2086
45869
2068
45916
2068
45918
2110
45891
2092
45885
2087
45905
2110
45867
2059
45939
1947
46016
2078
45868
2089
45997
2093
45847
2081
45891
2009
45974
2061
45919
2089
45912
2067
45911
2081
45888
2070
45933
2031
45956
2084
45894
2084
45910
34589
45404
2085
45890
2051
45931
2083
45890
2070
45903
2055
45962
1924
46027
1942
41998
2071
45948
2050
45939
2095
45881
2095
45890
2129
45862
1982
46022
2031
45928
2101
45886
2086
45910
2067
45922
2037
45939
1980
46007
2113
45835
1969
42059
2055
41916
2069
45923
2095
45892
1954
46066
1925
46019
1896
42066
1943
42036
2044
45969
2090
45898
2043
45925
2074
45919
2063
45916
2092
45896
2091
45888
2044
45950
2086
45904
2083
45882
2086
45902
2059
45925
1992
45992
2114
45896
2087
45881
2109
45874
2078
45922
2022
45967
2037
45930
1981
46002
2099
45880
2088
45891
2491
45523
2070
45881
2093
45927
2641
45287
1945
42061
2050
42040
2080
45841
2070
45891
2059
45938
2125
45844
2010
45974
2081
45906
2112
45880
2047
45892
2062
45963
2069
45919
2007
45984
2043
45941
1951
46023
2125
45860
2093
45908
2124
45840
2067
45910
1978
46016
2062
45906
1953
41996
2121
45891
2099
45907
2059
45913
2041
49924
2067
45944
2003
45970
2084
45950
2015
45921
2090
45896
2142
45824
2040
45933
2129
45870
2081
45886
1905
42067
2082
45848
2060
45994
1932
41992
2087
41926
2051
45961
2010
45980
1988
45990
2056
45923
2062
45923
2048
45950
1919
45993
2070
45989
2087
45846
1998
46033
34115
45757
2024
42015
1953
42123
1954
45997
1944
46045
2087
45888
2071
45913
2062
45923
2067
45826
2030
41987
2155
45893
1962
46016
2041
45946
1888
42041
2060
45980
1906
42023
2068
45967
1921
42005
2050
45976
2089
45914
2057
45928
2051
45926
2087
45889
2025
45963
2072
45906
1931
42004
2041
46065
2065
45860
2059
45938
1970
46016
1936
42001
1957
42014
2038
45998
2041
45933
2063
45928
2045
45931
2048
45945
2115
45873
2043
45943
1923
42010
2028
45991
2058
45944
2035
45935
1952
41996
2042
46003
1948
46025
2049
45917
2040
45965
2049
45939
2067
45911
2027
45959
1942
46019
2022
45982
2052
45945
2049
45921
2072
45916
1957
46012
2062
45915
2041
45998
2030
45918
2018
45985
2052
45895
2037
45981
2048
45904
1951
46065
2057
45926
1952
41994
2048
45971
2041
45919
2062
45918
2067
45953
2043
45930
2048
45944
1936
42022
2103
45884
2046
45952
2053
45937
2042
45951
2129
45817
2037
45985
2031
45924
2047
45962
2041
45943
2056
45941
2032
45943
2031
45926
2063
41896
2097
45941
2039
45967
2202
45683
1809
41766
1146
42851
1102
42808
1087
42898
1079
42906
1085
42894
1068
42923
1075
42940
1078
42885
1087
42882
1070
42932
1086
42887
1099
42880
1072
42919
1082
42900
1097
42898
1774
42197
1075
42909
1068
42914
1074
42909
1070
42918
1079
42914
1102
42866
1074
42910
1080
42919
1080
42901
1825
42158
1081
42902
1101
42878
1083
42932
1079
42874
1091
42919
1104
42860
1084
42921
1100
42866
980
43001
1037
42942
1103
42891
1072
42907
1094
42901
1084
42908
1068
42897
1101
42885
1077
42922
1075
42932
1118
42833
1090
42895
1095
42880
1068
42918
1097
42889
1074
42918
1096
42875
1143
42848
1073
42922
1087
42879
1072
42929
1093
42878
1108
42868
1090
42915
1103
42868
1081
42908
1076
42904
1096
42890
1070
42907
1081
42900
1204
42781
1074
42919
1075
42906
1080
42900
1109
42878
1071
42927
1007
42979
1103
42861
1081
42909
1073
42937
1094
42878
1097
43010
1095
42833
1188
42932
1219
42794
1535
42672
2117
45972
1853
42090
2075
41894
2057
45870
2100
45999
2037
45931
2018
45984
2065
45888
2045
45942
2076
45918
2093
45907
1853
42068
2074
41885
2015
41998
2089
45958
2061
45896
2078
45793
2038
42013
2063
41946
2068
45956
2088
45898
2046
45923
2139
45877
1856
42058
2098
45878
2062
46000
2063
45867
2089
45905
2107
45907
2122
45833
2076
45944
2053
45918
2048
45935
2070
45931
2030
45917
1971
41981
2083
41923
2039
45985
2058
45886
2050
45969
2109
45875
1916
42015
2059
45958
2054
45956
2097
45864
2020
46005
3091
44818
2095
45950
2075
45778
2048
41966
2062
41978
1920
42055
2057
41940
2075
45959
2058
45883
2040
45986
2095
45862
2047
45963
2068
45937
2082
45880
2081
45876
2072
45914
2049
45962
2057
45942
2085
45896
2057
45914
2088
45895
2039
45958
2044
45935
2057
45988
2009
45908
2046
45957
2044
45929
2059
45911
2064
45943
2088
45885
2034
45960
2061
45917
2049
45940
2057
45955
2066
45879
2060
45939
2048
45937
2124
45867
2040
45908
2022
45997
2079
45884
2053
45943
2090
45895
2075
45910
2063
45920
2016
45965
2093
45876
2043
46022
2045
45884
2083
45882
1917
46078
2057
45920
2025
45962
2053
45934
2032
45828
1947
42099
2023
41983
1965
42136
2225
45684
2086
45897
1998
45973
2038
45976
2112
45854
1920
46058
2004
45687
1122
42721
1979
42367
1949
42026
2095
41888
1987
46046
1995
45989
2026
45959
1992
45995
2121
45846
1946
42025
1980
46027
1998
45998
1991
46019
2111
45861
2075
45826
1990
46078
2067
45898
2059
45928
2087
45889
2108
45914
1949
45969
1971
41993
1979
42018
1967
42006
1966
42057
2079
45918
2101
45915
1986
45977
1958
46033
2076
45926
2061
45912
2124
45844
2082
45920
2060
45882
2022
45992
2069
45925
2102
45855
1959
46037
1963
45983
1994
41984
2033
46006
2143
45821
2034
45974
2096
45877
1994
46004
2120
45853
1947
46003
2140
45866
2055
45938
2038
45959
2109
45858
2032
45948
1998
46003
2091
45893
2172
45800
2103
45885
2000
45977
1992
46009
1992
46014
2069
45892
1955
46025
2001
45972
2024
45978
2147
45839
2102
45876
2021
45980
1951
46022
2058
45562
1992
46018
2025
45956
2018
45985
2016
45945
2012
45988
2172
45826
1957
46007
1950
46069
1995
45945
2020
46122
1821
41853
1691
42337
1760
42170
2015
42094
1999
46079
1962
45911
2000
45937
1976
42043
5086
42914
4835
43114
2092
45948
1972
46010
2013
45958
2004
45995
1962
46003
2011
46013
2079
45887
2031
45944
1995
45991
1994
45995
2114
45845
2076
45931
1974
45976
1948
42064
1972
46025
2017
41935
2014
46011
2003
45985
1957
46038
2025
45920
2052
45968
2105
45896
1969
46000
2025
45938
2011
45988
2117
45849
2018
45971
2051
45942
1955
46061
1969
45932
1981
45999
2083
45958
1975
46002
1981
46019
2006
45951
1958
46059
2138
45837
1973
46063
1803
41973
1740
42226
1779
42204
1955
42151
2004
46018
1997
45953
2001
46024
1964
46003
2095
45885
2073
45937
2017
45922
2023
46004
1891
42025
1979
41994
1976
42002
2089
45955
1954
41966
1987
42011
1993
46060
1998
45943
1960
42004
32119
43861
1962
46075
2029
41885
2169
45887
2023
45981
1990
45977
2112
45864
1873
42072
2087
41865
1931
42078
2007
46047
1969
46030
2015
45875
1990
42004
1959
42034
1993
41985
1977
42003
2063
45978
2069
45927
2118
45852
2102
45904
1964
45946
1972
42015
1923
42076
1949
42017
2127
45899
2043
45966
1936
46009
2006
45985
2005
46011
1952
45993
1883
42078
1989
46075
1988
45922
1953
42048
1953
42014
2004
46031
1989
45991
2365
45658
2145
45809
2081
45886
1933
42000
2027
45948
1964
42045
1983
41990
1932
42046
2002
42034
1983
46007
1973
41986
1993
46087
1960
45967
1935
46044
1986
45967
1990
46063
1966
46002
1977
45966
1977
46010
2009
41933
1974
42018
1967
42022
2057
42046
1967
45948
1965
41963
1985
42004
1967
42019
1916
42063
1970
42013
1885
42117
1901
42097
1850
42112
1971
42010
1970
42006
2074
41927
1967
46134
2036
45876
1852
42075
1934
42084
1968
41994
1938
42037
1979
41995
1967
42026
1973
42025
1967
42019
2141
45957
1895
46023
1992
45989
1939
41993
1977
42017
1959
42030
1977
41984
1897
42097
1966
42021
1963
42040
2077
45947
1962
41949
1983
42039
1967
42010
1936
42105
1966
42008
1973
45980
2050
45965
1968
46014
2076
45872
1964
41993
1962
42039
1975
41989
1967
42043
1973
42008
1964
42018
31495
44211
1314
42826
2065
41986
1906
42161
1963
42003
1957
42026
1941
42039
1981
42079
1932
46035
1975
45918
1922
42135
1953
42081
2023
45858
1972
42042
1967
46033
1967
46029
2083
45905
1932
42023
1958
42016
1915
42087
1953
42014
1967
42019
1929
42049
1984
42016
1977
41999
1974
42019
1958
46046
2073
45919
2013
45969
1987
46007
1920
42014
1985
42004
1967
42002
1917
42069
1973
42020
2755
45270
2132
45829
1860
42091
1976
42042
1968
42018
1850
42123
1968
46051
1964
46034
1979
45993
1923
42025
1962
42025
1923
42037
1981
42032
2049
45976
1980
45966
1983
45997
1971
42005
1963
42034
1992
41939
1958
42077
2073
41945
1951
45999
1968
41997
2076
45973
2015
45950
2042
45954
1980
45995
1993
46000
2005
45967
1926
42018
1968
42042
1915
42049
1964
42020
1965
42015
2038
41956
1966
42019
2047
41954
1984
46011
1968
41981
1960
42026
1977
42029
1960
41984
1898
42067
1974
42036
1926
42047
2050
45985
1926
42025
1964
46055
1947
42042
1912
42023
1950
42057
1872
42098
1973
42025
1970
42016
1959
42043
1936
42017
1969
42036
2043
45959
1957
42006
1959
41990
1976
42028
1946
42048
1971
42011
1966
42027
1980
42020
1967
42006
1948
42030
1924
42050
1977
42012
1889
42096
1962
42016
1926
42066
1953
42081
1930
42007
1959
42032
1964
41725
31852
44375
1959
42068
2065
41926
1849
42106
1930
42041
1912
42114
1848
42128
1787
42200
1973
42022
2075
45926
1967
41979
1966
42032
2038
41955
1966
42005
1938
42050
1963
42017
1979
42090
1942
45991
1928
42025
1928
42064
1988
41989
1958
41987
1914
42137
1971
41992
2037
41971
1929
42035
1961
42011
1894
42098
1978
42004
1865
42126
1968
42020
1957
42008
1978
42010
1934
42083
1954
42006
1942
42032
1935
42022
1920
42099
1960
42024
2010
46003
1975
46006
1964
41987
1931
42034
1948
42061
2042
41947
1959
42025
1930
42063
1946
42025
1934
42067
1945
42030
1894
42061
1936
42057
2051
45996
1967
46014
2086
45902
1965
46049
2105
45830
1939
42020
1960
42025
1953
42026
1962
42025
1949
42048
1963
42013
1956
42024
1971
42091
2033
45917
1942
46040
1964
46015
2046
45942
1922
42022
1950
42056
1918
42043
1976
42015
1943
42046
1923
42071
1922
42030
1957
42028
2078
45940
1913
42026
1980
42046
1984
41973
1952
42044
1935
42064
1930
42039
1939
41999
1963
42046
1971
42028
1837
42141
1968
42026
1933
42059
1936
42044
1941
