0.089472
0.041578
0.042251
0.042451
0.043845
0.042617
0.044114
0.042712
0.050071
0.044273
0.043050
0.041158
0.038930
0.029455
0.020999
0.016678
0.025627
0.027106
0.033588
0.024500
0.028518
0.026895
0.032801
0.028096
0.049285
0.089171
0.055275
0.051060
0.044352
0.043382
0.049048
0.045405
0.041679
0.042022
0.042622
0.040009
0.041566
0.042076
0.043563
0.045222
0.039545
0.029831
0.029543
0.034222
0.037436
0.036715
0.036656
0.039368
0.039417
0.041313
0.033461
0.039163
0.031701
0.047679
0.023652
0.037423
0.048140
0.039451
0.040890
0.039734
0.039445
0.040701
0.032693
0.035875
0.035726
0.036768
0.037479
0.065458
0.039303
0.040050
0.040231
0.039755
0.039388
0.036686
0.036179
0.038017
0.036591
0.036439
0.038151
0.039202
0.037309
0.063027
0.039185
0.037984
0.039505
0.033160
0.036560
0.037301
0.039244
0.038469
0.036913
0.036411
0.043343
0.039356
0.033846
0.038428
0.035010
0.037024
0.036848
0.039332
0.036504
0.035380
0.036941
0.037087
0.041555
0.027424
0.030157
0.034852
0.037379
0.048489
0.040312
0.039425
0.039310
0.044282
0.039908
0.041696
0.036401
0.037019
0.044536
0.039957
0.019918
0.019552
0.020691
0.035153
0.031655
0.038671
0.077003
0.023155
0.036077
0.054515
0.039929
0.037741
0.037645
0.039832
0.039953
0.039690
0.037293
0.044724
0.039015
0.038631
0.039765
0.042327
0.039628
0.028880
0.032124
0.034160
0.036325
0.036534
0.032826
0.036287
0.033997
0.051407
0.039503
0.039335
0.041606
0.040954
0.039788
0.039477
0.039306
0.025527
0.029613
0.036352
0.036697
0.030575
0.037245
0.050854
0.039111
0.039521
0.039490
0.040345
0.036351
0.032735
0.036503
0.036797
0.039921
0.039468
0.041408
0.039240
0.040336
0.066542
0.027939
0.034799
0.036570
0.042743
0.039342
0.039100
0.039060
0.039302
0.039129
0.057884
0.036560
0.030224
0.036017
0.057999
0.038965
0.039284
0.039219
0.039175
0.033567
0.036478
0.036511
0.027719
0.032420
0.033948
0.037312
0.036626
0.044599
0.050015
0.038619
0.037009
0.039394
0.039188
0.026448
0.031354
0.033191
0.036946
0.036567
0.036515
0.037276
0.036166
0.036490
0.053636
0.039336
0.033058
0.034860
0.037410
0.039620
0.029583
0.021886
0.019307
0.016489
0.023030
0.024134
0.031777
0.034065
0.055509
0.032507
0.038688
0.040181
0.039367
0.039462
0.039570
0.045265
0.039703
0.039411
0.034747
0.039061
0.033283
0.035518
0.060525
0.050917
0.041531
0.042833
0.045499
0.068803
0.025732
0.033216
0.049442
0.039714
0.041943
0.027092
0.042948
0.041743
0.053571
0.050064
0.044431
0.039065
0.037374
0.037006
0.039756
0.039782
0.030587
0.032188
0.036591
0.043657
0.039339
0.031331
0.058709
0.030690
0.029813
0.031279
0.030142
0.030538
0.031143
0.036055
0.038828
0.043976
0.029816
0.031450
0.033533
0.036464
0.061020
0.038972
0.039229
0.041907
0.039242
0.038803
0.052107
0.037929
0.033126
0.036337
0.036254
0.039105
0.037573
0.036491
0.065104
0.048411
0.039094
0.028949
0.033272
0.032120
0.028330
0.036372
0.036748
0.037401
0.039204
0.039365
0.039982
0.040980
0.072107
0.031516
0.037401
0.036516
0.036496
0.037111
0.041273
0.038753
0.039376
0.043189
0.039252
0.023431
0.047376
0.035571
0.066674
0.038860
0.018646
0.025123
0.025649
0.026494
0.026419
0.026628
0.026622
0.024203
0.032324
0.034037
0.036468
0.036510
0.068536
0.033257
0.039097
0.039263
0.045674
0.028472
0.031122
0.035599
0.036604
0.036317
0.036432
0.036254
0.036483
0.038052
0.064110
0.038927
0.030206
0.034204
0.034103
0.036222
0.036507
0.039144
0.039272
0.039300
0.039153
0.029023
0.036607
0.027781
0.060475
0.038416
0.031705
0.036396
0.036446
0.034405
0.050816
0.031090
0.040163
0.036253
0.036807
0.025180
0.033947
0.034134
0.074372
0.038957
0.039005
0.039222
0.039256
0.038955
0.029760
0.032519
0.034087
0.036290
0.036424
0.033727
0.042188
0.036439
0.039165
0.040774
0.039192
0.029439
0.030919
0.034847
0.036437
0.036185
0.038830
0.039007
0.039165
0.038856
0.039354
0.039281
0.067726
0.035596
0.038841
0.039066
0.040129
0.039106
0.038986
0.055826
0.051332
0.046586
0.037257
0.038483
0.039564
0.039784
0.034020
0.044810
0.043130
0.041668
0.041756
0.042033
0.040517
0.030387
0.032872
0.036272
0.039207
0.038054
0.016703
0.025095
0.025182
0.023556
0.022039
0.024412
0.023036
0.023509
0.024328
0.028979
0.018540
0.024452
0.026261
0.025710
0.026230
0.032617
0.036399
0.037368
0.025360
0.030557
0.034446
0.035600
0.036261
0.038837
0.036078
0.036324
0.036314
0.038970
0.038807
0.037634
0.035856
0.034680
0.036046
0.036194
0.039067
0.039062
0.039060
0.039053
0.039100
0.017837
0.033912
0.035344
0.033520
0.036256
0.021692
0.035032
0.036505
0.036216
0.038918
0.039061
0.039042
0.038095
0.038841
0.036702
0.029590
0.036546
0.037854
