1606294415
1463740754
1502015
1443709
1375970
1205563
1304472
1305225
1414410
1312481
1322327
1228246
1396893
1198386
1319711
1198937
1092105
1210630
1147054
1047882
1309245
1282495
1180720
1200700
1154047
1186593
1052055
1147597
1135905
1185477
1148627
1349298
1125901
1083622
1089065
1185874
1175627
1109321
1164851
1151900
1192390
1250039
1240559
1162574
1133228
1107398
1184253
1187067
1265992
1164590
1332098
1105538
1174217
1157964
1156610
1120981
1105188
1190223
1163893
1208823
1261955
1159297
1117921
1231056
1166647
1157854
1177140
1293732
1175447
1156757
1228636
1238896
1217576
1161204
1228573
1142904
1155134
1160911
1154521
1205526
1178327
1126844
1113148
1120878
1186086
1034216
1058825
1075225
1213096
1090628
1260966
1182790
1141241
1256839
1188517
1150777
1119668
1233436
1198667
1130178
1176387
1060052
1109268
1039473
1063026
1110801
1179984
1176540
1196347
1213612
1272066
1096988
1201853
1102298
1146354
1151467
1101461
1055446
1105058
1102261
1115058
1070445
1108665
1100881
1064376
1068742
1046602
1107655
1048292
1009463
1102618
1056649
1063498
1129044
1128901
1085479
1075728
1077322
1121471
1104725
1112712
1064528
1033379
1025260
1109744
1093009
1075638
1068435
1060526
1024509
1076022
1067052
1141854
1100535
1132444
1110628
1162137
1038609
1040629
1081429
1117654
1095045
1151077
1079686
1080775
1040282
1074145
1078748
1136731
1069269
1086895
1026423
1076008
1030192
1092058
1090175
1108598
1106845
1090342
1096858
1190923
1057172
1089295
1064525
1126871
1063972
1104448
1038689
1124184
1057996
1087145
1056542
1114098
1033963
1028026
1937321
1395433
1055896
1226243
1061389
1150880
1164170
1253572
1182024
1279312
1146291
1125171
1132888
1187540
1000813
1123058
1105561
1185854
1069932
1123171
1058315
1095935
1015770
1102555
1112722
1102088
1080465
1065772
1049156
1091468
1215523
1128351
1064949
1007940
1159904
1136238
1063428
1137617
1139251
1074358
1053446
1094074
1039793
1070902
1066713
1160607
1095059
1172827
1100892
1048632
1103689
1085985
1129548
1099739
1125507
1108191
1144334
1041082
1018107
1137024
1113528
1121237
1060033
1156490
1071316
1092835
1029209
1088735
1084205
1192923
1072149
1032962
1076608
1142445
1099961
1102855
1059782
1129361
1122844
1140238
1114465
1146857
1041813
1108818
1107128
1032263
1082602
1147657
1107321
1174074
1089069
1058146
1078428
1117035
1094778
1084641
1099785
1040282
1107784
1110934
1076508
1092841
1068155
1117868
978940
1094895
1027956
1135381
1055039
1057473
1033826
1113144
1005647
1080741
1108322
1101405
1020087
1022630
1092519
1032153
1017217
1092369
1090865
1114311
1103981
1104252
1022259
998377
1018153
1105492
1023989
1053299
991384
1104222
1078691
1107941
1079201
1066885
1139204
1090541
1020753
1080712
1049426
1079968
1099248
1031476
1070732
1089161
1008244
1014687
1211093
998839
1101725
1023919
1054629
1073652
1114808
1160297
1061456
1060712
1143025
1115454
1061322
1159300
1075002
1085021
1185967
1180460
1043952
1119802
1129984
1071359
1111548
1081009
1076166
1061242
1032699
1065655
1048206
1149954
1084341
1044196
1068352
1061759
1074082
1097518
1083922
1061906
1090765
1064702
1080749
1056009
1143324
1122301
1088185
1095152
1143094
1106565
1059119
1084851
1124215
1062812
1046712
1084595
1110388
1127415
1025613
1057239
1041663
1039299
1053552
1037459
1053909
1021737
1034342
1101388
1081369
1120031
1047589
1047776
1028396
1176246
1097145
1087048
1079465
1112792
1035299
1040869
1050216
1027032
1024196
1053882
1091421
1105031
1083922
1074225
1037256
1116204
1038172
1193213
1043440
1021416
1045916
1018646
1020353
1052562
1059003
1044486
1037072
1064092
1026277
1019249
1100605
1036873
1110418
1081115
1037256
1104225
1033842
1078765
1088059
1153347
1022870
1060786
1039339
1073902
1064336
1037296
1038699
1066212
1125504
1122121
1043716
1166040
1060809
1136871
1011786
1109155
1055183
1114018
1110841
1111444
1013673
1021657
1053495
1021583
1012576
1052969
1074189
1064316
1074102
1111128
1102644
1146487
1077562
1082065
1063339
1056046
1085439
1080288
958544
1101488
1087192
1046782
1101114
1131354
1043943
1131588
1155627
1073112
1102688
1111941
1093195
1084052
1094975
1091389
1090648
1108558
1069555
1085568
1099161
1061612
1079892
1079515
1121538
1085755
1072482
1059283
1102651
1140211
1103721
1073116
1129515
1102805
1107631
1134038
1111641
1090125
1098448
1067056
1031336
1113721
1064238
1188944
1065726
1144694
1067855
1116265
1120928
1121751
1067008
1083949
1152627
1102651
1068992
1029152
1072948
1080235
1087712
1120518
1062292
1043576
1018180
1117628
1058212
1091685
1132107
1131154
1091442
1130044
1059245
1056966
1057169
1102488
1067722
1114588
1115552
1106718
1138881
1111722
1121045
1057765
1048452
1169877
1070695
1162351
1051152
1049046
1016936
1080131
1078165
1097042
1123181
1096375
1027053
1040789
997547
1090835
1035386
1563697
1274333
1190990
1043858
1168106
1152498
1054883
1117779
1096635
1053610
1161707
1088270
1028746
1135987
1110004
1007597
1074391
1100863
1067876
1316756
1256909
1071851
1147543
1222342
1118043
1081383
1150883
1113020
1135168
1107038
1032709
1116275
1167039
1091449
1206293
1137598
1151888
1143951
1127558
1266375
1089102
1119824
1132049
1029730
1097095
1074266
1109622
1077999
1038114
1059481
1128281
1199970
1149781
1001816
1204133
1095467
1135305
1192935
1113572
1048752
1149862
1142137
1088752
1105439
1139991
1060201
1103712
1091265
1101218
1121791
1109578
1097652
1119877
1073815
1139151
1086705
1102472
1076026
1126315
1046582
1077208
1123654
1101755
1075832
1092572
1088162
1075916
1073002
1107235
1078499
1086295
1098588
1127440
1057922
1090491
1071606
1097538
1091301
1102085
1078819
1062945
1104931
1134524
1112551
1091612
1083582
1084239
1138471
1127158
1047619
1093511
1144611
1118235
1085931
1105974
1061982
1072089
1045769
1074855
1112195
1088942
1067098
1131441
1089475
1084852
1054386
1176874
1076605
1109154
1072229
1122014
1081579
1076065
1101491
1051152
1111211
1131761
1080622
1134384
1097045
1095855
1110535
1060953
1117151
1151691
1030926
1110178
1054635
1102485
1075901
1048379
1053996
1117685
1059109
1094568
1132841
1140994
1111028
1085338
1074668
1117648
1220386
1033963
1155037
1134794
1081835
1115852
1114564
1204630
1088602
1087525
1082595
1121711
1103835
1043436
1071095
1123831
1058049
1075679
1061029
1162380
1080845
1085252
1059899
1101254
1102451
1123935
1121064
1156958
1066746
1099932
1105092
1124021
1086655
1210060
1133298
1157131
1088032
1050495
1071572
1150074
1082912
1074578
1089572
1121978
1100125
1099035
1172061
1118471
1095588
1057386
1074735
1007913
1119661
1062609
1085018
1067595
1032033
1058276
1042959
1142334
1092835
1113178
1080135
1118311
1087762
1082808
1078035
1126388
1051309
1115427
1130538
1095305
1136845
1092595
1072258
1080429
1104262
1069148
1079172
1144574
1082025
1081338
1092918
1078615
1055139
1041943
1073982
1138584
1081492
1078905
1073892
1108215
1122268
1096959
1118648
1056869
1053479
1048302
1098855
1048572
1064452
1136295
1082068
1135991
1080989
1098924
1123192
1132648
1217963
1176687
1113351
1123161
1082638
1069329
1078831
1143711
1120608
1109278
1118705
1106941
1081076
1062799
1147788
1109885
1068505
1081695
1067285
1145560
1108125
1081135
1059236
1095208
1089315
1078639
1074552
1099132
1067946
1054679
1096309
1085872
1092128
1095575
1107684
1240499
1110741
1100004
1159673
1092435
1114948
1071912
1062902
1098365
1064336
1051219
1056362
1102498
1115331
1190646
1106175
1133961
1126304
1107058
1156574
1103495
1148311
1090559
1036156
1107115
1116815
1058232
1071666
1125801
1073439
1048223
1040315
1069072
1062132
1113491
1077322
1121838
1055069
1052225
1033172
1124345
1096885
1073545
1047129
1052406
1075909
1098715
1081445
1145284
1101035
1139634
1059919
1113095
1104951
1048279
1086985
1171990
1084485
1118614
1078132
1137291
1067449
1048396
1074662
1240779
1153111
1158451
1108258
1085689
1042432
1119631
1073279
1146238
1090985
1064319
1065465
1078389
1057629
1079811
1064828
1101901
1049056
1065972
1082792
1124474
1038449
1106302
991940
1136681
1118687
1076239
1138264
1118148
1093832
1090561
1102975
1115458
1024196
1071645
1048122
1117031
1170267
