41070592
41127936
40919040
40824832
41365504
41136128
40968192
41508864
41062400
40857600
41398272
41226240
41025536
41566208
41127936
41938944
42479616
42749952
42749952
42749952
43020288
43020288
43560960
43560960
43831296
44371968
44371968
44371968
44642304
44912640
44912640
44912640
44912640
44912640
44912640
44912640
44912640
44912640
45182976
45182976
45182976
45182976
45182976
45182976
45182976
45182976
45182976
45182976
45182976
45182976
45182976
45182976
45182976
45182976
45182976
45182976
45182976
45182976
45182976
45182976
45182976
45182976
45453312
45453312
45453312
45453312
45453312
45453312
45453312
45453312
45453312
45453312
45453312
45453312
45453312
45453312
45453312
45453312
45453312
45453312
45453312
45453312
45453312
45453312
45453312
45453312
45453312
45453312
45453312
45453312
45453312
45723648
45723648
45723648
45723648
45723648
45723648
45723648
45723648
45723648
45723648
45723648
45723648
45723648
45723648
45723648
45723648
45723648
45723648
45723648
45723648
45723648
45723648
45723648
45723648
45723648
46264320
46804992
47345664
47616000
47616000
47616000
48156672
48697344
49238016
49778688
49778688
49778688
49778688
49778688
49778688
49778688
49778688
49778688
49778688
49778688
50049024
50049024
50049024
50094080
50094080
50098176
50110464
50196480
50196480
50196480
50200576
50200576
50204672
50245632
50249728
50249728
50249728
50249728
50249728
50249728
50249728
50249728
50262016
50262016
50266112
50266112
50266112
50266112
50266112
50266112
50266112
50266112
50266112
50266112
50319360
50319360
50319360
50319360
50319360
50319360
50319360
50319360
50319360
50319360
50319360
50319360
50319360
50319360
50319360
50425856
50425856
50425856
50524160
50524160
50728960
50728960
50728960
50728960
50728960
50728960
50728960
50728960
51179520
51126272
51126272
51126272
51126272
51126272
51126272
51126272
51126272
51126272
51126272
51126272
51126272
51126272
51126272
51126272
51126272
51126272
51126272
51126272
51126272
51126272
51126272
51126272
51126272
51126272
51126272
51126272
51126272
51126272
51126272
51126272
51335168
51335168
51335168
51335168
51335168
51335168
51335168
51335168
51335168
51335168
51335168
51335168
51335168
51335168
51335168
51335168
51335168
51335168
51335168
51335168
51335168
51335168
51335168
51335168
51335168
51560448
51720192
51720192
51720192
51720192
51720192
51720192
51720192
51720192
51720192
51720192
51720192
51720192
51720192
51720192
51720192
51720192
51720192
51720192
51720192
51720192
51720192
51720192
51720192
51720192
51720192
51720192
51937280
51937280
51937280
51937280
51937280
51937280
51937280
51937280
51937280
51937280
51937280
51937280
51937280
51937280
51937280
51937280
51937280
51937280
51937280
51937280
51937280
51937280
51937280
51937280
51937280
51937280
51937280
51937280
51937280
51937280
51937280
51937280
51937280
52195328
52195328
52195328
52195328
52195328
52195328
52195328
52195328
52195328
52617216
52695040
52695040
52695040
52695040
52695040
52695040
52695040
52695040
52695040
52695040
52695040
52695040
52695040
52695040
52695040
52695040
52695040
52695040
52695040
52695040
52695040
52695040
52695040
52695040
52875264
52879360
52879360
52883456
53063680
53075968
53080064
53080064
53084160
53084160
52957184
52961280
52961280
52961280
53182464
53182464
53182464
53182464
53182464
53182464
53182464
53231616
53612544
53612544
53612544
53612544
53612544
53612544
53612544
53612544
53612544
53612544
53612544
53612544
53612544
53612544
53612544
53612544
53612544
53612544
53612544
53612544
53612544
53612544
53612544
53788672
53866496
54145024
54145024
54145024
54145024
54145024
54145024
54226944
55037952
55578624
56119296
56659968
56659968
56659968
56659968
56659968
56659968
56659968
57167872
57708544
58249216
58789888
59600896
59600896
59600896
59600896
59600896
59600896
59600896
59600896
59600896
59600896
59600896
59789312
59789312
59789312
59789312
59789312
59789312
59789312
59789312
59789312
59789312
59789312
59789312
60321792
60321792
60321792
60321792
60321792
60321792
60321792
60321792
60321792
60321792
60321792
60321792
60321792
60321792
60321792
60321792
60321792
60321792
60321792
60321792
60321792
60321792
60321792
60321792
60321792
60321792
60321792
60321792
60321792
60321792
60321792
60321792
60321792
60321792
60321792
60321792
60321792
60321792
60321792
60321792
60321792
60321792
60321792
60321792
60321792
60321792
60321792
60321792
60321792
60321792
60321792
60321792
60456960
60456960
60456960
60456960
60985344
60985344
60985344
60985344
60985344
60985344
60985344
60985344
60985344
60985344
60985344
60985344
60985344
60985344
60985344
60985344
60985344
60985344
60985344
60985344
60985344
60985344
60985344
60985344
60985344
60985344
60985344
60985344
60985344
60985344
60985344
60985344
60985344
60985344
60985344
60985344
60985344
60985344
60985344
60985344
60985344
60985344
61075456
61075456
61075456
61075456
61075456
61075456
61075456
61075456
61075456
61075456
61075456
61075456
61075456
61075456
61075456
61075456
61075456
61075456
61075456
61075456
61075456
61075456
61075456
61075456
61075456
61075456
61075456
61075456
61075456
61075456
61075456
61075456
61075456
61075456
61075456
61075456
61075456
61075456
61075456
61075456
61075456
61075456
61075456
61075456
61075456
61075456
61075456
61075456
61075456
61075456
61075456
61075456
61075456
61075456
61075456
61075456
61075456
61075456
61075456
61079552
61079552
61079552
61079552
61079552
61079552
61079552
61079552
61079552
61079552
61079552
61079552
61079552
61079552
61079552
61079552
61079552
61079552
61079552
61079552
61079552
61079552
61079552
61079552
61079552
61079552
61079552
61079552
61489152
61403136
61403136
61403136
61403136
61403136
61403136
61403136
61403136
61403136
61403136
61403136
61403136
61403136
61403136
61403136
61403136
61403136
61403136
61403136
61403136
61403136
61165568
61165568
61165568
61165568
61165568
61165568
61194240
61194240
61194240
61194240
61194240
61194240
61194240
61194240
61194240
61194240
61194240
61194240
61194240
61194240
61194240
61194240
61194240
61194240
61194240
61194240
61194240
61194240
61194240
61382656
61382656
61382656
61382656
61382656
61382656
61382656
61382656
61382656
61382656
61382656
61382656
61382656
61382656
61382656
61382656
61382656
61382656
61382656
61382656
61382656
61382656
61382656
61382656
61382656
61382656
61382656
61382656
61382656
61382656
61382656
61382656
61382656
61382656
61382656
61382656
61382656
61382656
61382656
61386752
61386752
61386752
61386752
61673472
61378560
61378560
61378560
61378560
61378560
61378560
61378560
61378560
61378560
61378560
61378560
61378560
61378560
61378560
61378560
61378560
61378560
61378560
61378560
61378560
61378560
61431808
61431808
61431808
61431808
61431808
61431808
61431808
61431808
61431808
61431808
61431808
61431808
61431808
61431808
61431808
61431808
61431808
61431808
61431808
61431808
61431808
61431808
61431808
61501440
61534208
61145088
61145088
61145088
61145088
61145088
61145088
61145088
61145088
61145088
61145088
61145088
61145088
61145088
61145088
61145088
61145088
61145088
61145088
61145088
61145088
61145088
61145088
61145088
61145088
61145088
61145088
61145088
61145088
61145088
61145088
61145088
61145088
61145088
61382656
61382656
61382656
61382656
61382656
61382656
61382656
61382656
61382656
61382656
61382656
61480960
61480960
61480960
61480960
61480960
61480960
61480960
61480960
61480960
61480960
61480960
61480960
61480960
61480960
61480960
61480960
61480960
61480960
61480960
61480960
61480960
61480960
61480960
61722624
61722624
61722624
61722624
61722624
61722624
61722624
61722624
61722624
61722624
61722624
61722624
61722624
61722624
61722624
61722624
61722624
61722624
61722624
61722624
61722624
61722624
61734912
61734912
61734912
61734912
61734912
61734912
61734912
61734912
61734912
61734912
61734912
61734912
61734912
61734912
61734912
61734912
61734912
61734912
61734912
61968384
61968384
61968384
61968384
61968384
61968384
61968384
61968384
61968384
62205952
62365696
62369792
62373888
62377984
62377984
62500864
62500864
62500864
62509056
62509056
62513152
62513152
62517248
62521344
62521344
62525440
62603264
62607360
62607360
62615552
62615552
62615552
62619648
62619648
62619648
62619648
62627840
62627840
62627840
62627840
62627840
62627840
62627840
62627840
62627840
62627840
62627840
62627840
62627840
62627840
62627840
62627840
62627840
62627840
62627840
62627840
62627840
62627840
62627840
62627840
62627840
62627840
62627840
62627840
62627840
62746624
62746624
62746624
62746624
62746624
62754816
62844928
62844928
62844928
62844928
62844928
62844928
62844928
62844928
62844928
62844928
62844928
62844928
62844928
62943232
62943232
62943232
62943232
62943232
62943232
62943232
62943232
62943232
62943232
62943232
62943232
62943232
63037440
63037440
63037440
62885888
62885888
62885888
62885888
62963712
62963712
62963712
62963712
62963712
62963712
62963712
62963712
62963712
62963712
62963712
62963712
62963712
62963712
62963712
62963712
62963712
62963712
62963712
62963712
62963712
62963712
62963712
62963712
62963712
62963712
62963712
62963712
62963712
62963712
62963712
62963712
62963712
62963712
63148032
63148032
63148032
63148032
63148032
63148032
63148032
63148032
63148032
63148032
63148032
63148032
63148032
63148032
63148032
63148032
63148032
63148032
63148032
63148032
63148032
63148032
63377408
63377408
63377408
63377408
63377408
63377408
63377408
63377408
63377408
63377408
63377408
63377408
63660032
64196608
65007616
65540096
66080768
66621440
67162112
67969024
68509696
68509696
68509696
68509696
68509696
68509696
68509696
68509696
68509696
68509696
68509696
68509696
68509696
69017600
69558272
70098944
70909952
71450624
71991296
72531968
73072640
73883648
73883648
73883648
73883648
73883648
73883648
73945088
73945088
73945088
73945088
73945088
73945088
73945088
73945088
73945088
74186752
74186752
74186752
74186752
74186752
74452992
74715136
74715136
74715136
74715136
74715136
74715136
74715136
74715136
74715136
74715136
74715136
74715136
74715136
74559488
74559488
74559488
74678272
74678272
74678272
74678272
74678272
74678272
74678272
74678272
74678272
74678272
74678272
74678272
74678272
74678272
74678272
74678272
74678272
74678272
74678272
74678272
74678272
74678272
74678272
74678272
74678272
74678272
74678272
74678272
74678272
74678272
74678272
74678272
74678272
74854400
74854400
74854400
74854400
74854400
74854400
74854400
74854400
74854400
74854400
74854400
74854400
74854400
74854400
74854400
74854400
74854400
74854400
74854400
74854400
74854400
74854400
74854400
74854400
74854400
74854400
74854400
74854400
74854400
74854400
74854400
74854400
74854400
74854400
74854400
74854400
74854400
74854400
74854400
74854400
74854400
74854400
74854400
74854400
74854400
74854400
74854400
74854400
74854400
74854400
74854400
74854400
74854400
74854400
74854400
74854400
74854400
74854400
74854400
74854400
74854400
74854400
74854400
74854400
74854400
74854400
74854400
74854400
74854400
74854400
74854400
74854400
74854400
74854400
74854400
74854400
75403264
74665984
74735616
74817536
74817536
74817536
74817536
74817536
74817536
74817536
74817536
74817536
74817536
74817536
74817536
74817536
74817536
74817536
74817536
74817536
74817536
74817536
74817536
74817536
74862592
74747904
74747904
74747904
74747904
74747904
74747904
74747904
74747904
74747904
74747904
74747904
74747904
74747904
74747904
74747904
74747904
74747904
74747904
74747904
74747904
74563584
74563584
74563584
74563584
74563584
74563584
74563584
74563584
74563584
74563584
74563584
74563584
74563584
74563584
74563584
74563584
74563584
74563584
74563584
74563584
74563584
74563584
74563584
74563584
74563584
74563584
74563584
74563584
74563584
74563584
74563584
74563584
74563584
74563584
74563584
74563584
74563584
74563584
74563584
74563584
74563584
74563584
74563584
74563584
74563584
74563584
74563584
74563584
74563584
74563584
74563584
74563584
74563584
74563584
74563584
74756096
74756096
74756096
74756096
74756096
74756096
74756096
74756096
74756096
74756096
74756096
74756096
74756096
74756096
74756096
74756096
74756096
74756096
74756096
74756096
74756096
74756096
74756096
74756096
74756096
74756096
74756096
74756096
74756096
74756096
74756096
74756096
74756096
74756096
74756096
74756096
74792960
74833920
74833920
74833920
74833920
74833920
74833920
74833920
74833920
74833920
74833920
74833920
74833920
74833920
74833920
74833920
74833920
74833920
74833920
74833920
74833920
74833920
74833920
74833920
74833920
74833920
74833920
74833920
74833920
74833920
74833920
74833920
74833920
74833920
74833920
74833920
74833920
74833920
74833920
74833920
74833920
74833920
74833920
74833920
74833920
74833920
74833920
74833920
74833920
74833920
74833920
74833920
74833920
74833920
74833920
75227136
75419648
75448320
75448320
75448320
75448320
75448320
75448320
75448320
75448320
75448320
75448320
75448320
75448320
75448320
75448320
75448320
75448320
75448320
75448320
75448320
75448320
75661312
75919360
75919360
75919360
75919360
75919360
75919360
75919360
75919360
75919360
75919360
75919360
75919360
75919360
75919360
75919360
75919360
75919360
75919360
76066816
75632640
75632640
76410880
76410880
76410880
76410880
76410880
76410880
76410880
76410880
76410880
76410880
76410880
76410880
76410880
76410880
76410880
76410880
76410880
76410880
76410880
76410880
76410880
76464128
76464128
76464128
76464128
76464128
76464128
76464128
76464128
76468224
76468224
76468224
76468224
76468224
76468224
76468224
76468224
76468224
76468224
76468224
76468224
76468224
76062720
76062720
76062720
76062720
76062720
76062720
76062720
76062720
76062720
76062720
76062720
76062720
76062720
76062720
76062720
76062720
76062720
76062720
76062720
76062720
76062720
76099584
76099584
76099584
76099584
76107776
76107776
76107776
76107776
76107776
76107776
76107776
76107776
76238848
76238848
76238848
76238848
76238848
76238848
76238848
76238848
76238848
76460032
76460032
76460032
76460032
76460032
76460032
76472320
76472320
76472320
76472320
76472320
76472320
76472320
76472320
76472320
76472320
76472320
76472320
76472320
76472320
76472320
76472320
76472320
76472320
76472320
76472320
76472320
76472320
76472320
76472320
76472320
76472320
76472320
76472320
76472320
76472320
76472320
76472320
76472320
76472320
76472320
76472320
76472320
76697600
76697600
76697600
76697600
76697600
76697600
76697600
76697600
76697600
76697600
76697600
76697600
76697600
76697600
76697600
76697600
76697600
76697600
76697600
76697600
76697600
76881920
76881920
76881920
76881920
76881920
76881920
76881920
76881920
76881920
76881920
76881920
76881920
76881920
76881920
76881920
76881920
76881920
76881920
76881920
76881920
76881920
76881920
76881920
76881920
76881920
76881920
76881920
76881920
76881920
76881920
76881920
76881920
76881920
76881920
76881920
76881920
76881920
76881920
76881920
76881920
76881920
76881920
76881920
76881920
76894208
76894208
76894208
76894208
76894208
76894208
76894208
76894208
76894208
76894208
76894208
76894208
76894208
76894208
77099008
76873728
76873728
76873728
76873728
76873728
76873728
76873728
76873728
76873728
76873728
76873728
76873728
76873728
76873728
76873728
76873728
76873728
76873728
76873728
76873728
76873728
76873728
76873728
76873728
76873728
76873728
76873728
76873728
77082624
77082624
77082624
77082624
77082624
77082624
77082624
77082624
77082624
77082624
77082624
77082624
77082624
77082624
77082624
77082624
77082624
77082624
77287424
77287424
77287424
77287424
77287424
77287424
77287424
77287424
77287424
77287424
77287424
77287424
77352960
77352960
77352960
77352960
77352960
77352960
77352960
77352960
77352960
77352960
77373440
77373440
77373440
77373440
77373440
77373440
77373440
77373440
77373440
77373440
77373440
77373440
77373440
77373440
77373440
77373440
77373440
77373440
77373440
77373440
77373440
77373440
77373440
77586432
77586432
77586432
77586432
77586432
77586432
77586432
77586432
77586432
77586432
77586432
77586432
77586432
77586432
77586432
77586432
77586432
77586432
77586432
77586432
77586432
77848576
77848576
77848576
77848576
77848576
77848576
77848576
77848576
78258176
77824000
77824000
77824000
77824000
77824000
77824000
77824000
77824000
77824000
77824000
77824000
77824000
77824000
77824000
77824000
77824000
77824000
77824000
77824000
77824000
77824000
77824000
77824000
77824000
77824000
77824000
78094336
78012416
78012416
78012416
78012416
78012416
78012416
78012416
78012416
78012416
78012416
78012416
78012416
78012416
78012416
78012416
78012416
78012416
78012416
78012416
78012416
78012416
78012416
78012416
78012416
78012416
78012416
78012416
78012416
78270464
78270464
78270464
78270464
78270464
78270464
78270464
78270464
78270464
78270464
78270464
78270464
78270464
78270464
78270464
78270464
78270464
78270464
78270464
78270464
78270464
78536704
78536704
78536704
78536704
78536704
78536704
78536704
78536704
78536704
78536704
78536704
78536704
78536704
78536704
78536704
78536704
78536704
78536704
78536704
78536704
78536704
78536704
78536704
78536704
78536704
78536704
78536704
78536704
78536704
78536704
78536704
78536704
78536704
78536704
78536704
78536704
78536704
78536704
78536704
78536704
78536704
78536704
78536704
78798848
78835712
78835712
78835712
78835712
78835712
78835712
78835712
78835712
78835712
78835712
78835712
78835712
78835712
78835712
78835712
78835712
78835712
78835712
78835712
78835712
78835712
78835712
78835712
78835712
78835712
78835712
78835712
78835712
78835712
78835712
78835712
78835712
78917632
78917632
78917632
78917632
78917632
78917632
78917632
78917632
78917632
77815808
77815808
77815808
77815808
77815808
77815808
77815808
77815808
77815808
77815808
77815808
77815808
77815808
77815808
77815808
77815808
77815808
77815808
77815808
77815808
77815808
77815808
77815808
77815808
77815808
77815808
77815808
77815808
77815808
77815808
77815808
77815808
77815808
77815808
77815808
77815808
77815808
77815808
77815808
77815808
77815808
77815808
77815808
77815808
77815808
77815808
77815808
77815808
77815808
77815808
77815808
77815808
77815808
77815808
77815808
77815808
77815808
77815808
77815808
77815808
77815808
77815808
77815808
77815808
77815808
77815808
77815808
77815808
77815808
77815808
77815808
77815808
77815808
77815808
77815808
77815808
77815808
77815808
77815808
77918208
77918208
77918208
77918208
77918208
77918208
77918208
77918208
77918208
77918208
77918208
77918208
77918208
77918208
77918208
77918208
77918208
77918208
77918208
77918208
77918208
77918208
77918208
77918208
77918208
77918208
77918208
77918208
77918208
77918208
77918208
77918208
77918208
77918208
77918208
77918208
77918208
77918208
77918208
77918208
77918208
77918208
77918208
77918208
77918208
77918208
77918208
77918208
77918208
77918208
77918208
77918208
77918208
77918208
77918208
77918208
77918208
77918208
77918208
77918208
77918208
77918208
77918208
77918208
77918208
77918208
77918208
77918208
77918208
77918208
77918208
77918208
77918208
77918208
77918208
77918208
77918208
77918208
77918208
77918208
77918208
77918208
77918208
77918208
77918208
77918208
77918208
77918208
77918208
77918208
77918208
77918208
77918208
77918208
77918208
77918208
77918208
77918208
77918208
77918208
77918208
77918208
77918208
77918208
77918208
77918208
77918208
77918208
77918208
77918208
77918208
77918208
77918208
77918208
77918208
77918208
77918208
77918208
77918208
77918208
77918208
77918208
77918208
77918208
77918208
77918208
77918208
77918208
77918208
77918208
77918208
77946880
77946880
77946880
77946880
77946880
77946880
77946880
77946880
77946880
77946880
77946880
77946880
77946880
77946880
77946880
77946880
77946880
77946880
77946880
77946880
77946880
77946880
77946880
77946880
77946880
77946880
77946880
77946880
77946880
77946880
77946880
77946880
77946880
77946880
77946880
77946880
77946880
77946880
77946880
77946880
77946880
77946880
77946880
77946880
77946880
77946880
77946880
77946880
77946880
77946880
77946880
77946880
77946880
77946880
77946880
77946880
77946880
77946880
77946880
77946880
77946880
77946880
77946880
77946880
77946880
77946880
77946880
77946880
77946880
77946880
77946880
77946880
77946880
77946880
77946880
77946880
77946880
77946880
77946880
77946880
77946880
77946880
77946880
77946880
77946880
77946880
77946880
77946880
77946880
77946880
77946880
77946880
77946880
77946880
77946880
77946880
77946880
77946880
77946880
77946880
77946880
77946880
77946880
77946880
77946880
77946880
77946880
77946880
77946880
77725696
77725696
77725696
77725696
77987840
77901824
77901824
77901824
77901824
77901824
77901824
77901824
78012416
77520896
77520896
77520896
77520896
77520896
77582336
77582336
77582336
77582336
78053376
77586432
77586432
77586432
77586432
77586432
77586432
77586432
77586432
77586432
77586432
77586432
77586432
77586432
77586432
77586432
77586432
77840384
77840384
77840384
77840384
77840384
77840384
77840384
77840384
77840384
77840384
78020608
78020608
78020608
78020608
78020608
78020608
78020608
78020608
78020608
78020608
78020608
78045184
78045184
78045184
78045184
78045184
78045184
78045184
78045184
78045184
78045184
78045184
78045184
78045184
78045184
78045184
78045184
78045184
78045184
78045184
78045184
78045184
78098432
78098432
78221312
78221312
78221312
78221312
78221312
78221312
78221312
78221312
78221312
78221312
78221312
78221312
78221312
78221312
78221312
78221312
78221312
78221312
78221312
78221312
78221312
78221312
78221312
78221312
78221312
78221312
78221312
78221312
78221312
78221312
78221312
78221312
78221312
78221312
78221312
78221312
78221312
78221312
78221312
78221312
78221312
78221312
78221312
78221312
78221312
78221312
78221312
78221312
78221312
78221312
78221312
78221312
78221312
78221312
78221312
78221312
78221312
78221312
78221312
78221312
78221312
78221312
78221312
78221312
78221312
78221312
78221312
78221312
78221312
78221312
78221312
78221312
78221312
78221312
78221312
78221312
78221312
78221312
78221312
78221312
78221312
78221312
78221312
78221312
78221312
78221312
78221312
78221312
78221312
78221312
78221312
78221312
78221312
78221312
78221312
78221312
78221312
78221312
78221312
78221312
78221312
78221312
78221312
78221312
78221312
78221312
78221312
78221312
78221312
78221312
78221312
78221312
78221312
78221312
78221312
78221312
78221312
78221312
78221312
78221312
78221312
78221312
78221312
78221312
78221312
78221312
78221312
78233600
78233600
78233600
78233600
78233600
78233600
78233600
78233600
78233600
78233600
78233600
78233600
78233600
78233600
78237696
78237696
78237696
78237696
78123008
78123008
78123008
78123008
78299136
78299136
78299136
78299136
78299136
78299136
78299136
78299136
78299136
78299136
78299136
78299136
78299136
78299136
78299136
78299136
78299136
78299136
78299136
78299136
78299136
78299136
78188544
78188544
78188544
78188544
78188544
78188544
78639104
78282752
78282752
78282752
78282752
78282752
78282752
78282752
78282752
78282752
78282752
78282752
78282752
78282752
78282752
78282752
78282752
78282752
78282752
78282752
78282752
78282752
78282752
78282752
78282752
78282752
78282752
78282752
78282752
78282752
78282752
78282752
78282752
78282752
78282752
78282752
78290944
78290944
78290944
78290944
78290944
78290944
78290944
78290944
78290944
78290944
78290944
78290944
78290944
78290944
78290944
78290944
78290944
78561280
78561280
78561280
78561280
78561280
78704640
78704640
78704640
78704640
78704640
78704640
78704640
78704640
78704640
78704640
78704640
78704640
78704640
78704640
78704640
78704640
78704640
78704640
78704640
78704640
78704640
78704640
78704640
78704640
78704640
78704640
78704640
78704640
78704640
78704640
78704640
78704640
78704640
78704640
78704640
78704640
78704640
78704640
78704640
78704640
78704640
78704640
78929920
78929920
78929920
78929920
78929920
78929920
78929920
78929920
78929920
78929920
78929920
78929920
78929920
78929920
79024128
79024128
79024128
79024128
79024128
79024128
79024128
79024128
79024128
79024128
79024128
79024128
79024128
79024128
79024128
79024128
79024128
78970880
78970880
78970880
78970880
78970880
78970880
78970880
78970880
78970880
78970880
78970880
78970880
79097856
79097856
79097856
79097856
79097856
79097856
79097856
79097856
79097856
79097856
79097856
79097856
79097856
79097856
79097856
79097856
79097856
79097856
79097856
79097856
79097856
79097856
79097856
79097856
79097856
79097856
79097856
79233024
79233024
79233024
79233024
79233024
79233024
79233024
79233024
79233024
79233024
79233024
79233024
79233024
79233024
79233024
79233024
79233024
79233024
79233024
79233024
79233024
79233024
79233024
79233024
79233024
79233024
79233024
79233024
79233024
79233024
79233024
79233024
79233024
79233024
79233024
79233024
79233024
79233024
79437824
79437824
79437824
79437824
79437824
79437824
79437824
79437824
79437824
79437824
79437824
79437824
79437824
79437824
79437824
79437824
79437824
79437824
79437824
79437824
79437824
79437824
79437824
79437824
79437824
79437824
79437824
79437824
79437824
79437824
79437824
79437824
79437824
79437824
79437824
79437824
79437824
79437824
79437824
79437824
79437824
79437824
79663104
79663104
79663104
79663104
79663104
79663104
79663104
79663104
79663104
79663104
79663104
79663104
79663104
79663104
79663104
79663104
79663104
79663104
79663104
79663104
79663104
79663104
79908864
79908864
79908864
79908864
79908864
79908864
79908864
79908864
79908864
79908864
79908864
79908864
79908864
79908864
79908864
79908864
79908864
79908864
79908864
79908864
79908864
79908864
79908864
79908864
79908864
79908864
79908864
79908864
79908864
79908864
79908864
79908864
79908864
79908864
79908864
79908864
79908864
79908864
79908864
79908864
79908864
79908864
80134144
80134144
80134144
80134144
80134144
80134144
80134144
80134144
80134144
80134144
80134144
80134144
80134144
80134144
80134144
80134144
80134144
80134144
80134144
80134144
80134144
80134144
80134144
80134144
80134144
80134144
80134144
80134144
80134144
80134144
80134144
80134144
80134144
80134144
80134144
80134144
80134144
80134144
80134144
80134144
80134144
80134144
80134144
80134144
79933440
79933440
79933440
79933440
79933440
79933440
79933440
79933440
80011264
80011264
80011264
80011264
80011264
80011264
80011264
80011264
80011264
80011264
80011264
80011264
80281600
80281600
80281600
80281600
80281600
80281600
80281600
80281600
80281600
80281600
80281600
80281600
80281600
80281600
80281600
80281600
80281600
80281600
80281600
80281600
80281600
80281600
80281600
80281600
80281600
80281600
80281600
80281600
80281600
80281600
80281600
80281600
80281600
80281600
80281600
80281600
80281600
80281600
80281600
80281600
80281600
80281600
80281600
80281600
80281600
80281600
80281600
80281600
80281600
80281600
80281600
80281600
80281600
80281600
80281600
80281600
80281600
80281600
80281600
80281600
80281600
80281600
80281600
80281600
80281600
80281600
80281600
80281600
80281600
80281600
80281600
80281600
80281600
80281600
80281600
80281600
80281600
80281600
80281600
80281600
80281600
80281600
80281600
80281600
80281600
80281600
80281600
80281600
80281600
80281600
80281600
80281600
80281600
80281600
80281600
80281600
80171008
80171008
80171008
80171008
80171008
80171008
80171008
80171008
80171008
80171008
80171008
80171008
80171008
80171008
80171008
80171008
80171008
80171008
80171008
80171008
80171008
80171008
80171008
80171008
80171008
80171008
80171008
80171008
80171008
80171008
80171008
80171008
80171008
80171008
80171008
80171008
80171008
80171008
80171008
80171008
80171008
80171008
80171008
80171008
80171008
80171008
80171008
80171008
80171008
80171008
80171008
80171008
80171008
80171008
80171008
80171008
80171008
80171008
80171008
80171008
80171008
80171008
80171008
80171008
80171008
80171008
80171008
80171008
80171008
80171008
80171008
80171008
80171008
80171008
80171008
80171008
80171008
80171008
80171008
80171008
80171008
80171008
80171008
80171008
80171008
80171008
80171008
80171008
80171008
80171008
80171008
80171008
80171008
80171008
80171008
80171008
80171008
80171008
80171008
80171008
80171008
80171008
80171008
80171008
80171008
80076800
80076800
80076800
80076800
80076800
80076800
80076800
80076800
80076800
80076800
80076800
80076800
80076800
80076800
80076800
80076800
80076800
80076800
80076800
80076800
80076800
80076800
80076800
80076800
80076800
80076800
80076800
80076800
80076800
80076800
80076800
80076800
80076800
80076800
80076800
80076800
80076800
80076800
80076800
80076800
80076800
80076800
80076800
80076800
80076800
80076800
80076800
80076800
80076800
80076800
80076800
80076800
80076800
80076800
80076800
80076800
80076800
80326656
80326656
80326656
80326656
80326656
80326656
80326656
80326656
80326656
80326656
80326656
80326656
80326656
80326656
80326656
80326656
80326656
80326656
80326656
80326656
80326656
80326656
80326656
80326656
80326656
80326656
80326656
80326656
80326656
80326656
80326656
80326656
80326656
80326656
80326656
80326656
80191488
80191488
80191488
80191488
80191488
80191488
80191488
80191488
80191488
80191488
80187392
80187392
80187392
80187392
80187392
80187392
80187392
80187392
80187392
80187392
80187392
80187392
80187392
80187392
80187392
80187392
80187392
80187392
80187392
80187392
80187392
80187392
80412672
80035840
80035840
80035840
80035840
80035840
80035840
80035840
80035840
80035840
80035840
80035840
80035840
80035840
80035840
80035840
80035840
80035840
80035840
80035840
80035840
80035840
80035840
80035840
80035840
79794176
79794176
79794176
79794176
79794176
79794176
79794176
79921152
79605760
79605760
79605760
79605760
79605760
79605760
79605760
79605760
79605760
79605760
79605760
79605760
79605760
79605760
79605760
79605760
79605760
79605760
79605760
79605760
79605760
79605760
79867904
79675392
79675392
79675392
79675392
79675392
79675392
79675392
79675392
79675392
79675392
79675392
79675392
79675392
79675392
79675392
79675392
79675392
79675392
79675392
79675392
79675392
79675392
79675392
79675392
79675392
79675392
79675392
79675392
79675392
80207872
80207872
80207872
80207872
80207872
80207872
80207872
80207872
80207872
80207872
80207872
80207872
80207872
80207872
80207872
80207872
80207872
80207872
80207872
80207872
80207872
80207872
80207872
80207872
80207872
80207872
80207872
80207872
80207872
80207872
80207872
80207872
80207872
80207872
80207872
80207872
80207872
80207872
80207872
80207872
80207872
80207872
80207872
80207872
80207872
80207872
80207872
80207872
80207872
80187392
80187392
80187392
80187392
80187392
80187392
80187392
80187392
80187392
80187392
80187392
80269312
80269312
80273408
80273408
80089088
80089088
80097280
80097280
80097280
80097280
80097280
80097280
80097280
80097280
80097280
80105472
80105472
80105472
80105472
80105472
80105472
80113664
80113664
80113664
80113664
80113664
80113664
80113664
80121856
80121856
80121856
80121856
80121856
80121856
80121856
80121856
80121856
80121856
80121856
80121856
80121856
80121856
80138240
80138240
80138240
80138240
80138240
80138240
80138240
80138240
80154624
80154624
80154624
80154624
80154624
80154624
80154624
80154624
80154624
80154624
80154624
80154624
80154624
80154624
80154624
80154624
80154624
80416768
80416768
80416768
80416768
80416768
80416768
80433152
80433152
80433152
80433152
80433152
80433152
80433152
80433152
80433152
80433152
80433152
80433152
80433152
80433152
80433152
80433152
80433152
80433152
80433152
80433152
80433152
80449536
80449536
80449536
80449536
80449536
80449536
80449536
80449536
80449536
80449536
80449536
80449536
80449536
80449536
80449536
80449536
80449536
80449536
80449536
80449536
80449536
80449536
80449536
80449536
80449536
80449536
80453632
80547840
80433152
80433152
80433152
80433152
80433152
80433152
80433152
80433152
80433152
80433152
80433152
80433152
80433152
80433152
80433152
80433152
80433152
80433152
80433152
80433152
80433152
80433152
80433152
80433152
80433152
80433152
80433152
80433152
80433152
80433152
80433152
80433152
80433152
80433152
80433152
80433152
80433152
80433152
80433152
80433152
80433152
80433152
80433152
80433152
80433152
80433152
80433152
80433152
80433152
80433152
80433152
80433152
80433152
80433152
80433152
80433152
80433152
80433152
80433152
80433152
80433152
80433152
80433152
80433152
80433152
80433152
80433152
80433152
80433152
80433152
80433152
80465920
80465920
80465920
80465920
80465920
80465920
80465920
80465920
80465920
80465920
80465920
80465920
80465920
80465920
80465920
80465920
80642048
80539648
80539648
80539648
80539648
80539648
80539648
80539648
80318464
80318464
80318464
80318464
80318464
80318464
80318464
80318464
80318464
80318464
80318464
80318464
80318464
80318464
80318464
80318464
80318464
80470016
80470016
80470016
80470016
80470016
80470016
80470016
80470016
80470016
80470016
80470016
80527360
80527360
80527360
80527360
80527360
80527360
80527360
80527360
80527360
80527360
80527360
80527360
80527360
80527360
80527360
80527360
80527360
80527360
80596992
80596992
80596992
80596992
80596992
80596992
80596992
80596992
80596992
80596992
80596992
80596992
80596992
80596992
80596992
80596992
80596992
80596992
80596992
80596992
80596992
80596992
80596992
80596992
80596992
80596992
80596992
80596992
80596992
80596992
80596992
80596992
80596992
80596992
80596992
80596992
80596992
80715776
80715776
80715776
80715776
80715776
80715776
80715776
80715776
80715776
80715776
80715776
80715776
80715776
80715776
80715776
80715776
80715776
80715776
80715776
80715776
80715776
80715776
80715776
80715776
80715776
80715776
80715776
80715776
80715776
80715776
80715776
80715776
80715776
80715776
80715776
80715776
80715776
80715776
80715776
80715776
80715776
80715776
80715776
80715776
80715776
80715776
80715776
80715776
80908288
80908288
80908288
80908288
80908288
80908288
80908288
80908288
80908288
80908288
80908288
80908288
80908288
80908288
80908288
80908288
80908288
80908288
80908288
80908288
80908288
80908288
80908288
80908288
80908288
80908288
80908288
80908288
80908288
80908288
80908288
80908288
80908288
80908288
80908288
80908288
80908288
80908288
80908288
80908288
81141760
81141760
81141760
81141760
81141760
81141760
81408000
81408000
81408000
81408000
81408000
81408000
81408000
81408000
81408000
81408000
81408000
81408000
81408000
81408000
81408000
81408000
81408000
81408000
81408000
81408000
81408000
81408000
81408000
81408000
81408000
81408000
81408000
81408000
81408000
81408000
81408000
81408000
81408000
81625088
81625088
81625088
81625088
81625088
81625088
81625088
81625088
81625088
81625088
81625088
81625088
81625088
81563648
81563648
81563648
81563648
81563648
81563648
81563648
81563648
81563648
81563648
81563648
81563648
81563648
81563648
81563648
81563648
81563648
81563648
81563648
81563648
81563648
81563648
81563648
81563648
81563648
81563648
81563648
81563648
81563648
81563648
81563648
81563648
81563648
81563648
81563648
81563648
81563648
81563648
81563648
81563648
81563648
81563648
81563648
81563648
81563648
81563648
81563648
81563648
81563648
81563648
81563648
81563648
81563648
81563648
81563648
81563648
81563648
81563648
81563648
81563648
81563648
81563648
81563648
81563648
81563648
81563648
81563648
81563648
81563648
81563648
81563648
81563648
81563648
81563648
81563648
81563648
81563648
81563648
81563648
81563648
81563648
81563648
81563648
81563648
81563648
81563648
81563648
81563648
81563648
81563648
81563648
81563648
81563648
81563648
81563648
81563648
81563648
81563648
81563648
81563648
81563648
81563648
81563648
81563648
81563648
81563648
81563648
81563648
81563648
81563648
81563648
81563648
81563648
81563648
81563648
81563648
81563648
81563648
81563648
81563648
81563648
81563648
81563648
81563648
81563648
81563648
81563648
81563648
81563648
81563648
81563648
81563648
81563648
81563648
81563648
81563648
81563648
81563648
81563648
81563648
81563648
81563648
81563648
81563648
81563648
81563648
81563648
81563648
81563648
81563648
81563648
81563648
81563648
81563648
81563648
81563648
81563648
81563648
81563648
81563648
81563648
81563648
81563648
81563648
81563648
81563648
81563648
81563648
81563648
81563648
81563648
81563648
81563648
81563648
81563648
81563648
81563648
81563648
81563648
81563648
81563648
81563648
81563648
81563648
81563648
81563648
81563648
81563648
81563648
81563648
81563648
81563648
81563648
81563648
81563648
81563648
81563648
81563648
81563648
81563648
81563648
81563648
81563648
81563648
81563648
81563648
81563648
81563648
81563648
81563648
81563648
81563648
81563648
81563648
81563648
81563648
81563648
81563648
81563648
81563648
81563648
81563648
81563648
81563648
81563648
81563648
81563648
81563648
81563648
81563648
81563648
81563648
81563648
81563648
81563648
81563648
81563648
81563648
81563648
81563648
81563648
81563648
81563648
81563648
81563648
81563648
81563648
81563648
81563648
81563648
81563648
81563648
81563648
81563648
81563648
81563648
81563648
81563648
81563648
81563648
81563648
81563648
81563648
81563648
81563648
81563648
81563648
81563648
81563648
81563648
81563648
81563648
81563648
81563648
81563648
81563648
81563648
81563648
81563648
81563648
81563648
81563648
81563648
81563648
81563648
81563648
81563648
81563648
81563648
81563648
81563648
81563648
81563648
81563648
81563648
81563648
81563648
81563648
81563648
81563648
81563648
81563648
81563648
81563648
81563648
81563648
81563648
81563648
81563648
81563648
81563648
81563648
81563648
81563648
81563648
81563648
81563648
81563648
81563648
81670144
81649664
81649664
81649664
81649664
81727488
81727488
81727488
81727488
81727488
81727488
81727488
81727488
81727488
81727488
81727488
81727488
81727488
81727488
81727488
81727488
81727488
81727488
81727488
81727488
81727488
81727488
81727488
81727488
81727488
81727488
81727488
81727488
81727488
81727488
81727488
81727488
81727488
81727488
81727488
81727488
81727488
81727488
81727488
81727488
81727488
81907712
82132992
81674240
81674240
81674240
81674240
81674240
81674240
81674240
81674240
81674240
81674240
81674240
81674240
81674240
81674240
81674240
81674240
81674240
81674240
81674240
81674240
81674240
81674240
81674240
81674240
81674240
81674240
81674240
81674240
81674240
81674240
81674240
81674240
81674240
81674240
81674240
81674240
81674240
81674240
81674240
81674240
81674240
81674240
81674240
81674240
81674240
81674240
81674240
81674240
81674240
81674240
81674240
81674240
81674240
81674240
81674240
81674240
81674240
81674240
81674240
81674240
81674240
81674240
81674240
81674240
81674240
81674240
81674240
81674240
81674240
81674240
81674240
81674240
81674240
81674240
81674240
81674240
81674240
81674240
81674240
81674240
81674240
81674240
81674240
81674240
81674240
81674240
81674240
81674240
81674240
81674240
81674240
81674240
81674240
81674240
81674240
81674240
81674240
81674240
81674240
81674240
81674240
81674240
81674240
81674240
81674240
81674240
81674240
81674240
81674240
81674240
81674240
81674240
81674240
81674240
81674240
81674240
81674240
81674240
81674240
81674240
81674240
81674240
81674240
81674240
81674240
81674240
81674240
81674240
81674240
81674240
81674240
81674240
81674240
81674240
81674240
81674240
81674240
81674240
81674240
81674240
81674240
81674240
81674240
81674240
81674240
81674240
81674240
81674240
81674240
81674240
81674240
81674240
81674240
81674240
81674240
81674240
81674240
81674240
81674240
81674240
81674240
81674240
81674240
81674240
81674240
81674240
81674240
81674240
81674240
81674240
81674240
81674240
81674240
81674240
81674240
81674240
81674240
81674240
81674240
81674240
81674240
81674240
81674240
81674240
81674240
81674240
81674240
81674240
81674240
81674240
81674240
81674240
81674240
81674240
81674240
81674240
81674240
81674240
81674240
81674240
81674240
81674240
81674240
81674240
81674240
81674240
81674240
81674240
81674240
81674240
81674240
81674240
81674240
81674240
81674240
81674240
81674240
81674240
81674240
81674240
81674240
81674240
81674240
81674240
81674240
81674240
81674240
81674240
81674240
81674240
81674240
81674240
81674240
81674240
81674240
81674240
81674240
81674240
81674240
81674240
81674240
81674240
81674240
81674240
81674240
81674240
81674240
81674240
81674240
81674240
81674240
81674240
81674240
81674240
81674240
82087936
81977344
81977344
81977344
81977344
81977344
81977344
81977344
81977344
81977344
81977344
81977344
81977344
81977344
81977344
81977344
81977344
81977344
81977344
81977344
81977344
81977344
81977344
81977344
81977344
81977344
81977344
81977344
81977344
81977344
81977344
81977344
81977344
81977344
81977344
81977344
81977344
81977344
81977344
81977344
81977344
81977344
81977344
81977344
81977344
81977344
81977344
81977344
81977344
81977344
81977344
81977344
81977344
81977344
81977344
81977344
81977344
81977344
81977344
81977344
81977344
81977344
81977344
81977344
81977344
81977344
81977344
81977344
81977344
81977344
81977344
81977344
81977344
81977344
81977344
81977344
81977344
81977344
81977344
81977344
81977344
81977344
81977344
81977344
81977344
81977344
81977344
81977344
81977344
81977344
81977344
81977344
81977344
81977344
81977344
81977344
81977344
81977344
81977344
81977344
81977344
81977344
81977344
81977344
81977344
81977344
81977344
81977344
81977344
81977344
81977344
81977344
81977344
81977344
81977344
81977344
81977344
81977344
81977344
81977344
81977344
81977344
81977344
81977344
81977344
81977344
81977344
81977344
81977344
81977344
81977344
81977344
81977344
81977344
81977344
81977344
81977344
81977344
81977344
81977344
81977344
81977344
81977344
81977344
81977344
81977344
81977344
81977344
81977344
81977344
81977344
81977344
81977344
81977344
81977344
81977344
81977344
81977344
81977344
81977344
81977344
81977344
81977344
81977344
81977344
81977344
82042880
82042880
82042880
82042880
82042880
82042880
82042880
82042880
82042880
82042880
82042880
82042880
82042880
82042880
82042880
82042880
40660992
82042880
41046016
82042880
40701952
82042880
40611840
82042880
41152512
82042880
40976384
82042880
40767488
82042880
41308160
82042880
40861696
82042880
40656896
82042880
41197568
82042880
41025536
82042880
40824832
82042880
41365504
82042880
40931328
82042880
41742336
82042880
42283008
82042880
42553344
82042880
42553344
82042880
42553344
82042880
42553344
82042880
42823680
82042880
43364352
82042880
43364352
82042880
43634688
82210816
44175360
82210816
44175360
82210816
44175360
82210816
44445696
82210816
44445696
82210816
44445696
82210816
44716032
82210816
44716032
82210816
44716032
82210816
44716032
82210816
44716032
82210816
44716032
82210816
44716032
82210816
44716032
82210816
44716032
82210816
44716032
82210816
44716032
82210816
44716032
82210816
44986368
82210816
44986368
82210816
44986368
82210816
44986368
82210816
44986368
82210816
44986368
82210816
44986368
82210816
44986368
82210816
44986368
82210816
44986368
82210816
44986368
82210816
44986368
82210816
44986368
82374656
44986368
82374656
44986368
82374656
44986368
82374656
44986368
82374656
44986368
82374656
44986368
82374656
44986368
82374656
44986368
82374656
44986368
82374656
45256704
82374656
45256704
82374656
45256704
82374656
45256704
82440192
45256704
82440192
45256704
82440192
45256704
82440192
45256704
82440192
45256704
82440192
45256704
82440192
45256704
82440192
45256704
82440192
45256704
82440192
45256704
82440192
45256704
82440192
45256704
82440192
45256704
82440192
45256704
82440192
45256704
82440192
45256704
82440192
45256704
82440192
45256704
82440192
45256704
82440192
45256704
82440192
45256704
82440192
45256704
82440192
45256704
82440192
45527040
82440192
45527040
82587648
45527040
82587648
45527040
82587648
45527040
82587648
45527040
82587648
45527040
82587648
45527040
82587648
45527040
82587648
45527040
82587648
45527040
82587648
45527040
82587648
45527040
82587648
45527040
82587648
45527040
82587648
45527040
82587648
45527040
82587648
45527040
82587648
45527040
82587648
45527040
82587648
45527040
82587648
45527040
82587648
45527040
82587648
45527040
82587648
46067712
82612224
46608384
82612224
47149056
82612224
47689728
82612224
47689728
82612224
47689728
82612224
47689728
82612224
48500736
82612224
49041408
82612224
49721344
82612224
49721344
82612224
49725440
82612224
49725440
82612224
49729536
82612224
49782784
82612224
49823744
82612224
49917952
82612224
49917952
82612224
49922048
82739200
49946624
82739200
49967104
82739200
50020352
82739200
50061312
82796544
50061312
82796544
50061312
82796544
50061312
82796544
50061312
82796544
50061312
82796544
50352128
82796544
50352128
82796544
50352128
82796544
50352128
82796544
50352128
82796544
50352128
82796544
50372608
82796544
50372608
82796544
50372608
82796544
50372608
82518016
50372608
82518016
50372608
82518016
50466816
82518016
50466816
82518016
50466816
50466816
82518016
50466816
82518016
50466816
82518016
50466816
82518016
50466816
82518016
50466816
82518016
50466816
82518016
50466816
82518016
50466816
82518016
50466816
82518016
50466816
82518016
50466816
82518016
50466816
82518016
50466816
82518016
50466816
82518016
50466816
82518016
50466816
82518016
50466816
82518016
50466816
82518016
50466816
82518016
50618368
82518016
50618368
82518016
50618368
82518016
50618368
82518016
50618368
82518016
50618368
82518016
50618368
82518016
50618368
82518016
50618368
82518016
50618368
82518016
50618368
82518016
50909184
82518016
50909184
82518016
