0.153782
0.027498
0.052491
0.061104
0.036307
0.035691
0.034326
0.033996
0.030359
0.035344
0.037591
0.039439
0.021954
0.030676
0.032573
0.032417
0.031929
0.030692
0.033185
0.034517
0.033141
0.033632
0.045629
0.034537
0.022634
0.018940
0.039740
0.026661
0.032363
0.051960
0.032936
0.034260
0.043554
0.034969
0.024738
0.027832
0.029925
0.040844
0.022601
0.029723
0.025393
0.034054
0.033340
0.036274
0.044756
0.034983
0.037011
0.035020
0.035133
0.035106
0.036250
0.023135
0.023746
0.034083
0.035433
0.043213
0.538974
0.022270
0.035244
0.035122
0.035273
0.034249
0.035464
0.034792
0.034773
0.034707
0.034694
0.035983
0.045465
0.035207
0.031658
0.032998
0.030125
0.034765
0.035665
0.035659
0.035396
0.036029
0.033687
0.035336
0.033356
0.027616
0.027984
0.030801
0.032253
0.034380
0.034623
0.026658
0.025228
0.020568
0.021217
0.027914
0.027934
0.031862
0.034703
0.043350
0.020473
0.033467
0.030517
0.034965
0.035661
0.034255
0.034591
0.034646
0.035656
0.036027
0.025128
0.022692
0.021326
0.025511
0.030783
0.036569
0.035682
0.035047
0.036199
0.034874
0.033785
0.035582
0.035150
0.035882
0.033593
0.043592
0.022029
0.035723
0.032813
0.036487
0.034198
0.034682
0.034374
0.035016
0.034149
0.029145
0.036698
0.033849
0.034809
0.033616
0.031852
0.030558
0.034084
0.041684
0.038042
0.036302
0.035624
0.038760
0.036240
0.035897
0.036411
0.036599
0.027394
0.033116
0.032617
0.031121
0.035407
0.034290
0.034547
0.034186
0.034975
0.034714
0.035441
0.034887
0.036272
0.028344
0.034380
0.031787
0.036864
0.039785
0.035455
0.036682
0.036569
0.035121
0.034990
0.033202
0.034413
0.035616
0.023180
0.032133
0.030649
0.030575
0.031125
0.032370
0.035465
0.034917
0.035613
0.034328
0.034557
0.036526
0.047406
0.025955
0.037175
0.033628
0.037172
0.035906
0.036063
0.030821
0.032637
0.034925
0.038148
0.035548
0.037722
0.046717
0.021696
0.032205
0.031569
0.031555
0.034839
0.035803
0.035351
0.033147
0.035284
0.036414
0.035586
0.040945
0.044437
0.021438
0.031244
0.028814
0.035032
0.036373
0.024447
0.023038
0.018507
0.028946
0.029705
0.035698
0.034142
0.044348
0.035932
0.029605
0.034853
0.034418
0.033959
0.034062
0.034619
0.034228
0.034830
0.034447
0.034968
0.043003
0.035081
0.033171
0.030727
0.029511
0.033902
0.034953
0.034691
0.035397
0.033990
0.034749
0.033901
0.034061
0.041651
0.036821
0.030619
0.034096
0.043354
0.038666
0.033472
0.033667
0.033692
0.034704
0.035116
0.033952
0.034250
0.041724
0.030667
0.019865
0.034536
0.028593
0.034635
0.035689
0.034247
0.035141
0.034267
0.033909
0.034495
0.034291
0.034007
0.044145
0.021188
0.035929
0.031205
0.034105
0.033734
0.033669
0.034245
0.035077
0.035150
0.036541
0.034138
0.034303
0.035779
0.020092
0.036941
0.033820
0.031054
0.032476
0.030768
0.032915
0.034419
0.034580
0.034401
0.034047
0.033728
0.044492
0.020394
0.034229
0.031834
0.034201
0.033363
0.033667
0.033461
0.038484
0.031047
0.033296
0.032442
0.045222
0.039088
0.032629
0.032911
0.030422
0.034450
0.034164
0.033465
0.035132
0.037663
0.036781
0.035434
0.034134
0.046343
0.039720
0.033989
0.032585
0.033993
0.033545
0.034106
0.034522
0.033704
0.034241
0.035010
0.034477
0.042848
0.036432
0.031806
0.038499
0.029357
0.036220
0.034353
0.031249
0.021866
0.022011
0.024722
0.035095
0.035212
0.047249
0.037167
0.036238
0.021248
0.032198
0.031985
0.037820
0.035744
0.035997
0.035800
0.037445
0.035614
0.035905
0.045965
0.036537
0.036233
0.032317
0.034022
0.036274
0.034889
0.035271
0.035461
0.035631
0.036266
0.036599
0.036019
0.043308
0.035023
0.020125
0.033043
0.035074
0.034946
0.034781
0.034776
0.034441
0.033810
0.037258
0.034700
0.035815
0.034457
0.034416
0.022986
0.029328
0.023866
0.035889
0.035443
0.035733
0.034983
0.036564
0.036799
0.035298
0.039920
0.031463
0.031855
0.022589
0.030588
0.027036
0.035118
0.035064
0.035595
0.035865
0.036255
0.037422
0.036769
0.040859
0.035556
0.035223
0.024103
0.027102
0.030883
0.034336
0.035842
0.035865
0.034595
0.034451
0.035329
0.034668
0.044214
0.032959
0.031466
0.019651
0.026402
0.026859
0.033730
0.035150
0.036166
0.035039
0.033211
0.035267
0.040832
0.032292
0.035230
0.034764
0.026306
0.035352
0.028753
0.035071
0.034731
0.034938
0.036729
0.035178
0.041791
0.034605
0.034742
0.034147
0.035238
0.025146
0.031488
0.032837
0.032965
0.034792
0.034717
0.035330
0.042963
0.036064
0.034795
0.034609
0.034112
0.034215
0.023949
0.033873
0.032075
0.035984
0.034705
0.023104
0.021663
0.033569
0.034042
0.035058
0.035250
0.035114
0.035362
0.032665
0.032271
0.028544
0.035214
0.035023
0.035262
0.034934
0.044157
0.096810
0.034154
0.035133
0.036098
0.027946
0.019196
0.020978
0.026401
0.034189
0.034803
0.034879
0.043330
0.035293
0.034267
0.034853
0.034219
0.034042
0.033997
0.027104
0.028469
0.031721
0.034960
0.034413
0.034060
0.043096
0.035778
0.035172
0.034838
0.035345
0.034939
0.034477
0.032434
0.031695
0.034634
0.034963
0.033440
0.042785
0.035473
0.034749
0.033829
0.034484
0.034133
0.033978
0.033328
0.035481
0.032339
0.035119
0.033747
0.033995
0.042859
0.034542
0.034632
0.034877
0.034438
0.035159
0.034796
0.025287
0.036611
0.032462
0.034410
0.034904
0.034107
0.035826
0.033629
0.034701
0.035585
0.034663
0.034651
0.035300
0.023213
0.034278
0.031220
0.035420
0.042403
0.036285
0.034798
0.035119
0.034183
0.034484
0.033933
0.035202
0.034581
0.021893
0.028065
0.033187
0.035293
0.042847
0.035397
0.036103
0.033998
0.034353
0.033984
0.033806
0.034589
0.034526
0.025651
0.031014
0.030910
0.034207
0.035106
0.034703
0.035434
0.034565
0.034282
0.035525
0.034592
0.034373
0.035000
0.022714
0.028304
0.029673
0.042812
0.036595
0.020869
0.019787
0.024041
0.029965
0.035845
0.035334
0.035240
0.039835
0.034624
0.030762
0.028343
0.043878
0.035237
0.036549
0.035005
0.034745
0.034781
0.034585
0.034918
0.040425
0.035754
0.023888
0.034035
0.039772
0.034958
0.134034
0.034801
0.035952
0.034754
0.034783
0.034728
0.034070
0.035303
0.031561
0.032668
0.044252
0.035451
0.035146
0.034420
0.037096
0.039571
0.036003
0.034073
0.033632
0.035077
0.023947
0.033610
0.034064
0.035979
0.034521
0.033106
0.035120
0.034208
0.034813
0.034471
0.033558
0.033032
0.033537
0.024930
0.034618
0.033631
0.042936
0.033825
0.034001
0.033598
0.034414
0.033510
0.033601
0.033921
0.033930
0.034123
0.020798
0.034489
0.029362
0.043116
0.034880
0.029834
0.033424
0.034087
0.034477
0.034098
0.034402
0.034217
0.033870
0.024499
0.035115
0.039293
0.033522
0.033921
0.034160
0.040808
0.036245
0.034601
0.034023
0.033616
0.034141
0.033470
0.021147
0.032634
0.033665
0.034361
0.034037
0.033995
0.037316
0.033872
0.034332
0.033803
0.037422
0.032665
0.034555
0.020107
0.039694
0.033594
0.040068
0.035562
0.033618
0.034161
0.034075
0.034656
0.034752
0.033623
0.033915
0.033019
0.020475
0.030982
0.032879
0.033863
0.035919
0.030369
0.020073
0.017723
0.027765
0.027796
0.028048
0.027165
0.029732
0.029341
0.020113
0.031861
0.030136
0.034358
0.035186
0.033909
0.036264
0.036249
0.034747
0.034483
0.035923
0.036057
0.036709
0.037767
0.032857
0.036561
0.035522
0.034788
0.034511
0.035356
0.035478
0.035225
0.037953
0.036279
0.035683
0.028752
0.037305
0.031855
0.035653
0.034363
0.036084
0.035073
0.035450
0.034592
0.035607
0.034718
0.035124
0.034479
0.023064
0.033998
0.033580
0.035166
0.034303
0.035517
0.035624
0.034517
0.035172
0.034031
0.038302
0.034619
0.034791
0.020953
0.030189
0.027975
0.033034
0.032653
0.033794
0.033945
0.033828
0.033966
0.030106
0.034517
0.034624
0.036655
0.035203
0.030981
0.024363
0.034037
0.035721
0.034189
0.034337
0.037436
0.035391
0.035413
0.034140
0.033880
0.033930
0.035458
0.034716
0.032154
0.030792
0.034481
0.034356
0.535659
0.025299
0.035572
0.031030
0.034208
0.033767
0.033734
0.129324
0.033855
0.034078
0.034974
0.035739
0.034733
0.022620
0.035296
0.038754
0.034613
0.035938
0.034171
0.034173
0.033995
0.034576
0.035231
0.035189
0.034730
0.034348
0.023476
0.034183
0.032937
0.031242
0.034343
0.027056
0.020758
0.026861
0.030538
0.028929
0.030203
0.027543
0.029750
0.026766
0.021107
0.028543
0.031504
0.036608
0.034723
0.035489
0.034517
0.034526
0.034516
0.034091
0.035039
0.034290
0.035005
0.022351
0.030596
0.027708
0.024314
0.030892
0.051177
0.035990
0.034468
0.034570
0.033069
0.035613
0.034360
0.035150
0.021075
0.030828
0.034827
0.035044
0.035023
0.031737
0.035857
0.038072
0.035430
0.035994
0.035159
0.033734
0.042115
0.025343
0.035192
0.035183
0.033996
0.034985
0.034835
0.034088
0.034139
0.034948
0.037620
0.032756
0.041807
0.036864
0.032286
0.030642
0.035277
0.035237
0.034339
0.035009
0.033870
0.034176
0.034435
0.033960
0.033798
0.034778
0.028552
0.035407
0.030913
0.036570
0.034402
0.034724
0.034071
0.034498
0.034803
0.034725
0.033558
0.035222
0.044458
0.021192
0.033223
0.029593
0.031675
0.028784
0.029677
0.029723
0.029359
0.029141
0.034400
0.033883
0.043311
0.035081
0.033910
0.030065
0.031341
0.031734
0.034745
0.034563
0.034930
0.033909
0.031675
0.044972
0.035554
0.034032
0.034433
0.023724
0.032819
0.031563
0.034028
0.037749
0.035417
0.034647
0.031675
0.033878
0.035035
0.034298
0.033920
0.034509
0.020018
0.033797
0.029330
0.034470
0.034263
0.027103
0.023154
0.023117
0.031366
0.036769
0.035353
0.034440
0.035303
0.033655
0.035614
0.029597
0.025878
0.028392
0.034921
0.035497
0.034692
0.035475
0.034257
0.034384
0.033848
0.034512
0.032757
0.035485
0.026572
0.027710
0.028799
0.034459
0.037857
0.043045
0.036240
0.034484
0.034482
0.035890
0.034380
0.027660
0.036253
0.031471
0.035323
0.035032
0.035838
0.036371
0.044412
0.038518
0.035187
0.034647
0.035961
0.035448
0.023000
0.032145
0.026192
0.025854
0.027905
0.034157
0.042748
0.034732
0.036270
0.034796
0.034053
0.031016
0.035578
0.023057
0.036185
0.030933
0.036554
0.034970
0.039149
0.035730
0.035908
0.036466
0.035474
0.034914
0.034458
0.035870
0.026559
0.036847
0.032253
0.030126
0.036739
0.035376
0.034601
0.035556
0.036286
0.035450
0.036285
0.034912
0.036599
0.022713
0.034045
0.025159
0.026729
0.043009
0.035422
0.035174
0.035808
0.033416
0.029600
0.035350
0.029081
0.033489
0.024138
0.035795
0.030193
0.042954
0.035605
0.034729
0.035255
0.036435
0.035327
0.037381
0.036170
0.035350
0.034673
0.021128
0.031538
0.029242
0.035151
0.034820
0.034536
0.034237
0.035499
0.034136
0.129876
0.029041
0.034623
0.020574
0.031566
0.031949
0.038598
0.034335
0.025594
0.019648
0.021144
0.025473
0.030755
0.031436
0.031129
0.031625
0.032816
0.036615
0.036426
0.032871
0.033871
0.034895
0.034891
0.034404
0.034336
0.035577
0.035772
0.035146
0.036075
0.021051
0.039386
0.032936
0.035682
0.034636
0.035110
0.034482
0.035603
0.035743
0.033889
0.035011
0.034910
0.034220
0.034904
0.031175
0.035796
0.035709
0.035145
0.034770
0.035950
0.037601
0.034934
0.035630
0.036031
0.034559
0.036035
0.033724
0.033762
0.031695
0.032505
0.035202
0.034891
0.034429
0.035056
0.032055
0.033525
0.034680
0.035804
0.034417
0.020604
0.033299
0.032894
0.031525
0.033254
0.034683
0.034421
0.034386
0.035375
0.034458
0.034767
0.034016
0.035664
0.028175
0.032524
0.027655
0.034788
0.034462
0.034944
0.036377
0.035129
0.035049
0.035583
0.034099
0.037237
0.034976
0.021684
0.034420
0.033213
0.028835
0.034472
0.035942
0.035303
0.034345
0.034995
0.035094
0.034299
0.043713
0.039056
0.021151
0.035637
0.032099
0.033147
0.035134
0.035073
0.044132
0.034954
0.038031
0.036288
0.044160
0.034466
0.031562
0.029104
0.034186
0.032309
0.032046
0.031984
0.032350
0.032051
0.033819
0.042908
0.036324
0.034441
0.035243
0.030609
0.033170
0.026395
0.118821
0.025043
0.024408
0.020568
0.018992
0.042067
0.036957
0.035701
0.030188
0.034013
0.024629
0.032350
0.029729
0.034556
0.034290
0.034255
0.034758
0.042786
0.034647
0.035079
0.035169
0.035184
0.038251
0.030881
0.033477
0.034386
0.035038
0.023384
0.024385
0.035479
0.035323
0.033920
0.032940
0.033982
0.034096
0.034419
0.030615
0.028443
0.034473
0.034903
0.043973
0.037942
0.035641
0.035051
0.035591
0.034858
0.034836
0.035125
0.022888
0.036224
0.034045
0.034478
0.044259
0.033028
0.032964
0.030424
0.037083
0.035774
0.035517
0.034931
0.035849
0.021558
0.031961
0.024313
0.038455
0.047215
0.035536
0.034475
0.035124
0.035500
0.034724
0.038206
0.034624
0.036620
0.022024
0.032154
0.043555
0.040993
0.036815
0.035278
0.035742
0.035721
0.036289
0.034761
0.034669
0.035316
0.034840
0.031843
0.032465
0.033414
0.034550
0.035179
0.034606
0.034615
0.034670
0.035065
0.034625
0.033867
0.034561
0.030598
0.035594
0.034304
0.034529
0.033822
0.033820
0.037093
0.034181
0.031386
0.033934
0.040494
0.035205
0.034695
0.019838
0.041251
0.039605
0.035697
0.034901
0.031696
0.033730
0.033086
0.036133
0.031895
0.035169
0.035279
0.034945
0.027391
0.032777
0.031652
0.034397
0.034266
0.025456
0.023325
0.019545
0.019328
0.030746
0.033607
0.033560
0.032886
0.043081
0.030766
0.031894
0.029419
0.032142
0.034307
0.034659
0.033944
0.035394
0.034591
0.034701
0.042898
0.035509
0.033786
0.026095
0.034883
0.032914
0.035127
0.035600
0.033774
0.034985
0.034372
0.035268
0.041993
0.036070
0.033991
0.034683
0.019831
0.034185
0.031998
0.034214
0.035385
0.040222
0.034608
0.037955
0.042367
0.035904
0.034924
0.035574
0.034207
0.027752
0.032105
0.036888
0.033955
0.034428
0.034963
0.034515
0.041791
0.035355
0.035004
0.035665
0.034365
0.026027
0.036331
0.030896
0.035075
0.034493
0.030276
0.034632
0.042062
0.036556
0.034281
0.034765
0.043071
0.039942
0.022624
0.028985
0.031164
0.034268
0.034592
0.034448
0.043228
0.038654
0.035960
0.041079
0.038281
0.035444
0.034982
0.031071
0.028871
0.036351
0.035717
0.043261
0.036256
0.035517
0.035730
0.035389
0.035337
0.035328
0.034437
0.024180
0.035270
0.032771
0.035682
0.036236
0.035757
0.036807
0.035170
0.035144
0.035615
0.035047
0.035417
0.034653
0.022624
0.032315
0.043239
0.035471
0.035147
0.034258
0.034458
0.034317
0.034834
0.037132
0.029933
0.033261
0.034296
0.030530
0.040744
0.033185
0.033710
0.027881
0.024300
0.020923
0.020963
0.030213
0.033918
0.033423
0.033981
0.034025
0.019531
0.034155
0.034593
0.034236
0.034323
0.033915
0.037223
0.032820
0.033827
0.034250
0.034202
0.033312
0.033574
0.027406
0.030911
0.033243
0.034451
0.034330
0.034956
0.034437
0.033305
0.034800
0.033837
0.034251
0.042939
0.035651
0.028714
0.031090
0.032491
0.034494
0.035918
0.035024
0.036064
0.034342
0.033575
0.034382
0.042769
0.035366
0.026199
0.035555
0.029360
0.034778
0.034965
0.035117
0.035739
0.034627
0.034082
0.041090
0.035956
0.033702
0.034441
0.020217
0.033815
0.029469
0.032948
0.034204
0.035388
0.034390
0.034927
0.052445
0.035616
0.035454
0.035052
0.036197
0.021462
0.028598
0.026580
0.030565
0.032604
0.034200
0.041612
0.035488
0.035787
0.059403
0.038542
0.035394
0.033801
0.031937
0.032878
0.034241
0.035253
0.035290
0.045130
0.035660
0.034059
0.034269
0.034935
0.034382
0.034249
0.020962
0.033189
0.032661
0.034752
0.041386
0.035469
0.034481
0.036827
0.035046
0.031711
0.034018
0.034025
0.034005
0.020799
0.034046
0.033151
0.033977
0.039066
0.034764
0.034459
0.034271
0.034492
0.034172
0.034877
0.034427
0.034431
0.020526
0.034325
0.040275
0.035073
0.030988
0.029195
0.020899
0.019265
0.022282
0.026702
0.034997
0.036797
0.034597
0.037606
0.023520
0.044593
0.033798
0.034311
0.034301
0.033599
0.032606
0.035002
0.035056
0.035539
0.035346
0.027963
0.031082
0.021920
0.032339
0.032065
0.113572
0.035098
0.034392
0.021530
0.023673
0.025149
0.029024
0.037521
0.035508
0.026048
0.036506
0.028602
0.034715
0.034749
0.034591
0.036007
0.034514
0.034618
0.034534
0.034592
0.035452
0.034320
0.032701
0.035518
0.032067
0.034549
0.034374
0.034802
0.028739
0.034203
0.036184
0.034557
0.034074
0.033467
0.034884
0.024052
0.035334
0.030882
0.034652
0.033963
0.033926
0.034129
0.034440
0.033736
0.034254
0.033420
0.044926
0.035459
0.022892
0.034408
0.026456
0.035312
0.036593
0.035451
0.034804
0.035199
0.034483
0.044108
0.035493
0.033600
0.042208
0.023009
0.033234
0.028187
0.035244
0.033845
0.028472
0.043355
0.036069
0.035381
0.034048
0.034243
0.034968
0.034737
0.022097
0.031452
0.033526
0.034909
0.045347
0.035993
0.034933
0.034202
0.034255
0.034119
0.034845
0.034501
0.034694
0.031649
0.033476
0.028761
0.042312
0.034887
0.034881
0.034706
0.034844
0.034074
0.034589
0.033749
0.034070
0.034055
0.031608
0.035200
0.028605
0.028984
0.027731
0.025407
0.019036
0.020590
0.021377
0.031064
0.036005
0.033441
0.034737
0.034362
0.035415
0.032574
0.029297
0.034701
0.035738
0.034638
0.034351
0.034855
0.033650
0.034119
0.034737
0.034212
0.034261
0.022699
0.035474
0.034657
0.033858
0.034275
0.034951
0.035086
0.034547
0.034111
0.033965
0.034270
0.041624
0.135085
0.032676
0.035735
0.036044
0.034556
0.033898
0.035007
0.033757
0.033508
0.034408
0.042940
0.034467
0.026051
0.029843
0.032942
0.035339
0.035802
0.034645
0.031074
0.034063
0.032753
0.035723
0.038178
0.034171
0.033223
0.027790
0.031168
0.032988
0.032729
0.034089
0.033453
0.033991
0.038585
0.035527
0.034091
0.035509
0.034357
0.032826
0.030768
0.027960
0.033419
0.031987
0.031973
0.041946
0.035158
0.034375
0.033959
0.034926
0.034943
0.034843
0.027622
0.034717
0.030588
0.041695
0.035536
0.034148
0.033820
0.033651
0.034578
0.034145
0.033894
0.034209
0.035062
0.019362
0.034454
0.039115
0.034016
0.035609
0.033374
0.033667
0.033352
0.034362
0.034770
0.033993
0.033366
0.033351
0.020191
0.035105
0.031377
0.032994
0.033527
0.034295
0.033436
0.033083
0.033587
0.033920
0.032928
0.033529
0.034465
0.024154
0.036496
0.031438
0.033865
0.033670
0.024984
0.023616
0.019842
0.021309
0.024027
0.029544
0.033794
0.034001
0.042101
0.023718
0.032666
0.033868
0.034376
0.033719
0.035528
0.036336
0.034804
0.034478
0.033996
0.041434
0.035414
0.035261
0.025351
0.030851
0.032299
0.034316
0.034372
0.034564
0.037561
0.040932
0.035969
0.033957
0.034371
0.033803
0.034654
0.020394
0.030243
0.032879
0.033731
0.033355
0.041667
0.035026
0.032542
0.033711
0.132460
0.034827
0.033582
0.030532
0.032709
0.028569
0.034026
0.033919
0.043433
0.035694
0.034191
0.033939
0.034837
0.036832
0.034280
0.033579
0.021066
0.029830
0.033436
0.043085
0.034059
0.034850
0.034715
0.034848
0.033999
0.036361
0.034184
0.034814
0.034878
0.023087
0.037684
0.030608
0.031906
0.030860
0.028652
0.030391
0.029806
0.030498
0.033801
0.033388
0.033583
0.030536
0.020675
0.035823
0.027843
0.031699
0.035019
0.034822
0.035023
0.035806
0.034123
0.033390
0.033489
0.033194
0.034395
0.034593
0.032620
0.029281
0.035607
0.033742
0.034707
0.035609
0.034477
0.033752
0.034264
0.041559
0.109761
0.020917
0.031737
0.032123
0.035315
0.035058
0.042692
0.034891
0.034649
0.035297
0.035201
0.043028
0.034744
0.034749
0.024176
0.027401
0.034371
0.034175
0.035070
0.023710
0.019436
0.037390
0.035271
0.035088
0.036277
0.034713
0.035498
0.020867
0.029444
0.033138
0.034675
0.042466
0.034706
0.033760
0.034119
0.034511
0.033314
0.034583
0.034217
0.034882
0.022193
0.029001
0.040690
0.035149
0.035834
0.034624
0.034865
0.034536
0.034740
0.028414
0.022725
0.024098
0.028422
0.020742
0.038611
0.028811
0.032389
0.030196
0.033822
0.034869
0.035254
0.035310
0.034037
0.034425
0.034884
0.034803
0.027525
0.035546
0.033071
0.034047
0.033837
0.035072
0.034738
0.034994
0.034630
0.034458
0.034427
0.042993
0.034615
0.021024
0.035877
0.033174
0.035282
0.035153
0.034758
0.034344
0.034319
0.042044
0.036652
0.034193
0.034543
0.034299
0.020315
0.030461
0.030125
0.035035
0.034055
0.034238
0.039255
0.035285
0.034346
0.035306
0.035001
0.034026
0.035508
0.020677
0.030242
0.031888
0.039597
0.035246
0.034536
0.034628
0.034542
0.035748
0.036282
0.031112
0.034258
0.034539
0.020955
0.040644
0.031947
0.034769
0.034998
0.035066
0.035007
0.034360
0.034774
0.034179
0.034826
0.034619
0.033923
0.020725
0.032046
0.034013
0.034285
0.130620
0.035245
0.034665
0.035036
0.034181
0.034395
0.035075
0.034545
0.040752
0.029296
0.034340
0.034494
0.027701
0.022396
0.019980
0.027880
0.028394
0.037698
0.034909
0.034997
0.044600
0.022365
0.028804
0.023925
0.027178
0.033714
0.035656
0.035415
0.035413
0.035347
0.044730
0.034707
0.035029
0.035304
0.022147
0.030133
0.029118
0.035403
0.034811
0.035540
0.045532
0.035690
0.036266
0.035712
0.035274
0.034917
0.034874
0.021977
0.031682
0.035423
0.035435
0.043203
0.035489
0.036217
0.034527
0.034310
0.035692
0.034752
0.034594
0.034099
0.020289
0.035289
0.030241
0.034043
0.034930
0.035571
0.035070
0.034815
0.034035
0.089839
0.033995
0.034955
0.022956
0.043012
0.033504
0.034343
0.034480
0.035204
0.034824
0.033854
0.034066
0.031898
0.033667
0.034872
0.037476
0.028100
0.035595
0.037156
0.035740
0.034498
0.030223
0.032723
0.034307
0.034740
0.034953
0.034675
0.042586
0.034068
0.030085
0.034095
0.030320
0.035452
0.034763
0.034348
0.034389
0.034715
0.036557
0.035827
0.033473
0.030996
0.036648
0.022065
0.035022
0.033001
0.034362
0.034100
0.034929
0.040933
0.035572
0.035867
0.034481
0.036032
0.034477
0.034728
0.019796
0.030925
0.031018
0.041232
0.035406
0.034591
0.036072
0.034317
0.034032
0.034113
0.034938
0.038922
0.034758
0.019856
0.038373
0.032137
0.034120
0.034463
0.027759
0.022438
0.020634
0.025526
0.031953
0.033938
0.034844
0.034649
0.034149
0.030151
0.032601
0.036686
0.035416
0.035197
0.035339
0.034127
0.034379
0.033631
0.035100
0.033444
0.035807
0.029939
0.035530
0.031073
0.032670
0.034126
0.034932
0.034083
0.033841
0.030833
0.028475
0.039716
0.035207
0.035045
0.022277
0.036920
0.029616
0.034105
0.035949
0.034865
0.034609
0.042588
0.038724
0.033961
0.034928
0.034600
0.034557
0.019740
0.028838
0.031597
0.033213
0.032799
0.041488
0.033632
0.033702
0.033884
0.034482
0.033202
0.034573
0.033655
0.021121
0.031640
0.037849
0.034413
0.034875
0.034203
0.034334
0.036624
0.034867
0.034395
0.035910
0.034521
0.034779
0.022521
0.037953
0.030667
0.034780
0.033880
0.034500
0.033959
0.034459
0.034732
0.034272
0.034294
0.033759
0.033713
0.021659
0.035772
0.037426
0.035736
0.035032
0.034789
0.536623
0.036531
0.032187
0.032297
0.034368
0.034947
0.033873
0.035796
0.029809
0.033790
0.033162
0.034962
0.034322
0.033232
0.028492
0.030948
0.034207
0.034263
0.035401
0.034958
0.034484
0.033531
0.033823
0.033977
0.034650
0.034641
0.034164
0.028986
0.031556
0.034201
0.035099
0.034250
0.024560
0.018240
0.017662
0.032806
0.034924
0.043022
0.035612
0.036130
0.025585
0.034669
0.028578
0.030999
0.029942
0.032097
0.031316
0.037332
0.034558
0.035157
0.038920
0.035713
0.034895
0.029874
0.036226
0.029043
0.028074
0.028270
0.042351
0.035092
0.036252
0.035205
0.035254
0.034565
0.035704
0.021239
0.023022
0.026166
0.040532
0.034036
0.035211
0.035025
0.036175
0.034585
0.035567
0.035045
0.035514
0.034790
0.035066
0.028917
0.044627
0.029821
0.035048
0.036095
0.035477
0.035816
0.035381
0.035297
0.033986
0.036583
0.035238
0.034911
0.020496
0.035595
0.031292
0.035070
0.034049
0.033784
0.034348
0.034187
0.034811
0.033854
0.033863
0.045233
0.155267
0.034500
0.033742
0.035244
0.034526
0.034344
0.034746
0.034122
0.033973
0.043407
0.034325
0.033484
0.023455
0.034881
0.030908
0.034183
0.033833
0.033695
0.034433
0.043281
0.035786
0.035458
0.034177
0.034438
0.034230
0.020317
0.034526
0.031728
0.041386
0.033304
0.033273
0.034375
0.035699
0.031714
0.033612
0.042169
0.035120
0.034359
0.021347
0.031953
0.029419
0.034629
0.034485
0.034522
0.034367
0.034827
0.034338
0.039337
0.034309
0.034574
0.038711
0.020847
0.033013
0.039577
0.036758
0.037113
0.026653
0.020010
0.019102
0.024782
0.025632
0.028127
0.027389
0.033843
0.031253
0.031133
0.033616
0.034880
0.035633
0.036893
0.035897
0.034419
0.034890
0.044374
0.035508
0.034861
0.035292
0.024937
0.035261
0.033958
0.035179
0.035154
0.034762
0.044114
0.034855
0.034931
0.035205
0.035148
0.034610
0.035079
0.021401
0.032191
0.032746
0.043373
0.034841
0.034238
0.036993
0.034810
0.034545
0.034653
0.034223
0.034520
0.034415
0.022954
0.039843
0.036295
0.036732
0.035482
0.035099
0.034285
0.034239
0.035288
0.034551
0.034552
0.034679
0.035069
0.023926
0.030949
0.035134
0.035932
0.035124
0.035778
0.035503
0.036014
0.034857
0.034799
0.036129
0.034930
0.042297
0.036108
0.033079
0.035266
0.034879
0.034656
0.036873
0.035701
0.034765
0.143063
0.035416
0.035648
0.031550
0.027814
0.034471
0.034480
0.034371
0.033952
0.034523
0.050901
0.035276
0.034075
0.034726
0.034245
0.033095
0.032995
0.032940
0.035251
0.034761
0.035435
0.034282
0.035342
0.034684
0.035940
0.034429
0.036008
0.034923
0.021529
0.034812
0.034526
0.035585
0.034951
0.033709
0.034964
0.034223
0.034970
0.033945
0.034556
0.034282
0.033853
0.031247
0.041059
0.031575
0.035725
0.034592
0.026222
0.025082
0.020808
0.021131
0.032047
0.035468
0.036168
0.035998
0.035695
0.034919
0.029856
0.034503
0.035716
0.035168
0.034870
0.035331
0.034726
0.034556
0.042624
0.034993
0.034639
0.030417
0.032555
0.025683
0.026643
0.034031
0.034172
0.034914
0.034297
0.042594
0.035278
0.035076
0.035289
0.029319
0.029664
0.028269
0.030697
0.029484
0.026093
0.041718
0.034550
0.037668
0.033902
0.034349
0.035090
0.034301
0.034228
0.034797
0.029203
0.031634
0.035772
0.034135
0.035308
0.034114
0.035142
0.034766
0.035239
0.033447
0.034844
0.034750
0.029015
0.035918
0.028705
0.033140
0.034378
0.031208
0.040922
0.035287
0.034411
0.034518
0.034769
0.033708
0.033755
0.032178
0.040297
0.032117
0.035238
0.034475
0.034159
0.035458
0.033591
0.035175
0.034803
0.034846
0.043013
0.036380
0.032476
0.034638
0.033310
0.033241
0.034184
0.034445
0.035225
0.033742
0.043137
0.034534
0.034605
0.034056
0.034132
0.029852
0.032139
0.032841
0.035186
0.034778
0.040169
0.038119
0.034060
0.034370
0.033503
0.033991
0.034953
0.034220
0.023824
0.034905
0.035070
0.034415
0.035070
0.034131
0.034487
0.034654
0.034374
0.034576
0.034025
0.035261
0.034664
0.030937
0.039755
0.032469
0.035497
0.034297
0.024753
0.023894
0.020162
0.027492
0.034373
0.034764
0.033932
0.035767
0.043021
0.029112
0.032975
0.024740
0.029729
0.034537
0.034247
0.034908
0.034870
0.034283
0.043783
0.035474
0.034509
0.035641
0.021281
0.029391
0.029267
0.034371
0.035467
0.035692
0.043231
0.035861
0.034942
0.034992
0.034357
0.034063
0.037434
0.020853
0.025364
0.023951
0.022927
0.038668
0.028899
0.030226
0.032835
0.034638
0.033498
0.034904
0.034287
0.034066
0.027635
0.034752
0.032757
0.033527
0.036554
0.034531
0.034925
0.034068
0.034204
0.033980
0.033674
0.034206
0.034443
0.028596
0.038499
0.026224
0.030081
0.033586
0.035428
0.034643
0.033826
0.034205
0.032315
0.035977
0.034603
0.043767
0.026955
0.035266
0.034513
0.034171
0.041678
0.035871
0.035506
0.034617
0.034350
0.043252
0.034710
0.034821
0.035384
0.020296
0.031537
0.033439
0.034560
0.033965
0.036729
0.035923
0.035409
0.034859
0.033794
0.035658
0.036284
0.034282
0.020141
0.031032
0.031792
0.044641
0.036839
0.034198
0.035099
0.035141
0.034145
0.034145
0.034207
0.033616
0.034034
0.022281
0.033661
0.031740
0.033819
0.034232
0.034820
0.035364
0.035208
0.033806
0.034802
0.034615
0.034614
0.033984
0.021046
0.032729
0.031540
0.035125
0.034128
0.028273
0.021809
0.023150
0.032609
0.036618
0.033735
0.042999
0.034841
0.025728
0.036229
0.031565
0.035256
0.035134
0.034066
0.035143
0.043027
0.035866
0.035022
0.035180
0.034465
0.034066
0.021092
0.034569
0.030929
0.035290
0.043965
0.035273
0.034498
0.034441
0.034056
0.034927
0.033496
0.033086
0.034580
0.019319
0.032140
0.032125
0.034946
0.035420
0.033868
0.035817
0.036841
0.034445
0.034367
0.036721
0.034364
0.035418
0.020062
0.031983
0.034736
0.034968
0.034721
0.035028
0.035576
0.034766
0.034521
0.035011
0.033933
0.036037
0.035795
0.021673
0.035306
0.032996
0.034735
0.034192
0.034720
0.033674
0.034539
0.036614
0.035541
0.044247
0.034890
0.035918
0.021057
0.036024
0.033371
0.034139
0.034787
0.034016
0.034490
0.034965
0.034954
0.038637
0.036008
0.035292
0.035050
0.030307
0.036652
0.032757
0.029841
0.042770
0.036768
0.035476
0.034318
0.035786
0.034098
0.034840
0.034243
0.035685
0.023257
0.037586
0.032610
0.035586
0.037765
0.033862
0.036377
0.034997
0.033241
0.035262
0.034667
0.035248
0.034612
0.019369
0.034085
0.031322
0.035001
0.034974
0.034712
0.034887
0.033594
0.034410
0.036107
0.034503
0.034670
0.041771
0.021044
0.035336
0.032688
0.035234
0.033447
0.027262
0.023337
0.023413
0.025964
0.038069
0.036088
0.035447
0.035812
0.032804
0.032095
0.031090
0.034849
0.035079
0.033942
0.043961
0.035722
0.034201
0.033981
0.033853
0.033490
0.034521
0.027271
0.035955
0.031889
0.034866
0.043705
0.035044
0.033721
0.034544
0.033855
0.034247
0.035139
0.035451
0.033905
0.023475
0.036682
0.031443
0.030566
0.035083
0.034707
0.034290
0.034006
0.034727
0.033862
0.034510
0.033394
0.034058
0.024229
0.036720
0.032800
0.034066
0.034634
0.035127
0.034276
0.033272
0.034248
0.033801
0.031321
0.043891
0.034881
0.027190
0.036153
0.030605
0.030988
0.035300
0.034422
0.036149
0.034938
0.042249
0.036130
0.034979
0.034841
0.034641
0.025294
0.034751
0.025723
0.034778
0.034535
0.044353
0.035399
0.035085
0.034311
0.035272
0.034681
0.034586
0.034254
0.022225
0.035265
0.035956
0.035712
0.035911
0.035268
0.037146
0.035433
0.034900
0.036043
0.037617
0.034978
0.036220
0.025391
0.029839
0.030418
0.035062
0.041275
0.035159
0.035679
0.034661
0.034603
0.034802
0.035627
0.034667
0.035362
0.020063
0.032879
0.032867
0.035584
0.036265
0.035407
0.034969
0.034060
0.034559
0.037600
0.034317
0.042140
0.035261
0.023995
0.031691
0.032420
0.030954
0.034082
0.026959
0.023918
0.021978
0.034473
0.034834
0.034800
0.031488
0.031268
0.030697
0.030094
0.031335
0.029233
0.036139
0.036011
0.035217
0.031226
0.033479
0.034259
0.034356
0.035347
0.036719
0.035977
0.033543
0.032504
0.033628
0.034810
0.034544
0.035282
0.035236
0.035173
0.040003
0.035666
0.036046
0.034295
0.026819
0.042027
0.029504
0.034188
0.026623
0.019551
0.022311
0.034591
0.034867
0.038730
0.034425
0.035082
0.043943
0.038255
0.028995
0.029117
0.035870
0.035216
0.035148
0.042159
0.036266
0.035641
0.042946
0.035354
0.031038
0.031800
0.023015
0.035147
0.030872
0.029075
0.031549
0.030878
0.033751
0.035668
0.033869
0.034326
0.033775
0.035107
0.034159
0.035149
0.031619
0.029113
0.035258
0.049329
0.035916
0.034681
0.034111
0.033844
0.034575
0.034806
0.033083
0.038797
0.024590
0.039809
0.028827
0.035278
0.035053
0.034954
0.035290
0.035357
0.035369
0.035004
0.036227
0.034937
0.034997
0.020675
0.031779
0.033109
0.033634
0.035432
0.035245
0.034680
0.033609
0.034194
0.038846
0.035608
0.034546
0.043215
0.020569
0.031220
0.034354
0.035076
0.035224
0.034251
0.032993
0.034670
0.042011
0.034876
0.035564
0.035816
0.033895
0.020972
0.032859
0.030244
0.036068
0.033612
0.027187
0.049354
0.023630
0.021106
0.029351
0.034801
0.035472
0.035133
0.031026
0.032929
0.028779
0.034292
0.035508
0.037901
0.034580
0.034405
0.035945
0.036784
0.035569
0.035332
0.034089
0.027099
0.043677
0.028362
0.028142
0.029862
0.034748
0.035447
0.035642
0.036069
0.036756
0.035323
0.035320
0.034467
0.033978
0.035601
0.030721
0.035036
0.035165
0.034812
0.035231
0.034182
0.035354
0.035025
0.041459
0.036491
0.034418
0.025653
0.031318
0.029203
0.029242
0.034371
0.033724
0.033758
0.042172
0.035657
0.035417
0.035948
0.043136
0.035948
0.021357
0.032628
0.032823
0.035212
0.043534
0.035821
0.034586
0.035304
0.036042
0.034794
0.035215
0.036805
0.035064
0.019847
0.031083
0.029926
0.026633
0.025957
0.028986
0.027882
0.028412
0.030276
0.030993
0.034619
0.034419
0.034742
0.033266
0.041092
0.028409
0.034959
0.035923
0.035075
0.034872
0.034468
0.036672
0.035497
0.034904
0.042266
0.035801
0.021143
0.034339
0.026113
0.025248
0.029321
0.036637
0.033848
0.032377
0.038910
0.036656
0.035151
0.034537
0.034872
0.027100
0.039588
0.028535
0.034791
0.035751
0.043495
0.035789
0.035004
0.035765
0.035300
0.034888
0.035450
0.034669
0.019701
0.042392
0.032395
0.035047
0.035486
0.021589
0.020493
0.019507
0.023860
0.024520
0.026173
0.026918
0.035113
0.035409
0.023738
0.036503
0.025987
0.035347
0.034860
0.035394
0.036264
0.035460
0.034517
0.035770
0.034562
0.042915
0.034829
0.019796
0.032033
0.029444
0.035334
0.035550
0.034454
0.036442
0.043800
0.035406
0.035045
0.034652
0.034606
0.035025
0.021008
0.030645
0.032337
0.042277
0.036769
0.036179
0.035941
0.036544
0.035506
0.035112
0.035244
0.035527
0.033955
0.021206
0.033102
0.032735
0.035561
0.036455
0.035419
0.034127
0.034772
0.034717
0.034802
0.035262
0.037142
0.036176
0.027787
0.026850
0.025421
0.032056
0.030150
0.030721
0.030910
0.028151
0.035746
0.036287
0.034355
0.042451
0.035424
0.022776
0.034618
0.030743
0.035021
0.139389
0.035099
0.035255
0.034817
0.035293
0.039131
0.034858
0.025938
0.035098
0.032389
0.031938
0.034268
0.034026
0.043419
0.037221
0.033683
0.034407
0.033654
0.034177
0.032495
0.020222
0.034173
0.029071
0.038202
0.031763
0.031423
0.033606
0.034234
0.033817
0.035034
0.035404
0.034780
0.034334
0.027967
0.035000
0.032832
0.035003
0.033155
0.034514
0.034163
0.034074
0.035063
0.035768
0.034171
0.034456
0.034582
0.038275
0.030335
0.028912
0.031972
0.034871
0.028609
0.024526
0.018704
0.018124
0.022370
0.026813
0.034523
0.034362
0.035207
0.034927
0.029790
0.031816
0.032216
0.034327
0.031482
0.035040
0.078715
0.033969
0.038141
0.035630
0.035545
0.032857
0.021544
0.038397
0.030106
0.037246
0.035885
0.037588
0.034640
0.033973
0.035197
0.034464
0.034362
0.034583
0.034578
0.021775
0.031493
0.031995
0.033340
0.034001
0.034116
0.019778
0.023613
0.026022
0.024038
0.027736
0.035669
0.044203
0.032114
0.034745
0.032072
0.034410
0.035097
0.037231
0.039039
0.042209
0.036075
0.034106
0.034338
0.035990
0.035019
0.024151
0.033342
0.030543
0.034934
0.042618
0.035938
0.035617
0.034148
0.034311
0.034279
0.037528
0.035774
0.034478
0.021201
0.036634
0.027746
0.034017
0.035066
0.035138
0.035073
0.035733
0.036570
0.035205
0.034958
0.034951
0.036768
0.022454
0.030640
0.031115
0.033322
0.035945
0.034417
0.034481
0.032955
0.034912
0.034309
0.034195
0.034863
0.043554
0.028240
0.031097
0.028056
0.034585
0.034131
0.035222
0.034372
0.030482
0.035653
0.035617
0.034634
0.034695
0.034594
0.030429
0.034586
0.033496
0.035088
0.034675
0.042539
0.035495
0.034447
0.034570
0.034388
0.035539
0.035324
0.027229
0.032253
0.026810
0.042923
0.035364
0.032709
0.020799
0.024338
0.035600
0.034621
0.034487
0.033997
0.034542
0.030242
0.042779
0.028124
0.024610
0.034517
0.033849
0.034958
0.034342
0.034561
0.034360
0.034685
0.035488
0.035815
0.027213
0.032337
0.030509
0.038793
0.037097
0.034254
0.034544
0.034777
0.034782
0.034771
0.035983
0.034729
0.034586
0.025166
0.030061
0.029585
0.034165
0.034744
0.034293
0.034390
0.043589
0.034963
0.034691
0.034849
0.036236
0.035157
0.023196
0.031725
0.026218
0.042430
0.037006
0.035522
0.035068
0.035117
0.035464
0.034771
0.036338
0.034427
0.034555
0.023294
0.035598
0.033855
0.034595
0.033925
0.034591
0.034238
0.035051
0.035006
0.034416
0.034615
0.034431
0.034779
0.023155
0.030619
0.030036
0.034783
0.035283
0.033026
0.034645
0.034766
0.033966
0.034820
0.034360
0.034241
0.043410
0.020173
0.034240
0.026762
0.036682
0.048356
0.033343
0.032317
0.033931
0.041578
0.034753
0.034617
0.034648
0.036095
0.022367
0.028435
0.030371
0.033424
0.041421
0.034165
0.034794
0.034871
0.034267
0.033930
0.033102
0.034422
0.034523
0.020649
0.043439
0.029332
0.029617
0.031186
0.034253
0.034566
0.036083
0.033846
0.036401
0.033713
0.034674
0.037381
0.020950
0.032864
0.026987
0.032125
0.034075
0.024060
0.021977
0.021687
0.021263
0.029496
0.034971
0.033713
0.035003
0.034540
0.026441
0.028239
0.030746
0.033300
0.033809
0.033346
0.033290
0.033202
0.043355
0.034378
0.033958
0.032346
0.033394
0.026704
0.026697
0.022928
0.028776
0.034056
0.041588
0.035233
0.033748
0.034099
0.099326
0.034971
0.118267
0.030943
0.033576
0.034704
0.034734
0.034542
0.035390
0.034919
0.034676
0.034062
0.034218
0.034227
0.030894
0.032626
0.028060
0.033654
0.026796
0.034502
0.034333
0.034114
0.034934
0.034179
0.036306
0.034370
0.034379
0.029361
0.036024
0.029933
0.033844
0.033823
0.034072
0.033613
0.033703
0.034369
0.033893
0.033164
0.042348
0.033878
0.027951
0.033938
0.027711
0.032584
0.033973
0.033285
0.034896
0.035489
0.035118
0.033643
0.035000
0.033888
0.034728
0.030937
0.032549
0.025228
0.032308
0.042708
0.034696
0.033870
0.034788
0.034900
0.034234
0.037924
0.104460
0.023397
0.034875
0.038387
0.029780
0.032559
0.034037
0.033945
0.034516
0.034516
0.038930
0.034443
0.033658
0.033790
0.023367
0.033793
0.029138
0.032578
0.034013
0.034151
0.034210
0.033842
0.034599
0.034930
0.035658
0.034677
0.034437
0.028795
0.031282
0.024059
0.036673
0.033949
0.025882
0.019428
0.018478
0.022865
0.034948
0.042739
0.034645
0.034246
0.034657
0.023122
0.033135
0.030519
0.033321
0.031662
0.043416
0.035873
0.034550
0.034172
0.032502
0.032984
0.033881
0.033078
0.029282
0.034623
0.036559
0.032367
0.033693
0.033677
0.033966
0.033796
0.034198
0.034246
0.033940
0.034571
0.026729
0.042241
0.032227
0.031026
0.027529
0.029094
0.030143
0.029426
0.031566
0.025928
0.023281
0.023286
0.028559
0.024698
0.032630
0.028443
0.031127
0.034077
0.034310
0.034501
0.034828
0.033855
0.035978
0.042635
0.035194
0.034302
0.034806
0.022412
0.031681
0.025154
0.033616
0.033317
0.033103
0.047014
0.035064
0.034879
0.034432
0.033941
0.033916
0.034546
0.023098
0.029238
0.035097
0.027866
0.033700
0.033603
0.033261
0.033247
0.034591
0.033951
0.034539
0.033860
0.034227
0.021637
0.035870
0.032849
0.034205
0.033622
0.033603
0.033688
0.035651
0.034633
0.034875
0.033743
0.034135
0.041642
0.022236
0.030789
0.027729
0.032416
0.034072
0.033515
0.033395
0.033866
0.031889
0.035177
0.034378
0.033767
0.033542
0.031764
0.033947
0.026847
0.034906
0.034288
0.034572
0.036251
0.037746
0.034029
0.035793
0.034700
0.034654
0.033807
0.029711
0.035901
0.029510
0.038019
0.035399
0.023194
0.027769
0.020288
0.025099
0.025548
0.028183
0.035668
0.035766
0.033605
0.021895
0.032780
0.033124
0.033239
0.034105
0.033831
0.035054
0.033794
0.034387
0.035036
0.033842
0.034687
0.033996
0.030081
0.030882
0.029725
0.029512
0.031402
0.033464
0.034151
0.033640
0.033698
0.033323
0.034303
0.033363
0.034089
0.022319
0.034722
0.036543
0.034139
0.033916
0.032872
0.042558
0.034279
0.033664
0.135095
0.034106
0.031912
0.021929
0.030994
0.025851
0.036422
0.043707
0.035393
0.033898
0.040104
0.034853
0.034404
0.034339
0.034238
0.034416
0.024524
0.027120
0.025344
0.034534
0.035417
0.034518
0.034418
0.034267
0.033527
0.033751
0.034836
0.033956
0.035027
0.022516
0.035297
0.025380
0.035207
0.033876
0.032796
0.031641
0.034402
0.034421
0.033850
0.033493
0.035640
0.042331
0.028963
0.035005
0.032014
0.034026
0.033384
0.033698
0.034546
0.029557
0.023501
0.026776
0.028487
0.031139
0.031618
0.033648
0.022172
0.030322
0.031086
0.033432
0.043868
0.035654
0.034366
0.031538
0.034810
0.034264
0.033646
0.033651
0.033665
0.024328
0.036078
0.033520
0.033973
0.033457
0.035140
0.033731
0.033907
0.033658
0.033296
0.033900
0.034522
0.033693
0.022880
0.030904
0.028636
0.034978
0.034784
0.021529
0.020447
0.020312
0.027291
0.033970
0.033291
0.045282
0.035437
0.032710
0.032940
0.030206
0.034618
0.035370
0.034138
0.034149
0.042942
0.034206
0.034934
0.033893
0.034835
0.033850
0.029364
0.033748
0.027958
0.037808
0.031112
0.034201
0.034865
0.034334
0.034125
0.035123
0.033416
0.034072
0.033661
0.026629
0.039714
0.032770
0.032465
0.033839
0.033470
0.034384
0.034256
0.033855
0.033800
0.034438
0.033049
0.032947
0.022787
0.033715
0.029119
0.029746
0.030107
0.029037
0.136525
0.033241
0.033249
0.034027
0.033584
0.043342
0.022547
0.034620
0.033400
0.033977
0.034650
0.033690
0.033100
0.033895
0.034359
0.042517
0.034642
0.033936
0.036010
0.021073
0.035157
0.029061
0.034235
0.034678
0.034578
0.042661
0.036829
0.034431
0.033902
0.033693
0.035988
0.033293
0.028912
0.032920
0.031456
0.041511
0.034977
0.034592
0.033759
0.033695
0.033957
0.034479
0.034123
0.033865
0.034282
0.032227
0.037688
0.031949
0.034049
0.033578
0.034556
0.034209
0.034189
0.036092
0.033445
0.033327
0.034355
0.033337
0.039390
0.033134
0.031238
0.028390
0.034833
0.032929
0.034405
0.033386
0.034003
0.041291
0.035396
0.127748
0.021887
0.033731
0.029774
0.032798
0.032279
0.024347
0.021289
0.026700
0.035105
0.034784
0.033742
0.033734
0.033775
0.034830
0.025063
0.029861
0.033023
0.043209
0.034669
0.034781
0.033229
0.034190
0.034002
0.035077
0.036405
0.034179
0.032788
0.028048
0.031106
0.029866
0.033440
0.033678
0.033834
0.034766
0.034297
0.034640
0.033912
0.034130
0.034028
0.033158
0.030276
0.028719
0.027241
0.027354
0.027290
0.031818
0.031916
0.034522
0.033594
0.034330
0.042699
0.023059
0.020956
0.019209
0.023679
0.025236
0.027301
0.025950
0.025687
0.024214
0.030774
0.033864
0.032989
0.033265
0.033039
0.033459
0.033710
0.021923
0.031021
0.037326
0.117353
0.033282
0.035163
0.033742
0.034108
0.033375
0.034826
0.033752
0.034364
0.022034
0.036777
0.027226
0.033550
0.036339
0.034355
0.032997
0.033925
0.034396
0.035566
0.035265
0.033528
0.034745
0.022088
0.029641
0.030947
0.034709
0.034473
0.033419
0.034656
0.039650
0.033602
0.033215
0.034879
0.035029
0.033473
0.028419
0.029775
0.034247
0.033792
0.033638
0.033337
0.033157
0.038404
0.033828
0.033048
0.033691
0.033855
0.033211
0.032919
0.028797
0.034287
0.033786
0.040954
0.035080
0.034528
0.035153
0.034536
0.033209
0.034914
0.033371
0.027551
0.033798
0.031055
0.033476
0.034020
0.025752
0.022132
0.019980
0.023753
0.027319
0.026534
0.027169
0.028189
0.031128
0.025308
0.035049
0.027617
0.031638
0.033672
0.033974
0.033026
0.034100
0.035171
0.034614
0.033634
0.042119
0.035685
0.020796
0.039893
0.027676
0.024355
0.026463
0.027913
0.026424
0.027796
0.033295
0.026424
0.023911
0.023995
0.024416
0.027964
0.026702
0.033754
0.028866
0.033430
0.042549
0.035594
0.034041
0.032647
0.034394
0.033331
0.034117
0.033743
0.037206
0.029280
0.033779
0.030541
0.032949
0.033575
0.034334
0.035048
0.034093
0.033257
0.033504
0.032660
0.034278
0.032996
0.034144
0.031592
0.028764
0.031377
0.034868
0.033795
0.034230
0.032441
0.033477
0.033515
0.034342
0.042791
0.034812
0.033684
0.055676
0.031547
0.034567
0.034771
0.034439
0.034828
0.042743
0.035241
0.034693
0.033711
0.033724
0.034241
0.022249
0.033946
0.027626
0.042816
0.034935
0.041197
0.033639
0.034120
0.034141
0.034253
0.034624
0.034448
0.033383
0.027171
0.041925
0.030771
0.034207
0.034130
0.034023
0.033998
0.034174
0.032236
0.034101
0.034069
0.034533
0.035157
0.035471
0.032459
0.031581
0.033509
0.033771
0.033802
0.033731
0.033686
0.034264
0.032978
0.041161
0.034569
0.033862
0.024278
0.033732
0.031505
0.029253
0.032638
0.022143
0.023098
0.025349
0.020890
0.028211
0.033807
0.033962
0.033916
0.034417
0.022161
0.030910
0.034976
0.033744
0.035371
0.104883
0.034007
0.044293
0.033832
0.064146
0.035374
0.059331
0.042156
0.030599
0.034914
0.038050
0.035140
0.037506
0.031738
0.037178
0.035044
0.037895
0.034897
0.037054
0.031322
0.036251
0.031274
0.037162
0.035174
0.038564
0.037466
0.036511
0.036029
0.037133
0.035535
0.037860
0.034127
0.035421
0.032558
0.036781
0.035575
0.036275
0.034610
0.035036
0.035023
0.036339
0.036758
0.035994
0.034938
0.025350
0.032375
0.033627
0.028675
0.033193
0.030685
0.035601
0.043072
0.036893
0.036101
0.036406
0.035024
0.036124
0.024671
0.035559
0.029679
0.032948
0.042176
0.036278
0.036257
0.036264
0.035757
0.035179
0.034561
0.035114
0.035738
0.029705
0.029902
0.034035
0.035394
0.035632
0.035736
0.036504
0.035369
0.035150
0.034669
0.035194
0.033902
0.028005
0.023623
0.029131
0.025660
0.029859
0.020781
0.019024
0.030553
0.033496
0.028587
0.023524
0.036839
0.024905
0.031433
0.026592
0.028184
0.030129
0.036785
0.031922
0.031683
0.036388
0.032926
0.031703
0.028835
0.033088
0.034177
0.035641
0.035774
0.034325
0.034035
0.037335
0.037301
0.029170
0.022706
0.021126
0.023414
0.023602
0.117757
0.035335
0.192619
0.024341
0.029049
0.035008
0.035181
0.035653
0.023332
0.028398
0.034049
0.035728
0.035445
0.035023
0.021043
0.034320
0.030158
0.034495
0.034828
0.035187
0.034589
0.035033
0.034990
0.035281
0.034108
0.045633
0.034927
0.023593
0.028128
0.028050
0.032678
0.036009
0.035430
0.035797
0.050768
0.036638
0.034731
0.034661
0.035223
0.034495
0.021595
0.023973
0.024092
0.039734
0.035201
0.034976
0.034373
0.035322
0.034690
0.035288
0.033716
0.035201
0.033937
0.034933
0.029941
0.033577
0.034265
0.034959
0.033606
0.033484
0.034254
0.035009
0.034480
0.034326
0.034072
0.040024
0.028449
0.033425
0.032480
0.033769
0.035845
0.035533
0.034769
0.036639
0.033990
0.043373
0.033946
0.035173
0.026663
0.035056
0.031827
0.035910
0.034682
0.042505
0.038282
0.034452
0.033900
0.035254
0.033477
0.035497
0.034647
0.021265
0.038779
0.029451
0.034039
0.034770
0.034256
0.034441
0.031744
0.035440
0.035640
0.035785
0.035956
0.035191
0.022237
0.034825
0.030677
0.037220
0.034968
0.035645
0.034752
0.035007
0.034553
0.036293
0.034392
0.043158
0.034888
0.026531
0.031292
0.033690
0.034563
0.034336
0.022185
0.018685
0.018545
0.029419
0.034710
0.035690
0.034636
0.035178
0.030575
0.092322
0.033018
0.044685
0.036023
0.035948
0.035214
0.035405
0.035728
0.035433
0.034421
0.035384
0.025533
0.036934
0.032295
0.036764
0.034404
0.035865
0.033422
0.035118
0.034279
0.035502
0.034435
0.035696
0.032958
0.023587
0.036870
0.032185
0.034637
0.035104
0.033977
0.035626
0.033623
0.034567
0.033444
0.042266
0.036465
0.035588
0.021619
0.035892
0.033150
0.035558
0.033530
0.036158
0.035304
0.044795
0.035309
0.035442
0.033284
0.035493
0.034771
0.022986
0.030480
0.033236
0.040819
0.039731
0.038742
0.036102
0.034053
0.034966
0.034448
0.036101
0.033634
0.035892
0.021609
0.041108
0.026347
0.028191
0.030287
0.034504
0.035241
0.034720
0.037136
0.034378
0.034796
0.033995
0.035854
0.020817
0.033409
0.029381
0.030137
0.029416
0.034489
0.034462
0.035777
0.033741
0.042644
0.035126
0.034768
0.034202
0.025952
0.036102
0.028988
0.034227
0.034845
0.035237
0.036489
0.035784
0.036787
0.034349
0.035581
0.034934
0.034365
0.021156
0.036989
0.037358
0.036825
0.035633
0.035218
0.033709
0.035639
0.034133
0.034797
0.034656
0.043516
0.035811
0.023496
0.037022
0.031785
0.034695
0.034834
0.022614
0.021089
0.019620
0.021610
0.027074
0.028019
0.028693
0.047795
0.035210
0.026980
0.032033
0.031147
0.030640
