0, 47882
1, 48089
2, 47929
3, 48042
4, 63998
5, 47975
6, 47936
7, 48048
8, 47983
9, 47987
10, 48012
11, 47978
12, 48001
13, 47984
14, 48001
15, 59983
16, 47969
17, 51991
18, 55991
19, 56011
20, 47937
21, 48002
22, 47960
23, 52020
24, 56008
25, 52000
26, 47989
27, 59974
28, 48007
29, 51926
30, 56041
31, 47987
32, 48000
33, 47969
34, 44011
35, 43967
36, 48026
37, 60002
38, 51951
39, 56016
40, 43984
41, 47995
42, 47996
43, 55981
44, 43974
45, 43995
46, 52001
47, 43966
48, 43863
49, 48147
50, 47984
51, 43977
52, 44015
53, 43983
54, 43992
55, 43975
56, 43990
57, 43989
58, 48016
59, 47903
60, 44046
61, 43992
62, 44027
63, 47847
64, 48102
65, 43965
66, 47997
67, 43994
68, 47958
69, 43993
70, 48018
71, 71957
72, 52002
73, 44012
74, 47994
75, 43982
76, 43975
77, 55905
78, 52073
79, 44009
80, 43968
81, 47993
82, 43974
83, 47962
84, 52057
85, 43975
86, 43983
87, 47986
88, 44012
89, 47918
90, 44060
91, 47971
92, 48017
93, 44001
94, 43970
95, 51945
96, 44044
97, 55970
98, 44023
99, 43916
100, 48044
101, 47980
102, 43957
103, 44009
104, 43946
105, 44029
106, 47931
107, 44054
108, 43951
109, 44024
110, 44017
111, 67954
112, 43996
113, 43998
114, 43974
115, 43994
116, 43979
117, 55982
118, 44009
119, 43988
120, 44332
121, 43623
122, 44033
123, 43952
124, 43954
125, 43959
126, 48017
127, 43999
128, 43934
129, 43956
130, 44009
131, 44037
132, 43968
133, 47999
134, 44006
135, 43896
136, 44063
137, 44003
138, 43959
139, 43993
140, 44018
141, 43980
142, 43939
143, 47962
144, 44035
145, 43997
146, 43996
147, 43991
148, 43996
149, 43991
150, 43986
151, 55984
152, 47973
153, 44016
154, 43988
155, 43994
156, 43991
157, 43954
158, 59957
159, 44057
160, 43991
161, 43973
162, 56006
163, 43979
164, 43969
165, 43927
166, 48081
167, 43980
168, 43978
169, 48011
170, 47964
171, 47926
172, 44045
173, 44016
174, 43912
175, 44065
176, 43987
177, 47955
178, 48037
179, 51983
180, 47987
181, 43937
182, 44011
183, 43992
184, 47993
185, 43975
186, 44012
187, 43982
188, 43981
189, 43992
190, 52004
191, 43977
192, 43907
193, 56085
194, 43979
195, 43993
196, 43987
197, 44006
198, 43926
199, 60055
200, 43981
201, 43943
202, 44053
203, 43987
204, 43991
205, 43975
206, 43927
207, 56068
208, 43986
209, 43983
210, 44001
211, 44000
212, 43978
213, 44000
214, 43995
215, 43966
216, 44007
217, 43938
218, 44039
219, 43979
220, 44019
221, 43993
222, 43966
223, 44002
224, 43981
225, 63894
226, 44074
227, 43977
228, 44017
229, 44022
230, 43962
231, 47981
232, 43998
233, 47983
234, 44009
235, 51983
236, 43987
237, 43989
238, 43992
239, 43921
240, 48043
241, 43985
242, 43995
243, 43994
244, 44011
245, 43974
246, 43981
247, 44000
248, 43997
249, 43979
250, 43990
251, 43991
252, 59981
253, 44001
254, 43990
255, 44002
256, 43976
257, 47955
258, 55993
259, 47946
260, 44032
261, 43979
262, 44008
263, 51935
264, 44008
265, 44013
266, 43999
267, 43880
268, 44124
269, 43956
270, 51984
271, 47984
272, 44009
273, 43966
274, 47999
275, 44002
276, 43967
277, 43955
278, 44043
279, 43898
280, 44032
281, 48002
282, 43995
283, 43959
284, 44008
285, 47996
286, 43988
287, 43957
288, 44019
289, 64039
290, 43963
291, 43982
292, 43990
293, 43973
294, 44000
295, 43985
296, 43989
297, 47987
298, 43998
299, 43994
300, 43987
301, 44000
302, 47948
303, 44016
304, 43986
305, 55988
306, 47986
307, 59957
308, 43976
309, 44046
310, 43993
311, 43925
312, 56053
313, 44002
314, 43977
315, 43998
316, 43993
317, 43982
318, 44005
319, 44007
320, 43973
321, 43949
322, 44026
323, 51996
324, 43974
325, 43971
326, 44013
327, 43994
328, 44003
329, 55902
330, 44074
331, 44014
332, 43946
333, 43937
334, 44066
335, 43959
336, 43967
337, 43990
338, 43992
339, 43997
340, 44005
341, 43972
342, 43997
343, 43998
344, 43987
345, 55984
346, 44009
347, 59899
348, 43928
349, 44121
350, 43980
351, 43999
352, 43988
353, 43985
354, 44023
355, 43981
356, 47962
357, 48004
358, 43989
359, 43989
360, 43985
361, 43875
362, 48140
363, 43973
364, 60001
365, 43971
366, 43994
367, 44004
368, 43967
369, 43994
370, 44668
371, 43311
372, 44010
373, 43938
374, 44031
375, 43997
376, 43996
377, 44001
378, 43985
379, 43986
380, 43986
381, 67875
382, 44127
383, 43949
384, 44008
385, 43992
386, 43989
387, 43989
388, 44022
389, 43963
390, 43984
391, 43914
392, 44074
393, 44009
394, 43975
395, 67895
396, 43952
397, 43981
398, 43963
399, 44117
400, 43999
401, 43976
402, 43996
403, 44011
404, 43948
405, 44012
406, 44006
407, 43976
408, 43985
409, 59895
410, 44069
411, 43908
412, 44127
413, 43981
414, 43972
415, 43969
416, 44002
417, 43999
418, 44004
419, 43990
420, 43965
421, 44013
422, 44000
423, 43989
424, 44001
425, 43944
426, 44020
427, 44005
428, 44001
429, 43975
430, 43960
431, 43992
432, 47993
433, 44002
434, 43993
435, 47966
436, 44025
437, 43956
438, 44015
439, 43986
440, 44003
441, 43987
442, 44005
443, 43982
444, 44005
445, 43976
446, 43966
447, 44019
448, 43987
449, 43975
450, 43993
451, 43992
452, 43991
453, 43982
454, 67996
455, 44009
456, 43971
457, 44000
458, 43943
459, 47919
460, 44082
461, 43987
462, 44003
463, 43990
464, 43971
465, 44007
466, 43992
467, 43993
468, 43981
469, 44005
470, 43976
471, 43988
472, 44016
473, 43967
474, 47997
475, 43990
476, 51985
477, 60024
478, 43971
479, 43982
480, 43913
481, 44074
482, 43922
483, 44064
484, 43985
485, 52001
486, 43974
487, 44001
488, 43975
489, 44005
490, 44007
491, 55982
492, 43980
493, 44006
494, 43984
495, 43938
496, 44047
497, 43958
498, 52012
499, 51989
500, 43997
501, 43999
502, 43980
503, 47968
504, 44017
505, 43991
506, 43987
507, 43994
508, 44011
509, 47970
510, 43990
511, 43990
512, 43957
513, 43988
514, 43981
515, 43980
516, 43994
517, 43993
518, 43976
519, 43998
520, 43992
521, 43983
522, 43898
523, 44101
524, 43990
525, 43922
526, 44038
527, 43983
528, 43941
529, 44027
530, 43908
531, 44090
532, 43991
533, 43979
534, 43990
535, 44000
536, 43974
537, 44003
538, 43998
539, 43926
540, 52043
541, 44005
542, 43935
543, 44069
544, 43968
545, 43972
546, 43982
547, 43978
548, 43986
549, 44001
550, 43991
551, 43903
552, 44049
553, 44030
554, 43961
555, 43989
556, 43992
557, 47974
558, 43926
559, 44058
560, 44000
561, 43948
562, 48034
563, 43985
564, 43941
565, 44013
566, 48026
567, 43987
568, 43990
569, 43908
570, 44072
571, 43993
572, 43991
573, 44001
574, 43953
575, 44005
576, 44003
577, 43985
578, 44014
579, 47980
580, 43987
581, 43995
582, 43949
583, 44015
584, 43994
585, 51997
586, 43989
587, 43998
588, 43963
589, 44016
590, 44006
591, 43947
592, 44029
593, 43906
594, 44048
595, 43985
596, 44001
597, 44018
598, 43975
599, 43989
600, 44005
601, 43957
602, 44032
603, 43970
604, 44001
605, 43976
606, 44000
607, 43980
608, 44005
609, 43998
610, 43983
611, 43978
612, 43970
613, 60012
614, 44007
615, 43987
616, 43969
617, 43986
618, 44029
619, 43977
620, 43986
621, 43998
622, 43963
623, 52015
624, 44015
625, 47967
626, 43987
627, 59988
628, 47992
629, 43976
630, 48012
631, 43986
632, 43930
633, 44056
634, 43848
635, 44032
636, 44079
637, 43997
638, 43984
639, 43988
640, 44006
641, 43975
642, 44010
643, 43971
644, 43886
645, 44111
646, 43984
647, 43961
648, 52028
649, 43988
650, 43965
651, 44023
652, 43978
653, 43936
654, 44068
655, 43966
656, 43974
657, 48009
658, 51942
659, 56046
660, 43976
661, 44006
662, 44002
663, 43990
664, 43972
665, 43984
666, 44019
667, 43965
668, 44004
669, 44003
670, 43965
671, 43978
672, 44023
673, 43989
674, 43977
675, 43989
676, 43959
677, 44006
678, 68008
679, 43997
680, 43860
681, 44102
682, 44017
683, 43978
684, 43990
685, 43968
686, 44012
687, 43992
688, 44000
689, 43986
690, 43959
691, 44016
692, 44007
693, 43987
694, 44005
695, 43959
696, 43984
697, 44017
698, 43958
699, 44019
700, 43948
701, 44032
702, 43919
703, 44046
704, 43994
705, 43983
706, 44008
707, 43980
708, 48008
709, 43977
710, 43985
711, 43996
712, 43998
713, 43997
714, 43968
715, 44019
716, 43972
717, 43989
718, 43998
719, 43936
720, 44014
721, 43986
722, 43961
723, 47999
724, 44001
725, 47976
726, 55988
727, 44001
728, 43937
729, 44026
730, 44012
731, 43988
732, 43995
733, 43998
734, 43978
735, 43999
736, 43988
737, 43988
738, 43978
739, 44008
740, 44000
741, 43980
742, 43968
743, 44005
744, 43994
745, 44002
746, 43868
747, 44107
748, 43977
749, 44003
750, 43985
751, 51996
752, 43927
753, 44055
754, 47998
755, 67935
756, 44043
757, 43965
758, 47999
759, 43991
760, 44009
761, 43969
762, 43998
763, 44005
764, 43993
765, 43981
766, 43997
767, 43988
768, 43997
769, 43979
770, 43985
771, 47917
772, 44088
773, 59932
774, 44033
775, 43995
776, 43997
777, 43980
778, 44014
779, 43960
780, 44005
781, 44011
782, 43956
783, 44013
784, 43986
785, 43985
786, 43985
787, 51970
788, 44005
789, 43951
790, 56032
791, 43852
792, 44120
793, 43985
794, 43996
795, 43939
796, 44038
797, 43995
798, 43984
799, 44004
800, 43980
801, 43994
802, 43943
803, 44008
804, 44009
805, 43979
806, 43996
807, 43992
808, 44010
809, 47956
810, 44019
811, 44000
812, 43985
813, 43995
814, 47989
815, 43969
816, 44009
817, 43989
818, 43978
819, 43983
820, 44030
821, 43968
822, 43992
823, 43964
824, 44016
825, 43992
826, 44008
827, 43955
828, 43985
829, 43997
830, 43945
831, 44034
832, 44002
833, 43946
834, 44019
835, 43999
836, 43990
837, 43993
838, 44000
839, 43972
840, 43995
841, 44002
842, 55977
843, 44007
844, 43985
845, 43998
846, 44010
847, 43953
848, 43999
849, 43970
850, 44008
851, 43984
852, 43986
853, 44008
854, 43965
855, 44004
856, 43996
857, 43874
858, 44097
859, 43998
860, 43990
861, 43982
862, 43979
863, 44007
864, 43991
865, 43995
866, 43988
867, 43990
868, 44005
869, 43980
870, 43976
871, 44009
872, 43988
873, 43991
874, 43997
875, 43980
876, 43980
877, 48003
878, 43995
879, 43977
880, 44003
881, 43985
882, 51976
883, 63936
884, 44055
885, 43987
886, 43998
887, 43963
888, 44000
889, 43990
890, 43982
891, 43994
892, 43998
893, 43993
894, 43979
895, 44009
896, 43982
897, 43984
898, 44008
899, 43981
900, 43975
901, 44014
902, 43949
903, 44017
904, 44001
905, 43985
906, 43996
907, 43997
908, 43986
909, 43993
910, 43999
911, 43964
912, 47992
913, 44023
914, 43972
915, 43974
916, 44022
917, 43983
918, 43978
919, 43897
920, 44090
921, 43956
922, 44019
923, 43996
924, 43996
925, 43995
926, 43985
927, 43991
928, 43922
929, 44064
930, 43981
931, 44016
932, 43964
933, 43998
934, 44036
935, 43906
936, 44017
937, 44012
938, 43969
939, 43924
940, 44072
941, 43977
942, 43967
943, 44028
944, 43997
945, 43968
946, 44004
947, 43951
948, 44034
949, 43918
950, 44039
951, 44011
952, 43978
953, 44010
954, 44003
955, 43995
956, 43967
957, 43964
958, 44026
959, 47984
960, 44006
961, 43963
962, 44026
963, 47969
964, 44002
965, 43953
966, 44007
967, 44001
968, 44009
969, 43982
970, 43936
971, 44025
972, 44011
973, 44008
974, 43957
975, 43990
976, 43887
977, 43984
978, 44126
979, 43978
980, 43927
981, 44078
982, 43972
983, 43973
984, 43988
985, 43997
986, 44016
987, 43975
988, 43988
989, 43958
990, 44015
991, 44030
992, 43952
993, 44006
994, 43949
995, 44021
996, 43928
997, 44071
998, 47938
999, 44017
