0, 3756
1, 2931
2, 2972
3, 2975
4, 2978
5, 2923
6, 1894
7, 1356
8, 1473
9, 1577
10, 1922
11, 1923
12, 1896
13, 1909
14, 1916
15, 1882
16, 1930
17, 1887
18, 1891
19, 1896
20, 1883
21, 1894
22, 1894
23, 1890
24, 1883
25, 1906
26, 17750
27, 1428
28, 1593
29, 1690
30, 1304
31, 1152
32, 1135
33, 1196
34, 1133
35, 1169
36, 1169
37, 1159
38, 1137
39, 1148
40, 1174
41, 1137
42, 1159
43, 1127
44, 1132
45, 1126
46, 1130
47, 1164
48, 1171
49, 1164
50, 1163
51, 1142
52, 1166
53, 1182
54, 1172
55, 1244
56, 1139
57, 1141
58, 1143
59, 1141
60, 1178
61, 1148
62, 1168
63, 1135
64, 1164
65, 1151
66, 1146
67, 1140
68, 1158
69, 1169
70, 1166
71, 12330
72, 1116
73, 1183
74, 1296
75, 1148
76, 1139
77, 1122
78, 1158
79, 1197
80, 1155
81, 1174
82, 1136
83, 1132
84, 1134
85, 1154
86, 1132
87, 1132
88, 1129
89, 1128
90, 1168
91, 1155
92, 1229
93, 1137
94, 1132
95, 1126
96, 1173
97, 1128
98, 1155
99, 1143
100, 1132
101, 1162
102, 1141
103, 1133
104, 1156
105, 1127
106, 1126
107, 809
108, 1148
109, 1187
110, 1141
111, 1148
112, 1128
113, 1134
114, 1157
115, 1154
116, 12394
117, 1137
118, 1138
119, 1161
120, 1151
121, 1122
122, 1132
123, 1134
124, 1147
125, 1128
126, 1085
127, 1182
128, 1142
129, 1160
130, 1146
131, 1157
132, 1140
133, 1135
134, 1137
135, 1144
136, 1152
137, 1141
138, 1141
139, 1130
140, 1154
141, 1153
142, 1147
143, 1161
144, 1130
145, 1149
146, 1153
147, 1136
148, 1139
149, 1154
150, 1140
151, 1155
152, 1152
153, 1146
154, 1147
155, 1130
156, 1139
157, 1143
158, 1165
159, 1181
160, 1150
161, 1155
162, 11525
163, 1134
164, 1134
165, 1134
166, 1142
167, 1123
168, 1165
169, 1151
170, 1140
171, 1163
172, 1185
173, 1142
174, 1306
175, 1161
176, 1145
177, 1147
178, 1137
179, 1141
180, 1146
181, 1141
182, 1128
183, 1131
184, 1143
185, 1130
186, 1185
187, 1113
188, 1138
189, 1151
190, 1141
191, 1136
192, 1151
193, 1166
194, 1159
195, 1147
196, 1143
197, 1142
198, 1143
199, 1146
200, 1141
201, 1130
202, 1146
203, 1123
204, 1153
205, 1152
206, 13910
207, 1130
208, 1132
209, 1174
210, 1152
211, 1142
212, 1143
213, 1165
214, 1140
215, 1132
216, 1183
217, 1139
218, 1168
219, 1142
220, 1126
221, 1148
222, 1145
223, 1145
224, 1123
225, 1132
226, 1151
227, 11247
228, 1172
229, 1149
230, 1157
231, 1166
232, 1163
233, 1138
234, 1124
235, 1151
236, 1181
237, 1137
238, 1148
239, 1151
240, 1139
241, 1176
242, 1266
243, 1164
244, 1140
245, 1156
246, 1136
247, 1154
248, 1145
249, 1128
250, 1141
251, 1188
252, 14548
253, 1135
254, 1136
255, 1130
256, 1165
257, 1130
258, 1147
259, 1131
260, 1150
261, 1138
262, 1149
263, 1139
264, 1120
265, 1130
266, 1129
267, 1177
268, 1139
269, 1126
270, 1143
271, 1134
272, 1150
273, 1160
274, 1133
275, 1129
276, 1128
277, 1169
278, 1116
279, 1122
280, 1134
281, 1125
282, 1145
283, 1153
284, 1138
285, 1151
286, 1141
287, 1160
288, 1147
289, 1279
290, 1156
291, 1141
292, 1135
293, 1132
294, 1129
295, 1134
296, 1140
297, 1080
298, 1157
299, 1137
300, 1251
301, 1898
302, 1883
303, 1891
304, 15100
305, 1151
306, 1152
307, 1129
308, 1159
309, 1126
310, 1147
311, 1149
312, 1137
313, 1137
314, 1139
315, 1163
316, 1152
317, 1160
318, 1141
319, 1127
320, 1137
321, 1146
322, 1141
323, 1156
324, 1194
325, 1138
326, 1150
327, 1143
328, 1133
329, 1157
330, 1166
331, 1136
332, 967
333, 1146
334, 1391
335, 1154
336, 1189
337, 1135
338, 1145
339, 1283
340, 1160
341, 1137
342, 1168
343, 1125
344, 1141
345, 1131
346, 1118
347, 1143
348, 873
349, 528
350, 1131
351, 1130
352, 1155
353, 1153
354, 1138
355, 1178
356, 1153
357, 3203
358, 1153
359, 1124
360, 1133
361, 1132
362, 1133
363, 1137
364, 1134
365, 1197
366, 1144
367, 1160
368, 1148
369, 1155
370, 1151
371, 1131
372, 1182
373, 1135
374, 1172
375, 1128
376, 1134
377, 1170
378, 1143
379, 1129
380, 1125
381, 1139
382, 1165
383, 1134
384, 1137
385, 1154
386, 1146
387, 1133
388, 1140
389, 1149
390, 1163
391, 1131
392, 1141
393, 1132
394, 1149
395, 1140
396, 852
397, 525
398, 474
399, 468
400, 1147
401, 1142
402, 1128
403, 1185
404, 1136
405, 1137
406, 1152
407, 1120
408, 4095
409, 1126
410, 724
411, 1128
412, 1137
413, 1132
414, 1138
415, 1132
416, 1138
417, 1148
418, 1139
419, 1142
420, 1134
421, 1133
422, 1148
423, 1157
424, 1154
425, 1136
426, 1145
427, 1131
428, 1141
429, 1144
430, 1128
431, 1154
432, 1137
433, 1146
434, 1297
435, 1135
436, 1147
437, 1141
438, 1138
439, 1133
440, 1136
441, 1141
442, 1142
443, 1161
444, 1150
445, 1140
446, 1129
447, 1152
448, 1143
449, 1140
450, 1142
451, 1132
452, 1162
453, 1150
454, 1147
455, 1146
456, 1137
457, 1155
458, 1133
459, 2450
460, 1143
461, 1132
462, 1140
463, 1171
464, 1134
465, 1136
466, 1142
467, 1146
468, 1141
469, 1140
470, 1118
471, 1130
472, 1133
473, 1146
474, 1144
475, 1143
476, 1133
477, 1145
478, 1148
479, 1135
480, 1122
481, 1143
482, 1142
483, 1151
484, 1170
485, 1163
486, 1123
487, 1116
488, 1134
489, 1134
490, 1167
491, 1136
492, 1136
493, 1127
494, 1125
495, 1130
496, 1136
497, 1134
498, 1151
499, 1157
500, 1143
501, 1183
502, 1127
503, 1141
504, 1143
505, 1134
506, 1131
507, 1167
508, 4563
509, 1129
510, 1153
511, 1173
512, 1129
513, 1117
514, 1138
515, 1155
516, 1127
517, 1140
518, 1145
519, 1130
520, 1129
521, 1131
522, 1136
523, 1139
524, 1145
525, 1138
526, 1122
527, 1121
528, 1150
529, 1153
530, 1160
531, 1140
532, 1131
533, 1135
534, 1136
535, 1145
536, 1137
537, 1149
538, 1133
539, 1138
540, 1154
541, 1185
542, 1133
543, 1149
544, 1167
545, 1138
546, 1141
547, 1133
548, 1150
549, 1134
550, 1144
551, 1147
552, 1163
553, 1129
554, 1146
555, 1149
556, 1184
557, 1147
558, 4274
559, 1121
560, 1138
561, 1152
562, 1126
563, 1138
564, 1166
565, 1130
566, 1233
567, 1129
568, 1149
569, 1123
570, 1141
571, 1180
572, 1151
573, 1132
574, 1133
575, 1126
576, 1143
577, 1140
578, 1127
579, 1148
580, 1131
581, 1143
582, 1150
583, 1133
584, 1161
585, 1153
586, 1144
587, 1148
588, 1132
589, 1148
590, 1157
591, 1134
592, 1128
593, 1146
594, 1143
595, 1140
596, 1124
597, 1128
598, 1142
599, 1145
600, 1143
601, 1080
602, 1128
603, 1145
604, 1141
605, 1151
606, 1128
607, 1140
608, 3840
609, 1158
610, 1145
611, 1140
612, 1144
613, 1146
614, 1146
615, 1160
616, 1147
617, 1127
618, 1150
619, 1181
620, 1145
621, 1152
622, 1131
623, 1164
624, 1145
625, 1160
626, 1166
627, 1133
628, 1127
629, 1135
630, 1143
631, 1120
632, 1151
633, 1137
634, 1146
635, 1129
636, 1141
637, 1137
638, 1151
639, 1153
640, 1141
641, 1162
642, 1140
643, 1119
644, 1138
645, 1134
646, 1128
647, 1149
648, 1125
649, 1155
650, 1144
651, 1134
652, 1107
653, 1139
654, 1135
655, 1142
656, 1158
657, 1133
658, 3654
659, 1133
660, 1124
661, 1142
662, 1136
663, 1149
664, 1128
665, 1128
666, 1142
667, 1152
668, 1154
669, 1144
670, 1156
671, 1135
672, 1150
673, 1155
674, 1181
675, 1135
676, 1141
677, 1142
678, 1149
679, 1128
680, 1131
681, 1129
682, 1126
683, 1137
684, 1151
685, 1138
686, 1131
687, 1151
688, 1151
689, 1116
690, 1141
691, 1141
692, 1157
693, 1153
694, 1143
695, 1125
696, 1128
697, 1141
698, 1158
699, 1128
700, 1140
701, 1154
702, 1192
703, 1144
704, 1135
705, 1135
706, 1139
707, 1149
708, 1137
709, 2178
710, 1143
711, 1131
712, 1137
713, 1134
714, 1185
715, 1141
716, 1151
717, 1161
718, 1138
719, 1146
720, 1140
721, 1135
722, 1131
723, 1123
724, 1140
725, 1122
726, 1140
727, 1198
728, 1144
729, 1130
730, 1144
731, 1202
732, 1152
733, 1155
734, 1101
735, 1144
736, 1125
737, 1135
738, 1144
739, 1146
740, 1142
741, 1148
742, 1137
743, 1156
744, 1160
745, 1130
746, 1142
747, 1122
748, 1133
749, 1136
750, 1128
751, 1142
752, 1152
753, 1136
754, 1155
755, 1145
756, 1131
757, 1125
758, 1145
759, 3916
760, 1132
761, 1126
762, 1303
763, 1145
764, 1137
765, 1124
766, 1136
767, 1146
768, 1131
769, 1129
770, 1150
771, 1144
772, 1145
773, 1176
774, 1125
775, 1123
776, 1146
777, 1132
778, 1147
779, 1124
780, 1120
781, 1138
782, 1147
783, 1136
784, 1147
785, 1149
786, 1148
787, 1153
788, 1144
789, 1160
790, 1125
791, 1126
792, 1138
793, 1139
794, 1141
795, 1121
796, 1142
797, 1151
798, 1144
799, 1138
800, 1138
801, 1135
802, 1152
803, 1138
804, 1154
805, 1153
806, 1174
807, 1119
808, 1152
809, 1173
810, 4918
811, 1158
812, 1137
813, 1133
814, 1129
815, 1162
816, 1248
817, 1140
818, 1145
819, 1198
820, 1137
821, 1133
822, 1154
823, 1144
824, 1147
825, 1106
826, 1185
827, 1133
828, 1125
829, 1134
830, 1144
831, 1149
832, 1163
833, 1115
834, 1148
835, 1128
836, 1144
837, 1128
838, 1144
839, 1124
840, 1143
841, 1133
842, 1129
843, 1149
844, 1136
845, 1126
846, 1133
847, 1185
848, 1135
849, 1142
850, 1132
851, 1137
852, 1146
853, 1144
854, 1120
855, 1145
856, 1140
857, 1148
858, 1125
859, 1128
860, 1138
861, 1118
862, 2508
863, 1126
864, 1134
865, 1153
866, 1146
867, 1125
868, 1141
869, 1150
870, 1142
871, 1125
872, 1146
873, 1135
874, 1136
875, 1144
876, 1149
877, 1135
878, 1140
879, 1141
880, 1116
881, 1149
882, 1140
883, 1124
884, 800
885, 1165
886, 1164
887, 1143
888, 1115
889, 1145
890, 1154
891, 1135
892, 1125
893, 1187
894, 1144
895, 1131
896, 1127
897, 1152
898, 1124
899, 1145
900, 1148
901, 1128
902, 1133
903, 1146
904, 1175
905, 1141
906, 1148
907, 1139
908, 1161
909, 1148
910, 1176
911, 1132
912, 1130
913, 3875
914, 1130
915, 1127
916, 1132
917, 1148
918, 1131
919, 1197
920, 1152
921, 1153
922, 1147
923, 1133
924, 1122
925, 1132
926, 1153
927, 1135
928, 1129
929, 1154
930, 1143
931, 1127
932, 1129
933, 1141
934, 1128
935, 1127
936, 1126
937, 1139
938, 1134
939, 1133
940, 1135
941, 1151
942, 1144
943, 1134
944, 1140
945, 1129
946, 1133
947, 1135
948, 1131
949, 1145
950, 1124
951, 1143
952, 1139
953, 1147
954, 1126
955, 1142
956, 1140
957, 1147
958, 1150
959, 1126
960, 1173
961, 1149
962, 1150
963, 1137
964, 4697
965, 1141
966, 1133
967, 1202
968, 1136
969, 1151
970, 1136
971, 1133
972, 1143
973, 1146
974, 1142
975, 1149
976, 1153
977, 1146
978, 1136
979, 1130
980, 1140
981, 1138
982, 1145
983, 1151
984, 1145
985, 1139
986, 1128
987, 1131
988, 1157
989, 1120
990, 1145
991, 1124
992, 1147
993, 1132
994, 1140
995, 1135
996, 1137
997, 1138
998, 1152
999, 1141
