31
47
29
70
29
69
66
56
38
64
57
57
68
60
62
64
66
57
59
67
69
59
68
62
64
66
69
59
60
66
59
59
70
67
69
68
70
58
61
66
60
68
70
62
67
67
69
58
69
66
61
68
70
63
64
73
71
59
70
59
74
68
69
65
63
67
61
60
69
58
60
68
69
65
70
66
60
59
69
59
60
67
71
64
66
67
61
68
71
59
61
67
80
64
76
67
60
67
86
59
61
67
68
64
71
68
67
67
69
60
77
67
69
65
76
73
51
68
70
59
61
66
60
63
68
59
69
68
70
59
62
67
60
76
71
60
70
67
69
58
70
68
62
68
71
63
65
69
69
59
61
68
62
60
70
64
66
68
71
59
61
67
60
59
69
65
81
67
70
57
59
68
60
67
69
68
69
68
69
60
71
67
60
67
70
68
70
67
69
59
78
67
62
73
69
60
57
73
69
60
76
73
61
69
75
87
89
66
73
16
25
24
17
25
25
15
16
25
25
17
25
16
16
24
31
17
17
24
16
16
25
15
17
24
24
15
16
25
17
25
25
15
15
25
24
16
25
25
16
28
28
186
31
86
26
40
25
27
16
28
25
19
17
31
24
18
25
18
16
27
25
19
17
27
16
19
25
19
16
26
24
18
16
28
15
19
25
27
25
32
25
18
17
27
16
27
25
18
16
26
24
19
16
34
17
19
25
19
16
27
24
19
17
26
16
27
25
17
16
28
24
19
24
33
16
34
25
19
16
27
25
19
25
41
15
27
26
19
17
27
24
19
25
19
17
34
24
19
16
27
16
18
25
18
16
27
25
18
16
27
15
32
24
18
17
61
25
62
17
32
23
24
24
19
16
25
25
17
25
16
15
25
25
18
17
26
25
17
25
17
23
30
25
17
17
30
16
17
30
17
17
26
30
17
17
25
17
26
25
17
17
26
25
17
17
26
17
25
25
17
17
25
24
17
25
24
15
25
25
16
16
25
25
17
25
17
17
25
25
17
17
26
17
17
25
17
17
26
25
26
25
25
16
25
25
16
16
26
25
17
16
55
46
32
30
10
10
18
17
10
18
10
9
18
19
10
9
18
17
10
18
9
9
18
18
10
9
18
18
10
18
10
9
18
17
10
9
18
9
18
17
10
9
18
18
10
9
20
15
19
18
10
9
18
17
10
17
10
9
18
18
10
9
17
17
10
18
10
9
18
17
20
19
18
9
18
22
10
9
18
23
10
9
17
9
18
17
10
9
18
18
10
9
18
17
10
24
10
9
18
22
10
9
23
9
18
218
10
47
18
20
10
11
18
11
18
19
10
18
19
19
10
11
17
11
18
20
10
11
17
19
9
11
17
11
18
20
10
17
18
20
10
20
18
11
18
20
10
11
17
19
53
54
16
9
8
8
4
4
20
10
4
8
4
4
18
21
10
11
18
18
10
19
10
11
18
20
10
11
17
27
10
20
10
11
19
21
10
11
18
11
23
19
10
11
23
19
10
11
22
19
18
19
10
11
19
19
10
11
16
11
18
19
10
11
17
19
10
19
10
56
18
64
10
9
18
18
10
18
10
9
18
17
56
55
17
35
8
8
3
3
7
7
3
3
6
3
18
18
10
11
18
18
10
19
16
9
19
18
10
10
18
17
10
18
10
9
18
17
10
7
18
13
24
23
8
8
31
10
10
10
18
9
18
18
10
9
18
18
10
10
17
10
18
24
10
9
17
28
10
18
10
11
20
18
10
9
18
18
9
18
16
36
142
135
9
8
12
4
6
7
6
3
10
7
7
3
10
4
7
7
4
2
13
4
12
12
4
12
4
4
11
4
12
12
12
12
4
4
4
4
11
11
17
12
4
13
4
4
11
4
12
12
11
18
3
3
1
1
5
5
5
5
4
4
4
4
11
4
12
12
4
11
4
5
4
4
13
13
12
12
4
13
4
4
11
4
12
12
11
12
4
6
4
4
12
11
17
12
4
12
4
4
11
4
11
13
12
18
4
4
4
4
13
4
12
12
4
12
4
4
4
4
11
12
12
13
4
12
4
4
11
4
11
17
4
13
4
4
4
4
12
12
12
12
4
14
4
4
11
4
12
12
12
13
4
4
4
4
18
11
11
17
4
12
4
4
12
4
12
12
12
13
4
4
4
4
11
4
11
12
4
12
4
4
4
4
12
12
11
12
4
4
4
4
13
4
14
13
4
13
4
4
4
4
11
12
4
12
4
4
4
4
17
11
11
17
4
12
4
4
12
4
11
11
12
13
4
6
4
4
11
11
12
12
4
12
4
4
10
4
11
11
12
12
4
4
4
4
11
4
12
12
4
12
12
18
11
12
4
12
4
4
11
4
11
12
12
48
4
4
4
4
13
13
12
12
4
12
4
4
11
4
12
12
12
17
4
4
4
4
17
4
12
12
4
31
4
4
4
4
12
12
11
12
4
4
4
4
11
4
12
12
11
12
41
4
4
4
11
12
11
12
5
12
4
4
11
4
12
13
11
12
4
4
4
4
13
12
11
17
4
23
4
4
16
4
11
13
12
13
4
4
4
4
12
11
11
13
4
12
4
4
11
4
13
12
12
12
4
6
4
4
11
11
12
12
4
12
4
4
4
4
12
12
12
13
4
4
4
4
11
4
12
17
4
12
4
4
4
4
12
32
11
12
4
4
4
4
13
4
12
12
12
12
4
4
4
4
12
11
11
12
4
14
4
4
4
4
11
12
11
13
4
5
4
4
12
11
12
12
4
12
4
4
4
4
11
12
16
13
4
4
4
4
17
4
12
12
12
13
4
4
4
4
11
11
11
12
4
4
4
4
11
4
16
17
11
11
4
4
4
4
11
14
19
11
4
12
4
4
4
4
12
12
12
12
4
5
13
12
11
12
4
4
4
4
12
4
12
12
12
12
4
4
4
4
12
12
11
13
4
4
4
4
11
4
12
12
17
17
4
4
4
4
11
12
12
12
4
12
4
4
4
4
12
12
11
13
4
4
4
4
11
11
13
13
4
12
4
4
4
4
11
12
11
13
4
4
4
4
12
11
6
6
1
1
1
1
4
5
4
5
1
6
4
4
4
4
11
12
11
12
4
4
4
4
11
11
11
12
11
31
4
4
4
4
11
12
11
12
4
5
4
4
4
4
4
12
11
13
12
4
12
4
4
11
4
12
11
13
11
12
4
1
4
4
10
12
11
12
17
4
4
4
4
16
11
12
12
13
4
4
4
4
4
12
12
12
12
4
4
4
4
4
11
12
11
12
7
4
4
4
4
12
11
12
11
4
5
4
4
4
11
18
12
12
12
4
4
4
4
11
35
12
17
12
4
4
4
4
4
12
11
12
11
4
4
4
5
11
11
12
12
12
4
4
4
4
4
12
11
12
11
4
4
4
4
4
11
12
11
13
11
4
4
4
4
17
12
13
11
12
5
4
4
4
11
12
17
12
11
4
4
4
4
11
11
12
13
13
4
4
4
4
11
12
12
32
17
4
4
4
4
4
11
11
13
17
4
4
4
4
4
11
11
12
11
4
4
4
4
4
11
12
12
12
4
4
4
4
4
12
11
12
12
12
6
4
4
4
11
17
11
13
17
4
5
4
4
13
11
11
11
14
4
4
4
4
4
11
11
12
12
4
4
4
4
4
11
12
11
12
4
4
4
4
4
11
12
12
12
4
4
4
4
4
11
12
12
4
11
4
4
4
4
11
11
12
16
12
4
4
4
4
10
12
11
12
11
4
4
4
4
11
11
12
12
12
4
4
4
4
4
12
11
33
16
4
4
4
4
4
11
12
12
12
11
4
4
4
4
11
11
12
11
5
4
4
4
4
11
12
11
12
12
4
4
4
4
11
11
13
11
4
4
4
4
4
11
11
11
12
17
4
4
4
4
11
11
12
16
16
4
4
4
4
11
12
11
11
12
4
4
4
4
11
11
12
17
12
4
4
4
4
4
12
12
12
12
4
4
4
4
4
11
17
13
12
4
4
4
4
4
11
11
12
11
4
4
4
4
4
11
11
16
17
12
4
4
4
4
11
11
11
11
12
4
4
4
4
12
13
13
13
11
4
4
4
4
13
11
11
12
31
4
4
4
4
4
12
11
12
11
4
4
4
4
4
11
12
11
12
4
4
4
4
4
11
16
18
11
11
4
4
4
4
11
11
11
11
12
4
4
4
4
11
11
12
11
13
4
4
4
4
11
12
11
17
11
4
4
4
4
11
11
11
11
32
4
4
4
4
4
11
11
13
11
4
4
4
4
4
16
12
12
12
11
4
4
4
4
12
11
12
11
12
6
4
4
4
11
11
11
12
17
4
4
4
4
12
11
17
11
12
4
4
4
4
4
16
11
12
11
4
4
4
4
4
11
12
11
13
16
4
4
4
4
12
11
12
11
4
5
4
4
4
11
18
11
12
11
4
4
4
4
12
11
12
12
12
4
4
4
4
4
17
11
12
11
4
4
4
4
11
12
12
11
12
4
4
4
4
4
12
11
11
16
4
4
4
4
11
11
12
11
12
11
4
4
