2.224256
0.146276
0.157592
0.131750
0.170681
0.140409
0.168915
0.130584
0.172678
0.162566
0.176933
0.140247
0.130991
0.130002
0.160444
0.169011
0.177595
0.171669
0.138105
0.172126
0.136494
0.125865
0.172782
0.123213
0.176137
0.171760
0.173210
0.147338
0.178741
0.168642
0.168518
0.124475
0.124932
0.128250
0.149914
0.178705
0.143313
0.168591
0.148531
0.178041
0.173597
0.154589
0.143958
0.176732
0.129499
0.140450
0.146580
0.174783
0.125576
0.174126
0.144906
0.189963
0.173934
0.136427
0.134293
0.171835
0.157591
0.140585
0.176488
0.161392
0.172421
0.168570
0.148939
0.154099
0.119647
0.179220
0.135399
0.144533
0.136041
0.131132
0.130047
0.169239
0.152451
0.161682
0.156872
0.172444
0.144550
0.150762
0.169759
0.129052
0.166425
0.172567
0.180010
0.172842
0.175367
0.176502
0.167510
0.131875
0.161365
0.132118
0.149893
0.175801
0.171106
0.132965
0.156962
0.139640
0.174089
0.177501
0.145116
0.171016
0.156140
0.141797
0.128392
0.129910
0.135156
0.163510
0.175404
0.174822
0.135449
0.125543
0.182718
0.176132
0.120397
0.176809
0.144071
0.233421
0.170635
0.156291
0.180321
0.151184
0.135160
0.158581
0.126671
0.176614
0.162062
0.172112
0.174328
0.201874
0.117812
0.129554
0.155580
0.155505
0.204504
0.313536
0.180386
0.210365
0.146714
0.205858
0.170765
0.160165
0.186108
0.132553
0.127878
0.166348
0.141079
0.181748
0.176839
0.193816
0.141472
0.173473
0.172481
0.173985
0.143307
0.127116
0.182703
0.148772
0.170157
0.126371
0.142033
0.152299
0.172967
0.129840
0.175605
0.172960
0.146472
0.145680
0.159033
0.175652
0.128352
0.144356
0.150434
0.141184
0.176395
0.157796
0.139714
0.158682
0.174952
0.175389
0.157213
0.139158
0.133490
0.174413
0.147957
0.161270
0.137072
0.170871
0.173667
0.128787
0.164987
0.142084
0.143395
0.177524
0.179349
0.146270
0.181795
0.146055
0.176211
0.176763
0.120351
0.161414
0.124389
0.146200
0.133390
0.126779
0.171395
0.174786
0.178576
0.177975
0.165543
0.145785
0.145469
0.164370
0.177500
0.175911
0.173388
0.173758
0.128154
0.155149
0.174538
0.167760
0.167706
0.168493
0.163388
0.172943
0.136754
0.169899
0.125983
0.147077
0.165474
0.172047
0.174672
0.157566
0.173724
0.122054
0.145735
0.167537
0.145294
0.152964
0.143808
0.173130
0.144706
0.135157
0.156539
0.155019
0.126553
0.136928
0.135495
0.141657
0.173464
0.172968
0.144450
0.170494
0.143433
0.181531
0.146694
0.173873
0.120336
0.169669
0.173423
0.146216
0.145435
0.155913
0.131766
0.148905
0.172894
0.182854
0.126024
0.136320
0.171854
0.166148
0.149778
0.174465
0.147139
0.162957
0.168462
0.172153
0.172656
0.158474
0.174317
0.123653
0.170370
0.141396
0.173120
0.129065
0.158705
0.145341
0.172772
0.176852
0.140800
0.127238
0.159573
0.141904
0.142576
0.156149
0.169059
0.168267
0.147013
0.167764
0.177160
0.166948
0.172686
0.173716
0.169955
0.148046
0.137337
0.172618
0.217177
0.122605
0.127501
0.173010
0.122422
0.167852
0.179019
0.175666
0.171011
0.152488
0.171585
0.131251
0.144930
0.127640
0.139927
0.162974
0.173514
0.129302
0.168196
0.170444
0.168827
0.146919
0.148897
0.126703
0.148256
0.154334
0.172248
0.123520
0.130866
0.130964
0.127188
0.177367
0.158709
0.149182
0.172503
0.149088
0.163366
0.141028
0.148142
0.129026
0.174098
0.145443
0.172794
0.170569
0.132102
0.176095
0.177021
0.173630
0.173105
0.146554
0.165732
0.141983
0.128212
0.128694
0.170131
0.142864
0.169783
0.176527
0.175565
0.155205
0.174806
0.172745
0.176309
0.177682
0.158517
0.172676
0.152944
0.163101
0.141027
0.172592
0.137027
0.187273
0.125979
0.170127
0.126546
0.131890
0.177956
0.147131
0.172638
0.177011
0.133744
0.171324
0.171860
0.173749
0.173516
0.176301
0.144616
0.159501
0.179043
0.174169
0.124938
0.158278
0.139014
0.168366
0.125207
0.173555
0.130851
0.172382
0.175876
0.173191
0.136310
0.179355
0.178989
0.151159
0.127861
0.177639
0.168449
0.172646
0.167246
0.120163
0.163263
0.143864
0.145461
0.129620
0.173020
0.169626
0.174769
0.145768
0.134236
0.131481
0.126702
0.156275
0.116907
0.161387
0.171598
0.129097
0.171793
0.164366
0.131672
0.175741
0.169735
0.147051
0.137222
0.136600
0.169396
0.147419
0.140298
0.169013
0.172886
0.173197
0.124268
0.172642
0.131296
0.172589
0.227425
0.145079
0.175805
0.174803
0.161243
0.122067
0.162385
0.171978
0.176120
0.135510
0.139234
0.154999
0.161547
0.174307
0.129179
0.173006
0.184311
0.132125
0.157848
0.124562
0.159552
0.137901
0.112329
0.184751
0.155249
0.177608
0.175840
0.172508
0.175282
0.142740
0.179158
0.177391
0.144402
0.149681
0.125181
0.131810
0.173533
0.173278
0.168675
0.171595
0.157079
0.138331
0.136904
0.175856
0.135611
0.146411
0.140654
0.178386
0.141916
0.171494
0.134423
0.178034
0.143095
0.124021
0.135693
0.155915
0.157329
0.130576
0.128943
0.165664
0.131728
0.171974
0.178004
0.172303
0.161970
0.132224
0.176065
0.115558
0.164194
0.140019
0.159863
0.178076
0.190178
0.167074
0.178771
0.162689
0.126132
0.120412
0.158548
0.175874
0.175553
0.160520
0.160295
0.177623
0.147468
0.176748
0.167026
0.146205
0.161802
0.146380
0.175755
0.175243
0.171514
0.167684
0.132028
0.176278
0.176197
0.156509
0.175511
0.132507
0.178285
0.172218
0.169949
0.160611
0.121198
0.163862
0.175840
0.159545
0.160427
0.125596
0.171304
0.148612
0.173659
0.160532
0.176213
0.632919
0.141402
0.173961
0.145664
0.166482
0.157736
0.175157
0.173782
0.177318
0.144098
0.180481
0.148339
0.150518
0.130375
0.142842
0.174589
0.158980
0.157713
0.166276
0.183894
0.171687
0.147074
0.169206
0.173623
0.176333
0.133550
0.158547
0.125668
0.126055
0.165759
0.147921
0.170585
0.133657
0.147929
0.174633
0.158671
0.146322
0.168180
0.172310
0.119464
0.140492
0.156730
0.132028
0.144751
0.175106
0.166497
0.174721
0.145359
0.172475
0.145299
0.174870
0.145619
0.164410
0.179222
0.125298
0.163582
0.147273
0.127409
0.170625
0.164303
0.125444
0.167705
0.173609
0.154973
0.168525
0.173087
0.173090
0.149523
0.141553
0.176750
0.175098
0.124915
0.176376
0.171739
0.136670
0.179417
0.175834
0.170414
0.170009
0.163613
0.172791
0.122573
0.172655
0.188475
0.118425
0.168797
0.125559
0.175419
0.165875
0.130114
0.173310
0.125978
0.173956
0.171650
0.138497
0.130425
0.172661
0.177504
0.185532
0.141935
0.145161
0.146815
0.173380
0.171356
0.167994
0.157686
0.163668
0.152271
0.153598
0.129630
0.157769
0.141706
0.143123
0.134624
0.134579
0.174431
0.174740
0.193670
0.168126
0.162483
0.120974
0.174720
0.164656
0.171407
0.143763
0.146395
0.152120
0.165893
0.165544
0.125395
0.120879
0.120856
0.173236
0.131845
0.159203
0.164586
0.175150
0.155309
0.173779
0.172794
0.118538
0.126912
0.166770
0.172032
0.142569
0.133277
0.180395
0.160835
0.152596
0.154280
0.169836
0.146254
0.169190
0.145404
0.171096
0.170926
0.157225
0.131294
0.154444
0.169961
0.130178
0.122246
0.174161
0.137845
0.161848
0.190525
0.171773
0.155538
0.168389
0.170426
0.130825
0.161259
0.167929
0.134323
0.149573
0.113098
0.136879
0.125636
0.130723
0.165197
0.173617
0.173959
0.174950
0.147357
0.176213
0.129414
0.162296
0.178562
0.127917
0.162788
0.141523
0.168651
0.175467
0.150393
0.174388
0.154041
0.173234
0.130144
0.238017
0.131371
0.132485
0.171529
0.173547
0.176029
0.143660
0.135375
0.177016
0.175746
0.135910
0.178352
0.158219
0.155659
0.135454
0.134577
0.145966
0.183999
0.157875
0.157519
0.172136
0.167400
0.118655
0.123414
0.133001
0.125691
0.138992
0.149856
0.171026
0.146927
0.140618
0.130271
0.169241
0.154698
0.168631
0.173873
0.162726
0.169677
0.169201
0.175923
0.140944
0.151373
0.133606
0.172045
0.177726
0.146943
0.194159
0.137005
0.173226
0.132015
0.172054
0.134234
0.130212
0.168239
0.162961
0.142736
0.167654
0.174901
0.150791
0.144009
0.141487
0.143237
0.182084
0.136298
0.155018
0.142298
0.175351
0.188317
0.119366
0.126766
0.158773
0.147112
0.126648
0.148112
0.139276
0.174368
0.132820
0.174164
0.179582
0.138967
0.168099
0.172938
0.139621
0.137245
0.172978
0.127907
0.158224
0.124069
0.166537
0.167528
0.170059
0.168386
0.150635
0.139207
0.174718
0.142719
0.133573
0.143208
0.135671
0.173813
0.155118
0.157577
0.163490
0.155508
0.157647
0.173726
0.138569
0.174923
0.131443
0.171176
0.146774
0.126696
0.160844
0.145235
0.133731
0.171119
0.124142
0.160902
0.171209
0.175650
0.135628
0.129835
0.130388
0.173702
0.168601
0.172293
0.147366
0.173635
0.158508
0.124611
0.156771
0.146367
0.164160
0.178793
0.157915
0.155526
0.171792
0.169917
0.117870
0.123048
0.170086
0.174233
0.144912
0.157566
0.125785
0.171641
0.172434
0.150461
0.124513
0.130595
0.145858
0.182304
0.126411
0.139637
0.172840
0.134336
0.171906
0.152482
0.154236
0.143079
0.151434
0.151843
0.154359
0.168178
0.170153
0.170167
0.152126
0.157243
0.157457
0.162345
0.135899
0.173010
0.156730
0.157776
0.170776
0.146561
0.138315
0.127015
0.177029
0.171629
0.128319
0.124183
0.173089
0.130792
0.131081
0.173541
0.142128
0.137332
0.128647
0.135232
0.169885
0.141551
0.155828
0.165104
0.173451
0.173464
0.168975
0.176557
0.151824
0.174945
0.150416
0.172754
0.160722
0.124787
0.146553
0.161421
0.125710
0.133455
0.172365
0.174064
0.174225
0.170762
0.165895
0.142315
0.169079
0.171696
0.144183
0.124719
0.173646
0.170214
0.126081
0.154306
0.156197
0.143008
0.183152
0.129734
0.171967
0.127012
0.173652
0.129492
0.139573
0.148595
0.140243
0.135745
0.171964
0.137194
0.157466
0.129691
0.171879
0.149924
0.157052
0.129241
0.170809
0.176214
0.144605
0.153375
0.179472
0.167992
0.137663
0.156837
0.135620
0.140744
0.147363
0.149741
0.126652
0.136745
0.172336
0.145358
0.155994
0.169621
0.158727
0.133291
0.139583
0.165443
0.164247
0.167400
0.172521
0.167891
0.176724
0.142945
0.172884
0.155477
0.138252
0.168695
0.170867
0.164462
0.141537
0.122473
0.178051
0.163335
0.141665
0.122002
0.140587
0.156283
0.160549
0.145535
0.123635
0.150697
0.146777
0.156126
0.166304
0.173111
0.170482
0.126422
0.152055
0.139903
0.176966
0.131591
0.139042
0.134628
0.124527
0.170708
0.132773
0.146558
0.133715
0.130346
0.126932
0.172743
0.135154
0.153054
0.179484
0.155191
0.126452
0.166825
0.171546
0.127944
0.167990
0.170474
0.122699
0.169553
0.127861
0.130714
0.137723
0.155206
0.159194
0.173186
0.173964
0.136616
0.139295
0.155404
0.154866
0.157646
0.149732
0.142818
0.150844
0.165327
0.153381
0.134677
0.128351
0.180002
0.141725
0.137561
0.171949
0.169922
0.115914
0.163927
0.162037
0.145675
0.176602
0.146351
0.138042
0.168897
0.172081
0.157021
0.139578
0.129173
0.124451
0.173161
0.146676
0.175913
0.136828
0.162023
0.158506
0.174896
0.154876
0.177591
0.160692
0.175526
0.174689
0.146013
0.156627
0.129633
0.142622
0.129693
0.135304
0.175414
0.173569
0.173653
0.144681
0.177996
0.142550
0.137997
0.117710
0.168142
0.172864
0.145049
0.168993
0.127486
0.176070
0.149188
0.175661
0.172282
0.177093
0.133607
0.170045
0.177550
0.170819
0.153562
0.177341
0.171142
0.152161
0.175647
0.148952
0.174485
0.144868
0.136116
0.170041
0.141839
0.172062
0.130596
0.150273
0.174262
0.175262
0.150856
0.141705
0.144232
0.163995
0.173963
0.127423
0.174618
0.173205
0.158511
0.147592
0.168428
0.177666
0.143497
0.167681
0.174401
0.171537
0.166540
0.144103
0.166930
0.154192
0.189005
0.141078
0.128728
0.144476
0.127776
0.151100
0.147331
0.129923
0.154552
0.175167
0.175155
0.161105
0.165947
0.147384
0.175222
0.166885
0.135412
0.167742
0.182739
0.183909
0.142402
0.148638
0.172932
0.165936
0.131379
0.140368
0.127236
0.131202
0.165412
0.130450
0.167731
0.137846
0.148487
0.133218
0.162674
0.146396
0.128316
0.169524
0.177709
0.151501
0.128396
0.175682
0.128841
0.175782
0.155539
0.162817
0.142471
0.165020
0.166690
0.138618
0.176898
0.179850
0.129439
0.160337
0.133022
0.144864
0.176115
0.175343
0.132879
0.172774
0.176190
0.175002
0.176742
0.134253
0.135010
0.171811
0.173644
0.155999
0.175831
0.175803
0.170769
0.157849
0.172736
0.167301
0.171477
0.162789
0.155331
0.139590
0.174212
0.130700
0.172403
0.235821
0.169814
0.144381
0.126357
0.173329
0.130653
0.157007
0.169340
0.142920
0.171770
0.117721
0.115497
0.168593
0.181656
0.132181
0.151122
0.165571
0.129443
0.126113
0.136333
0.175706
0.172518
0.132181
0.174596
0.146821
0.171416
0.175697
0.179490
0.131793
0.157180
0.176295
0.156929
0.133416
0.175924
0.169919
0.157475
0.175173
0.145142
0.175507
0.115876
0.140106
0.169209
0.159944
0.157408
0.173338
0.146020
0.153789
0.173789
0.149376
0.170429
0.175192
0.158152
0.166997
0.171632
0.171182
0.129453
0.174257
0.135955
0.174273
0.146525
0.131394
0.179780
0.152847
0.185882
0.179103
0.123463
0.136374
0.177026
0.124207
0.170914
0.172916
0.205158
0.170672
0.128563
0.143133
0.169554
0.144023
0.129934
0.126062
0.168322
0.166790
0.171577
0.171938
0.172904
0.175792
0.171189
0.171765
0.171532
0.162487
0.181884
0.156057
0.171082
0.130063
0.133913
0.171359
0.291852
0.169054
0.155542
0.145950
0.131171
0.167703
0.116459
0.178517
0.180700
0.174681
0.169164
0.139250
0.174867
0.129650
0.172492
0.118523
0.169300
0.145702
0.143912
0.172307
0.125165
0.121697
0.165298
0.137582
0.130547
0.165082
0.121377
0.158968
0.142596
0.172752
0.171061
0.145987
0.144739
0.169237
0.161059
0.156129
0.143575
0.131848
0.178038
0.166969
0.129162
0.178157
0.127645
0.119818
0.181992
0.172232
0.130318
0.124922
0.134668
0.122323
0.135842
0.151348
0.169534
0.121908
0.169409
0.169888
0.155015
0.162086
0.130486
0.176698
0.129935
0.170677
0.167243
0.171522
0.160285
0.121368
0.160695
0.172037
0.170702
0.175636
0.113914
0.143066
0.172372
0.166015
0.128968
0.122704
0.176003
0.129140
0.179813
0.143843
0.177756
0.172320
0.172240
0.157466
0.117705
0.126948
0.169720
0.180748
0.129796
0.155516
0.127290
0.172211
0.168045
0.176686
0.171780
0.157648
0.131393
0.126843
0.133020
0.172481
0.152978
0.157696
0.169061
0.162613
0.155510
0.144453
0.128214
0.133075
0.169445
0.175176
0.122189
0.167918
0.173276
0.147686
0.135872
0.172591
0.130042
0.153401
0.144283
0.172487
0.145750
0.137727
0.173583
0.148348
0.166819
0.165804
0.142614
0.171604
0.177947
0.169958
0.163238
0.161528
0.162529
0.146250
0.148066
0.131192
0.125691
0.170141
0.167721
0.165078
0.158099
0.154484
0.152173
0.169021
0.140934
0.155897
0.166609
0.168454
0.163381
0.155021
0.177422
0.169871
0.119703
0.148915
0.175537
0.175198
0.159084
0.124672
0.169831
0.129221
0.127289
0.148978
0.165676
0.173294
0.169525
0.129297
0.159259
0.167511
0.127153
0.130364
0.167636
0.131203
0.170848
0.172246
0.150708
0.122398
0.175772
0.176215
0.160264
0.166513
0.168797
0.121899
0.125409
0.171541
0.129180
0.122724
0.142339
0.182600
0.148090
0.175933
0.155791
0.163591
0.174353
0.126701
0.159233
0.164459
0.151250
0.126899
0.144899
0.143588
0.157875
0.169829
0.172073
0.172915
0.174009
0.144110
0.167312
0.134449
0.128767
0.172780
0.144758
0.127677
0.141585
0.126462
0.177592
0.172350
0.170831
0.169201
0.129343
0.144828
0.131890
0.161582
0.167677
0.156120
0.182992
0.131428
0.171431
0.158919
0.130094
0.129764
0.129903
0.161472
0.136996
0.177648
0.113701
0.154119
0.172038
0.172870
0.151158
0.170825
0.164956
0.171546
0.161105
0.140505
0.121350
0.153968
0.175053
0.123512
0.171388
0.150604
0.168568
0.156623
0.171971
0.147753
0.177010
0.136129
0.145522
0.172640
0.171823
0.146366
0.170467
0.175719
0.121239
0.167151
0.143325
0.171645
0.178006
0.169964
0.139735
0.165760
0.168577
0.142878
0.176548
0.132679
0.127915
0.120786
0.114787
0.147194
0.154913
0.124528
0.164825
0.179283
0.124704
0.167882
0.142066
0.168506
0.164999
0.171752
0.155788
0.145917
0.167950
0.166892
0.169575
0.137947
0.142964
0.163593
0.139640
0.165151
0.127168
0.162004
0.158921
0.155214
0.170691
0.151512
0.168562
0.172570
0.167892
0.147878
0.160395
0.139294
0.172962
0.168135
0.135535
0.178444
0.128554
0.156274
0.162413
0.122261
0.157715
0.157638
0.168885
0.143161
0.165525
0.138857
0.155892
0.166187
0.132964
0.144144
0.142988
0.138785
0.168908
0.144600
0.172100
0.128897
0.170754
0.166461
0.119033
0.142633
0.170551
0.138157
0.132715
0.127871
0.155461
0.166645
0.169936
0.128309
0.168284
0.119984
0.169405
0.171710
0.125070
0.177305
0.162834
0.125766
0.138725
0.141374
0.120840
0.169526
0.126956
0.135826
0.130351
0.169710
0.169683
0.172620
0.164791
0.164654
0.143016
0.157597
0.133662
0.173216
0.141893
0.119887
0.151446
0.144779
0.162825
0.171463
0.170917
0.142606
0.125880
0.158446
0.168191
0.165027
0.168070
0.129213
0.123446
0.136806
0.165516
0.171992
0.129004
0.171477
0.170647
0.156946
0.163891
0.170570
0.169934
0.124952
0.163064
0.141635
0.178514
0.154771
0.140721
0.168470
0.227923
0.171717
0.137000
0.132886
0.170294
0.128138
0.170138
0.128447
0.129035
0.168693
0.178537
0.161874
0.167244
0.143370
0.143040
0.170097
0.133767
0.170950
0.143482
0.144874
0.173519
0.168679
0.143198
0.170871
0.129956
0.128462
0.166216
0.166849
0.124822
0.167700
0.164132
0.168900
0.166177
0.169513
0.134095
0.129048
0.169017
0.143497
0.171919
0.177686
0.121032
0.171724
0.141750
0.169143
0.121271
0.161643
0.127968
0.121241
0.157577
0.135933
0.169662
0.138497
0.154468
0.132121
0.171033
0.143380
0.168450
0.123120
0.171405
0.143553
0.182612
0.115985
0.172223
0.131686
0.126582
0.171039
0.177709
0.126779
0.149872
0.163561
0.128434
0.167056
0.163678
0.154462
0.171313
0.141026
0.127684
0.164356
0.169203
0.174867
0.141748
0.158802
0.156131
0.126471
0.166897
0.136293
0.166886
0.143312
0.154408
0.128180
0.117770
0.171492
0.177761
0.141985
0.168101
0.130262
0.126637
0.132303
0.169977
0.156826
0.165070
0.169939
0.171687
0.144726
0.156636
0.172551
0.180898
0.131199
0.142436
0.147001
0.170108
0.169895
0.143064
0.172678
0.169696
0.168788
0.155033
0.150426
0.167864
0.128723
0.169903
0.157949
0.171818
0.156218
0.169563
0.138436
0.128795
0.162477
0.151603
0.167972
0.170131
0.132174
0.171185
0.146102
0.169612
0.168992
0.168309
0.139174
0.170323
0.167188
0.162597
0.170467
0.143684
0.155329
0.127101
0.171936
0.170807
0.169248
0.161626
0.118956
0.166027
0.179926
0.133887
0.163066
0.120972
0.160781
0.170009
0.119806
0.166630
0.157175
0.151996
0.142582
0.165988
0.168250
0.168685
0.162294
0.169600
0.172160
0.171984
0.146552
0.158897
0.141506
0.126157
0.170607
0.140022
0.170392
0.137647
0.144496
0.169328
0.135934
0.175002
0.134825
0.126307
0.173010
0.171138
0.142353
0.161725
0.171044
0.120106
0.146131
0.142699
0.164592
0.166186
0.178729
0.127283
0.163413
0.167280
0.129801
0.169647
0.131110
0.166011
0.170846
0.169553
0.117861
0.122537
0.169771
0.132776
0.136831
0.159721
0.126086
0.171112
0.172698
0.164185
0.111000
0.170469
0.152171
0.157202
0.166452
0.168803
0.187681
0.166445
0.174299
0.126392
0.126162
0.170453
0.162848
0.124182
0.166125
0.119039
0.168850
0.169570
0.135841
0.134988
0.166449
0.142142
0.168199
0.171265
0.171914
0.162259
0.168811
0.134926
0.162633
0.162800
0.221048
0.109968
0.173277
0.167048
0.167681
0.169753
0.136863
0.172811
0.140047
0.142931
0.140051
0.125451
0.157498
0.126194
0.167706
0.164345
0.175926
0.156888
0.145162
0.152753
0.118994
0.169768
0.167801
0.170458
0.161948
0.125867
0.125592
0.133174
0.170591
0.130217
0.164668
0.117497
0.169930
0.170078
0.149101
0.156999
0.169954
0.164637
0.129846
0.168280
0.170108
0.119403
0.169951
0.131365
0.172147
0.136063
0.111120
0.150565
0.117624
0.163139
0.127156
0.131884
0.165702
0.171472
0.166482
0.168828
0.125767
0.169953
0.164282
0.152037
0.149287
0.164876
0.165059
0.127930
0.141945
0.170413
0.167806
0.120424
0.143394
0.162699
0.170074
0.147611
0.170217
0.144023
0.143396
0.169516
0.165749
0.172559
0.157507
0.136707
0.139591
0.169046
0.167976
0.168972
0.163816
0.115287
0.168389
0.126192
0.155197
0.149885
0.170261
0.166206
0.111986
0.159993
0.171141
0.167394
0.166320
0.141849
0.169389
0.143675
0.128018
0.164631
0.163610
0.121303
0.125477
0.173234
0.166751
0.166221
0.164573
0.141273
0.140149
0.135809
0.154334
0.158655
0.169435
0.169114
0.136482
0.119442
0.169792
0.169738
0.127358
0.171119
0.216683
0.170382
0.132308
0.134790
0.166557
0.165433
0.142408
0.144673
0.169292
0.160671
0.136335
0.152492
0.127458
0.160995
0.171275
0.126002
0.110066
0.110306
0.149492
0.155762
0.169748
0.142391
0.124367
0.168856
0.137428
0.169912
0.168537
0.166631
0.170526
0.126523
0.123402
0.163920
0.121231
0.170485
0.126302
0.160765
0.149216
0.169748
0.169894
0.127847
0.167244
0.154814
0.127450
0.166384
0.175145
0.166859
0.126308
0.170303
0.170688
0.119141
0.133304
0.166806
0.168834
0.144005
0.169228
0.163039
0.126930
0.178713
0.128294
0.168916
0.140226
0.164151
0.168943
0.161805
0.159477
0.166350
0.169309
0.135677
0.140413
0.160458
0.151620
0.128884
0.169263
0.154648
0.162942
0.142363
0.144275
0.165730
0.174394
0.158863
0.165457
0.169775
0.118025
0.122820
0.179003
0.140179
0.170022
0.143587
0.145028
0.126618
0.134686
0.167277
0.163284
0.170506
0.129456
0.170443
0.147144
0.172050
0.166162
0.139991
0.166994
0.135223
0.157862
0.171982
0.140882
0.137347
0.121818
0.169499
0.131705
0.157714
0.132283
0.170228
0.170764
0.155336
0.167780
0.122625
0.169641
0.143539
0.122820
0.148075
0.163261
0.171047
0.172062
0.166654
0.129627
0.124929
0.126939
0.127587
0.174062
0.126819
0.170356
0.170282
0.160122
0.135437
0.169277
0.144316
0.149142
0.119145
0.135631
0.171471
0.172152
0.157941
0.146007
0.166810
0.140444
0.163732
0.176137
0.147095
0.267193
0.168630
0.161309
0.128569
0.165144
0.129004
0.119865
0.169536
0.164601
0.141782
0.178818
0.142891
0.135637
0.164321
0.168187
0.169335
0.135487
0.151849
0.163608
0.161836
0.165075
0.147191
0.169145
0.155699
0.122149
0.143318
0.150295
0.127209
0.169417
0.167090
0.176847
0.149453
0.157097
0.126864
0.174683
0.130184
0.165895
0.149870
0.165902
0.140698
0.165094
0.170324
0.160819
0.144059
0.131757
0.146284
0.157684
0.123950
0.154192
0.250939
0.178787
0.137929
0.162532
0.158140
0.162667
0.170596
0.171004
0.158549
0.134486
0.171143
0.128268
0.168989
0.116811
0.114885
0.179407
0.168268
0.158761
0.171378
0.166826
0.169847
0.170494
0.166278
0.170852
0.156705
0.169884
0.172067
0.165894
0.172404
0.162695
0.168283
0.143012
0.128407
0.132686
0.170698
0.171072
0.164239
0.169423
0.177430
0.120181
0.111479
0.157288
0.161150
0.170513
0.124765
0.168477
0.127533
0.230808
0.121001
0.113737
0.164388
0.157655
0.139244
0.169535
0.177789
0.155223
0.163310
0.143082
0.118405
0.148620
0.165082
0.170189
0.166738
0.167739
0.171154
0.169616
0.170803
0.171607
0.147068
0.170391
0.169455
0.278042
0.168666
0.149701
0.180499
0.173543
0.171100
0.156267
0.172282
0.173257
0.177410
0.176101
0.170550
0.169414
0.129579
0.199387
0.145823
0.168044
0.141332
0.185296
0.168240
0.128508
0.173223
0.166366
0.171426
0.145461
0.126010
0.198060
0.174311
0.172444
0.129405
0.147615
0.147461
0.188119
0.208897
0.208425
0.173783
0.164121
0.142678
0.168781
0.175415
0.172978
0.174141
0.155334
0.156954
0.124644
0.172659
0.173424
0.172806
0.165765
0.182402
0.139291
0.170877
0.143224
0.153175
0.204324
0.171710
0.122212
0.139014
0.173479
0.130293
0.170689
0.159188
0.172909
0.167900
0.127779
0.172763
0.170906
0.147381
0.171726
0.675909
0.168058
0.170456
0.130764
0.169100
0.171202
0.131078
0.157030
0.165701
0.176174
0.169570
0.173775
0.166247
0.175481
0.176077
0.197318
0.169036
0.142262
0.127559
0.169040
0.137834
0.169426
0.147223
0.170347
0.168704
0.168441
0.125513
0.166755
0.144461
0.157429
0.149804
0.147620
0.167497
0.174070
0.175567
0.168192
0.168712
0.117634
0.169436
0.169200
0.158436
0.168841
0.127452
0.155788
0.139251
0.146365
0.127976
0.170403
0.165708
0.139288
0.128458
0.170132
0.160936
0.145060
0.172189
0.171382
0.156378
0.170926
0.146704
0.180044
0.157184
0.142980
0.122276
0.170816
0.171302
0.175782
0.165151
0.171731
0.143247
0.138592
0.166192
0.134309
0.161219
0.159306
0.133454
0.142145
0.128891
0.138424
0.166701
0.127104
0.164150
0.166555
0.176984
0.118182
0.165552
0.147405
0.170997
0.162013
0.144460
0.162023
0.170210
0.156584
0.170709
0.146127
0.163350
0.130435
0.166729
0.126553
0.167857
0.168956
0.154491
0.118660
0.170695
0.124856
0.170314
0.127529
0.153703
0.165652
0.141803
0.170078
0.168797
0.153070
0.164563
0.154412
0.159071
0.127716
0.162930
0.165715
0.169776
0.131705
0.146658
0.169583
0.141986
0.172706
0.129175
0.165543
0.176954
0.148053
0.181908
0.164262
0.123346
0.122421
0.174289
0.139896
0.155355
0.110896
0.172044
0.169256
0.164663
0.172937
0.149521
0.129821
0.167134
0.128549
0.165329
0.146758
0.148697
0.171959
0.131415
0.159150
0.170512
0.142672
0.129463
0.144667
0.148657
0.158198
0.170171
0.144359
0.136786
0.174142
0.130070
0.170492
0.123798
0.165767
0.173242
0.164146
0.161262
0.164476
0.172319
0.157233
0.233910
0.125054
0.177504
0.142085
0.121598
0.169294
0.161142
0.168713
0.172094
0.142408
0.138693
0.125950
0.121520
0.167211
0.157839
0.167016
0.122263
0.166702
0.162734
0.166345
0.124547
0.164115
0.128126
0.168784
0.144796
0.169545
0.142582
0.145685
0.136237
0.166113
0.174367
0.128718
0.122917
0.126171
0.165431
0.149808
0.128198
0.171225
0.171463
0.149723
0.153206
0.163554
0.158932
0.154720
0.144603
0.170869
0.172973
0.152025
0.170499
0.138031
0.146645
0.114733
0.164666
0.173274
0.147568
0.169895
0.139756
0.130504
0.164314
0.152065
0.166711
0.156728
0.145747
0.127978
0.119789
0.170214
0.159396
0.213659
0.138517
0.168276
0.168516
0.158280
0.138330
0.171201
0.167913
0.158726
0.157613
0.166357
0.138344
0.167729
0.171754
0.149646
0.166790
0.125030
0.167297
0.142830
0.165425
0.167211
0.166750
0.170247
0.154987
0.155967
0.167367
0.143955
0.175819
0.172974
0.115271
0.167158
0.166544
0.156317
0.673171
0.168488
0.169793
0.166049
0.161503
0.170280
0.165503
0.168187
0.110628
0.171595
0.119078
0.170843
0.167555
0.175873
0.172553
0.169700
0.171540
0.134300
0.138414
0.140706
0.165003
0.167721
0.166797
0.165784
0.164302
0.153859
0.161593
0.169976
0.130680
0.119006
0.167255
0.178047
0.173770
0.171178
0.125628
0.165051
0.169027
0.123856
0.113999
0.141296
0.162925
0.129712
0.172109
0.171554
0.235256
0.178519
0.171989
0.159909
0.171230
0.155673
0.132271
0.172636
0.164617
0.139554
0.144027
0.142007
0.168782
0.139238
0.169593
0.165888
0.129937
0.144911
0.141141
0.169566
0.133066
0.174442
0.164812
0.163628
0.120855
0.120152
0.172261
0.145262
0.146715
0.166118
0.162785
0.168506
0.134255
0.149865
0.144717
0.165361
0.169419
0.168156
0.121244
0.148403
0.156487
0.154859
0.155448
0.133708
0.145676
0.175838
0.168320
0.120924
0.177777
0.159987
0.161651
0.170801
0.126384
0.174639
0.170541
0.178586
0.155992
0.162344
0.135231
0.126342
0.173243
0.138182
0.169042
0.173699
0.175255
0.171786
0.162653
0.169996
0.166266
0.174074
0.169368
0.131106
0.172098
0.171864
0.172077
0.172046
0.162156
0.128371
0.167857
0.161456
0.172796
0.125598
0.173005
0.167015
0.112559
0.165235
0.170347
0.158350
0.172656
0.168877
0.170038
0.136404
0.117554
0.215940
0.177380
0.126879
0.168507
0.157202
0.226699
0.298232
0.170900
0.170728
0.194203
0.166078
0.123641
0.129678
0.114141
0.169487
0.172406
0.165840
0.157353
0.170854
0.155673
0.167148
0.170102
0.155850
0.111186
0.127701
0.148998
0.179225
0.152074
0.130899
0.129317
0.161969
0.170440
0.175033
0.167517
0.167063
0.124317
0.121463
0.122353
0.123009
0.179998
0.139289
0.125225
0.168824
0.129838
0.173196
0.173129
0.125779
0.166859
0.150074
0.137581
0.169488
0.159124
0.181734
0.173418
0.132648
0.173003
0.171812
0.145446
0.141110
0.122138
0.153994
0.170454
0.171558
0.170790
0.165068
0.168901
0.171819
0.168803
0.166801
0.174249
0.131970
0.136016
0.174102
0.155090
0.169320
0.137019
0.138904
0.164581
0.167833
0.170315
0.184170
0.140205
0.155218
0.126984
0.170158
0.171601
0.171011
0.169164
0.129780
0.172097
0.171184
0.156758
0.172902
0.162967
0.130789
0.153738
0.166503
0.169473
0.168993
0.169361
0.126834
0.170986
0.172266
0.159203
0.169268
0.144251
0.155735
0.129957
0.127406
0.128473
0.168765
0.142106
0.154050
0.152891
0.124603
0.131651
0.141832
0.126983
0.151787
0.127043
0.170990
0.172475
0.166654
0.171837
0.144060
0.172362
0.135832
0.171397
0.171345
0.173814
0.172368
0.679916
0.152082
0.156864
0.172404
0.170519
0.166319
0.171874
0.160172
0.171187
0.170132
0.168881
0.127705
0.168092
0.171131
0.139552
0.180583
0.168263
0.170933
0.145054
0.157777
0.138693
0.168289
0.174084
0.131116
0.169876
0.173851
0.124250
0.174876
0.167683
0.172292
0.156837
0.158401
0.171736
0.159866
0.169129
0.127370
0.165064
0.129210
0.151015
0.140160
0.170681
0.177474
0.172134
0.132771
0.146602
0.167697
0.160911
0.167745
0.152168
0.149177
0.143768
0.136581
0.152098
0.125728
0.142740
0.172072
0.173132
0.129386
0.146834
0.169073
0.171303
0.138959
0.156900
0.129941
0.172088
0.140752
0.158513
0.171479
0.173375
0.168815
0.167947
0.158116
0.129345
0.122066
0.143447
0.176138
0.171982
0.171781
0.170408
0.140461
0.153346
0.147689
0.177057
0.114836
0.142540
0.120902
0.121772
0.171808
0.142085
0.143695
0.171314
0.144685
0.138247
0.167680
0.162536
0.149169
0.162702
0.171862
0.153038
0.142034
0.140259
0.166100
0.145525
0.169846
0.169436
0.142828
0.173674
0.170089
0.170117
0.144696
0.171573
0.131477
0.170336
0.174040
0.170132
0.129380
0.158651
0.168820
0.165195
0.127971
0.169879
0.150960
0.144717
0.172356
0.144366
0.170039
0.168505
0.173733
0.134893
0.112783
0.133942
0.120293
0.169776
0.141785
0.142148
0.173749
0.172832
0.128547
0.127081
0.167747
0.170866
0.121262
0.167702
0.152200
0.173475
0.166179
0.169979
0.128130
0.161859
0.145417
0.141975
0.170549
0.129215
0.117918
0.130069
0.169115
0.127686
0.168309
0.148766
0.166619
0.172655
0.172129
0.174099
0.128195
0.129672
0.119119
0.156914
0.141600
0.171146
0.169614
0.142221
0.169744
0.126961
0.167492
0.120046
0.121321
0.126015
0.161370
0.172016
0.142039
0.119887
0.161526
0.130444
0.145720
0.178495
0.131519
0.170388
0.168375
0.155991
0.167347
0.140220
0.167479
0.172937
0.121532
0.170765
0.164788
0.131917
0.126231
0.121563
0.169796
0.172295
0.168197
0.170580
0.120293
0.163246
0.165850
0.144689
0.129211
0.139947
0.164507
0.170944
0.179864
0.142903
0.142661
0.136358
0.120663
0.163333
0.120549
0.117255
0.171008
0.127767
0.182877
0.153293
0.167506
0.178322
0.170060
0.143825
0.169560
0.164385
0.169609
0.155835
0.155941
0.159693
0.170862
0.169985
0.156852
0.114897
0.167287
0.138709
0.144350
0.144122
0.168045
0.138692
0.126558
0.170679
0.169274
0.161512
0.128037
0.170068
0.168752
0.136374
0.165745
0.171721
0.170400
0.167449
0.159523
0.173423
0.140131
0.176428
0.170171
0.123263
0.124891
0.168528
0.169591
0.167345
0.172097
0.178254
0.119587
0.120028
0.161908
0.164358
0.178492
0.165846
0.157976
0.159467
0.170709
0.170506
0.167465
0.127948
0.153041
0.170331
0.141926
0.127015
0.170816
0.148331
0.142431
0.171179
0.166498
0.128933
0.163871
0.130922
0.118867
0.168806
0.137045
0.170383
0.141530
0.120204
0.123736
0.179816
0.127955
0.161337
0.140470
0.129337
0.158049
0.152990
0.158785
0.127816
0.170103
0.130739
0.155519
0.119605
0.176003
0.121944
0.130526
0.154343
0.122380
0.246291
0.169717
0.171627
0.126572
0.170774
0.143492
0.172121
0.164955
0.151235
0.146679
0.145048
0.175192
0.141022
0.128660
0.170401
0.136605
0.130860
0.155497
0.132517
0.144114
0.155277
0.124488
0.160894
0.175602
0.170072
0.132648
0.156354
0.171528
0.179320
0.171219
0.166326
0.122409
0.164561
0.142668
0.171114
0.166854
0.147935
0.170141
0.155060
0.166015
0.171821
0.171268
0.177011
0.118977
0.162000
0.161571
0.169326
0.167729
0.174430
0.168045
0.145270
0.128074
0.144532
0.168414
0.177460
0.138858
0.169427
0.166116
0.126919
0.172011
0.152743
0.153077
0.157777
0.124688
0.170644
0.166870
0.158732
0.115150
0.132224
0.167898
0.128185
0.117883
0.117589
0.171409
0.171354
0.142119
0.168809
0.157079
0.172697
0.120007
0.134119
0.133792
0.172297
0.142022
0.171037
0.164632
0.147181
0.129704
0.142672
0.163247
0.142326
0.161411
0.170248
0.170294
0.151232
0.146894
0.169631
0.146025
0.170392
0.153071
0.126486
0.135145
0.175790
0.156817
0.122552
0.164335
0.170082
0.170416
0.142871
0.168458
0.127503
0.140477
0.170747
0.133436
0.168814
0.165570
0.177380
0.130325
0.162780
0.143404
0.121135
0.125262
0.130226
0.183483
0.172956
0.138133
0.168839
0.146807
0.172119
0.180379
0.145764
0.164228
0.165626
0.156021
0.125162
0.161304
0.124589
0.151431
0.142274
0.127450
0.170855
0.170623
0.179505
0.170913
0.170676
0.118005
0.165676
0.171121
0.140168
0.166847
0.140467
0.124701
0.165814
0.158090
0.128460
0.168701
0.139793
0.154483
0.149897
0.133276
0.171180
0.145895
0.128321
0.168725
0.169577
0.139673
0.155021
0.168411
0.118559
0.115938
0.164637
0.140837
0.167948
0.136271
0.158574
0.127360
0.120558
0.179189
0.178206
0.157036
0.177315
0.165639
0.138717
0.169815
0.154076
0.169596
0.138756
0.142059
0.167201
0.170467
0.168078
0.132611
0.163290
0.154258
0.178886
0.126081
0.173169
0.172700
0.154011
0.170336
0.134415
0.120795
0.169228
0.129540
0.158992
0.163643
0.155439
0.171782
0.169193
0.166775
0.167570
0.144841
0.140183
0.170950
0.128078
0.168591
0.128621
0.163955
0.133391
0.127526
0.167233
0.127634
0.171765
0.121085
0.128803
0.169409
0.138058
0.165164
0.147597
0.164579
0.121149
0.167636
0.644796
0.167699
0.170408
0.160639
0.128504
0.173284
0.169136
0.152404
0.121631
0.173678
0.170267
0.143086
0.111906
0.167133
0.144995
0.153184
0.167665
0.162738
0.130500
0.168389
0.121130
0.122822
0.122149
0.171130
0.120280
0.169967
0.122950
0.171161
0.165182
0.169071
0.166040
0.172959
0.131159
0.168196
0.141243
0.131462
0.166674
0.121230
0.139892
0.122163
0.122955
0.122007
0.170450
0.170320
0.127920
0.159888
0.135893
0.155517
0.128587
0.167911
0.164883
0.165970
0.178405
0.129828
0.134392
0.143043
0.128990
0.170590
0.170958
0.174396
0.171692
0.168894
0.147998
0.129502
0.158857
0.178004
0.171343
0.152821
0.153494
0.165249
0.170207
0.165213
0.139815
0.143335
0.188682
0.170824
0.163817
0.165849
0.167046
0.179524
0.166929
0.152543
0.128678
0.185376
0.118431
0.151083
0.168649
0.120032
0.170312
0.150807
0.145067
0.159325
0.164956
0.156869
0.124822
0.164463
0.169672
0.141458
0.169574
0.130943
0.171168
0.139108
0.156508
0.164937
0.170492
0.142031
0.167903
0.177268
0.141292
0.155560
0.171563
0.169061
0.177197
0.135230
0.166260
0.142300
0.143069
0.165363
0.166149
0.193934
0.126051
0.169745
0.163655
0.164237
0.121138
0.163494
0.133262
0.122257
0.169778
0.125029
0.118442
0.156792
0.172547
0.130322
0.161925
0.167272
0.165182
0.166341
0.170572
0.171002
0.117366
0.154674
0.171007
0.141394
0.128445
0.171464
0.134508
0.144280
0.143364
0.171208
0.141648
0.126780
0.124565
0.166031
0.168479
0.132703
0.169456
0.169705
0.151783
0.178106
0.173236
0.169636
0.144054
0.144976
0.167492
0.164304
0.168996
0.172063
0.142019
0.170954
0.153681
0.154770
0.160193
0.176637
0.177198
0.145410
0.141853
0.155072
0.162438
0.172347
0.168382
0.140708
0.172020
0.172165
0.166657
0.173676
0.168991
0.171525
0.155911
0.171197
0.112994
0.120914
0.162320
0.135770
0.131646
0.125086
0.177695
0.140709
0.169418
0.140915
0.159811
0.169834
0.129679
0.167368
0.131648
0.119563
0.168454
0.178686
0.146341
0.126445
0.160513
0.160651
0.169020
0.162804
0.173737
0.171864
0.170103
0.168070
0.167527
0.147295
0.128047
0.168059
0.171646
0.171861
0.170987
0.167504
0.119149
0.119074
0.170638
0.137796
0.170948
0.164919
0.167341
0.177500
0.171870
0.163926
0.171311
0.119299
0.118829
0.171559
0.175634
0.144552
0.156456
0.167857
0.127787
0.114644
0.169985
0.145285
0.170605
0.161292
0.155924
0.128815
0.148374
0.130164
0.125858
0.156371
0.172292
0.145436
0.165707
0.137580
0.129879
0.128080
0.125949
0.170724
0.161533
0.169935
0.122301
0.123846
0.163707
0.173830
0.147564
0.142024
0.171331
0.164074
0.157176
0.169788
0.128837
0.159009
0.172292
0.129890
0.120104
0.167046
0.281354
0.171419
0.169501
0.140624
0.159554
0.174533
0.179436
0.169496
0.150851
0.169900
0.171645
0.143994
0.135490
0.141422
0.170337
0.143423
0.169512
0.163182
0.166630
0.178371
0.170929
0.166458
0.165705
0.178354
0.129326
0.162592
0.129020
0.158712
0.186319
0.145386
0.164043
0.178268
0.145584
0.134144
0.168659
0.162693
0.168529
0.167965
0.169897
0.134240
0.169465
0.167369
0.167602
0.138284
0.170283
0.157607
0.125378
0.167689
0.123958
0.162357
0.142384
0.156085
0.163542
0.166706
0.156448
0.169756
0.170582
0.177387
0.165956
0.151092
0.126612
0.168216
0.172388
0.128929
0.129127
0.177997
0.171776
0.171367
0.143042
0.166541
0.129187
0.114338
0.157698
0.123853
0.124954
0.147300
0.164538
0.145947
0.155139
0.170814
0.157743
0.163985
0.124634
0.162103
0.171908
0.135132
0.148693
0.127112
0.130935
0.169020
0.174022
0.176611
0.169146
0.122933
0.175893
0.145467
0.172418
0.170404
0.115636
0.167400
0.171491
0.151108
0.128984
0.168786
0.177968
0.163592
0.171878
0.170707
0.150890
0.170616
0.127622
0.169421
0.170011
0.170568
0.164399
0.167876
0.162946
0.147184
0.158186
0.134715
0.169712
0.164251
0.173652
0.129971
0.132078
0.152705
0.165530
0.171323
0.171856
0.134295
0.137245
0.164062
0.172417
0.128614
0.140401
0.124934
0.181369
0.173994
0.169084
0.158906
0.144330
0.156843
0.130516
0.129868
0.163347
0.174340
0.171174
0.172635
0.174430
0.173338
0.140720
0.172544
0.168425
0.142145
0.172066
0.127667
0.168704
0.165102
0.170279
0.171108
0.171057
0.170245
0.136157
0.180743
0.127645
0.163599
0.162394
0.130862
0.156373
0.169973
0.171447
0.160498
0.156643
0.133740
0.164532
0.159839
0.168008
0.162934
0.134679
0.145975
0.131425
0.170229
0.172356
0.148561
0.119690
0.171873
0.128402
0.171767
0.128675
0.169032
0.138098
0.156396
0.173100
0.131126
0.153092
0.129528
0.172696
0.181658
0.114706
0.172736
0.173005
0.170259
0.177312
0.170765
0.174239
0.146653
0.130225
0.128133
0.123001
0.123158
0.124904
0.127566
0.116277
0.127043
0.171258
0.130029
0.170786
0.169014
0.172767
0.243546
0.166067
0.137326
0.166664
0.179653
0.156470
0.172398
0.169486
0.169316
0.168516
0.123344
0.128597
0.164564
0.169528
0.143489
0.173945
0.143458
0.145613
0.154663
0.144039
0.163691
0.167033
0.170382
0.165157
0.137323
0.165967
0.169228
0.150263
0.144258
0.178407
0.155228
0.173104
0.168110
0.165782
0.128764
0.163418
0.126954
0.164135
0.168108
0.130003
0.172603
0.130752
0.644538
0.172774
0.168105
0.151331
0.128018
0.124637
0.178146
0.170280
0.170724
0.162722
0.170055
0.170163
0.155298
0.128611
0.171475
0.171674
0.138524
0.150777
0.154224
0.152994
0.135062
0.172326
0.170732
0.145578
0.163738
0.125396
0.128505
0.137904
0.160121
0.158678
0.127460
0.166373
0.181995
0.170859
0.174642
0.137875
0.173776
0.132835
0.131650
0.167800
0.141249
0.141873
0.171127
0.167913
0.119116
0.159177
0.124792
0.127231
0.171592
0.144962
0.169579
0.129574
0.130729
0.142054
0.123074
0.158177
0.155128
0.120261
0.129628
0.170342
0.172050
0.171718
0.124625
0.173860
0.145330
0.142237
0.162459
0.171769
0.139949
0.142760
0.171189
0.144848
0.173537
0.132711
0.170648
0.129284
0.122624
0.171129
0.176245
0.171629
0.172375
0.147112
0.122756
0.120842
0.120790
0.120081
0.168032
0.172930
0.146257
0.167107
0.170890
0.161891
0.173971
0.173225
0.162798
0.163461
0.171715
0.157424
0.123150
0.172347
0.174367
0.125343
0.167095
0.168972
0.175258
0.171472
0.161669
0.170417
0.164947
0.173230
0.139215
0.159653
0.172292
0.157706
0.170448
0.142590
0.169769
0.177672
0.172860
0.168902
0.171420
0.163273
0.142940
0.173413
0.126556
0.174745
0.205056
0.166480
0.123594
0.130759
0.166334
0.171797
0.144966
0.160146
0.172837
0.151975
0.131031
0.163416
0.172056
0.135784
0.168119
0.158689
0.169822
0.148269
0.154478
0.169626
0.173365
0.156524
0.167599
0.125037
0.157739
0.139993
0.167068
0.123634
0.176491
0.129825
0.171154
0.170233
0.147081
0.124342
0.170596
0.125269
0.135656
0.174631
0.169799
0.165313
0.169058
0.157030
0.170785
0.171208
0.164023
0.155025
0.178928
0.137784
0.139766
0.169851
0.130427
0.125015
0.172769
0.164082
0.156099
0.173788
0.178787
0.172236
0.136693
0.172661
0.145262
0.137077
0.155588
0.175174
0.126275
0.165608
0.158005
0.147057
0.172603
0.120723
0.178562
0.169044
0.128538
0.126947
0.171614
0.130470
0.175861
0.167092
0.169428
0.143064
0.162592
0.138206
0.142551
0.168319
0.130737
0.118610
0.172766
0.158123
0.128345
0.173050
0.131647
0.153000
0.166771
0.130353
0.169366
0.127252
0.150117
0.128320
0.122139
0.170115
0.144933
0.121583
0.145304
0.127049
0.168939
0.138866
0.166906
0.170235
0.166852
0.119956
0.181307
0.174187
0.170485
0.169905
0.162282
0.172155
0.162880
0.166738
0.145193
0.170831
0.174626
0.154491
0.171956
0.142348
0.170360
0.130792
0.164967
0.144362
0.167395
0.120099
0.152455
0.169687
0.169049
0.168513
0.130240
0.172498
0.127051
0.176229
0.124374
0.111695
0.121887
0.164213
0.124476
0.171383
0.128419
0.675701
0.156810
0.170293
0.147043
0.179262
0.169725
0.158714
0.126377
0.169807
0.170867
0.168887
0.168230
0.144461
0.120942
0.170432
0.169314
0.170380
0.169979
0.135265
0.134533
0.167286
0.165600
0.140599
0.156630
0.170829
0.158495
0.158613
0.187508
0.154537
0.169903
0.168528
0.142776
0.143303
0.170834
0.139042
0.128301
0.169177
0.124907
0.166769
0.172544
0.145289
0.157385
0.171076
0.128878
0.168134
0.183229
0.169410
0.142511
0.166998
0.172187
0.174002
0.143775
0.138027
0.139352
0.172722
0.166980
0.123961
0.169197
0.124863
0.126890
0.169435
0.136410
0.164593
0.171009
0.142879
0.118244
0.138749
0.173193
0.153947
0.129507
0.127868
0.143374
0.172851
0.170290
0.126969
0.122425
0.125150
0.165764
0.170881
0.142940
0.140753
0.153627
0.171029
0.125938
0.118765
0.120304
0.136487
0.170236
0.128255
0.169674
0.164065
0.168996
0.167681
0.170819
0.166749
0.146624
0.171203
0.144790
0.167430
0.144825
0.172870
0.169160
0.170549
0.162074
0.146138
0.171924
0.169349
0.170604
0.168935
0.130017
0.171039
0.169954
0.138342
0.117132
0.166126
0.170077
0.136718
0.170661
0.119687
0.170357
0.140226
0.140688
0.169211
0.171842
0.158828
0.126267
0.179545
0.137635
0.130924
0.145125
0.170664
0.146579
0.165158
0.167454
0.170204
0.152767
0.172790
0.160234
0.154555
0.146087
0.170346
0.172906
0.167828
0.166062
0.164167
0.166525
0.128666
0.164113
0.126127
0.175785
0.171754
0.166898
0.169473
0.166269
0.168882
0.158264
0.168503
0.169367
0.173023
0.157683
0.135091
0.154977
0.154463
0.138663
0.170703
0.143259
0.158024
0.112772
0.135132
0.172344
0.145156
0.156022
0.169878
0.182459
0.175454
0.150181
0.129483
0.170552
0.169168
0.164650
0.163749
0.144437
0.129213
0.169707
0.132018
0.167301
0.172857
0.168968
0.154427
0.171707
0.169763
0.169309
0.160887
0.146323
0.123932
0.134435
0.167935
0.126935
0.165078
0.170193
0.170380
0.150998
0.157871
0.170822
0.170747
0.132133
0.155325
0.169903
0.171260
0.156187
0.128475
0.160304
0.170889
0.131112
0.163421
0.169080
0.164784
0.170053
0.159632
0.134547
0.157550
0.166344
0.157162
0.136472
0.167829
0.162212
0.135443
0.166374
0.132988
0.169986
0.166733
0.130426
0.171632
0.119647
0.137763
0.124232
0.167190
0.142620
0.159575
0.164440
0.145884
0.172129
0.170486
0.154748
0.168453
0.166597
0.167428
0.146110
0.121535
0.119981
0.170592
0.171033
0.142191
0.164079
0.168533
0.177690
0.141586
0.164407
0.128749
0.166549
0.168682
0.166414
0.141721
0.167477
0.114561
0.164787
0.159320
0.154282
0.171266
0.171804
0.646632
0.152834
0.172491
0.136335
0.172312
0.170055
0.128197
0.162718
0.178665
0.130360
0.142234
0.170929
0.152622
0.119895
0.119847
0.129316
0.171879
0.136773
0.261190
0.170638
0.170668
0.173955
0.157373
0.145449
0.145982
0.148271
0.166005
0.171325
0.119369
0.173716
0.170195
0.125714
0.171398
0.170694
0.149361
0.170339
0.184867
0.118479
0.164023
0.121471
0.169174
0.170330
0.135569
0.160389
0.171054
0.157074
0.166087
0.169404
0.154159
0.167557
0.166403
0.170146
0.172601
0.158131
0.168420
0.177355
0.163985
0.165053
0.168015
0.166483
0.172807
0.139264
0.170666
0.169578
0.170754
0.172092
0.171288
0.170217
0.170587
0.165143
0.168661
0.186959
0.166628
0.169823
0.166570
0.170330
0.146126
0.138105
0.169064
0.143790
0.186020
0.111153
0.139628
0.167667
0.170366
0.128568
0.158229
0.116492
0.139574
0.140788
0.135625
0.165536
0.131521
0.127271
0.156078
0.179351
0.138173
0.166454
0.128123
0.161587
0.165943
0.125183
0.168338
0.162479
0.163648
0.138522
0.145685
0.169160
0.138232
0.177781
0.129214
0.161740
0.169438
0.170489
0.156653
0.174084
0.130355
0.171542
0.171194
0.167986
0.158591
0.175368
0.138380
0.165548
0.166497
0.170314
0.154662
0.120657
0.163247
0.138198
0.133122
0.164734
0.171475
0.168697
0.144070
0.146016
0.165391
0.145047
0.141905
0.169595
0.128838
0.170562
0.168121
0.170475
0.127671
0.170112
0.168635
0.169287
0.128497
0.156816
0.127977
0.155445
0.128987
0.170296
0.169176
0.175951
0.127547
0.159290
0.155550
0.161349
0.169193
0.131453
0.166013
0.184617
0.170420
0.170292
0.171873
0.170099
0.175699
0.143776
0.168054
0.133901
0.119218
0.170258
0.167082
0.165688
0.168723
0.128354
0.163255
0.171622
0.172797
0.169612
0.139980
0.171456
0.169866
0.170952
0.162019
0.128415
0.172244
0.142615
0.130152
0.165615
0.144931
0.119857
0.173967
0.136778
0.163585
0.135043
0.126274
0.156299
0.159767
0.170166
0.130522
0.172222
0.158492
0.127751
0.164211
0.171989
0.144634
0.129047
0.163568
0.164661
0.162937
0.171694
0.129555
0.119932
0.124233
0.178851
0.166083
0.121581
0.144988
0.169884
0.169469
0.128265
0.172340
0.170041
0.166666
0.164316
0.170361
0.168435
0.145858
0.146845
0.169340
0.174869
0.165689
0.140915
0.172027
0.161823
0.171268
0.158373
0.169770
0.176122
0.154453
0.168998
0.149658
0.136374
0.171535
0.146204
0.143815
0.142720
0.171605
0.128576
0.145274
0.120273
0.153595
0.172108
0.165502
0.144064
0.169144
0.123581
0.136835
0.121046
0.178380
0.115875
0.126540
0.170446
0.178598
0.170102
0.170490
0.665442
0.172433
0.114896
0.170829
0.169169
0.172433
0.170155
0.165424
0.164119
0.130152
0.169235
0.160021
0.120387
0.171410
0.156962
0.124474
0.121638
0.171263
0.173452
0.158120
0.168707
0.166687
0.162629
0.143885
0.155287
0.181138
0.172228
0.147140
0.127406
0.169843
0.143489
0.168593
0.144046
0.144743
0.168283
0.144430
0.185571
0.169109
0.170459
0.156216
0.169524
0.169478
0.151612
0.171943
0.156190
0.136150
0.126728
0.171207
0.170363
0.135316
0.132409
0.162408
0.147909
0.169792
0.169308
0.127608
0.170001
0.163505
0.121261
0.130256
0.168798
0.137645
0.151752
0.168360
0.180604
0.169690
0.165600
0.170226
0.136046
0.164236
0.168989
0.128578
0.164087
0.169787
0.173474
0.130089
0.152363
0.175013
0.138983
0.163021
0.171399
0.153216
0.137285
0.128171
0.171376
