25821184
52805632
52731904
52690944
52658176
52625408
52559872
52527104
52477952
52445184
52412416
52412416
52412416
52412416
52412416
52412416
52412416
52387840
52387840
52387840
52387840
52387840
52387840
52387840
52387840
52387840
52387840
52387840
52387840
52387840
52387840
52387840
52387840
52387840
52387840
52387840
52387840
52387840
52387840
52355072
52355072
52355072
52355072
52355072
52355072
52355072
52355072
52355072
52355072
52355072
52355072
52355072
52355072
52355072
52355072
52355072
52355072
52355072
52355072
52355072
52355072
52355072
52355072
52355072
52355072
52355072
52355072
52355072
52355072
52355072
52355072
52355072
52355072
52355072
52355072
52355072
52355072
52355072
52355072
52355072
52355072
52355072
52322304
52322304
52322304
52322304
52322304
52322304
52322304
52322304
52322304
52322304
52322304
52322304
52322304
52322304
52322304
52322304
52322304
52322304
52322304
52322304
52322304
52322304
52322304
52322304
52322304
52322304
52322304
52322304
52322304
52322304
52322304
52322304
52322304
52322304
52322304
52322304
52322304
52322304
52322304
52322304
52322304
52322304
52322304
52322304
52322304
52322304
52322304
52322304
52322304
52322304
52322304
52322304
52322304
52322304
52322304
52322304
52322304
52322304
52322304
52322304
52289536
52289536
52289536
52289536
52289536
52289536
52289536
52289536
52289536
52289536
52289536
52289536
52289536
52289536
52289536
52289536
52289536
52289536
52289536
52289536
52289536
52289536
52289536
52289536
52289536
52289536
52289536
52289536
52289536
52289536
52289536
52289536
52289536
52289536
52289536
52289536
52289536
52289536
52289536
52289536
52289536
52289536
52289536
52289536
52289536
52289536
52289536
52289536
52289536
52289536
52289536
52256768
52224000
52224000
52224000
52224000
52191232
52191232
52191232
52191232
52191232
52191232
52191232
52191232
52191232
52191232
52191232
52191232
52191232
52191232
52191232
52191232
52191232
52191232
52158464
52158464
52158464
52158464
52158464
52158464
52158464
52158464
52158464
52158464
52158464
52158464
52158464
52158464
52158464
52158464
52158464
52158464
52158464
52158464
52158464
52158464
52158464
52158464
52158464
52158464
52158464
52158464
52158464
52158464
52158464
52158464
52158464
52158464
52158464
52158464
52158464
52158464
52158464
52158464
52158464
52158464
52158464
52158464
52158464
52158464
52158464
52158464
52158464
52158464
52158464
52158464
52158464
52158464
52158464
52125696
52125696
52125696
52125696
52125696
52125696
52125696
52125696
52125696
52125696
52125696
52125696
52125696
52125696
52125696
52125696
52125696
52125696
52125696
52125696
52125696
52125696
52125696
52125696
52125696
52125696
52125696
52125696
52125696
52125696
52125696
52125696
52125696
52125696
52125696
52125696
52125696
52125696
52125696
52125696
52125696
52125696
52125696
52125696
52125696
52125696
52125696
52125696
52125696
52125696
52125696
52125696
52125696
52125696
52125696
52125696
52125696
52125696
52125696
52125696
52125696
52125696
52125696
52125696
52125696
52125696
52125696
52125696
52125696
52125696
52125696
52125696
52125696
52125696
52125696
52125696
52125696
52125696
52125696
52125696
52125696
52125696
52125696
52125696
52125696
52125696
52125696
52125696
52125696
52125696
52125696
52125696
52125696
52125696
52125696
52125696
52125696
52125696
52125696
52125696
52125696
52125696
52125696
52125696
52125696
52125696
52125696
52125696
52125696
52125696
52125696
52125696
52125696
52125696
52125696
52125696
52125696
52125696
52125696
52125696
52125696
52125696
52125696
52125696
52125696
52125696
52125696
52125696
52125696
52125696
52125696
52125696
52125696
52125696
52125696
52125696
52125696
52125696
52125696
52125696
52125696
52125696
52125696
52125696
52125696
52125696
52125696
52125696
52125696
52125696
52125696
52125696
52125696
52125696
52125696
52125696
52125696
52125696
52125696
52125696
52125696
52125696
52125696
52125696
52125696
52125696
52125696
52125696
52125696
52125696
52125696
52125696
52125696
52125696
52125696
52125696
52125696
52125696
52125696
52125696
52125696
52125696
52125696
52125696
52125696
52125696
52125696
52125696
52125696
52125696
52125696
52125696
52125696
52125696
52125696
52125696
52125696
52125696
52125696
52125696
52125696
52125696
52125696
52125696
52125696
52125696
52125696
52125696
52125696
52125696
52125696
52125696
52125696
52125696
52125696
52125696
52125696
52125696
52125696
52125696
52125696
52125696
52125696
52125696
52125696
52125696
52125696
52125696
52125696
52125696
52125696
52125696
52125696
52125696
52125696
52125696
52125696
52125696
52125696
52125696
52125696
52125696
52125696
52125696
52125696
52125696
52125696
52125696
52125696
52125696
52125696
52125696
52125696
52125696
52125696
52125696
52125696
52125696
52125696
52125696
52125696
52125696
52125696
52125696
52125696
52125696
52125696
52125696
52125696
52125696
52125696
52125696
52125696
52125696
52125696
52125696
52125696
52125696
52125696
52125696
52125696
52125696
52125696
52125696
52125696
52125696
52125696
52125696
52125696
52125696
52125696
52125696
52125696
52125696
52125696
52125696
52125696
52125696
52125696
52125696
52125696
52125696
52125696
52125696
52125696
52125696
52125696
52125696
52125696
52117504
52117504
52117504
52117504
52117504
52117504
52117504
52117504
52117504
52117504
52117504
52117504
52117504
52117504
52117504
52117504
52117504
52117504
52117504
52117504
52117504
52117504
52117504
52117504
52117504
52117504
52117504
52117504
52117504
52117504
52117504
52117504
52117504
52117504
52117504
52117504
52117504
52117504
52117504
52117504
52117504
52117504
52117504
52117504
52117504
52117504
52117504
52117504
52117504
52117504
52117504
52117504
52117504
52117504
52117504
52117504
52117504
52117504
52117504
52117504
52117504
52117504
52117504
52117504
52117504
52117504
52117504
52117504
52117504
52117504
52117504
52117504
52117504
52117504
52117504
52117504
52117504
52117504
52117504
52117504
52117504
52117504
52117504
52117504
52117504
52117504
52117504
52117504
52117504
52117504
52117504
52117504
52117504
52117504
52117504
52117504
52117504
52117504
52117504
52117504
52117504
52117504
52117504
52117504
52117504
52117504
52117504
52117504
52117504
52117504
52117504
52117504
52117504
52117504
52117504
52117504
52117504
52117504
52117504
52117504
52117504
52117504
52117504
52117504
52117504
52117504
52117504
52117504
52117504
52117504
52117504
52117504
52117504
52117504
52117504
52117504
52117504
52117504
52117504
52117504
52117504
52117504
52117504
52117504
52117504
52117504
52117504
52117504
52117504
52117504
52117504
52117504
52117504
52117504
52117504
52117504
52117504
52117504
52117504
52117504
52117504
52117504
52117504
52117504
52117504
52117504
52117504
52117504
52117504
52117504
52117504
52117504
52117504
52117504
52117504
52117504
52117504
52117504
52117504
52117504
52117504
52117504
52117504
52117504
52117504
52117504
52117504
52117504
52117504
52117504
52117504
52117504
52117504
52117504
52117504
52117504
52117504
52117504
52117504
52117504
52117504
52117504
52117504
52117504
52117504
52117504
52117504
52117504
52117504
52117504
52117504
52117504
52117504
52117504
52117504
52117504
52117504
52117504
52117504
52117504
52117504
52117504
52117504
52117504
52117504
52117504
52117504
52117504
52117504
52117504
52117504
52117504
52117504
52117504
52117504
52117504
52117504
52117504
52117504
52117504
52117504
52117504
52117504
52117504
52117504
52117504
52117504
52117504
52117504
52117504
52117504
52117504
52117504
52117504
52117504
52117504
52117504
52117504
52117504
52117504
52117504
52117504
52117504
52117504
52117504
52117504
52117504
52117504
52117504
52117504
52117504
52117504
52117504
52117504
52117504
52117504
52117504
52117504
52117504
52117504
52117504
52117504
52117504
52117504
52117504
52117504
52117504
52117504
52117504
52117504
52117504
52117504
52117504
52117504
52117504
52051968
52051968
52051968
52051968
52051968
52051968
52051968
52051968
52051968
52051968
52051968
52051968
52051968
52051968
52051968
52051968
52051968
52051968
52051968
52051968
52051968
52051968
52051968
52051968
52051968
52051968
52051968
52051968
52051968
52051968
52051968
52051968
52051968
52051968
52051968
52051968
52051968
52051968
52051968
52051968
52051968
52051968
52051968
52051968
52051968
52051968
52051968
52051968
52051968
52051968
52051968
52051968
52051968
52051968
52051968
52051968
52051968
52051968
52051968
52051968
52051968
52051968
52051968
52051968
52051968
52051968
52051968
52051968
52051968
52051968
52051968
52051968
52051968
52051968
52051968
52051968
52051968
52051968
52051968
52051968
52051968
52051968
52051968
52051968
52051968
52051968
52051968
52051968
52051968
52051968
52051968
52051968
52051968
52051968
52051968
52051968
52051968
52051968
52051968
52051968
52051968
52051968
52051968
52051968
52051968
52051968
52051968
52051968
52051968
52051968
52051968
52051968
52051968
52051968
52051968
52051968
52051968
52051968
52051968
52051968
52051968
52051968
52051968
52051968
52051968
52051968
52051968
52051968
52051968
52051968
52051968
52051968
52051968
52051968
52051968
52051968
52051968
52051968
52051968
52051968
52051968
52051968
52051968
52051968
52051968
52051968
52051968
52051968
52051968
52051968
52051968
52051968
52051968
52051968
52051968
52051968
52051968
52051968
52051968
52051968
52051968
52051968
52051968
52051968
52051968
52051968
52051968
52051968
52051968
52051968
52051968
52051968
52051968
52051968
52051968
52051968
52051968
52051968
52051968
52051968
52051968
52051968
52051968
52051968
52051968
52051968
52051968
52051968
52051968
52051968
52051968
52051968
52051968
52051968
52051968
52051968
52051968
52051968
52051968
52051968
52051968
52051968
52051968
52051968
52051968
52051968
52051968
52051968
52051968
52051968
52051968
52051968
52051968
52051968
52051968
52051968
52051968
52051968
52051968
52051968
52051968
52051968
52051968
52051968
52051968
52051968
52051968
52051968
52051968
52051968
52051968
52051968
52051968
52051968
52051968
52051968
52051968
52051968
52051968
52051968
52051968
52051968
52051968
52051968
52051968
52051968
52051968
52051968
52051968
52051968
52051968
52051968
52051968
52051968
52051968
52051968
52051968
52051968
52051968
52051968
52051968
52051968
52051968
52051968
52051968
52051968
52051968
52051968
52051968
52051968
52051968
52051968
52051968
52051968
52051968
52051968
52051968
52051968
52051968
52051968
52051968
52051968
52051968
52051968
52051968
52051968
52051968
52051968
52051968
52051968
52051968
52051968
52051968
52051968
52051968
52051968
52051968
52051968
52051968
52051968
52051968
52051968
52051968
52051968
52051968
52051968
52051968
52051968
52051968
52051968
52051968
52051968
52051968
52051968
52051968
52051968
52051968
52051968
52051968
52051968
52051968
52051968
52051968
52051968
52051968
52051968
52051968
52051968
52051968
52051968
52051968
52027392
52027392
52027392
52027392
52027392
52027392
52027392
52027392
52027392
52027392
52027392
52027392
52027392
52027392
52027392
52027392
52027392
52027392
52027392
52027392
52027392
52027392
52027392
52027392
52027392
52027392
52027392
52027392
52027392
52027392
52027392
52027392
52027392
52027392
52027392
51994624
51994624
51994624
51994624
51994624
51994624
51994624
51994624
51994624
51994624
51994624
51994624
51994624
51994624
51994624
51994624
51994624
51994624
51994624
51994624
51994624
51994624
51994624
51994624
51994624
51994624
51994624
51994624
51994624
51994624
51994624
51994624
51994624
51994624
51994624
51994624
51994624
51994624
51994624
51994624
51994624
51994624
51994624
51994624
51994624
51994624
51994624
51994624
51994624
51994624
51994624
51994624
51994624
51994624
51994624
51994624
51994624
51994624
51994624
51994624
51994624
51994624
51994624
51994624
51994624
51994624
51994624
51994624
51994624
51994624
51994624
51994624
51994624
51994624
51994624
51994624
51994624
51994624
51994624
51994624
51994624
51994624
51994624
51994624
51994624
51994624
51994624
51994624
51994624
51994624
51994624
51994624
51994624
51994624
51994624
51994624
51994624
51994624
51994624
51994624
51994624
51994624
51994624
51994624
51994624
51994624
51994624
51994624
51994624
51994624
51994624
51994624
51994624
51994624
51994624
51994624
51994624
51994624
51994624
51994624
51994624
51994624
51994624
51994624
51994624
51994624
51994624
51994624
51994624
51994624
51994624
51994624
51994624
51994624
51994624
51994624
51994624
51994624
51994624
51994624
51994624
51994624
51994624
51994624
51994624
51994624
51994624
51994624
51994624
51994624
51994624
51994624
51994624
51994624
51994624
51994624
51994624
51994624
51994624
51994624
51994624
51994624
51994624
51994624
51994624
51994624
51994624
51994624
51994624
51994624
51994624
51994624
51994624
51994624
51994624
51994624
51994624
51994624
51994624
51994624
51994624
51994624
51994624
51994624
51994624
51994624
51994624
51994624
51994624
51994624
51994624
51994624
51994624
51994624
51994624
51994624
51994624
51994624
51994624
51994624
51994624
51994624
51994624
51994624
51994624
51994624
51994624
51994624
51994624
51994624
51994624
51994624
51994624
51994624
51994624
51994624
51994624
51994624
51994624
51994624
51994624
51994624
51994624
51994624
51994624
51994624
51994624
51994624
51994624
51994624
51994624
51994624
51994624
51994624
51994624
51994624
51994624
51994624
51994624
51994624
51994624
51994624
51994624
51994624
51994624
51994624
51994624
51994624
51994624
51994624
51994624
51994624
51994624
51994624
51994624
51994624
51994624
51994624
51994624
51994624
51994624
51994624
51994624
51994624
51994624
51994624
51994624
51994624
51994624
51994624
51994624
51994624
51994624
51994624
51994624
51994624
51994624
51994624
51994624
51994624
51994624
51994624
51994624
51994624
51994624
51994624
51994624
51994624
51994624
51994624
51994624
51994624
51994624
51994624
51994624
51994624
51994624
51994624
51994624
51994624
51994624
51994624
51994624
51994624
51994624
51994624
51994624
51994624
51994624
51994624
51994624
51994624
51994624
51994624
51994624
51994624
51994624
51994624
51994624
51994624
51994624
51994624
51994624
51994624
51994624
51994624
51994624
51994624
51994624
51994624
51994624
51994624
51994624
51994624
51994624
51994624
51994624
51994624
51994624
51994624
51994624
51994624
51994624
51994624
51994624
51994624
51994624
51994624
51994624
51994624
51994624
51994624
51994624
51994624
51994624
51994624
51994624
51994624
51994624
51994624
51994624
51994624
51994624
51994624
51994624
51994624
51994624
51994624
51994624
51994624
51994624
51994624
51994624
51994624
51994624
51994624
51994624
51994624
51994624
51994624
51994624
51994624
51994624
51994624
51994624
51994624
51994624
51994624
51994624
51994624
51994624
51994624
51994624
51994624
51994624
51994624
51994624
51994624
51994624
51994624
51994624
51994624
51994624
51994624
51994624
51994624
51994624
51994624
51994624
51994624
51994624
51994624
51994624
51994624
51994624
51994624
51994624
51994624
51994624
51994624
51994624
51994624
51994624
51994624
51994624
51994624
51994624
51994624
51994624
51994624
51994624
51994624
51994624
51994624
51994624
51994624
51994624
51994624
51994624
51994624
51994624
51994624
51994624
51994624
51994624
51994624
51994624
51994624
51994624
51994624
51994624
51994624
51994624
51994624
51994624
51994624
51994624
51994624
51994624
51994624
51994624
51994624
51994624
51994624
51994624
51994624
51994624
51994624
51994624
51994624
51994624
51994624
51994624
51994624
51994624
51994624
51994624
51994624
51994624
51994624
51994624
51994624
51994624
51994624
51994624
51994624
51994624
51994624
51994624
51994624
51994624
51994624
51994624
51994624
51994624
51994624
51994624
51994624
51994624
51994624
51994624
51994624
51994624
51994624
51994624
51994624
51994624
51994624
51994624
51994624
51994624
51994624
51994624
51994624
51994624
51994624
51994624
51994624
51994624
51994624
51994624
51994624
51994624
51994624
51994624
51994624
51994624
51994624
51994624
51994624
51994624
51994624
51994624
51994624
51994624
51994624
51994624
51994624
51994624
51994624
51994624
51994624
51994624
51994624
51994624
51994624
51994624
51994624
51994624
51994624
51994624
51994624
51994624
51994624
51994624
51994624
51994624
51994624
51994624
51994624
51994624
51994624
51994624
51994624
51994624
51994624
51994624
51994624
51994624
51994624
51994624
51994624
51994624
51994624
51994624
51994624
51994624
51994624
51994624
51994624
51994624
51994624
51994624
51994624
51994624
51994624
51994624
51994624
51994624
51994624
51994624
51994624
51994624
51994624
51994624
51994624
51994624
51994624
51994624
51994624
51994624
51994624
51994624
51994624
51994624
51994624
51994624
51994624
51994624
51994624
51994624
51994624
51994624
51994624
51994624
51994624
51994624
51994624
51994624
51994624
51994624
51994624
51994624
51994624
51994624
51994624
51994624
51994624
51994624
51994624
51994624
51994624
51994624
51994624
51994624
51994624
51994624
51994624
51994624
51994624
51994624
51994624
51994624
51994624
51994624
51994624
51994624
51994624
51994624
51994624
51994624
51994624
51994624
51994624
51994624
51994624
51994624
51994624
51994624
51994624
51994624
51994624
51994624
51994624
51994624
51994624
51994624
51994624
51994624
51994624
51994624
51994624
51994624
51994624
51994624
51994624
51994624
51994624
51994624
51994624
51994624
51994624
51994624
51994624
51994624
51994624
51994624
51994624
51994624
51994624
51994624
51994624
51994624
51994624
51994624
51994624
51994624
51994624
51994624
51994624
51994624
51994624
51994624
51994624
51994624
51994624
51994624
51994624
51994624
51994624
51994624
51994624
51994624
51994624
51994624
51994624
51994624
51994624
51994624
51994624
51994624
51994624
51994624
51994624
51994624
51994624
51994624
51994624
51994624
51994624
51994624
51994624
51994624
51994624
51994624
51994624
51994624
51994624
51994624
51994624
51994624
51994624
51994624
51994624
51994624
51994624
51994624
51994624
51994624
51994624
51994624
51994624
51994624
51994624
51994624
51994624
51994624
51994624
51994624
51994624
51994624
51994624
51994624
51994624
51994624
51994624
51994624
51994624
51994624
51994624
51994624
51994624
51994624
51994624
51994624
51994624
51994624
51994624
51994624
51994624
51994624
51994624
51994624
51994624
51994624
51994624
51994624
51994624
51994624
51994624
51994624
51994624
51994624
51994624
51994624
51994624
51994624
51994624
51994624
51994624
51994624
51994624
51994624
51994624
51994624
51994624
51994624
51994624
51994624
51994624
51994624
51994624
51994624
51994624
51994624
51994624
51994624
51994624
51994624
51994624
51994624
51994624
51994624
51994624
51994624
51994624
51994624
51994624
51994624
51994624
51994624
51994624
51994624
51994624
51994624
51994624
51994624
51994624
51994624
51994624
51994624
51994624
51994624
51994624
51994624
51994624
51994624
51994624
51994624
51994624
51994624
51994624
51994624
51994624
51994624
51994624
51994624
51994624
51994624
51994624
51994624
51994624
51994624
51994624
51994624
51994624
51994624
51994624
51994624
51994624
51994624
51994624
51994624
51994624
51994624
51994624
51994624
51994624
51994624
51994624
51994624
51994624
51994624
51994624
51994624
51994624
51994624
51994624
51994624
51994624
51994624
51994624
51994624
51994624
51994624
51994624
51994624
51994624
51994624
51994624
51994624
51994624
51994624
51994624
51994624
51994624
51994624
51994624
51994624
51994624
51994624
51994624
51994624
51994624
51994624
51994624
51994624
51994624
51994624
51994624
51994624
51994624
51994624
51994624
51994624
51994624
51994624
51994624
51994624
51994624
51994624
51994624
51994624
51994624
51994624
51994624
51994624
51994624
51994624
51994624
51994624
51994624
51994624
51994624
51994624
51994624
51994624
51994624
51994624
51994624
51994624
51994624
51994624
51994624
51994624
51994624
51994624
51994624
51994624
51994624
51994624
51994624
51994624
51994624
51994624
51994624
51994624
51994624
51994624
51994624
51994624
51994624
51994624
51994624
51994624
51994624
51994624
51994624
51994624
51994624
51994624
51994624
51994624
51994624
51994624
51994624
51994624
51994624
51994624
51994624
51994624
51994624
51994624
51994624
51994624
51994624
51994624
51994624
51994624
51994624
51994624
51994624
51994624
51994624
51994624
51994624
51994624
51994624
51994624
51994624
51994624
51994624
51994624
51994624
51994624
51994624
51994624
51994624
51994624
51994624
51994624
51994624
51994624
51994624
51994624
51994624
51994624
51994624
51994624
51994624
51994624
51994624
51994624
51994624
51994624
51994624
51994624
51994624
51994624
51994624
51994624
51994624
51994624
51994624
51994624
51994624
51994624
51994624
51994624
51994624
51994624
51994624
51994624
51994624
51994624
51994624
51994624
51994624
51994624
51994624
51994624
51994624
51994624
51994624
51994624
51994624
51994624
51994624
51994624
51994624
51994624
51994624
51994624
51994624
51994624
51994624
51994624
51994624
51994624
51994624
51994624
51994624
51994624
51994624
51994624
51994624
51994624
51994624
51994624
51994624
51994624
51994624
51994624
51994624
51994624
51994624
51994624
51994624
51994624
51994624
51994624
51994624
51994624
51994624
51994624
51994624
51994624
51994624
51994624
51994624
51994624
51994624
51994624
51994624
51994624
51994624
51994624
51994624
51994624
51994624
51994624
51994624
51994624
51994624
51994624
51994624
51994624
51994624
51994624
51994624
51994624
51994624
51994624
51994624
51994624
51994624
51994624
51994624
51994624
51994624
51994624
51994624
51994624
51994624
51994624
51994624
51994624
51994624
51994624
51994624
51994624
51994624
51994624
51994624
51994624
51994624
51994624
51994624
51994624
51994624
51994624
51994624
51994624
51994624
51994624
12197888
12640256
12730368
12730368
12599296
12763136
12812288
12828672
12877824
12910592
12935168
12926976
13000704
12869632
12861440
13115392
13090816
13066240
13131776
13197312
13230080
13066240
13139968
13205504
13156352
13172736
13139968
13434880
13221888
13230080
13271040
13459456
13213696
13402112
13484032
13606912
13434880
13393920
13393920
13533184
13533184
13524992
13590528
13721600
13737984
13656064
13746176
13737984
13819904
13860864
13819904
13852672
13910016
13959168
14065664
13959168
13950976
13877248
14049280
14073856
14082048
14123008
14196736
14311424
14311424
14221312
14344192
14360576
14467072
14467072
14450688
14376960
14532608
14524416
14475264
14622720
14647296
14671872
14753792
14786560
14745600
19013632
23150592
29425664
35782656
44130304
47661056
47661056
47661056
47661056
47661056
47661056
47661056
47661056
47661056
47661056
47661056
47661056
47661056
47661056
47661056
47661056
47661056
47661056
47661056
47661056
47661056
47661056
47661056
47661056
47661056
47661056
47661056
47661056
47661056
47661056
47661056
47661056
47661056
47661056
47661056
47661056
47661056
47661056
47661056
47661056
47661056
47661056
47661056
47661056
47661056
47661056
47661056
47661056
47661056
47661056
47661056
47661056
47661056
47661056
47661056
47661056
47661056
47661056
47661056
47661056
47661056
47661056
47661056
47661056
47661056
47661056
47661056
47661056
47661056
47661056
47661056
47661056
47661056
47661056
47661056
47661056
47661056
47661056
47661056
47661056
47661056
47661056
47661056
47661056
47661056
47661056
47661056
47661056
47661056
47661056
47661056
47661056
47661056
47661056
47661056
47661056
47661056
47661056
47661056
47661056
47661056
47661056
47661056
47661056
47661056
47661056
47661056
47661056
47661056
47661056
47661056
47661056
47661056
47661056
47661056
47661056
47661056
47661056
47661056
47661056
47661056
47661056
47661056
47661056
47661056
47661056
47661056
47661056
47661056
47661056
47661056
47661056
47661056
47661056
47661056
47661056
47661056
47661056
47661056
47661056
47661056
47661056
47661056
47661056
47661056
47661056
47661056
47661056
47661056
47661056
47661056
47661056
47661056
47661056
47661056
47661056
47661056
47661056
47661056
47661056
47661056
47661056
47661056
47661056
47661056
47661056
47661056
47661056
47661056
47661056
47661056
47661056
47661056
47661056
47661056
47661056
47661056
47661056
47661056
47661056
47661056
47661056
47661056
47661056
47661056
47661056
47661056
47661056
47661056
47661056
47661056
47661056
47661056
47661056
47661056
47661056
47661056
47661056
47661056
47661056
47661056
47661056
47661056
47661056
47661056
47661056
47661056
47661056
47661056
47661056
47661056
47661056
47661056
47661056
47661056
47661056
47661056
47661056
47661056
47661056
47661056
47661056
47661056
47661056
47661056
47661056
47661056
47661056
47661056
47661056
47661056
47661056
47661056
47661056
47661056
47661056
47661056
47661056
47661056
47661056
47661056
47661056
47661056
47661056
47661056
47661056
47661056
47661056
47661056
47661056
47661056
47661056
47661056
47661056
47661056
47661056
47661056
47661056
47661056
47661056
47661056
47661056
47661056
47661056
47661056
47661056
47661056
47661056
47661056
47661056
47661056
47661056
47661056
47661056
47661056
47661056
47661056
47661056
47661056
47661056
47661056
47661056
47661056
47661056
47661056
47661056
47661056
47661056
47661056
47661056
47661056
47661056
47661056
47661056
47661056
47661056
47661056
47661056
47661056
47661056
47661056
47661056
47661056
47661056
47661056
47661056
47661056
47661056
47661056
47661056
47661056
47661056
47661056
47661056
47661056
47661056
47661056
47661056
47661056
47661056
47661056
47661056
47661056
47661056
47661056
47661056
47661056
47661056
47661056
47661056
47661056
47661056
47661056
47661056
47661056
47661056
47661056
47661056
47661056
47661056
47661056
47661056
47661056
47661056
47661056
47661056
47661056
47661056
47661056
47661056
47661056
47661056
47661056
47661056
47661056
47661056
47661056
47661056
47661056
47661056
47661056
47661056
47661056
47661056
47661056
47661056
47661056
47661056
47661056
47661056
47661056
47661056
47661056
47661056
47661056
47661056
47661056
47661056
47661056
47661056
47661056
47661056
47661056
47661056
47661056
47661056
47661056
47661056
47661056
47661056
47661056
47661056
47661056
47661056
47661056
47661056
47661056
47661056
47661056
47661056
47661056
47661056
47661056
47661056
47661056
47661056
47661056
47661056
47661056
47661056
47661056
47661056
47661056
47661056
47661056
47661056
47661056
47661056
47661056
47661056
47661056
47661056
47661056
47661056
47661056
47661056
47661056
47661056
47661056
47661056
47661056
47661056
47661056
47661056
47661056
47661056
47661056
47661056
47661056
47661056
47661056
47661056
47661056
47661056
47661056
47661056
47661056
47661056
47661056
47661056
47661056
47661056
47661056
47661056
47661056
47661056
47661056
47661056
47661056
47661056
47661056
47661056
47661056
47661056
47661056
47661056
47661056
47661056
47661056
47661056
47661056
47661056
47661056
47661056
47661056
47661056
47661056
47661056
47661056
47661056
47661056
47661056
47661056
47661056
47661056
47661056
47661056
47661056
47661056
47661056
47661056
47661056
47661056
47661056
47661056
47661056
47661056
47661056
47661056
47661056
47661056
47661056
47661056
47661056
47661056
47661056
47661056
47661056
47661056
47661056
47661056
47661056
47661056
47661056
47661056
47661056
47661056
47661056
47661056
47661056
47661056
47661056
47661056
47661056
47661056
47661056
47661056
47661056
47661056
47661056
47661056
47661056
47661056
47661056
47661056
47661056
47661056
47661056
47661056
47661056
47661056
47661056
47661056
47661056
47661056
47661056
47661056
47661056
47661056
47661056
47661056
47661056
47661056
47661056
47661056
47661056
47661056
47661056
47661056
47661056
47661056
47661056
47661056
47661056
47661056
47661056
47661056
47661056
47661056
47661056
47661056
47661056
47661056
47661056
47661056
47661056
47661056
47661056
47661056
47661056
47661056
47661056
47661056
47661056
47661056
47661056
47661056
47661056
47661056
47661056
47661056
47661056
47661056
47661056
47661056
47661056
47661056
47661056
47661056
47661056
47661056
47661056
47661056
47661056
47661056
47661056
47661056
47661056
47661056
47661056
47661056
47661056
47661056
47661056
47661056
47661056
47661056
47661056
47661056
47661056
47661056
47661056
47661056
47661056
47661056
47661056
47661056
47661056
47661056
47661056
47661056
47661056
47661056
47661056
47661056
47661056
47661056
47661056
47661056
47661056
47661056
47661056
47661056
47661056
47661056
47661056
47661056
47661056
47661056
47661056
47661056
47661056
47661056
47661056
47661056
47661056
47661056
47661056
47661056
47661056
47661056
47661056
47661056
47661056
47661056
47661056
47661056
47661056
47661056
47661056
47661056
47661056
47661056
47661056
47661056
47661056
47661056
47661056
47661056
47661056
47661056
47661056
47661056
47661056
47661056
47661056
47661056
47661056
47661056
47661056
47661056
47661056
47661056
47661056
47661056
47661056
47661056
47661056
47661056
47661056
47661056
47661056
47661056
47661056
47661056
47661056
47661056
47661056
47661056
47661056
47661056
47661056
47661056
47661056
47661056
47661056
47661056
47661056
47661056
47661056
47661056
47661056
47661056
47661056
47661056
47661056
47661056
47661056
47661056
47661056
47661056
47661056
47661056
47661056
47661056
47661056
47661056
47661056
47661056
47661056
47661056
47661056
47661056
47661056
47661056
47661056
47661056
47661056
47661056
47661056
47661056
47661056
47661056
47661056
47661056
47661056
47661056
47661056
47661056
47661056
47661056
47661056
47661056
47661056
47661056
47661056
47661056
47661056
47661056
47661056
47661056
47661056
47661056
47661056
47661056
47661056
47661056
47661056
47661056
47661056
47661056
47661056
47661056
47661056
47661056
47661056
47661056
47661056
47661056
47661056
47661056
47661056
47661056
47661056
47661056
47661056
47661056
47661056
47661056
47661056
47661056
47661056
47661056
47661056
47661056
47661056
47661056
47661056
47661056
47661056
47661056
47661056
47661056
47661056
47661056
47661056
47661056
47661056
47661056
47661056
47661056
47661056
47661056
47661056
47661056
47661056
47661056
47661056
47661056
47661056
47661056
47661056
47661056
47661056
47661056
47661056
47661056
47661056
47661056
47661056
47661056
47661056
47661056
47661056
47661056
47661056
47661056
47661056
47661056
47661056
47661056
47661056
47661056
47661056
47661056
47661056
47661056
47661056
47661056
47661056
47661056
47661056
47661056
47661056
47661056
47661056
47661056
47661056
47661056
47661056
47661056
47661056
47661056
47661056
47661056
47661056
47661056
47661056
47661056
47661056
47661056
47661056
47661056
47661056
47661056
47661056
47661056
47661056
47661056
47661056
47661056
47661056
47661056
47661056
47661056
47661056
47661056
47661056
47661056
47661056
47661056
47661056
47661056
47661056
47661056
47661056
47661056
47661056
47661056
47661056
47661056
47661056
47661056
47661056
47661056
47661056
47661056
47661056
47661056
47661056
47661056
47661056
47661056
47661056
47661056
47661056
47661056
47661056
47661056
47661056
47661056
47661056
47661056
47661056
47661056
47661056
47661056
47661056
47661056
47661056
47661056
47661056
47661056
47661056
47661056
47661056
47661056
47661056
47661056
47661056
47661056
47661056
47661056
47661056
47661056
47661056
47661056
47661056
47661056
47661056
47661056
47661056
47661056
47661056
47661056
47661056
47661056
47661056
47661056
47661056
47661056
47661056
47661056
47661056
47661056
47661056
47661056
47661056
47661056
47661056
47661056
47661056
47661056
47661056
47661056
47661056
47661056
47661056
47661056
47661056
47661056
47661056
47661056
47661056
47661056
47661056
47661056
47661056
47661056
47661056
47661056
47661056
47661056
47661056
47661056
47661056
47661056
47661056
47661056
47661056
47661056
47661056
47661056
47661056
47661056
47661056
47661056
47661056
47661056
47661056
47661056
47661056
47661056
47661056
47661056
47661056
47661056
47661056
47661056
47661056
47661056
47661056
47661056
47661056
47661056
47661056
47661056
47661056
47661056
47661056
47661056
47661056
47661056
47661056
47661056
47661056
47661056
47661056
47661056
47661056
47661056
47661056
47661056
47661056
47661056
47661056
47661056
47661056
47661056
47661056
47661056
47661056
47661056
47661056
47661056
47661056
47661056
47661056
47661056
47661056
47661056
47661056
47661056
47661056
47661056
47661056
47661056
47661056
47661056
47661056
47661056
47661056
47661056
47661056
47661056
47661056
47661056
47661056
47661056
47661056
47661056
47661056
47661056
47661056
47661056
47661056
47661056
47661056
47661056
47661056
47661056
47661056
47661056
47661056
47661056
47661056
47661056
47661056
47661056
47661056
47661056
47661056
47661056
47661056
47661056
47661056
47661056
47661056
47661056
47661056
47661056
47661056
47661056
47661056
47661056
47661056
47661056
47661056
47661056
47661056
47661056
47661056
47661056
47661056
47661056
47661056
47661056
47661056
47661056
47661056
47661056
47661056
47661056
47661056
47661056
47661056
47661056
47661056
47661056
47661056
47661056
47661056
47661056
47661056
47661056
47661056
47661056
47661056
47661056
47661056
47661056
47661056
47661056
47661056
47661056
47661056
47661056
47661056
47661056
47661056
47661056
47661056
47661056
47661056
47661056
47661056
47661056
47661056
47661056
47661056
47661056
47661056
47661056
47661056
47661056
47661056
47661056
47661056
47661056
47661056
47661056
47661056
47661056
47661056
47661056
47661056
47661056
47661056
47661056
47661056
47661056
47661056
47661056
47661056
47661056
47661056
47661056
47661056
47661056
47661056
47661056
47661056
47661056
47661056
47661056
47661056
47661056
47661056
47661056
47661056
47661056
47661056
47661056
47661056
47661056
47661056
47661056
47661056
47661056
47661056
47661056
47661056
47661056
47661056
47661056
47661056
47661056
47661056
47661056
47661056
47661056
47661056
47661056
47661056
47661056
47661056
47661056
47661056
47661056
47661056
47661056
47661056
47661056
47661056
47661056
47661056
47661056
47661056
47661056
47661056
47661056
47661056
47661056
47661056
47661056
47661056
47661056
47661056
47661056
47661056
47661056
47661056
47661056
47661056
47661056
47661056
47661056
47661056
47661056
47661056
47661056
47661056
47661056
47661056
47661056
47661056
47661056
47661056
47661056
47661056
47661056
47661056
47661056
47661056
47661056
47661056
47661056
47661056
47661056
47661056
47661056
47661056
47661056
47661056
47661056
47661056
47661056
47661056
47661056
47661056
47661056
47661056
47661056
47661056
47661056
47661056
47661056
47661056
47661056
47661056
47661056
47661056
47661056
47661056
47661056
47661056
47661056
47661056
47661056
47661056
47661056
47661056
47661056
47661056
47661056
47661056
47661056
47661056
47661056
47661056
47661056
47661056
47661056
47661056
47661056
47661056
47661056
47661056
47661056
47661056
47661056
47661056
47661056
47661056
47661056
47661056
47661056
47661056
47661056
47661056
47661056
47661056
47661056
47661056
47661056
47661056
47661056
47661056
47661056
47661056
47661056
47661056
47661056
47661056
47661056
47661056
47661056
47661056
47661056
47661056
47661056
47661056
47661056
47661056
47661056
47661056
47661056
47661056
47661056
47661056
47661056
47661056
47661056
47661056
47661056
47661056
47661056
47661056
47661056
47661056
47661056
47661056
47661056
47661056
47661056
47661056
47661056
47661056
47661056
47661056
47661056
47661056
47661056
47661056
47661056
47661056
47661056
47661056
47661056
47661056
47661056
47661056
47661056
47661056
47661056
47661056
47661056
47661056
47661056
47661056
47661056
47661056
47661056
47661056
47661056
47661056
47661056
47661056
47661056
47661056
47661056
47661056
47661056
47661056
47661056
47661056
47661056
47661056
47661056
47661056
47661056
47661056
47661056
47661056
47661056
47661056
47661056
47661056
47661056
47661056
47661056
47661056
47661056
47661056
47661056
47661056
47661056
47661056
47661056
47661056
47661056
47661056
47661056
47661056
47661056
47661056
47661056
47661056
47661056
47661056
47661056
47661056
47661056
47661056
47661056
47661056
47661056
47661056
47661056
47661056
47661056
47661056
47661056
47661056
47661056
47661056
47661056
47661056
47661056
47661056
47661056
47661056
47661056
47661056
47661056
47661056
47661056
47661056
47661056
47661056
47661056
47661056
47661056
47661056
47661056
47661056
47661056
47661056
47661056
47661056
47661056
47661056
47661056
47661056
47661056
47661056
47661056
47661056
47661056
47661056
47661056
47661056
47661056
47661056
47661056
47661056
47661056
47661056
47661056
47661056
47661056
47661056
47661056
47661056
47661056
47661056
47661056
47661056
47661056
47661056
47661056
47661056
47661056
47661056
47661056
47661056
47661056
47661056
47661056
47661056
47661056
47661056
47661056
47661056
47661056
47661056
47661056
47661056
47661056
47661056
47661056
47661056
47661056
47661056
47661056
47661056
47661056
47661056
47661056
47661056
47661056
47661056
47661056
47661056
47661056
47661056
47661056
47661056
47661056
47661056
47661056
47661056
47661056
47661056
47661056
47661056
47661056
47661056
47661056
47661056
47661056
47661056
47661056
47661056
47661056
47661056
47661056
47661056
47661056
47661056
47661056
47661056
47661056
47661056
47661056
47661056
47661056
47661056
47661056
47661056
47661056
47661056
47661056
47661056
47661056
47661056
47661056
47661056
47661056
47661056
47661056
47661056
47661056
47661056
47661056
47661056
47661056
47661056
47661056
47661056
47661056
47661056
47661056
47661056
47661056
47661056
47661056
47661056
47661056
47661056
47661056
47661056
47661056
47661056
47661056
47661056
47661056
47661056
47661056
47661056
47661056
47661056
47661056
47661056
47661056
47661056
47661056
47661056
47661056
47661056
47661056
47661056
47661056
47661056
47661056
47661056
47661056
47661056
47661056
47661056
47661056
47661056
47661056
47661056
47661056
47661056
47661056
47661056
47661056
47661056
47661056
47661056
47661056
47661056
47661056
47661056
47661056
47661056
47661056
47661056
47661056
47661056
47661056
47661056
47661056
47661056
47661056
47661056
47661056
47661056
47661056
47661056
47661056
47661056
47661056
47661056
47661056
47661056
47661056
47661056
47661056
47661056
47661056
47661056
47661056
47661056
47661056
47661056
47661056
47661056
47661056
47661056
47661056
47661056
47661056
47661056
47661056
47661056
47661056
47661056
47661056
47661056
47661056
47661056
47661056
47661056
47661056
47661056
47661056
47661056
47661056
47661056
47661056
47661056
47661056
47661056
47661056
47661056
47661056
47661056
47661056
47661056
47661056
47661056
47661056
47661056
47661056
47661056
47661056
47661056
47661056
47661056
47661056
47661056
47661056
47661056
47661056
47661056
47661056
47661056
47661056
47661056
47661056
47661056
47661056
47661056
47661056
47661056
47661056
47661056
47661056
47661056
47661056
47661056
47661056
47661056
47661056
47661056
47661056
47661056
47661056
47661056
47661056
47661056
47661056
47661056
47661056
47661056
47661056
47661056
47661056
47661056
47661056
47661056
47661056
47661056
47661056
47661056
47661056
47661056
47661056
47661056
47661056
47661056
47661056
47661056
47661056
47661056
47661056
47661056
47661056
47661056
47661056
47661056
47661056
47661056
47661056
47661056
47661056
47661056
47661056
47661056
47661056
47661056
47661056
47661056
47661056
47661056
47661056
47661056
47661056
47661056
47661056
47661056
47661056
47661056
47661056
47661056
47661056
47661056
47661056
47661056
47661056
47661056
47661056
47661056
47661056
47661056
47661056
47661056
47661056
47661056
47661056
47661056
47661056
47661056
47661056
47661056
47661056
47661056
47661056
47661056
47661056
47661056
47661056
47661056
47661056
47661056
47661056
47661056
47661056
47661056
47661056
47661056
47661056
47661056
47661056
47661056
47661056
47661056
47661056
47661056
47661056
47661056
47661056
47661056
47661056
47661056
47661056
47661056
47661056
47661056
47661056
47661056
47661056
47661056
47661056
47661056
47661056
47661056
47661056
47661056
47661056
47661056
47661056
47661056
47661056
47661056
47661056
47661056
47661056
47661056
47661056
47661056
47661056
47661056
47661056
47661056
47661056
47661056
47661056
47661056
47661056
47661056
47661056
47661056
47661056
47661056
47661056
47661056
47661056
47661056
47661056
47661056
47661056
47661056
47661056
47661056
47661056
47661056
47661056
47661056
47661056
47661056
47661056
47661056
47661056
47661056
47661056
47661056
47661056
47661056
47661056
47661056
47661056
47661056
47661056
47661056
47661056
47661056
47661056
47661056
47661056
47661056
47661056
47661056
47661056
47661056
47661056
47661056
47661056
47661056
47661056
47661056
47661056
47661056
47661056
47661056
47661056
47661056
47661056
47661056
47661056
47661056
47661056
47661056
47661056
47661056
47661056
47661056
47661056
47661056
47661056
47661056
47661056
47661056
47661056
47661056
47661056
47661056
47661056
47661056
47661056
47661056
47661056
47661056
47661056
47661056
47661056
47661056
47661056
47661056
47661056
47661056
47661056
47661056
47661056
47661056
47661056
47661056
47661056
47661056
47661056
47661056
47661056
47661056
47661056
47661056
47661056
47661056
47661056
47661056
47661056
47661056
47661056
47661056
47661056
47661056
47661056
47661056
47661056
47661056
47661056
47661056
47661056
47661056
47661056
47661056
47661056
47661056
47661056
47661056
47661056
47661056
47661056
47661056
47661056
47661056
47661056
47661056
47661056
47661056
47661056
47661056
47661056
47661056
47661056
47661056
47661056
47661056
47661056
47661056
47661056
47661056
47661056
47661056
47661056
47661056
47661056
47661056
47661056
47661056
47661056
47661056
47661056
47661056
47661056
47661056
47661056
47661056
47661056
47661056
47661056
47661056
47661056
47661056
47661056
47661056
47661056
47661056
47661056
47661056
47661056
47661056
47661056
47661056
47661056
47661056
47661056
47661056
47661056
47661056
47661056
47661056
47661056
47661056
47661056
47661056
47661056
47661056
47661056
47661056
47661056
47661056
47661056
47661056
47661056
47661056
47661056
47661056
47661056
47661056
47661056
47661056
47661056
47661056
47661056
47661056
47661056
47661056
47661056
47661056
47661056
47661056
47661056
47661056
47661056
47661056
47661056
47661056
47661056
47661056
47661056
47661056
47661056
47661056
47661056
47661056
47661056
47661056
47661056
47661056
47661056
47661056
47661056
47661056
47661056
47661056
47661056
47661056
47661056
47661056
47661056
47661056
47661056
47661056
47661056
47661056
47661056
47661056
47661056
47661056
47661056
47661056
47661056
47661056
47661056
47661056
47661056
47661056
47661056
47661056
47661056
47661056
47661056
47661056
47661056
47661056
47661056
47661056
47661056
47661056
47661056
47661056
47661056
47661056
47661056
47661056
47661056
47661056
47661056
47661056
47661056
47661056
47661056
47661056
47661056
47661056
47661056
47661056
47661056
47661056
47661056
47661056
47661056
47661056
47661056
47661056
47661056
47661056
47661056
47661056
47661056
47661056
47661056
47661056
47661056
47661056
47661056
47661056
47661056
47661056
47661056
47661056
47661056
47661056
47661056
47661056
47661056
47661056
47661056
47661056
47661056
47661056
47661056
47661056
47661056
47661056
47661056
47661056
47661056
47661056
47661056
47661056
47661056
47661056
47661056
47661056
47661056
47661056
47661056
47661056
47661056
47661056
47661056
47661056
47661056
47661056
47661056
47661056
47661056
47661056
47661056
47661056
47661056
47661056
47661056
47661056
47661056
47661056
47661056
47661056
47661056
47661056
47661056
47661056
47661056
47661056
47661056
47661056
47661056
47661056
47661056
47661056
47661056
47661056
47661056
47661056
47661056
47661056
47661056
47661056
47661056
47661056
47661056
47661056
47661056
47661056
47661056
47661056
47661056
47661056
47661056
47661056
47661056
47661056
47661056
47661056
47661056
47661056
47661056
47661056
47661056
47661056
47661056
47661056
47661056
47661056
47661056
47661056
47661056
47661056
47661056
47661056
47661056
47661056
47661056
47661056
47628288
47628288
47628288
47628288
47628288
47628288
47628288
47628288
47628288
47628288
47628288
47628288
47628288
47628288
47628288
47628288
47628288
47628288
47628288
47628288
47628288
47628288
47628288
47628288
47628288
47628288
47628288
47628288
47628288
47628288
47628288
47628288
47628288
47628288
47628288
47628288
47628288
47628288
47628288
47628288
47628288
47628288
47628288
47628288
47628288
47628288
47628288
47628288
47628288
47628288
47628288
47628288
47628288
47628288
47628288
47628288
47628288
47628288
47628288
47628288
47628288
47628288
47628288
47628288
47628288
47628288
47628288
47628288
47628288
47628288
47628288
47628288
47628288
47628288
47628288
47628288
47628288
47628288
47628288
47628288
47628288
47628288
47628288
47628288
47628288
47628288
47628288
47628288
47628288
47628288
47628288
47628288
47628288
47628288
47628288
47628288
47628288
47628288
47628288
47628288
47628288
47628288
47628288
47628288
47628288
47628288
47628288
47628288
47628288
47628288
47628288
47628288
47628288
47628288
47628288
47628288
47628288
47628288
47628288
47628288
47628288
47628288
47628288
47628288
47628288
47628288
47628288
47628288
47628288
47628288
47628288
47628288
47628288
47628288
47628288
47628288
47628288
47628288
47628288
47628288
