0, 819
1, 731
2, 702
3, 705
4, 705
5, 703
6, 814
7, 815
8, 821
9, 824
10, 819
11, 821
12, 819
13, 821
14, 852
15, 822
16, 821
17, 850
18, 812
19, 699
20, 845
21, 863
22, 820
23, 844
24, 821
25, 836
26, 845
27, 819
28, 821
29, 910
30, 819
31, 702
32, 851
33, 821
34, 822
35, 846
36, 823
37, 817
38, 836
39, 820
40, 860
41, 832
42, 816
43, 817
44, 851
45, 824
46, 820
47, 846
48, 818
49, 704
50, 820
51, 820
52, 820
53, 823
54, 813
55, 821
56, 819
57, 820
58, 700
59, 838
60, 819
61, 849
62, 820
63, 864
64, 843
65, 817
66, 814
67, 834
68, 820
69, 820
70, 838
71, 825
72, 820
73, 829
74, 819
75, 820
76, 835
77, 819
78, 859
79, 846
80, 819
81, 822
82, 865
83, 822
84, 819
85, 843
86, 819
87, 818
88, 834
89, 818
90, 816
91, 839
92, 819
93, 819
94, 847
95, 818
96, 821
97, 871
98, 820
99, 817
100, 851
101, 832
102, 819
103, 851
104, 818
105, 819
106, 855
107, 818
108, 820
109, 850
110, 825
111, 860
112, 858
113, 822
114, 820
115, 845
116, 859
117, 824
118, 839
119, 821
120, 829
121, 852
122, 821
123, 814
124, 852
125, 814
126, 816
127, 844
128, 823
129, 819
130, 840
131, 819
132, 823
133, 849
134, 817
135, 856
136, 850
137, 819
138, 818
139, 853
140, 822
141, 823
142, 849
143, 821
144, 817
145, 854
146, 819
147, 819
148, 848
149, 818
150, 819
151, 839
152, 822
153, 819
154, 874
155, 818
156, 822
157, 2231
158, 939
159, 906
160, 895
161, 894
162, 919
163, 912
164, 902
165, 921
166, 903
167, 765
168, 810
169, 776
170, 772
171, 925
172, 900
173, 890
174, 935
175, 901
176, 900
177, 916
178, 901
179, 901
180, 905
181, 774
182, 769
183, 806
184, 773
185, 894
186, 927
187, 948
188, 903
189, 931
190, 898
191, 900
192, 917
193, 899
194, 900
195, 900
196, 898
197, 900
198, 933
199, 921
200, 897
201, 898
202, 925
203, 906
204, 896
205, 920
206, 897
207, 902
208, 932
209, 934
210, 903
211, 894
212, 915
213, 923
214, 988
215, 930
216, 912
217, 901
218, 898
219, 900
220, 774
221, 771
222, 775
223, 795
224, 906
225, 900
226, 931
227, 900
228, 896
229, 771
230, 937
231, 896
232, 903
233, 922
234, 896
235, 948
236, 958
237, 900
238, 900
239, 789
240, 775
241, 933
242, 927
243, 902
244, 899
245, 933
246, 894
247, 893
248, 897
249, 779
250, 773
251, 899
252, 903
253, 892
254, 901
255, 897
256, 934
257, 901
258, 923
259, 900
260, 901
261, 788
262, 769
263, 897
264, 918
265, 895
266, 893
267, 949
268, 899
269, 896
270, 899
271, 901
272, 902
273, 898
274, 930
275, 899
276, 896
277, 929
278, 936
279, 893
280, 931
281, 903
282, 895
283, 896
284, 899
285, 766
286, 901
287, 897
288, 900
289, 938
290, 928
291, 900
292, 899
293, 925
294, 900
295, 895
296, 802
297, 768
298, 907
299, 925
300, 934
301, 899
302, 899
303, 899
304, 903
305, 892
306, 930
307, 896
308, 892
309, 923
310, 902
311, 940
312, 896
313, 903
314, 901
315, 771
316, 900
317, 898
318, 898
319, 924
320, 894
321, 906
322, 953
323, 898
324, 898
325, 921
326, 903
327, 900
328, 938
329, 901
330, 903
331, 944
332, 897
333, 936
334, 905
335, 900
336, 901
337, 894
338, 896
339, 897
340, 897
341, 896
342, 902
343, 897
344, 792
345, 892
346, 893
347, 931
348, 936
349, 893
350, 931
351, 897
352, 898
353, 928
354, 907
355, 895
356, 926
357, 903
358, 896
359, 940
360, 898
361, 895
362, 926
363, 934
364, 896
365, 918
366, 897
367, 897
368, 897
369, 900
370, 769
371, 892
372, 928
373, 896
374, 936
375, 926
376, 897
377, 899
378, 916
379, 894
380, 903
381, 926
382, 899
383, 906
384, 896
385, 930
386, 897
387, 895
388, 892
389, 899
390, 911
391, 908
392, 897
393, 902
394, 919
395, 903
396, 937
397, 921
398, 902
399, 895
400, 911
401, 900
402, 900
403, 898
404, 899
405, 900
406, 894
407, 956
408, 898
409, 895
410, 929
411, 902
412, 892
413, 918
414, 901
415, 895
416, 927
417, 890
418, 961
419, 975
420, 928
421, 897
422, 898
423, 924
424, 894
425, 899
426, 927
427, 897
428, 774
429, 932
430, 889
431, 899
432, 897
433, 898
434, 896
435, 894
436, 928
437, 895
438, 901
439, 924
440, 934
441, 898
442, 940
443, 899
444, 896
445, 927
446, 894
447, 896
448, 902
449, 775
450, 773
451, 788
452, 770
453, 900
454, 931
455, 938
456, 898
457, 802
458, 766
459, 911
460, 922
461, 903
462, 894
463, 894
464, 902
465, 894
466, 935
467, 928
468, 900
469, 896
470, 919
471, 895
472, 899
473, 915
474, 899
475, 902
476, 936
477, 938
478, 900
479, 803
480, 769
481, 791
482, 794
483, 897
484, 896
485, 928
486, 892
487, 967
488, 927
489, 895
490, 903
491, 902
492, 895
493, 900
494, 903
495, 901
496, 775
497, 896
498, 899
499, 961
500, 896
501, 903
502, 928
503, 903
504, 900
505, 934
506, 899
507, 898
508, 977
509, 897
510, 936
511, 901
512, 894
513, 897
514, 793
515, 893
516, 896
517, 893
518, 895
519, 772
520, 774
521, 775
522, 897
523, 936
524, 905
525, 896
526, 921
527, 896
528, 902
529, 791
530, 772
531, 776
532, 762
533, 900
534, 899
535, 897
536, 897
537, 944
538, 931
539, 902
540, 909
541, 929
542, 899
543, 904
544, 915
545, 903
546, 903
547, 934
548, 900
549, 895
550, 921
551, 902
552, 937
553, 933
554, 905
555, 890
556, 934
557, 897
558, 899
559, 929
560, 892
561, 892
562, 929
563, 904
564, 900
565, 933
566, 900
567, 937
568, 932
569, 899
570, 898
571, 959
572, 896
573, 895
574, 932
575, 907
576, 896
577, 937
578, 908
579, 898
580, 936
581, 894
582, 977
583, 924
584, 892
585, 892
586, 959
587, 903
588, 895
589, 929
590, 897
591, 898
592, 933
593, 898
594, 894
595, 912
596, 900
597, 900
598, 928
599, 895
600, 901
601, 949
602, 887
603, 900
604, 862
605, 858
606, 818
607, 834
608, 832
609, 818
610, 848
611, 819
612, 822
613, 820
614, 822
615, 819
616, 821
617, 820
618, 819
619, 821
620, 819
621, 833
622, 820
623, 822
624, 856
625, 818
626, 819
627, 822
628, 856
629, 820
630, 820
631, 819
632, 821
633, 843
634, 832
635, 819
636, 818
637, 830
638, 832
639, 822
640, 819
641, 816
642, 817
643, 880
644, 819
645, 824
646, 822
647, 822
648, 820
649, 865
650, 820
651, 823
652, 820
653, 820
654, 830
655, 858
656, 825
657, 819
658, 862
659, 821
660, 834
661, 867
662, 850
663, 818
664, 707
665, 875
666, 821
667, 820
668, 839
669, 818
670, 820
671, 850
672, 819
673, 819
674, 837
675, 823
676, 819
677, 852
678, 823
679, 824
680, 848
681, 821
682, 819
683, 859
684, 859
685, 822
686, 816
687, 820
688, 823
689, 823
690, 820
691, 823
692, 819
693, 821
694, 818
695, 820
696, 819
697, 823
698, 817
699, 821
700, 824
701, 819
702, 822
703, 858
704, 824
705, 818
706, 819
707, 823
708, 821
709, 817
710, 820
711, 822
712, 815
713, 817
714, 813
715, 825
716, 818
717, 820
718, 860
719, 818
720, 822
721, 821
722, 862
723, 821
724, 818
725, 821
726, 818
727, 821
728, 844
729, 820
730, 815
731, 821
732, 815
733, 821
734, 819
735, 822
736, 818
737, 862
738, 818
739, 819
740, 818
741, 834
742, 832
743, 820
744, 819
745, 820
746, 823
747, 819
748, 821
749, 815
750, 822
751, 813
752, 857
753, 816
754, 813
755, 818
756, 855
757, 818
758, 819
759, 822
760, 817
761, 816
762, 814
763, 814
764, 819
765, 818
766, 816
767, 816
768, 819
769, 815
770, 823
771, 859
772, 820
773, 699
774, 818
775, 871
776, 823
777, 706
778, 847
779, 834
780, 820
781, 851
782, 819
783, 815
784, 845
785, 816
786, 818
787, 848
788, 821
789, 819
790, 885
791, 820
792, 820
793, 821
794, 826
795, 815
796, 703
797, 815
798, 813
799, 834
800, 819
801, 820
802, 853
803, 816
804, 817
805, 850
806, 817
807, 819
808, 845
809, 818
810, 818
811, 815
812, 818
813, 856
814, 820
815, 816
816, 817
817, 856
818, 818
819, 818
820, 821
821, 816
822, 821
823, 819
824, 822
825, 833
826, 824
827, 819
828, 847
829, 821
830, 822
831, 848
832, 821
833, 818
834, 852
835, 817
836, 862
837, 845
838, 822
839, 820
840, 873
841, 814
842, 824
843, 851
844, 819
845, 816
846, 849
847, 817
848, 822
849, 850
850, 821
851, 821
852, 819
853, 819
854, 820
855, 820
856, 820
857, 818
858, 819
859, 825
860, 818
861, 819
862, 820
863, 818
864, 830
865, 816
866, 820
867, 851
868, 817
869, 823
870, 879
871, 821
872, 819
873, 853
874, 856
875, 817
876, 844
877, 817
878, 820
879, 863
880, 817
881, 822
882, 852
883, 819
884, 818
885, 847
886, 817
887, 815
888, 816
889, 822
890, 821
891, 824
892, 822
893, 837
894, 821
895, 822
896, 839
897, 861
898, 819
899, 838
900, 816
901, 856
902, 851
903, 816
904, 814
905, 837
906, 814
907, 817
908, 852
909, 815
910, 817
911, 818
912, 814
913, 814
914, 817
915, 819
916, 816
917, 818
918, 814
919, 820
920, 820
921, 818
922, 842
923, 817
924, 854
925, 846
926, 817
927, 823
928, 875
929, 822
930, 820
931, 833
932, 821
933, 818
934, 845
935, 814
936, 815
937, 814
938, 823
939, 817
940, 817
941, 818
942, 833
943, 816
944, 820
945, 830
946, 815
947, 814
948, 837
949, 821
950, 823
951, 884
952, 818
953, 815
954, 846
955, 855
956, 820
957, 833
958, 822
959, 821
960, 821
961, 816
962, 823
963, 819
964, 817
965, 857
966, 815
967, 814
968, 871
969, 812
970, 814
971, 869
972, 819
973, 818
974, 866
975, 814
976, 821
977, 870
978, 859
979, 817
980, 878
981, 816
982, 855
983, 869
984, 817
985, 822
986, 868
987, 828
988, 825
989, 823
990, 824
991, 823
992, 824
993, 822
994, 826
995, 820
996, 824
997, 836
998, 823
999, 818
1000, 851
1001, 856
1002, 820
1003, 849
1004, 825
1005, 858
1006, 840
1007, 815
1008, 815
1009, 882
1010, 817
1011, 816
1012, 818
1013, 855
1014, 832
1015, 820
1016, 819
1017, 837
1018, 820
1019, 819
1020, 841
1021, 819
1022, 815
1023, 848
1024, 815
1025, 818
1026, 837
1027, 814
1028, 823
1029, 835
1030, 819
1031, 816
1032, 815
1033, 818
1034, 819
1035, 820
1036, 858
1037, 824
1038, 816
1039, 820
1040, 829
1041, 824
1042, 819
1043, 839
1044, 816
1045, 821
1046, 874
1047, 820
1048, 816
1049, 872
1050, 819
1051, 820
1052, 870
1053, 818
1054, 818
1055, 870
1056, 818
1057, 822
1058, 872
1059, 863
1060, 821
1061, 876
1062, 819
1063, 854
1064, 866
1065, 829
1066, 819
1067, 823
1068, 819
1069, 822
1070, 818
1071, 821
1072, 834
1073, 817
1074, 817
1075, 851
1076, 819
1077, 813
1078, 834
1079, 813
1080, 819
1081, 851
1082, 860
1083, 819
1084, 816
1085, 855
1086, 818
1087, 703
1088, 817
1089, 819
1090, 832
1091, 820
1092, 817
1093, 824
1094, 820
1095, 822
1096, 837
1097, 861
1098, 822
1099, 735
1100, 705
1101, 704
1102, 820
1103, 823
1104, 819
1105, 858
1106, 820
1107, 831
1108, 817
1109, 874
1110, 833
1111, 821
1112, 757
1113, 706
1114, 706
1115, 706
1116, 860
1117, 851
1118, 822
1119, 822
1120, 891
1121, 820
1122, 824
1123, 933
1124, 821
1125, 819
1126, 875
1127, 818
1128, 819
1129, 874
1130, 821
1131, 818
1132, 853
1133, 821
1134, 817
1135, 818
1136, 817
1137, 816
1138, 819
1139, 857
1140, 820
1141, 819
1142, 819
1143, 869
1144, 820
1145, 820
1146, 835
1147, 820
1148, 818
1149, 849
1150, 823
1151, 817
1152, 849
1153, 819
1154, 820
1155, 849
1156, 820
1157, 818
1158, 864
1159, 820
1160, 821
1161, 817
1162, 820
1163, 821
1164, 819
1165, 818
1166, 859
1167, 820
1168, 821
1169, 819
1170, 862
1171, 818
1172, 824
1173, 820
1174, 821
1175, 849
1176, 820
1177, 818
1178, 851
1179, 817
1180, 820
1181, 849
1182, 820
1183, 819
1184, 833
1185, 814
1186, 818
1187, 836
1188, 820
1189, 819
1190, 836
1191, 818
1192, 820
1193, 876
1194, 820
1195, 818
1196, 847
1197, 826
1198, 819
1199, 818
1200, 819
1201, 820
1202, 816
1203, 816
1204, 826
1205, 819
1206, 819
1207, 869
1208, 819
1209, 818
1210, 873
1211, 818
1212, 818
1213, 868
1214, 817
1215, 815
1216, 881
1217, 851
1218, 820
1219, 700
1220, 858
1221, 817
1222, 821
1223, 819
1224, 857
1225, 817
1226, 817
1227, 835
1228, 815
1229, 820
1230, 851
1231, 820
1232, 820
1233, 839
1234, 815
1235, 818
1236, 817
1237, 821
1238, 814
1239, 813
1240, 813
1241, 818
1242, 818
1243, 818
1244, 857
1245, 819
1246, 813
1247, 869
1248, 819
1249, 819
1250, 871
1251, 854
1252, 815
1253, 866
1254, 817
1255, 858
1256, 862
1257, 819
1258, 822
1259, 820
1260, 821
1261, 819
1262, 819
1263, 812
1264, 845
1265, 814
1266, 821
1267, 850
1268, 818
1269, 817
1270, 848
1271, 818
1272, 818
1273, 849
1274, 818
1275, 817
1276, 849
1277, 822
1278, 819
1279, 818
1280, 815
1281, 835
1282, 818
1283, 817
1284, 862
1285, 821
1286, 857
1287, 871
1288, 816
1289, 818
1290, 874
1291, 819
1292, 816
1293, 873
1294, 815
1295, 823
1296, 871
1297, 821
1298, 818
1299, 868
1300, 813
1301, 817
1302, 854
1303, 820
1304, 816
1305, 817
1306, 814
1307, 818
1308, 816
1309, 860
1310, 818
1311, 817
1312, 814
1313, 861
1314, 816
1315, 816
1316, 833
1317, 824
1318, 815
1319, 873
1320, 817
1321, 822
1322, 850
1323, 817
1324, 814
1325, 848
1326, 818
1327, 823
1328, 846
1329, 818
1330, 814
1331, 822
1332, 819
1333, 823
1334, 817
1335, 820
1336, 858
1337, 824
1338, 820
1339, 836
1340, 856
1341, 824
1342, 856
1343, 823
1344, 819
1345, 847
1346, 815
1347, 813
1348, 846
1349, 819
1350, 821
1351, 872
1352, 823
1353, 819
1354, 823
1355, 821
1356, 838
1357, 818
1358, 819
1359, 846
1360, 816
1361, 819
1362, 852
1363, 819
1364, 818
1365, 849
1366, 820
1367, 824
1368, 853
1369, 821
1370, 821
1371, 860
1372, 821
1373, 820
1374, 863
1375, 817
1376, 816
1377, 851
1378, 814
1379, 820
1380, 832
1381, 815
1382, 856
1383, 845
1384, 815
1385, 817
1386, 874
1387, 816
1388, 821
1389, 850
1390, 821
1391, 813
1392, 842
1393, 816
1394, 817
1395, 848
1396, 822
1397, 815
1398, 836
1399, 819
1400, 814
1401, 875
1402, 817
1403, 818
1404, 847
1405, 832
1406, 814
1407, 848
1408, 817
1409, 818
1410, 853
1411, 819
1412, 819
1413, 839
1414, 820
1415, 819
1416, 876
1417, 819
1418, 818
1419, 850
1420, 855
1421, 825
1422, 832
1423, 818
1424, 815
1425, 853
1426, 816
1427, 821
1428, 868
1429, 822
1430, 821
1431, 875
1432, 821
1433, 823
1434, 879
1435, 823
1436, 820
1437, 887
1438, 821
1439, 860
1440, 823
1441, 825
1442, 819
1443, 854
1444, 819
1445, 818
1446, 822
1447, 819
1448, 821
1449, 818
1450, 817
1451, 819
1452, 823
1453, 819
1454, 821
1455, 814
1456, 819
1457, 841
1458, 860
1459, 819
1460, 851
1461, 819
1462, 862
1463, 843
1464, 822
1465, 819
1466, 859
1467, 818
1468, 823
1469, 849
1470, 821
1471, 819
1472, 846
1473, 820
1474, 823
1475, 843
1476, 825
1477, 706
1478, 819
1479, 819
1480, 821
1481, 823
1482, 825
1483, 819
1484, 821
1485, 833
1486, 835
1487, 817
1488, 705
1489, 739
1490, 700
1491, 817
1492, 818
1493, 859
1494, 818
1495, 821
1496, 821
1497, 826
1498, 820
1499, 823
1500, 817
1501, 824
1502, 818
1503, 821
1504, 819
1505, 823
1506, 833
1507, 822
1508, 819
1509, 848
1510, 820
1511, 822
1512, 880
1513, 821
1514, 814
1515, 846
1516, 856
1517, 817
1518, 848
1519, 819
1520, 829
1521, 848
1522, 817
1523, 821
1524, 848
1525, 817
1526, 814
1527, 815
1528, 819
1529, 817
1530, 816
1531, 818
1532, 899
1533, 819
1534, 820
1535, 816
1536, 822
1537, 819
1538, 819
1539, 857
1540, 821
1541, 832
1542, 819
1543, 857
1544, 842
1545, 818
1546, 819
1547, 845
1548, 818
1549, 705
1550, 845
1551, 819
1552, 817
1553, 841
1554, 875
1555, 821
1556, 835
1557, 831
1558, 821
1559, 821
1560, 838
1561, 822
1562, 821
1563, 848
1564, 819
1565, 829
1566, 833
1567, 820
1568, 825
1569, 880
1570, 824
1571, 819
1572, 850
1573, 823
1574, 821
1575, 729
1576, 707
1577, 823
1578, 820
1579, 822
1580, 817
1581, 819
1582, 820
1583, 839
1584, 819
1585, 821
1586, 834
1587, 821
1588, 821
1589, 843
1590, 821
1591, 821
1592, 871
1593, 818
1594, 821
1595, 852
1596, 861
1597, 819
1598, 850
1599, 823
1600, 856
1601, 843
1602, 820
1603, 818
1604, 846
1605, 821
1606, 819
1607, 820
1608, 819
1609, 822
1610, 820
1611, 823
1612, 835
1613, 824
1614, 820
1615, 851
1616, 821
1617, 706
1618, 839
1619, 823
1620, 818
1621, 730
1622, 820
1623, 858
1624, 847
1625, 703
1626, 821
1627, 858
1628, 822
1629, 705
1630, 822
1631, 857
1632, 869
1633, 817
1634, 701
1635, 748
1636, 819
1637, 823
1638, 871
1639, 824
1640, 822
1641, 821
1642, 819
1643, 819
1644, 825
1645, 822
1646, 818
1647, 822
1648, 818
1649, 837
1650, 819
1651, 819
1652, 856
1653, 818
1654, 858
1655, 872
1656, 819
1657, 819
1658, 876
1659, 818
1660, 813
1661, 723
1662, 720
1663, 820
1664, 851
1665, 822
1666, 700
1667, 819
1668, 820
1669, 847
1670, 822
1671, 819
1672, 819
1673, 860
1674, 821
1675, 817
1676, 848
1677, 857
1678, 818
1679, 851
1680, 820
1681, 829
1682, 817
1683, 816
1684, 822
1685, 812
1686, 817
1687, 836
1688, 819
1689, 817
1690, 838
1691, 819
1692, 821
1693, 818
1694, 814
1695, 819
1696, 852
1697, 816
1698, 813
1699, 845
1700, 852
1701, 817
1702, 850
1703, 818
1704, 856
1705, 838
1706, 816
1707, 815
1708, 846
1709, 817
1710, 816
1711, 845
1712, 813
1713, 817
1714, 704
1715, 704
1716, 845
1717, 819
1718, 821
1719, 835
1720, 821
1721, 818
1722, 854
1723, 873
1724, 817
1725, 820
1726, 843
1727, 818
1728, 815
1729, 841
1730, 814
1731, 817
1732, 846
1733, 820
1734, 857
1735, 846
1736, 816
1737, 822
1738, 875
1739, 817
1740, 820
1741, 843
1742, 820
1743, 820
1744, 848
1745, 817
1746, 819
1747, 820
1748, 814
1749, 819
1750, 817
1751, 816
1752, 814
1753, 815
1754, 815
1755, 820
1756, 819
1757, 820
1758, 815
1759, 816
1760, 814
1761, 859
1762, 820
1763, 816
1764, 851
1765, 815
1766, 818
1767, 849
1768, 822
1769, 819
1770, 836
1771, 814
1772, 817
1773, 850
1774, 821
1775, 819
1776, 849
1777, 815
1778, 819
1779, 849
1780, 857
1781, 817
1782, 853
1783, 821
1784, 863
1785, 854
1786, 824
1787, 818
1788, 820
1789, 822
1790, 706
1791, 821
1792, 817
1793, 816
1794, 815
1795, 814
1796, 837
1797, 820
1798, 706
1799, 851
1800, 820
1801, 820
1802, 853
1803, 817
1804, 820
1805, 836
1806, 813
1807, 852
1808, 848
1809, 821
1810, 703
1811, 748
1812, 705
1813, 820
1814, 818
1815, 836
1816, 821
1817, 821
1818, 822
1819, 820
1820, 822
1821, 820
1822, 834
1823, 818
1824, 822
1825, 831
1826, 818
1827, 815
1828, 700
1829, 701
1830, 814
1831, 847
1832, 818
1833, 697
1834, 872
1835, 816
1836, 814
1837, 815
1838, 859
1839, 815
1840, 834
1841, 816
1842, 818
1843, 822
1844, 817
1845, 815
1846, 815
1847, 813
1848, 817
1849, 815
1850, 816
1851, 814
1852, 814
1853, 814
1854, 818
1855, 814
1856, 818
1857, 864
1858, 818
1859, 817
1860, 850
1861, 850
1862, 819
1863, 847
1864, 820
1865, 819
1866, 839
1867, 819
1868, 818
1869, 835
1870, 814
1871, 813
1872, 845
1873, 815
1874, 818
1875, 833
1876, 819
1877, 818
1878, 819
1879, 821
1880, 861
1881, 827
1882, 824
1883, 821
1884, 862
1885, 822
1886, 819
1887, 820
1888, 820
1889, 821
1890, 821
1891, 821
1892, 849
1893, 818
1894, 820
1895, 848
1896, 817
1897, 819
1898, 856
1899, 820
1900, 822
1901, 838
1902, 816
1903, 816
1904, 823
1905, 819
1906, 822
1907, 855
1908, 821
1909, 818
1910, 821
1911, 859
1912, 821
1913, 819
1914, 821
1915, 823
1916, 818
1917, 819
1918, 852
1919, 814
1920, 818
1921, 849
1922, 823
1923, 819
1924, 838
1925, 813
1926, 819
1927, 849
1928, 817
1929, 816
1930, 835
1931, 815
1932, 818
1933, 841
1934, 859
1935, 907
1936, 913
1937, 815
1938, 822
1939, 821
1940, 823
1941, 819
1942, 820
1943, 819
1944, 837
1945, 821
1946, 820
1947, 846
1948, 821
1949, 821
1950, 832
1951, 821
1952, 824
1953, 841
1954, 822
1955, 820
1956, 838
1957, 831
1958, 820
1959, 853
1960, 820
1961, 853
1962, 843
1963, 815
1964, 822
1965, 833
1966, 821
1967, 818
1968, 821
1969, 819
1970, 835
1971, 817
1972, 704
1973, 822
1974, 842
1975, 823
1976, 858
1977, 816
1978, 817
1979, 818
1980, 858
1981, 819
1982, 817
1983, 817
1984, 822
1985, 833
1986, 817
1987, 819
1988, 843
1989, 820
1990, 705
1991, 845
1992, 817
1993, 817
1994, 853
1995, 819
1996, 818
1997, 818
1998, 819
1999, 818
2000, 818
2001, 830
2002, 799
2003, 818
2004, 730
2005, 705
2006, 706
2007, 706
2008, 706
2009, 849
2010, 821
2011, 819
2012, 847
2013, 819
2014, 826
2015, 818
2016, 826
2017, 818
2018, 818
2019, 819
2020, 822
2021, 819
2022, 823
2023, 844
2024, 820
2025, 819
2026, 882
2027, 818
2028, 821
2029, 849
2030, 860
2031, 821
2032, 857
2033, 819
2034, 820
2035, 848
2036, 821
2037, 822
2038, 847
2039, 819
2040, 704
2041, 822
2042, 819
2043, 819
2044, 818
2045, 819
2046, 835
2047, 819
2048, 706
2049, 863
2050, 818
2051, 821
2052, 848
2053, 860
2054, 821
2055, 849
2056, 818
2057, 862
2058, 848
2059, 820
2060, 819
2061, 851
2062, 820
2063, 826
2064, 818
2065, 821
2066, 820
2067, 822
2068, 820
2069, 834
2070, 817
2071, 818
2072, 847
2073, 819
2074, 818
2075, 849
2076, 821
2077, 817
2078, 835
2079, 814
2080, 815
2081, 819
2082, 820
2083, 821
2084, 859
2085, 820
2086, 840
2087, 822
2088, 862
2089, 836
2090, 816
2091, 819
2092, 873
2093, 818
2094, 820
2095, 850
2096, 817
2097, 819
2098, 848
2099, 819
2100, 820
2101, 820
2102, 819
2103, 824
2104, 835
2105, 820
2106, 830
2107, 818
2108, 814
2109, 834
2110, 813
2111, 823
2112, 851
2113, 821
2114, 819
2115, 876
2116, 818
2117, 822
2118, 849
2119, 860
2120, 816
2121, 838
2122, 816
2123, 828
2124, 817
2125, 816
2126, 816
2127, 861
2128, 815
2129, 832
2130, 822
2131, 821
2132, 836
2133, 815
2134, 818
2135, 834
2136, 820
2137, 818
2138, 841
2139, 818
2140, 815
2141, 856
2142, 819
2143, 818
2144, 854
2145, 817
2146, 856
2147, 841
2148, 820
2149, 818
2150, 861
2151, 820
2152, 822
2153, 814
2154, 819
2155, 829
2156, 817
2157, 813
2158, 834
2159, 815
2160, 818
2161, 835
2162, 821
2163, 817
2164, 848
2165, 818
2166, 816
2167, 845
2168, 818
2169, 820
2170, 821
2171, 817
2172, 820
2173, 852
2174, 813
2175, 816
2176, 815
2177, 856
2178, 836
2179, 820
2180, 818
2181, 879
2182, 816
2183, 818
2184, 869
2185, 818
2186, 818
2187, 850
2188, 816
2189, 820
2190, 848
2191, 823
2192, 819
2193, 822
2194, 813
2195, 814
2196, 818
2197, 817
2198, 825
2199, 816
2200, 813
2201, 834
2202, 817
2203, 819
2204, 876
2205, 815
2206, 816
2207, 834
2208, 854
2209, 816
2210, 843
2211, 822
2212, 819
2213, 831
2214, 819
2215, 815
2216, 821
2217, 815
2218, 819
2219, 815
2220, 820
2221, 835
2222, 821
2223, 814
2224, 837
2225, 821
2226, 822
2227, 835
2228, 818
2229, 820
2230, 851
2231, 824
2232, 707
2233, 822
2234, 818
2235, 823
2236, 821
2237, 822
2238, 821
2239, 858
2240, 815
2241, 849
2242, 816
2243, 859
2244, 848
2245, 822
2246, 706
2247, 853
2248, 819
2249, 820
2250, 836
2251, 821
2252, 822
2253, 814
2254, 820
2255, 834
2256, 822
2257, 821
2258, 847
2259, 819
2260, 820
2261, 840
2262, 821
2263, 819
2264, 853
2265, 821
2266, 858
2267, 820
2268, 819
2269, 819
2270, 833
2271, 823
2272, 812
2273, 818
2274, 814
2275, 815
2276, 816
2277, 813
2278, 816
2279, 846
2280, 815
2281, 814
2282, 842
2283, 814
2284, 813
2285, 875
2286, 811
2287, 698
2288, 843
2289, 855
2290, 820
2291, 819
2292, 814
2293, 843
2294, 815
2295, 820
2296, 819
2297, 815
2298, 814
2299, 846
2300, 817
2301, 817
2302, 845
2303, 822
2304, 817
2305, 849
2306, 820
2307, 704
2308, 820
2309, 819
2310, 821
2311, 819
2312, 820
2313, 818
2314, 821
2315, 817
2316, 829
2317, 814
2318, 903
2319, 888
2320, 851
2321, 818
2322, 816
2323, 820
2324, 818
2325, 851
2326, 819
2327, 824
2328, 857
2329, 824
2330, 821
2331, 854
2332, 821
2333, 821
2334, 863
2335, 821
2336, 820
2337, 850
2338, 819
2339, 818
2340, 853
2341, 820
2342, 821
2343, 858
2344, 819
2345, 819
2346, 818
2347, 856
2348, 817
2349, 816
2350, 815
2351, 831
2352, 818
2353, 818
2354, 845
2355, 820
2356, 819
2357, 839
2358, 818
2359, 818
2360, 838
2361, 818
2362, 819
2363, 851
2364, 819
2365, 818
2366, 864
2367, 816
2368, 815
2369, 853
2370, 859
2371, 818
2372, 815
2373, 813
2374, 820
2375, 815
2376, 817
2377, 817
2378, 817
2379, 813
2380, 836
2381, 813
2382, 822
2383, 848
2384, 818
2385, 812
2386, 853
2387, 818
2388, 823
2389, 851
2390, 822
2391, 821
2392, 821
2393, 818
2394, 823
2395, 818
2396, 819
2397, 856
2398, 821
2399, 706
2400, 825
2401, 856
2402, 820
2403, 729
2404, 818
2405, 821
2406, 854
2407, 816
2408, 814
2409, 846
2410, 815
2411, 819
2412, 852
2413, 816
2414, 820
2415, 833
2416, 821
2417, 820
2418, 834
2419, 813
2420, 813
2421, 815
2422, 822
2423, 819
2424, 859
2425, 815
2426, 818
2427, 820
2428, 834
2429, 836
2430, 817
2431, 818
2432, 853
2433, 817
2434, 819
2435, 835
2436, 822
2437, 817
2438, 847
2439, 815
2440, 818
2441, 848
2442, 818
2443, 820
2444, 848
2445, 817
2446, 817
2447, 858
2448, 830
2449, 763
2450, 741
2451, 727
2452, 706
2453, 707
2454, 823
2455, 706
2456, 728
2457, 706
2458, 706
2459, 707
2460, 820
2461, 847
2462, 821
2463, 706
2464, 822
2465, 819
2466, 822
2467, 818
2468, 818
2469, 838
2470, 821
2471, 819
2472, 842
2473, 818
2474, 820
2475, 839
2476, 820
2477, 819
2478, 877
2479, 820
2480, 817
2481, 855
2482, 862
2483, 820
2484, 731
2485, 708
2486, 859
2487, 902
2488, 819
2489, 820
2490, 833
2491, 817
2492, 848
2493, 819
2494, 821
2495, 849
2496, 820
2497, 818
2498, 850
2499, 818
2500, 820
2501, 863
2502, 850
2503, 819
2504, 707
2505, 718
2506, 818
2507, 823
2508, 819
2509, 828
2510, 909
2511, 822
2512, 704
2513, 731
2514, 822
2515, 820
2516, 820
2517, 820
2518, 819
2519, 816
2520, 815
2521, 814
2522, 818
2523, 819
2524, 836
2525, 818
2526, 704
2527, 839
2528, 815
2529, 822
2530, 851
2531, 820
2532, 704
2533, 850
2534, 820
2535, 822
2536, 818
2537, 817
2538, 822
2539, 817
2540, 855
2541, 820
2542, 818
2543, 814
2544, 870
2545, 821
2546, 814
2547, 849
2548, 820
2549, 817
2550, 848
2551, 819
2552, 705
2553, 848
2554, 822
2555, 815
2556, 831
2557, 819
2558, 813
2559, 852
2560, 818
2561, 822
2562, 836
2563, 860
2564, 817
2565, 727
2566, 702
2567, 720
2568, 819
2569, 819
2570, 841
2571, 862
2572, 818
2573, 728
2574, 823
2575, 818
2576, 857
2577, 855
2578, 864
2579, 821
2580, 837
2581, 820
2582, 856
2583, 852
2584, 822
2585, 820
2586, 844
2587, 819
2588, 817
2589, 823
2590, 818
2591, 821
2592, 819
2593, 822
2594, 819
2595, 820
2596, 818
2597, 822
2598, 818
2599, 821
2600, 818
2601, 858
2602, 818
2603, 730
2604, 818
2605, 862
2606, 847
2607, 821
2608, 704
2609, 725
2610, 820
2611, 817
2612, 821
2613, 856
2614, 824
2615, 817
2616, 817
2617, 821
2618, 819
2619, 819
2620, 830
2621, 817
2622, 818
2623, 820
2624, 816
2625, 821
2626, 832
2627, 822
2628, 858
2629, 849
2630, 818
2631, 823
2632, 873
2633, 823
2634, 819
2635, 846
2636, 816
2637, 821
2638, 836
2639, 819
2640, 819
2641, 849
2642, 819
2643, 819
2644, 854
2645, 816
2646, 701
2647, 846
2648, 816
2649, 823
2650, 816
2651, 832
2652, 816
2653, 821
2654, 819
2655, 862
2656, 818
2657, 822
2658, 835
2659, 861
2660, 817
2661, 851
2662, 821
2663, 858
2664, 820
2665, 813
2666, 815
2667, 728
2668, 704
2669, 847
2670, 817
2671, 856
2672, 848
2673, 817
2674, 820
2675, 721
2676, 706
2677, 706
2678, 821
2679, 824
2680, 849
2681, 820
2682, 707
2683, 730
2684, 820
2685, 819
2686, 844
2687, 819
2688, 821
2689, 822
2690, 819
2691, 818
2692, 819
2693, 823
2694, 813
2695, 817
2696, 813
2697, 820
2698, 855
2699, 816
2700, 832
2701, 816
2702, 905
2703, 835
2704, 815
2705, 815
2706, 844
2707, 815
2708, 814
2709, 851
2710, 822
2711, 822
2712, 835
2713, 815
2714, 816
2715, 850
2716, 847
2717, 822
2718, 848
2719, 822
2720, 818
2721, 853
2722, 821
2723, 821
2724, 818
2725, 861
2726, 815
2727, 822
2728, 816
2729, 832
2730, 817
2731, 816
2732, 816
2733, 819
2734, 822
2735, 817
2736, 822
2737, 821
2738, 821
2739, 817
2740, 822
2741, 850
2742, 821
2743, 818
2744, 884
2745, 818
2746, 818
2747, 848
2748, 855
2749, 815
2750, 845
2751, 819
2752, 816
2753, 836
2754, 817
2755, 814
2756, 835
2757, 818
2758, 820
2759, 854
2760, 818
2761, 817
2762, 847
2763, 817
2764, 817
2765, 854
2766, 819
2767, 858
2768, 843
2769, 817
2770, 820
2771, 858
2772, 816
2773, 818
2774, 822
2775, 828
2776, 819
2777, 821
2778, 820
2779, 824
2780, 820
2781, 819
2782, 835
2783, 820
2784, 820
2785, 822
2786, 819
2787, 819
2788, 839
2789, 821
2790, 861
2791, 833
2792, 823
2793, 818
2794, 857
2795, 814
2796, 699
2797, 834
2798, 818
2799, 820
2800, 843
2801, 819
2802, 822
2803, 839
2804, 819
2805, 817
2806, 852
2807, 819
2808, 823
2809, 871
2810, 818
2811, 820
2812, 855
2813, 855
2814, 822
2815, 821
2816, 830
2817, 830
2818, 823
2819, 813
2820, 854
2821, 817
2822, 815
2823, 849
2824, 816
2825, 819
2826, 853
2827, 817
2828, 815
2829, 847
2830, 819
2831, 818
2832, 855
2833, 820
2834, 820
2835, 822
2836, 817
2837, 823
2838, 818
2839, 823
2840, 860
2841, 822
2842, 703
2843, 850
2844, 860
2845, 819
2846, 856
2847, 819
2848, 859
2849, 850
2850, 821
2851, 706
2852, 726
2853, 826
2854, 833
2855, 815
2856, 821
2857, 845
2858, 818
2859, 820
2860, 838
2861, 820
2862, 819
2863, 854
2864, 817
2865, 821
2866, 846
2867, 823
2868, 818
2869, 825
2870, 821
2871, 823
2872, 820
2873, 822
2874, 816
2875, 836
2876, 818
2877, 820
2878, 836
2879, 819
2880, 817
2881, 845
2882, 818
2883, 822
2884, 844
2885, 820
2886, 817
2887, 853
2888, 818
2889, 822
2890, 832
2891, 910
2892, 818
2893, 820
2894, 859
2895, 834
2896, 734
2897, 706
2898, 820
2899, 706
2900, 820
2901, 823
2902, 831
2903, 822
2904, 821
2905, 874
2906, 822
2907, 824
2908, 843
2909, 861
2910, 819
2911, 849
2912, 818
2913, 863
2914, 817
2915, 819
2916, 820
2917, 819
2918, 820
2919, 837
2920, 819
2921, 818
2922, 839
2923, 817
2924, 821
2925, 849
2926, 821
2927, 818
2928, 848
2929, 820
2930, 821
2931, 840
2932, 821
2933, 819
2934, 705
2935, 706
2936, 728
2937, 824
2938, 819
2939, 850
2940, 859
2941, 822
2942, 851
2943, 824
2944, 858
2945, 856
2946, 820
2947, 822
2948, 855
2949, 818
2950, 814
2951, 826
2952, 819
2953, 819
2954, 821
2955, 822
2956, 833
2957, 826
2958, 821
2959, 846
2960, 819
2961, 821
2962, 847
2963, 819
2964, 817
2965, 833
2966, 817
2967, 817
2968, 834
2969, 817
2970, 704
2971, 858
2972, 821
2973, 818
2974, 820
2975, 856
2976, 824
2977, 819
2978, 819
2979, 833
2980, 818
2981, 822
2982, 821
2983, 817
2984, 817
2985, 838
2986, 815
2987, 819
2988, 832
2989, 821
2990, 816
2991, 847
2992, 816
2993, 815
2994, 875
2995, 820
2996, 705
2997, 724
2998, 859
2999, 816
3000, 821
3001, 819
3002, 857
3003, 813
3004, 817
3005, 817
3006, 820
3007, 820
3008, 822
3009, 819
3010, 822
3011, 835
3012, 824
3013, 701
3014, 854
3015, 819
3016, 823
3017, 836
3018, 817
3019, 819
3020, 851
3021, 817
3022, 821
3023, 813
3024, 818
3025, 860
3026, 819
3027, 822
3028, 832
3029, 859
3030, 820
3031, 835
3032, 819
3033, 814
3034, 845
3035, 815
3036, 817
3037, 837
3038, 817
3039, 817
3040, 837
3041, 818
3042, 817
3043, 836
3044, 819
3045, 817
3046, 849
3047, 814
3048, 817
3049, 850
3050, 818
3051, 818
3052, 857
3053, 817
3054, 820
3055, 818
3056, 857
3057, 846
3058, 817
3059, 816
3060, 861
3061, 821
3062, 819
3063, 849
3064, 819
3065, 820
3066, 839
3067, 819
3068, 819
3069, 852
3070, 819
3071, 818
3072, 835
3073, 819
3074, 819
3075, 873
3076, 818
3077, 819
3078, 821
3079, 862
3080, 817
3081, 821
3082, 815
3083, 891
3084, 820
3085, 818
3086, 822
3087, 815
3088, 819
3089, 820
3090, 818
3091, 819
3092, 816
3093, 820
3094, 815
3095, 818
3096, 818
3097, 820
3098, 819
3099, 816
3100, 817
3101, 816
3102, 818
3103, 819
3104, 819
3105, 824
3106, 818
3107, 819
3108, 820
3109, 820
3110, 820
3111, 814
3112, 820
3113, 814
3114, 818
3115, 817
3116, 815
3117, 819
3118, 820
3119, 819
3120, 819
3121, 814
3122, 818
3123, 843
3124, 820
3125, 826
3126, 849
3127, 824
3128, 820
3129, 853
3130, 819
3131, 825
3132, 849
3133, 819
3134, 821
3135, 854
3136, 821
3137, 819
3138, 851
3139, 819
3140, 816
3141, 850
3142, 815
3143, 816
3144, 851
3145, 813
3146, 815
3147, 847
3148, 820
3149, 815
3150, 838
3151, 816
3152, 818
3153, 844
3154, 819
3155, 814
3156, 821
3157, 818
3158, 817
3159, 819
3160, 864
3161, 816
3162, 706
3163, 823
3164, 823
3165, 818
3166, 819
3167, 816
3168, 819
3169, 821
3170, 818
3171, 818
3172, 814
3173, 817
3174, 820
3175, 820
3176, 822
3177, 817
3178, 818
3179, 816
3180, 819
3181, 818
3182, 819
3183, 818
3184, 820
3185, 815
3186, 819
3187, 819
3188, 817
3189, 817
3190, 817
3191, 818
3192, 823
3193, 819
3194, 833
3195, 811
3196, 817
3197, 847
3198, 819
3199, 700
3200, 815
3201, 816
3202, 907
3203, 815
3204, 817
3205, 819
3206, 815
3207, 819
3208, 831
3209, 818
3210, 815
3211, 821
3212, 815
3213, 701
3214, 841
3215, 818
3216, 818
3217, 835
3218, 814
3219, 819
3220, 850
3221, 826
3222, 818
3223, 854
3224, 818
3225, 822
3226, 836
3227, 820
3228, 821
3229, 848
3230, 817
3231, 820
3232, 847
3233, 821
3234, 817
3235, 837
3236, 821
3237, 818
3238, 844
3239, 822
3240, 823
3241, 821
3242, 814
3243, 818
3244, 819
3245, 817
3246, 824
3247, 819
3248, 900
3249, 815
3250, 818
3251, 815
3252, 817
3253, 820
3254, 817
3255, 813
3256, 817
3257, 813
3258, 833
3259, 820
3260, 815
3261, 833
3262, 815
3263, 827
3264, 846
3265, 823
3266, 819
3267, 833
3268, 817
3269, 820
3270, 850
3271, 841
3272, 819
3273, 733
3274, 816
3275, 816
3276, 833
3277, 819
3278, 819
3279, 818
3280, 821
3281, 818
3282, 821
3283, 817
3284, 821
3285, 819
3286, 819
3287, 834
3288, 821
3289, 704
3290, 853
3291, 822
3292, 824
3293, 849
3294, 818
3295, 820
3296, 847
3297, 819
3298, 820
3299, 855
3300, 826
3301, 824
3302, 852
3303, 824
3304, 818
3305, 849
3306, 819
3307, 814
3308, 845
3309, 816
3310, 814
3311, 818
3312, 817
3313, 822
3314, 821
3315, 825
3316, 822
3317, 824
3318, 820
3319, 820
3320, 821
3321, 822
3322, 821
3323, 823
3324, 819
3325, 841
3326, 816
3327, 819
3328, 833
3329, 817
3330, 818
3331, 821
3332, 823
3333, 818
3334, 833
3335, 818
3336, 820
3337, 841
3338, 820
3339, 816
3340, 2147
3341, 929
3342, 905
3343, 790
3344, 929
3345, 906
3346, 900
3347, 774
3348, 772
3349, 802
3350, 900
3351, 899
3352, 918
3353, 899
3354, 902
3355, 915
3356, 900
3357, 900
3358, 903
3359, 892
3360, 902
3361, 900
3362, 925
3363, 902
3364, 895
3365, 922
3366, 903
3367, 897
3368, 932
3369, 898
3370, 900
3371, 921
3372, 895
3373, 902
3374, 933
3375, 894
3376, 903
3377, 915
3378, 900
3379, 778
3380, 928
3381, 900
3382, 896
3383, 901
3384, 900
3385, 893
3386, 901
3387, 898
3388, 896
3389, 901
3390, 770
3391, 893
3392, 902
3393, 892
3394, 902
3395, 899
3396, 767
3397, 772
3398, 772
3399, 900
3400, 901
3401, 926
3402, 899
3403, 896
3404, 900
3405, 765
3406, 774
3407, 795
3408, 764
3409, 901
3410, 924
3411, 893
3412, 766
3413, 910
3414, 888
3415, 898
3416, 932
3417, 899
3418, 894
3419, 899
3420, 902
3421, 894
3422, 765
3423, 893
3424, 899
3425, 901
3426, 894
3427, 902
3428, 900
3429, 897
3430, 899
3431, 889
3432, 924
3433, 896
3434, 891
3435, 928
3436, 896
3437, 892
3438, 911
3439, 898
3440, 891
3441, 914
3442, 902
3443, 896
3444, 895
3445, 894
3446, 893
3447, 893
3448, 899
3449, 911
3450, 895
3451, 890
3452, 909
3453, 901
3454, 907
3455, 965
3456, 970
3457, 895
3458, 929
3459, 899
3460, 914
3461, 912
3462, 898
3463, 903
3464, 920
3465, 898
3466, 901
3467, 767
3468, 774
3469, 774
3470, 797
3471, 901
3472, 907
3473, 928
3474, 899
3475, 901
3476, 928
3477, 900
3478, 899
3479, 919
3480, 900
3481, 895
3482, 792
3483, 906
3484, 904
3485, 924
3486, 901
3487, 905
3488, 912
3489, 905
3490, 902
3491, 773
3492, 774
3493, 770
3494, 928
3495, 899
3496, 904
3497, 897
3498, 904
3499, 901
3500, 890
3501, 898
3502, 897
3503, 901
3504, 916
3505, 895
3506, 896
3507, 930
3508, 905
3509, 897
3510, 934
3511, 904
3512, 896
3513, 934
3514, 896
3515, 900
3516, 930
3517, 898
3518, 897
3519, 912
3520, 897
3521, 896
3522, 900
3523, 894
3524, 898
3525, 904
3526, 922
3527, 900
3528, 903
3529, 925
3530, 897
3531, 899
3532, 919
3533, 769
3534, 900
3535, 934
3536, 895
3537, 899
3538, 927
3539, 887
3540, 900
3541, 927
3542, 895
3543, 895
3544, 931
3545, 895
3546, 893
3547, 926
3548, 892
3549, 898
3550, 931
3551, 895
3552, 915
3553, 914
3554, 899
3555, 898
3556, 895
3557, 897
3558, 893
3559, 898
3560, 893
3561, 900
3562, 771
3563, 770
3564, 771
3565, 798
3566, 898
3567, 901
3568, 924
3569, 765
3570, 896
3571, 933
3572, 904
3573, 900
3574, 932
3575, 900
3576, 898
3577, 934
3578, 903
3579, 772
3580, 765
3581, 775
3582, 795
3583, 901
3584, 896
3585, 932
3586, 899
3587, 892
3588, 924
3589, 889
3590, 891
3591, 927
3592, 905
3593, 898
3594, 891
3595, 896
3596, 892
3597, 893
3598, 892
3599, 895
3600, 898
3601, 896
3602, 896
3603, 899
3604, 924
3605, 893
3606, 898
3607, 928
3608, 894
3609, 768
3610, 798
3611, 897
3612, 898
3613, 912
3614, 894
3615, 906
3616, 918
3617, 897
3618, 895
3619, 916
3620, 779
3621, 768
3622, 797
3623, 770
3624, 899
3625, 927
3626, 893
3627, 894
3628, 796
3629, 770
3630, 900
3631, 930
3632, 891
3633, 898
3634, 796
3635, 764
3636, 772
3637, 899
3638, 883
3639, 900
3640, 899
3641, 891
3642, 982
3643, 983
3644, 894
3645, 768
3646, 763
3647, 767
3648, 795
3649, 901
3650, 894
3651, 912
3652, 901
3653, 892
3654, 912
3655, 897
3656, 891
3657, 900
3658, 890
3659, 897
3660, 894
3661, 891
3662, 895
3663, 897
3664, 892
3665, 892
3666, 896
3667, 910
3668, 904
3669, 910
3670, 918
3671, 898
3672, 898
3673, 931
3674, 899
3675, 898
3676, 930
3677, 903
3678, 897
3679, 931
3680, 902
3681, 765
3682, 796
3683, 772
3684, 766
3685, 903
3686, 897
3687, 901
3688, 901
3689, 886
3690, 892
3691, 898
3692, 892
3693, 899
3694, 930
3695, 898
3696, 899
3697, 914
3698, 892
3699, 900
3700, 919
3701, 894
3702, 897
3703, 913
3704, 891
3705, 899
3706, 930
3707, 888
3708, 895
3709, 928
3710, 898
3711, 901
3712, 931
3713, 895
3714, 893
3715, 788
3716, 767
3717, 768
3718, 932
3719, 894
3720, 901
3721, 937
3722, 894
3723, 899
3724, 928
3725, 774
3726, 895
3727, 928
3728, 900
3729, 900
3730, 926
3731, 896
3732, 775
3733, 770
3734, 771
3735, 766
3736, 921
3737, 901
3738, 896
3739, 916
3740, 898
3741, 900
3742, 922
3743, 897
3744, 897
3745, 941
3746, 898
3747, 781
3748, 795
3749, 774
3750, 766
3751, 916
3752, 903
3753, 890
3754, 926
3755, 896
3756, 895
3757, 939
3758, 899
3759, 893
3760, 910
3761, 896
3762, 897
3763, 774
3764, 772
3765, 770
3766, 795
3767, 904
3768, 897
3769, 928
3770, 897
3771, 893
3772, 889
3773, 901
3774, 890
3775, 773
3776, 765
3777, 762
3778, 797
3779, 898
3780, 896
3781, 928
3782, 892
3783, 900
3784, 928
3785, 894
3786, 901
3787, 896
3788, 818
3789, 836
3790, 842
3791, 824
3792, 731
3793, 707
3794, 707
3795, 706
3796, 705
3797, 847
3798, 822
3799, 821
3800, 845
3801, 824
3802, 819
3803, 850
3804, 822
3805, 819
3806, 850
3807, 820
3808, 821
3809, 844
3810, 823
3811, 820
3812, 836
3813, 820
3814, 822
3815, 846
3816, 823
3817, 817
3818, 846
3819, 820
3820, 821
3821, 847
3822, 821
3823, 822
3824, 819
3825, 822
3826, 836
3827, 823
3828, 816
3829, 835
3830, 820
3831, 823
3832, 818
3833, 819
3834, 823
3835, 819
3836, 823
3837, 818
3838, 820
3839, 817
3840, 821
3841, 816
3842, 816
3843, 819
3844, 816
3845, 823
3846, 819
3847, 821
3848, 820
3849, 821
3850, 821
3851, 819
3852, 819
3853, 820
3854, 823
3855, 817
3856, 822
3857, 817
3858, 820
3859, 812
3860, 816
3861, 816
3862, 813
3863, 821
3864, 819
3865, 823
3866, 817
3867, 821
3868, 819
3869, 818
3870, 819
3871, 822
3872, 817
3873, 819
3874, 818
3875, 822
3876, 823
3877, 819
3878, 819
3879, 818
3880, 816
3881, 817
3882, 818
3883, 817
3884, 815
3885, 813
3886, 815
3887, 816
3888, 819
3889, 819
3890, 815
3891, 815
3892, 817
3893, 814
3894, 817
3895, 817
3896, 814
3897, 814
3898, 815
3899, 818
3900, 822
3901, 815
3902, 818
3903, 815
3904, 818
3905, 815
3906, 816
3907, 817
3908, 819
3909, 820
3910, 817
3911, 819
3912, 818
3913, 823
3914, 814
3915, 818
3916, 816
3917, 817
3918, 815
3919, 823
3920, 818
3921, 818
3922, 818
3923, 818
3924, 824
3925, 817
3926, 820
3927, 818
3928, 822
3929, 818
3930, 818
3931, 818
3932, 817
3933, 819
3934, 820
3935, 820
3936, 819
3937, 819
3938, 818
3939, 816
3940, 814
3941, 816
3942, 817
3943, 818
3944, 823
3945, 817
3946, 822
3947, 816
3948, 821
3949, 819
3950, 818
3951, 816
3952, 820
3953, 818
3954, 819
3955, 820
3956, 819
3957, 817
3958, 819
3959, 822
3960, 817
3961, 821
3962, 818
3963, 821
3964, 817
3965, 819
3966, 818
3967, 820
3968, 818
3969, 815
3970, 817
3971, 815
3972, 824
3973, 818
3974, 821
3975, 818
3976, 819
3977, 819
3978, 819
3979, 820
3980, 820
3981, 824
3982, 821
3983, 822
3984, 817
3985, 822
3986, 819
3987, 819
3988, 817
3989, 816
3990, 818
3991, 820
3992, 819
3993, 815
3994, 894
3995, 816
3996, 822
3997, 819
3998, 823
3999, 823
4000, 820
4001, 820
4002, 818
4003, 819
4004, 818
4005, 820
4006, 819
4007, 817
4008, 817
4009, 820
4010, 817
4011, 819
4012, 814
4013, 819
4014, 820
4015, 819
4016, 895
4017, 818
4018, 824
4019, 821
4020, 824
4021, 821
4022, 857
4023, 821
4024, 824
4025, 845
4026, 825
4027, 819
4028, 852
4029, 815
4030, 817
4031, 845
4032, 818
4033, 816
4034, 849
4035, 814
4036, 814
4037, 841
4038, 814
4039, 815
4040, 845
4041, 815
4042, 819
4043, 817
4044, 818
4045, 814
4046, 818
4047, 815
4048, 848
4049, 815
4050, 822
4051, 834
4052, 818
4053, 815
4054, 849
4055, 815
4056, 823
4057, 850
4058, 824
4059, 819
4060, 849
4061, 815
4062, 820
4063, 839
4064, 815
4065, 817
4066, 848
4067, 815
4068, 821
4069, 848
4070, 815
4071, 814
4072, 815
4073, 814
4074, 819
4075, 814
4076, 819
4077, 816
4078, 820
4079, 814
4080, 817
4081, 815
4082, 816
4083, 818
4084, 814
4085, 817
4086, 818
4087, 820
4088, 816
4089, 834
4090, 816
4091, 818
4092, 851
4093, 817
4094, 816
4095, 861
4096, 813
4097, 825
4098, 727
4099, 819
4100, 820
4101, 820
4102, 823
4103, 818
4104, 825
4105, 818
4106, 822
4107, 705
4108, 818
4109, 848
4110, 819
4111, 704
4112, 849
4113, 818
4114, 817
4115, 853
4116, 825
4117, 821
4118, 817
4119, 822
4120, 821
4121, 820
4122, 820
4123, 825
4124, 818
4125, 821
4126, 819
4127, 823
4128, 818
4129, 837
4130, 821
4131, 818
4132, 833
4133, 815
4134, 821
4135, 841
4136, 815
4137, 812
4138, 849
4139, 817
4140, 823
4141, 851
4142, 821
4143, 817
4144, 836
4145, 818
4146, 821
4147, 848
4148, 820
4149, 817
4150, 838
4151, 816
4152, 816
4153, 844
4154, 812
4155, 813
4156, 843
4157, 821
4158, 819
4159, 847
4160, 818
4161, 814
4162, 819
4163, 815
4164, 822
4165, 818
4166, 816
4167, 816
4168, 814
4169, 813
4170, 818
4171, 820
4172, 818
4173, 823
4174, 820
4175, 821
4176, 836
4177, 823
4178, 819
4179, 848
4180, 821
4181, 706
4182, 848
4183, 823
4184, 820
4185, 845
4186, 821
4187, 706
4188, 823
4189, 819
4190, 822
4191, 819
4192, 822
4193, 818
4194, 828
4195, 821
4196, 823
4197, 820
4198, 706
4199, 839
4200, 816
4201, 816
4202, 850
4203, 815
4204, 700
4205, 852
4206, 817
4207, 820
4208, 820
4209, 823
4210, 818
4211, 822
4212, 821
4213, 821
4214, 819
4215, 819
4216, 822
4217, 821
4218, 823
4219, 835
4220, 831
4221, 819
4222, 839
4223, 818
4224, 822
4225, 853
4226, 822
4227, 819
4228, 837
4229, 818
4230, 820
4231, 836
4232, 819
4233, 818
4234, 859
4235, 820
4236, 834
4237, 762
4238, 742
4239, 702
4240, 706
4241, 730
4242, 819
4243, 706
4244, 706
4245, 706
4246, 730
4247, 724
4248, 822
4249, 836
4250, 820
4251, 706
4252, 823
4253, 819
4254, 841
4255, 821
4256, 819
4257, 847
4258, 822
4259, 820
4260, 841
4261, 819
4262, 818
4263, 851
4264, 816
4265, 820
4266, 838
4267, 818
4268, 819
4269, 850
4270, 822
4271, 706
4272, 855
4273, 822
4274, 827
4275, 821
4276, 825
4277, 820
4278, 826
4279, 814
4280, 824
4281, 822
4282, 821
4283, 821
4284, 822
4285, 817
4286, 822
4287, 819
4288, 816
4289, 816
4290, 815
4291, 813
4292, 834
4293, 822
4294, 819
4295, 822
4296, 819
4297, 820
4298, 729
4299, 822
4300, 821
4301, 842
4302, 820
4303, 822
4304, 838
4305, 821
4306, 815
4307, 846
4308, 814
4309, 816
4310, 846
4311, 819
4312, 706
4313, 818
4314, 818
4315, 823
4316, 819
4317, 821
4318, 818
4319, 824
4320, 821
4321, 819
4322, 820
4323, 823
4324, 820
4325, 829
4326, 817
4327, 815
4328, 835
4329, 817
4330, 814
4331, 844
4332, 815
4333, 818
4334, 847
4335, 822
4336, 817
4337, 849
4338, 813
4339, 820
4340, 815
4341, 821
4342, 814
4343, 819
4344, 815
4345, 817
4346, 816
4347, 818
4348, 846
4349, 815
4350, 817
4351, 853
4352, 815
4353, 821
4354, 851
4355, 819
4356, 822
4357, 853
4358, 821
4359, 819
4360, 819
4361, 818
4362, 824
4363, 820
4364, 819
4365, 820
4366, 825
4367, 820
4368, 850
4369, 819
4370, 823
4371, 835
4372, 824
4373, 818
4374, 851
4375, 818
4376, 818
4377, 850
4378, 819
4379, 818
4380, 847
4381, 818
4382, 818
4383, 820
4384, 817
4385, 820
4386, 817
4387, 812
4388, 819
4389, 817
4390, 821
4391, 818
4392, 819
4393, 816
4394, 836
4395, 817
4396, 820
4397, 899
4398, 820
4399, 818
4400, 818
4401, 821
4402, 820
4403, 820
4404, 820
4405, 847
4406, 816
4407, 819
4408, 848
4409, 821
4410, 820
4411, 862
4412, 818
4413, 823
4414, 820
4415, 822
4416, 818
4417, 814
4418, 813
4419, 845
4420, 817
4421, 818
4422, 832
4423, 823
4424, 817
4425, 846
4426, 817
4427, 823
4428, 850
4429, 824
4430, 818
4431, 853
4432, 821
4433, 818
4434, 855
4435, 818
4436, 814
4437, 851
4438, 817
4439, 818
4440, 852
4441, 816
4442, 818
4443, 849
4444, 822
4445, 704
4446, 852
4447, 816
4448, 820
4449, 851
4450, 816
4451, 820
4452, 841
4453, 816
4454, 820
4455, 817
4456, 816
4457, 819
4458, 819
4459, 816
4460, 817
4461, 819
4462, 820
4463, 817
4464, 821
4465, 821
4466, 826
4467, 822
4468, 821
4469, 820
4470, 822
4471, 824
4472, 819
4473, 821
4474, 817
4475, 822
4476, 814
4477, 818
4478, 818
4479, 824
4480, 816
4481, 816
4482, 814
4483, 813
4484, 830
4485, 814
4486, 820
4487, 845
4488, 817
4489, 816
4490, 853
4491, 815
4492, 819
4493, 843
4494, 820
4495, 814
4496, 846
4497, 819
4498, 822
4499, 842
4500, 815
4501, 812
4502, 833
4503, 819
4504, 821
4505, 861
4506, 821
4507, 814
4508, 833
4509, 816
4510, 818
4511, 831
4512, 816
4513, 815
4514, 820
4515, 820
4516, 821
4517, 818
4518, 819
4519, 814
4520, 817
4521, 818
4522, 848
4523, 821
4524, 819
4525, 846
4526, 815
4527, 818
4528, 845
4529, 815
4530, 703
4531, 833
4532, 816
4533, 819
4534, 851
4535, 815
4536, 699
4537, 816
4538, 815
4539, 821
4540, 811
4541, 814
4542, 817
4543, 814
4544, 701
4545, 848
4546, 814
4547, 814
4548, 847
4549, 815
4550, 814
4551, 838
4552, 815
4553, 814
4554, 845
4555, 812
4556, 819
4557, 848
4558, 818
4559, 700
4560, 848
4561, 814
4562, 824
4563, 853
4564, 823
4565, 820
4566, 851
4567, 821
4568, 823
4569, 819
4570, 821
4571, 837
4572, 820
4573, 817
4574, 822
4575, 821
4576, 822
4577, 850
4578, 820
4579, 705
4580, 845
4581, 820
4582, 819
4583, 850
4584, 815
4585, 814
4586, 855
4587, 819
4588, 818
4589, 847
4590, 814
4591, 817
4592, 816
4593, 819
4594, 819
4595, 819
4596, 818
4597, 816
4598, 817
4599, 818
4600, 822
4601, 816
4602, 818
4603, 814
4604, 819
4605, 825
4606, 823
4607, 818
4608, 814
4609, 815
4610, 816
4611, 822
4612, 819
4613, 822
4614, 813
4615, 819
4616, 815
4617, 821
4618, 818
4619, 847
4620, 817
4621, 819
4622, 840
4623, 821
4624, 818
4625, 850
4626, 824
4627, 822
4628, 852
4629, 819
4630, 823
4631, 855
4632, 821
4633, 820
4634, 852
4635, 815
4636, 820
4637, 840
4638, 822
4639, 823
4640, 850
4641, 827
4642, 820
4643, 849
4644, 822
4645, 818
4646, 846
4647, 818
4648, 816
4649, 817
4650, 813
4651, 815
4652, 819
4653, 819
4654, 819
4655, 822
4656, 819
4657, 821
4658, 818
4659, 822
4660, 817
4661, 821
4662, 820
4663, 822
4664, 819
4665, 821
4666, 817
4667, 820
4668, 818
4669, 818
4670, 817
4671, 817
4672, 833
4673, 819
4674, 823
4675, 848
4676, 819
4677, 817
4678, 847
4679, 818
4680, 822
4681, 842
4682, 820
4683, 832
4684, 747
4685, 740
4686, 736
4687, 705
4688, 725
4689, 820
4690, 821
4691, 845
4692, 822
4693, 706
4694, 707
4695, 822
4696, 850
4697, 822
4698, 819
4699, 736
4700, 706
4701, 821
4702, 915
4703, 819
4704, 706
4705, 819
4706, 822
4707, 819
4708, 822
4709, 819
4710, 836
4711, 818
4712, 822
4713, 853
4714, 822
4715, 822
4716, 850
4717, 819
4718, 824
4719, 842
4720, 823
4721, 820
4722, 836
4723, 822
4724, 825
4725, 820
4726, 822
4727, 820
4728, 821
4729, 819
4730, 824
4731, 818
4732, 821
4733, 821
4734, 820
4735, 820
4736, 819
4737, 819
4738, 821
4739, 834
4740, 819
4741, 819
4742, 847
4743, 821
4744, 818
4745, 853
4746, 820
4747, 822
4748, 878
4749, 816
4750, 818
4751, 853
4752, 819
4753, 820
4754, 921
4755, 820
4756, 817
4757, 851
4758, 817
4759, 822
4760, 849
4761, 821
4762, 819
4763, 845
4764, 818
4765, 821
4766, 851
4767, 822
4768, 818
4769, 822
4770, 821
4771, 823
4772, 818
4773, 823
4774, 817
4775, 819
4776, 860
4777, 896
4778, 815
4779, 815
4780, 816
4781, 815
4782, 814
4783, 816
4784, 820
4785, 815
4786, 820
4787, 814
4788, 816
4789, 840
4790, 819
4791, 813
4792, 850
4793, 815
4794, 820
4795, 822
4796, 818
4797, 815
4798, 841
4799, 814
4800, 817
4801, 851
4802, 816
4803, 811
4804, 837
4805, 816
4806, 818
4807, 847
4808, 818
4809, 814
4810, 818
4811, 814
4812, 818
4813, 826
4814, 819
4815, 815
4816, 817
4817, 816
4818, 819
4819, 821
4820, 822
4821, 846
4822, 818
4823, 813
4824, 844
4825, 817
4826, 819
4827, 839
4828, 818
4829, 816
4830, 847
4831, 818
4832, 818
4833, 849
4834, 818
4835, 821
4836, 834
4837, 822
4838, 819
4839, 840
4840, 815
4841, 817
4842, 2135
4843, 963
4844, 911
4845, 894
4846, 911
4847, 912
4848, 901
4849, 928
4850, 900
4851, 772
4852, 803
4853, 776
4854, 773
4855, 936
4856, 899
4857, 894
4858, 931
4859, 901
4860, 902
4861, 928
4862, 893
4863, 891
4864, 920
4865, 896
4866, 894
4867, 938
4868, 900
4869, 894
4870, 912
4871, 901
4872, 895
4873, 929
4874, 901
4875, 770
4876, 796
4877, 895
4878, 889
4879, 931
4880, 895
4881, 892
4882, 927
4883, 896
4884, 760
4885, 796
4886, 773
4887, 759
4888, 917
4889, 896
4890, 891
4891, 929
4892, 900
4893, 897
4894, 926
4895, 894
4896, 888
4897, 916
4898, 899
4899, 892
4900, 785
4901, 791
4902, 767
4903, 771
4904, 894
4905, 896
4906, 929
4907, 902
4908, 899
4909, 768
4910, 900
4911, 898
4912, 911
4913, 900
4914, 928
4915, 774
4916, 915
4917, 902
4918, 916
4919, 911
4920, 900
4921, 893
4922, 897
4923, 896
4924, 895
4925, 897
4926, 898
4927, 924
4928, 895
4929, 900
4930, 929
4931, 895
4932, 898
4933, 927
4934, 902
4935, 896
4936, 939
4937, 904
4938, 896
4939, 914
4940, 898
4941, 908
4942, 978
4943, 895
4944, 902
4945, 893
4946, 904
4947, 900
4948, 896
4949, 921
4950, 898
4951, 897
4952, 927
4953, 894
4954, 891
4955, 913
4956, 892
4957, 891
4958, 928
4959, 890
4960, 894
4961, 920
4962, 887
4963, 900
4964, 925
4965, 915
4966, 890
4967, 923
4968, 894
4969, 900
4970, 922
4971, 901
4972, 900
4973, 910
4974, 901
4975, 897
4976, 927
4977, 900
4978, 896
4979, 936
4980, 898
4981, 899
4982, 891
4983, 893
4984, 763
4985, 906
4986, 890
4987, 886
4988, 896
4989, 896
4990, 890
4991, 895
4992, 900
4993, 902
4994, 896
4995, 931
4996, 898
4997, 894
4998, 928
4999, 891
5000, 903
5001, 932
5002, 892
5003, 899
5004, 927
5005, 894
5006, 896
5007, 916
5008, 896
5009, 906
5010, 935
5011, 904
5012, 899
5013, 929
5014, 902
5015, 903
5016, 922
5017, 900
5018, 767
5019, 797
5020, 903
5021, 896
5022, 928
5023, 899
5024, 898
5025, 926
5026, 898
5027, 774
5028, 771
5029, 896
5030, 899
5031, 894
5032, 896
5033, 893
5034, 898
5035, 891
5036, 896
5037, 895
5038, 891
5039, 897
5040, 903
5041, 901
5042, 896
5043, 915
5044, 895
5045, 891
5046, 926
5047, 899
5048, 891
5049, 927
5050, 900
5051, 905
5052, 914
5053, 897
5054, 897
5055, 928
5056, 899
5057, 775
5058, 796
5059, 771
5060, 775
5061, 923
5062, 897
5063, 896
5064, 920
5065, 899
5066, 903
5067, 922
5068, 974
5069, 901
5070, 928
5071, 894
5072, 901
5073, 801
5074, 767
5075, 776
5076, 764
5077, 897
5078, 903
5079, 893
5080, 906
5081, 900
5082, 897
5083, 900
5084, 896
5085, 931
5086, 899
5087, 898
5088, 938
5089, 901
5090, 896
5091, 929
5092, 897
5093, 900
5094, 923
5095, 900
5096, 897
5097, 930
5098, 900
5099, 895
5100, 927
5101, 901
5102, 895
5103, 914
5104, 903
5105, 899
5106, 925
5107, 898
5108, 902
5109, 923
5110, 899
5111, 896
5112, 910
5113, 901
5114, 896
5115, 897
5116, 899
5117, 893
5118, 897
5119, 897
5120, 900
5121, 897
5122, 899
5123, 894
5124, 902
5125, 899
5126, 769
5127, 914
5128, 901
5129, 895
5130, 902
5131, 916
5132, 910
5133, 924
5134, 901
5135, 905
5136, 917
5137, 905
5138, 900
5139, 917
5140, 775
5141, 773
5142, 777
5143, 906
5144, 900
5145, 904
5146, 777
5147, 911
5148, 903
5149, 897
5150, 942
5151, 977
5152, 902
5153, 898
5154, 917
5155, 900
5156, 772
5157, 773
5158, 777
5159, 798
5160, 900
5161, 903
5162, 919
5163, 895
5164, 902
5165, 915
5166, 901
5167, 904
5168, 926
5169, 905
5170, 895
5171, 896
5172, 901
5173, 892
5174, 903
5175, 901
5176, 898
5177, 901
5178, 903
5179, 893
5180, 901
5181, 894
5182, 900
5183, 903
5184, 771
5185, 775
5186, 801
5187, 772
5188, 904
5189, 911
5190, 897
5191, 895
5192, 920
5193, 896
5194, 901
5195, 915
5196, 894
5197, 898
5198, 911
5199, 897
5200, 896
5201, 911
5202, 899
5203, 897
5204, 892
5205, 902
5206, 901
5207, 896
5208, 900
5209, 913
5210, 889
5211, 898
5212, 927
5213, 896
5214, 896
5215, 793
5216, 762
5217, 772
5218, 775
5219, 893
5220, 906
5221, 901
5222, 891
5223, 902
5224, 927
5225, 893
5226, 898
5227, 930
5228, 896
5229, 900
5230, 938
5231, 900
5232, 895
5233, 792
5234, 773
5235, 767
5236, 923
5237, 896
5238, 898
5239, 925
5240, 894
5241, 903
5242, 917
5243, 895
5244, 901
5245, 905
5246, 898
5247, 904
5248, 895
5249, 899
5250, 900
5251, 900
5252, 928
5253, 898
5254, 895
5255, 920
5256, 901
5257, 896
5258, 930
5259, 901
5260, 902
5261, 938
5262, 901
5263, 899
5264, 796
5265, 769
5266, 773
5267, 797
5268, 903
5269, 898
5270, 912
5271, 907
5272, 899
5273, 924
5274, 899
5275, 895
5276, 913
5277, 887
5278, 897
5279, 794
5280, 900
5281, 896
5282, 920
5283, 881
5284, 895
5285, 898
5286, 893
5287, 889
5288, 858
5289, 822
5290, 818
5291, 819
5292, 822
5293, 817
5294, 820
5295, 819
5296, 821
5297, 815
5298, 822
5299, 819
5300, 821
5301, 818
5302, 818
5303, 819
5304, 820
5305, 819
5306, 818
5307, 820
5308, 817
5309, 824
5310, 817
5311, 823
5312, 819
5313, 823
5314, 898
5315, 817
5316, 818
5317, 815
5318, 821
5319, 819
5320, 821
5321, 818
5322, 822
5323, 820
5324, 836
5325, 819
5326, 820
5327, 843
5328, 821
5329, 818
5330, 847
5331, 819
5332, 822
5333, 839
5334, 819
5335, 816
5336, 854
5337, 819
5338, 820
5339, 850
5340, 819
5341, 818
5342, 818
5343, 820
5344, 836
5345, 822
5346, 815
5347, 851
5348, 818
5349, 820
5350, 839
5351, 822
5352, 818
5353, 847
5354, 818
5355, 822
5356, 849
5357, 820
5358, 821
5359, 851
5360, 823
5361, 824
5362, 821
5363, 818
5364, 821
5365, 819
5366, 819
5367, 836
5368, 819
5369, 825
5370, 835
5371, 825
5372, 822
5373, 858
5374, 822
5375, 823
5376, 847
5377, 826
5378, 822
5379, 849
5380, 818
5381, 818
5382, 850
5383, 817
5384, 817
5385, 847
5386, 823
5387, 819
5388, 854
5389, 821
5390, 820
5391, 858
5392, 821
5393, 815
5394, 870
5395, 814
5396, 820
5397, 839
5398, 823
5399, 817
5400, 850
5401, 817
5402, 820
5403, 834
5404, 821
5405, 815
5406, 846
5407, 815
5408, 819
5409, 822
5410, 821
5411, 833
5412, 822
5413, 819
5414, 821
5415, 817
5416, 819
5417, 818
5418, 815
5419, 820
5420, 817
5421, 819
5422, 818
5423, 835
5424, 818
5425, 822
5426, 847
5427, 819
5428, 818
5429, 817
5430, 815
5431, 813
5432, 700
5433, 728
5434, 816
5435, 824
5436, 841
5437, 822
5438, 816
5439, 852
5440, 819
5441, 705
5442, 818
5443, 822
5444, 821
5445, 820
5446, 816
5447, 821
5448, 818
5449, 820
5450, 840
5451, 819
5452, 818
5453, 851
5454, 819
5455, 816
5456, 852
5457, 826
5458, 822
5459, 846
5460, 821
5461, 823
5462, 823
5463, 818
5464, 821
5465, 818
5466, 816
5467, 820
5468, 819
5469, 821
5470, 823
5471, 821
5472, 818
5473, 835
5474, 820
5475, 821
5476, 838
5477, 817
5478, 816
5479, 870
5480, 816
5481, 824
5482, 851
5483, 822
5484, 819
5485, 852
5486, 819
5487, 821
5488, 853
5489, 818
5490, 817
5491, 847
5492, 813
5493, 822
5494, 820
5495, 819
5496, 818
5497, 817
5498, 825
5499, 817
5500, 818
5501, 818
5502, 815
5503, 817
5504, 816
5505, 819
5506, 820
5507, 817
5508, 820
5509, 817
5510, 821
5511, 818
5512, 821
5513, 819
5514, 816
5515, 823
5516, 819
5517, 818
5518, 818
5519, 825
5520, 821
5521, 823
5522, 820
5523, 821
5524, 831
5525, 907
5526, 843
5527, 835
5528, 819
5529, 818
5530, 822
5531, 818
5532, 818
5533, 816
5534, 820
5535, 826
5536, 821
5537, 820
5538, 818
5539, 836
5540, 818
5541, 815
5542, 832
5543, 819
5544, 818
5545, 849
5546, 832
5547, 821
5548, 834
5549, 822
5550, 831
5551, 853
5552, 815
5553, 818
5554, 843
5555, 820
5556, 816
5557, 841
5558, 818
5559, 816
5560, 846
5561, 819
5562, 816
5563, 836
5564, 820
5565, 818
5566, 854
5567, 821
5568, 822
5569, 847
5570, 821
5571, 815
5572, 848
5573, 819
5574, 819
5575, 852
5576, 818
5577, 829
5578, 730
5579, 731
5580, 838
5581, 821
5582, 854
5583, 818
5584, 824
5585, 839
5586, 822
5587, 819
5588, 854
5589, 820
5590, 706
5591, 848
5592, 822
5593, 819
5594, 824
5595, 820
5596, 822
5597, 818
5598, 820
5599, 820
5600, 819
5601, 822
5602, 820
5603, 818
5604, 821
5605, 819
5606, 820
5607, 820
5608, 838
5609, 819
5610, 818
5611, 819
5612, 819
5613, 819
5614, 848
5615, 818
5616, 820
5617, 848
5618, 819
5619, 706
5620, 835
5621, 819
5622, 824
5623, 849
5624, 817
5625, 814
5626, 815
5627, 820
5628, 817
5629, 819
5630, 820
5631, 821
5632, 821
5633, 820
5634, 819
5635, 814
5636, 813
5637, 817
5638, 814
5639, 820
5640, 835
5641, 820
5642, 819
5643, 821
5644, 820
5645, 825
5646, 820
5647, 820
5648, 821
5649, 830
5650, 814
5651, 820
5652, 848
5653, 823
5654, 818
5655, 850
5656, 820
5657, 820
5658, 838
5659, 820
5660, 818
5661, 837
5662, 817
5663, 820
5664, 837
5665, 821
5666, 818
5667, 844
5668, 818
5669, 819
5670, 859
5671, 818
5672, 819
5673, 818
5674, 817
5675, 819
5676, 819
5677, 816
5678, 817
5679, 819
5680, 818
5681, 837
5682, 818
5683, 819
5684, 848
5685, 818
5686, 820
5687, 850
5688, 819
5689, 816
5690, 835
5691, 815
5692, 888
5693, 844
5694, 820
5695, 815
5696, 845
5697, 812
5698, 815
5699, 841
5700, 816
5701, 814
5702, 815
5703, 814
5704, 814
5705, 816
5706, 816
5707, 820
5708, 814
5709, 816
5710, 835
5711, 815
5712, 819
5713, 848
5714, 819
5715, 870
5716, 836
5717, 818
5718, 817
5719, 844
5720, 817
5721, 818
5722, 843
5723, 817
5724, 818
5725, 839
5726, 843
5727, 816
5728, 848
5729, 814
5730, 817
5731, 819
5732, 818
5733, 814
5734, 815
5735, 816
5736, 820
5737, 818
5738, 817
5739, 815
5740, 815
5741, 819
5742, 822
5743, 818
5744, 821
5745, 818
5746, 822
5747, 816
5748, 833
5749, 815
5750, 817
5751, 848
5752, 817
5753, 814
5754, 843
5755, 818
5756, 705
5757, 839
5758, 819
5759, 815
5760, 855
5761, 820
5762, 704
5763, 821
5764, 818
5765, 819
5766, 820
5767, 705
5768, 841
5769, 822
5770, 819
5771, 849
5772, 818
5773, 822
5774, 832
5775, 818
5776, 814
5777, 840
5778, 817
5779, 823
5780, 839
5781, 817
5782, 814
5783, 818
5784, 819
5785, 814
5786, 814
5787, 822
5788, 819
5789, 702
5790, 838
5791, 818
5792, 823
5793, 855
5794, 818
5795, 699
5796, 848
5797, 818
5798, 819
5799, 827
5800, 814
5801, 819
5802, 848
5803, 820
5804, 819
5805, 841
5806, 818
5807, 822
5808, 843
5809, 821
5810, 820
5811, 852
5812, 825
5813, 820
5814, 855
5815, 815
5816, 815
5817, 844
5818, 814
5819, 819
5820, 820
5821, 820
5822, 706
5823, 819
5824, 822
5825, 821
5826, 821
5827, 820
5828, 852
5829, 813
5830, 700
5831, 853
5832, 818
5833, 819
5834, 853
5835, 821
5836, 705
5837, 823
5838, 819
5839, 823
5840, 819
5841, 822
5842, 850
5843, 824
5844, 705
5845, 836
5846, 819
5847, 818
5848, 836
5849, 814
5850, 817
5851, 844
5852, 816
5853, 816
5854, 816
5855, 817
5856, 814
5857, 814
5858, 814
5859, 815
5860, 813
5861, 813
5862, 816
5863, 814
5864, 815
5865, 725
5866, 823
5867, 815
5868, 846
5869, 815
5870, 700
5871, 699
5872, 814
5873, 815
5874, 814
5875, 818
5876, 843
5877, 817
5878, 816
5879, 848
5880, 821
5881, 821
5882, 846
5883, 823
5884, 818
5885, 849
5886, 820
5887, 820
5888, 851
5889, 817
5890, 818
5891, 844
5892, 814
5893, 819
5894, 814
5895, 814
5896, 815
5897, 817
5898, 817
5899, 834
5900, 817
5901, 819
5902, 848
5903, 821
5904, 826
5905, 849
5906, 821
5907, 823
5908, 852
5909, 820
5910, 823
5911, 836
5912, 818
5913, 818
5914, 837
5915, 819
5916, 706
5917, 818
5918, 822
5919, 817
5920, 820
5921, 818
5922, 706
5923, 821
5924, 818
5925, 842
5926, 815
5927, 818
5928, 834
5929, 820
5930, 818
5931, 849
5932, 819
5933, 821
5934, 848
5935, 820
5936, 705
5937, 823
5938, 819
5939, 835
5940, 818
5941, 821
5942, 847
5943, 822
5944, 818
5945, 856
5946, 815
5947, 819
5948, 839
5949, 818
5950, 819
5951, 859
5952, 821
5953, 819
5954, 846
5955, 814
5956, 814
5957, 813
5958, 817
5959, 813
5960, 816
5961, 817
5962, 818
5963, 823
5964, 819
5965, 820
5966, 821
5967, 820
5968, 835
5969, 824
5970, 818
5971, 846
5972, 820
5973, 821
5974, 849
5975, 824
5976, 820
5977, 851
5978, 818
5979, 820
5980, 848
5981, 820
5982, 823
5983, 836
5984, 814
5985, 814
5986, 863
5987, 819
5988, 815
5989, 849
5990, 819
5991, 819
5992, 854
5993, 821
5994, 822
5995, 834
5996, 700
5997, 819
5998, 818
5999, 817
6000, 818
6001, 816
6002, 818
6003, 817
6004, 818
6005, 818
6006, 821
6007, 818
6008, 818
6009, 818
6010, 821
6011, 815
6012, 819
6013, 818
6014, 820
6015, 829
6016, 817
6017, 818
6018, 830
6019, 820
6020, 818
6021, 837
6022, 818
6023, 815
6024, 929
6025, 701
6026, 821
6027, 845
6028, 818
6029, 818
6030, 849
6031, 821
6032, 819
6033, 819
6034, 821
6035, 823
6036, 821
6037, 818
6038, 818
6039, 819
6040, 819
6041, 821
6042, 824
6043, 820
6044, 822
6045, 818
6046, 821
6047, 817
6048, 820
6049, 820
6050, 829
6051, 821
6052, 819
6053, 823
6054, 817
6055, 822
6056, 819
6057, 819
6058, 820
6059, 820
6060, 822
6061, 822
6062, 824
6063, 817
6064, 820
6065, 820
6066, 823
6067, 818
6068, 823
6069, 818
6070, 819
6071, 816
6072, 905
6073, 849
6074, 823
6075, 706
6076, 818
6077, 818
6078, 820
6079, 817
6080, 821
6081, 819
6082, 822
6083, 818
6084, 823
6085, 820
6086, 822
6087, 819
6088, 706
6089, 821
6090, 851
6091, 819
6092, 705
6093, 838
6094, 821
6095, 822
6096, 848
6097, 816
6098, 705
6099, 817
6100, 818
6101, 837
6102, 817
6103, 817
6104, 846
6105, 819
6106, 820
6107, 852
6108, 817
6109, 819
6110, 850
6111, 818
6112, 704
6113, 814
6114, 837
6115, 818
6116, 818
6117, 818
6118, 821
6119, 817
6120, 816
6121, 834
6122, 819
6123, 818
6124, 849
6125, 818
6126, 822
6127, 847
6128, 817
6129, 818
6130, 852
6131, 819
6132, 814
6133, 843
6134, 816
6135, 819
6136, 817
6137, 818
6138, 818
6139, 822
6140, 818
6141, 821
6142, 816
6143, 815
6144, 833
6145, 815
6146, 815
6147, 851
6148, 821
6149, 821
6150, 850
6151, 820
6152, 819
6153, 853
6154, 818
6155, 822
6156, 818
6157, 823
6158, 819
6159, 814
6160, 822
6161, 820
6162, 819
6163, 817
6164, 814
6165, 822
6166, 819
6167, 835
6168, 821
6169, 821
6170, 836
6171, 823
6172, 818
6173, 852
6174, 818
6175, 822
6176, 850
6177, 820
6178, 818
6179, 847
6180, 819
6181, 818
6182, 849
6183, 820
6184, 821
6185, 819
6186, 819
6187, 834
6188, 816
6189, 818
6190, 834
6191, 818
6192, 820
6193, 859
6194, 820
6195, 818
6196, 847
6197, 816
6198, 815
6199, 848
6200, 818
6201, 819
6202, 819
6203, 817
6204, 822
6205, 818
6206, 821
6207, 822
6208, 819
6209, 816
6210, 820
6211, 816
6212, 817
6213, 847
6214, 818
6215, 819
6216, 851
6217, 819
6218, 820
6219, 850
6220, 818
6221, 817
6222, 849
6223, 818
6224, 814
6225, 822
6226, 816
6227, 823
6228, 815
6229, 821
6230, 819
6231, 823
6232, 819
6233, 822
6234, 850
6235, 819
6236, 818
6237, 836
6238, 820
6239, 821
6240, 832
6241, 819
6242, 814
6243, 838
6244, 816
6245, 817
6246, 850
6247, 815
6248, 824
6249, 851
6250, 821
6251, 816
6252, 852
6253, 820
6254, 826
6255, 850
6256, 824
6257, 821
6258, 847
6259, 817
6260, 820
6261, 824
6262, 822
6263, 898
6264, 822
6265, 821
6266, 820
6267, 820
6268, 822
6269, 821
6270, 817
6271, 815
6272, 846
6273, 823
6274, 818
6275, 835
6276, 816
6277, 815
6278, 842
6279, 818
6280, 814
6281, 833
6282, 816
6283, 814
6284, 839
6285, 819
6286, 823
6287, 920
6288, 818
6289, 816
6290, 819
6291, 820
6292, 820
6293, 817
6294, 819
6295, 819
6296, 820
6297, 816
6298, 706
6299, 820
6300, 821
6301, 820
6302, 818
6303, 819
6304, 822
6305, 817
6306, 704
6307, 836
6308, 816
6309, 819
6310, 855
6311, 817
6312, 818
6313, 725
6314, 699
6315, 818
6316, 850
6317, 819
6318, 705
6319, 818
6320, 898
6321, 818
6322, 822
6323, 701
6324, 725
6325, 819
6326, 816
6327, 850
6328, 816
6329, 820
6330, 854
6331, 819
6332, 815
6333, 853
6334, 819
6335, 822
6336, 860
6337, 821
6338, 814
6339, 852
6340, 819
6341, 703
6342, 820
6343, 887
6344, 814
6345, 700
6346, 818
6347, 822
6348, 815
6349, 817
6350, 840
6351, 822
6352, 819
6353, 818
6354, 820
6355, 820
6356, 838
6357, 820
6358, 826
6359, 818
6360, 835
6361, 823
6362, 820
6363, 819
6364, 820
6365, 819
6366, 820
6367, 818
6368, 821
6369, 835
6370, 820
6371, 814
6372, 847
6373, 817
6374, 819
6375, 833
6376, 820
6377, 818
6378, 845
6379, 815
6380, 816
6381, 831
6382, 818
6383, 818
6384, 848
6385, 814
6386, 814
6387, 848
6388, 820
6389, 821
6390, 839
6391, 827
6392, 820
6393, 857
6394, 819
6395, 817
6396, 846
6397, 816
6398, 817
6399, 848
6400, 817
6401, 817
6402, 839
6403, 818
6404, 821
6405, 837
6406, 820
6407, 817
6408, 849
6409, 819
6410, 818
6411, 841
6412, 820
6413, 822
6414, 840
6415, 821
6416, 818
6417, 847
6418, 820
6419, 821
6420, 848
6421, 823
6422, 818
6423, 839
6424, 706
6425, 819
6426, 849
6427, 821
6428, 819
6429, 848
6430, 820
6431, 816
6432, 851
6433, 819
6434, 705
6435, 845
6436, 818
6437, 819
6438, 819
6439, 820
6440, 820
6441, 815
6442, 817
6443, 813
6444, 821
6445, 817
6446, 822
6447, 818
6448, 820
6449, 817
6450, 816
6451, 818
6452, 818
6453, 817
6454, 817
6455, 818
6456, 818
6457, 818
6458, 701
6459, 819
6460, 814
6461, 854
6462, 819
6463, 819
6464, 851
6465, 818
6466, 820
6467, 837
6468, 825
6469, 819
6470, 851
6471, 849
6472, 842
6473, 819
6474, 841
6475, 821
6476, 819
6477, 846
6478, 818
6479, 817
6480, 851
6481, 820
6482, 821
6483, 840
6484, 821
6485, 822
6486, 840
6487, 821
6488, 823
6489, 855
6490, 815
6491, 818
6492, 847
6493, 820
6494, 706
6495, 822
6496, 823
6497, 821
6498, 822
6499, 821
6500, 822
6501, 820
6502, 821
6503, 820
6504, 818
6505, 823
6506, 818
6507, 823
6508, 823
6509, 730
6510, 815
6511, 821
6512, 847
6513, 818
6514, 818
6515, 850
6516, 817
6517, 817
6518, 841
6519, 822
6520, 819
6521, 851
6522, 820
6523, 824
6524, 849
6525, 823
6526, 819
6527, 851
6528, 820
6529, 821
6530, 818
6531, 821
6532, 818
6533, 818
6534, 819
6535, 821
6536, 821
6537, 821
6538, 817
6539, 817
6540, 818
6541, 834
6542, 820
6543, 820
6544, 835
6545, 816
6546, 816
6547, 849
6548, 817
6549, 822
6550, 847
6551, 816
6552, 817
6553, 860
6554, 819
6555, 821
6556, 849
6557, 818
6558, 821
6559, 728
6560, 818
6561, 819
6562, 724
6563, 819
6564, 823
6565, 847
6566, 817
6567, 815
6568, 851
6569, 814
6570, 820
6571, 848
6572, 819
6573, 819
6574, 705
6575, 820
6576, 820
6577, 818
6578, 818
6579, 815
6580, 818
6581, 815
6582, 839
6583, 820
6584, 704
6585, 851
6586, 821
6587, 819
6588, 851
6589, 817
6590, 816
6591, 838
6592, 818
6593, 817
6594, 848
6595, 818
6596, 819
6597, 852
6598, 818
6599, 815
6600, 837
6601, 816
6602, 822
6603, 850
6604, 821
6605, 818
6606, 844
6607, 820
6608, 815
6609, 813
6610, 812
6611, 816
6612, 818
6613, 818
6614, 819
6615, 819
6616, 819
6617, 821
6618, 820
6619, 822
6620, 818
6621, 821
6622, 816
6623, 834
6624, 817
6625, 818
6626, 852
6627, 813
6628, 815
6629, 835
6630, 816
6631, 816
6632, 846
6633, 817
6634, 817
6635, 848
6636, 823
6637, 816
6638, 851
6639, 818
6640, 819
6641, 844
6642, 899
6643, 822
6644, 850
6645, 818
6646, 817
6647, 833
6648, 817
6649, 819
6650, 823
6651, 847
6652, 818
6653, 820
6654, 841
6655, 818
6656, 821
6657, 858
6658, 819
6659, 817
6660, 854
6661, 818
6662, 822
6663, 924
6664, 823
6665, 817
6666, 853
6667, 819
6668, 822
6669, 817
6670, 822
6671, 817
6672, 820
6673, 850
6674, 820
6675, 820
6676, 816
6677, 821
6678, 820
6679, 820
6680, 818
6681, 821
6682, 837
6683, 821
6684, 817
6685, 850
6686, 820
6687, 813
6688, 833
6689, 815
6690, 819
6691, 846
6692, 816
6693, 819
6694, 849
6695, 822
6696, 820
6697, 848
6698, 818
6699, 822
6700, 818
6701, 825
6702, 817
6703, 827
6704, 821
6705, 824
6706, 822
6707, 824
6708, 822
6709, 821
6710, 822
6711, 819
6712, 820
6713, 820
6714, 834
6715, 821
6716, 823
6717, 848
6718, 822
6719, 818
6720, 854
6721, 817
6722, 826
6723, 853
6724, 825
6725, 818
6726, 854
6727, 818
6728, 823
6729, 853
6730, 822
6731, 819
6732, 852
6733, 816
6734, 816
6735, 849
6736, 818
6737, 814
6738, 823
6739, 819
6740, 824
6741, 820
6742, 821
6743, 819
6744, 817
6745, 816
6746, 818
6747, 814
6748, 820
6749, 835
6750, 821
6751, 818
6752, 853
6753, 817
6754, 823
6755, 848
6756, 815
6757, 819
6758, 837
6759, 818
6760, 814
6761, 822
6762, 819
6763, 817
6764, 818
6765, 820
6766, 819
6767, 819
6768, 818
6769, 822
6770, 817
6771, 818
6772, 833
6773, 819
6774, 821
6775, 864
6776, 819
6777, 818
6778, 850
6779, 820
6780, 819
6781, 818
6782, 818
6783, 817
6784, 820
6785, 817
6786, 835
6787, 818
6788, 705
6789, 836
6790, 817
6791, 819
6792, 852
6793, 817
6794, 701
6795, 706
6796, 819
6797, 824
6798, 821
6799, 822
6800, 842
6801, 818
6802, 820
6803, 851
6804, 818
6805, 706
6806, 838
6807, 819
6808, 820
6809, 818
6810, 824
6811, 821
6812, 818
6813, 816
6814, 816
6815, 814
6816, 817
6817, 848
6818, 818
6819, 822
6820, 839
6821, 823
6822, 818
6823, 851
6824, 819
6825, 821
6826, 830
6827, 819
6828, 819
6829, 822
6830, 818
6831, 823
6832, 871
6833, 822
6834, 820
6835, 822
6836, 817
6837, 821
6838, 812
6839, 820
6840, 849
6841, 817
6842, 819
6843, 849
6844, 819
6845, 818
6846, 853
6847, 816
6848, 821
6849, 819
6850, 819
6851, 814
6852, 820
6853, 818
6854, 822
6855, 817
6856, 822
6857, 846
6858, 822
6859, 819
6860, 853
6861, 821
6862, 823
6863, 849
6864, 823
6865, 818
6866, 851
6867, 818
6868, 820
6869, 854
6870, 818
6871, 820
6872, 818
6873, 816
6874, 820
6875, 819
6876, 826
6877, 818
6878, 818
6879, 821
6880, 835
6881, 817
6882, 701
6883, 850
6884, 820
6885, 819
6886, 845
6887, 814
6888, 818
6889, 820
6890, 821
6891, 818
6892, 820
6893, 819
6894, 848
6895, 814
6896, 820
6897, 845
6898, 819
6899, 818
6900, 849
6901, 816
6902, 704
6903, 705
6904, 818
6905, 820
6906, 818
6907, 820
6908, 818
6909, 820
6910, 817
6911, 848
6912, 817
6913, 706
6914, 847
6915, 818
6916, 819
6917, 848
6918, 852
6919, 757
6920, 743
6921, 729
6922, 706
6923, 706
6924, 821
6925, 819
6926, 837
6927, 819
6928, 820
6929, 849
6930, 820
6931, 819
6932, 849
6933, 822
6934, 820
6935, 820
6936, 851
6937, 823
6938, 817
6939, 849
6940, 821
6941, 819
6942, 821
6943, 819
6944, 817
6945, 821
6946, 818
6947, 820
6948, 819
6949, 820
6950, 820
6951, 819
6952, 820
6953, 839
6954, 819
6955, 708
6956, 839
6957, 819
6958, 819
6959, 850
6960, 819
6961, 702
6962, 854
6963, 821
6964, 821
6965, 848
6966, 822
6967, 819
6968, 819
6969, 820
6970, 818
6971, 814
6972, 816
6973, 815
6974, 822
6975, 820
6976, 823
6977, 820
6978, 822
6979, 844
6980, 823
6981, 820
6982, 853
6983, 818
6984, 701
6985, 840
6986, 825
6987, 816
6988, 848
6989, 815
6990, 701
6991, 816
6992, 819
6993, 820
6994, 816
6995, 818
6996, 820
6997, 819
6998, 817
6999, 820
7000, 821
7001, 818
7002, 836
7003, 821
7004, 708
7005, 851
7006, 819
7007, 818
7008, 847
7009, 815
7010, 813
7011, 850
7012, 811
7013, 814
7014, 837
7015, 815
7016, 817
7017, 854
7018, 820
7019, 815
7020, 850
7021, 814
7022, 817
7023, 925
7024, 817
7025, 816
7026, 857
7027, 816
7028, 815
7029, 819
7030, 816
7031, 813
7032, 817
7033, 814
7034, 816
7035, 817
7036, 819
7037, 819
7038, 819
7039, 819
7040, 833
7041, 818
7042, 820
7043, 846
7044, 818
7045, 902
7046, 915
7047, 824
7048, 819
7049, 852
7050, 819
7051, 822
7052, 848
7053, 822
7054, 818
7055, 852
7056, 820
7057, 817
7058, 847
7059, 816
7060, 820
7061, 818
7062, 821
7063, 818
7064, 820
7065, 819
7066, 825
7067, 816
7068, 819
7069, 844
7070, 816
7071, 700
7072, 852
7073, 820
7074, 815
7075, 845
7076, 817
7077, 820
7078, 817
7079, 819
7080, 819
7081, 817
7082, 818
7083, 836
7084, 820
7085, 819
7086, 846
7087, 819
7088, 816
7089, 836
7090, 818
7091, 819
7092, 834
7093, 822
7094, 818
7095, 850
7096, 814
7097, 821
7098, 843
7099, 817
7100, 817
7101, 825
7102, 817
7103, 816
7104, 819
7105, 822
7106, 819
7107, 820
7108, 819
7109, 850
7110, 819
7111, 820
7112, 850
7113, 819
7114, 822
7115, 850
7116, 820
7117, 817
7118, 831
7119, 818
7120, 821
7121, 819
7122, 819
7123, 817
7124, 819
7125, 818
7126, 824
7127, 819
7128, 825
7129, 835
7130, 822
7131, 701
7132, 836
7133, 819
7134, 817
7135, 849
7136, 814
7137, 820
7138, 819
7139, 820
7140, 815
7141, 817
7142, 818
7143, 837
7144, 818
7145, 819
7146, 872
7147, 817
7148, 823
7149, 856
7150, 824
7151, 822
7152, 840
7153, 821
7154, 821
7155, 851
7156, 818
7157, 819
7158, 816
7159, 814
7160, 815
7161, 821
7162, 818
7163, 814
7164, 817
7165, 815
7166, 842
7167, 816
7168, 819
7169, 847
7170, 817
7171, 818
7172, 850
7173, 815
7174, 815
7175, 844
7176, 816
7177, 815
7178, 840
7179, 820
7180, 816
7181, 813
7182, 814
7183, 817
7184, 815
7185, 818
7186, 835
7187, 823
7188, 819
7189, 841
7190, 816
7191, 818
7192, 835
7193, 819
7194, 816
7195, 836
7196, 815
7197, 822
7198, 856
7199, 823
7200, 818
7201, 820
7202, 814
7203, 821
7204, 815
7205, 820
7206, 817
7207, 821
7208, 857
7209, 845
7210, 816
7211, 817
7212, 871
7213, 814
7214, 816
7215, 850
7216, 822
7217, 814
7218, 836
7219, 817
7220, 818
7221, 821
7222, 818
7223, 816
7224, 819
7225, 816
7226, 820
7227, 820
7228, 821
7229, 818
7230, 844
7231, 857
7232, 816
7233, 835
7234, 815
7235, 831
7236, 815
7237, 896
7238, 893
7239, 814
7240, 815
7241, 697
7242, 817
7243, 820
7244, 849
7245, 833
7246, 819
7247, 848
7248, 821
7249, 821
7250, 851
7251, 820
7252, 820
7253, 864
7254, 821
7255, 706
7256, 707
7257, 822
7258, 849
7259, 825
7260, 703
7261, 831
7262, 818
7263, 821
7264, 821
7265, 815
7266, 828
7267, 818
7268, 820
7269, 820
7270, 861
7271, 817
7272, 832
7273, 819
7274, 838
7275, 837
7276, 821
7277, 819
7278, 834
7279, 818
7280, 815
7281, 849
7282, 818
7283, 817
7284, 852
7285, 815
7286, 708
7287, 821
7288, 822
7289, 821
7290, 816
7291, 817
7292, 845
7293, 823
7294, 818
7295, 848
7296, 818
7297, 818
7298, 844
7299, 822
7300, 820
7301, 883
7302, 819
7303, 822
7304, 842
7305, 862
7306, 816
7307, 845
7308, 818
7309, 820
7310, 820
7311, 818
7312, 819
7313, 819
7314, 818
7315, 821
7316, 817
7317, 819
7318, 819
7319, 820
7320, 822
7321, 817
7322, 821
7323, 824
7324, 861
7325, 819
7326, 818
7327, 835
7328, 818
7329, 703
7330, 840
7331, 816
7332, 815
7333, 825
7334, 818
7335, 818
7336, 845
7337, 820
7338, 820
7339, 828
7340, 822
7341, 821
7342, 850
7343, 819
7344, 818
7345, 818
7346, 836
7347, 852
7348, 822
7349, 818
7350, 839
7351, 818
7352, 818
7353, 817
7354, 821
7355, 817
7356, 820
7357, 818
7358, 822
7359, 818
7360, 821
7361, 820
7362, 822
7363, 820
7364, 819
7365, 828
7366, 746
7367, 706
7368, 822
7369, 706
7370, 706
7371, 723
7372, 706
7373, 706
7374, 820
7375, 822
7376, 818
7377, 822
7378, 818
7379, 854
7380, 822
7381, 706
7382, 851
7383, 826
7384, 822
7385, 845
7386, 820
7387, 706
7388, 871
7389, 821
7390, 822
7391, 848
7392, 859
7393, 824
7394, 854
7395, 824
7396, 822
7397, 845
7398, 818
7399, 820
7400, 821
7401, 823
7402, 822
7403, 823
7404, 819
7405, 899
7406, 818
7407, 859
7408, 822
7409, 706
7410, 817
7411, 860
7412, 819
7413, 705
7414, 834
7415, 857
7416, 817
7417, 848
7418, 819
7419, 819
7420, 853
7421, 818
7422, 818
7423, 837
7424, 817
7425, 703
7426, 701
7427, 819
7428, 819
7429, 824
7430, 820
7431, 820
7432, 820
7433, 823
7434, 821
7435, 820
7436, 705
7437, 851
7438, 855
7439, 822
7440, 836
7441, 822
7442, 824
7443, 856
7444, 819
7445, 823
7446, 839
7447, 821
7448, 818
7449, 846
7450, 814
7451, 826
7452, 845
7453, 821
7454, 817
7455, 855
7456, 819
7457, 821
7458, 838
7459, 818
7460, 817
7461, 862
7462, 817
7463, 820
7464, 819
7465, 854
7466, 817
7467, 815
7468, 816
7469, 815
7470, 818
7471, 814
7472, 819
7473, 815
7474, 815
7475, 833
7476, 819
7477, 814
7478, 836
7479, 815
7480, 818
7481, 835
7482, 822
7483, 817
7484, 872
7485, 815
7486, 819
7487, 830
7488, 858
7489, 818
7490, 815
7491, 814
7492, 818
7493, 813
7494, 819
7495, 823
7496, 816
7497, 815
7498, 818
7499, 816
7500, 823
7501, 818
7502, 823
7503, 814
7504, 822
7505, 816
7506, 818
7507, 863
7508, 819
7509, 705
7510, 850
7511, 855
7512, 824
7513, 848
7514, 820
7515, 831
7516, 851
7517, 818
7518, 819
7519, 837
7520, 825
7521, 821
7522, 850
7523, 815
7524, 816
7525, 847
7526, 855
7527, 820
7528, 847
7529, 822
7530, 858
7531, 850
7532, 819
7533, 822
7534, 862
7535, 821
7536, 818
7537, 844
7538, 813
7539, 819
7540, 815
7541, 818
7542, 817
7543, 821
7544, 819
7545, 818
7546, 818
7547, 820
7548, 820
7549, 830
7550, 817
7551, 848
7552, 816
7553, 856
7554, 844
7555, 819
7556, 820
7557, 859
7558, 819
7559, 816
7560, 847
7561, 822
7562, 818
7563, 844
7564, 815
7565, 819
7566, 820
7567, 823
7568, 818
7569, 820
7570, 814
7571, 818
7572, 819
7573, 821
7574, 836
7575, 824
7576, 814
7577, 844
7578, 818
7579, 823
7580, 874
7581, 818
7582, 815
7583, 855
7584, 835
7585, 820
7586, 728
7587, 814
7588, 815
7589, 846
7590, 818
7591, 819
7592, 817
7593, 818
7594, 822
7595, 822
7596, 827
7597, 825
7598, 819
7599, 824
7600, 820
7601, 821
7602, 821
7603, 858
7604, 818
7605, 818
7606, 843
7607, 861
7608, 817
7609, 850
7610, 821
7611, 826
7612, 851
7613, 820
7614, 820
7615, 851
7616, 823
7617, 821
7618, 824
7619, 825
7620, 825
7621, 817
7622, 819
7623, 816
7624, 820
7625, 817
7626, 840
7627, 815
7628, 819
7629, 848
7630, 820
7631, 817
7632, 854
7633, 820
7634, 853
7635, 853
7636, 816
7637, 818
7638, 860
7639, 817
7640, 820
7641, 846
7642, 819
7643, 816
7644, 846
7645, 816
7646, 703
7647, 815
7648, 814
7649, 817
7650, 817
7651, 815
7652, 852
7653, 814
7654, 815
7655, 844
7656, 814
7657, 818
7658, 834
7659, 814
7660, 699
7661, 815
7662, 819
7663, 817
7664, 816
7665, 858
7666, 813
7667, 819
7668, 817
7669, 852
7670, 816
7671, 817
7672, 817
7673, 823
7674, 818
7675, 850
7676, 817
7677, 825
7678, 845
7679, 823
7680, 818
7681, 846
7682, 818
7683, 818
7684, 843
7685, 819
7686, 818
7687, 819
7688, 818
7689, 820
7690, 824
7691, 822
7692, 876
7693, 821
7694, 821
7695, 838
7696, 862
7697, 823
7698, 851
7699, 821
7700, 822
7701, 855
7702, 821
7703, 819
7704, 854
7705, 819
7706, 822
7707, 848
7708, 822
7709, 817
7710, 822
7711, 819
7712, 818
7713, 814
7714, 819
7715, 819
7716, 821
7717, 814
7718, 819
7719, 855
7720, 818
7721, 820
7722, 819
7723, 852
7724, 817
7725, 815
7726, 813
7727, 831
7728, 818
7729, 817
7730, 853
7731, 814
7732, 816
7733, 852
7734, 819
7735, 706
7736, 848
7737, 815
7738, 816
7739, 850
7740, 818
7741, 817
7742, 870
7743, 816
7744, 816
7745, 841
7746, 857
7747, 819
7748, 820
7749, 814
7750, 831
7751, 820
7752, 820
7753, 818
7754, 819
7755, 823
7756, 820
7757, 822
7758, 820
7759, 838
7760, 821
7761, 821
7762, 822
7763, 821
7764, 818
7765, 874
7766, 817
7767, 818
7768, 836
7769, 819
7770, 827
7771, 846
7772, 818
7773, 820
7774, 852
7775, 819
7776, 813
7777, 842
7778, 813
7779, 815
7780, 834
7781, 819
7782, 817
7783, 850
7784, 822
7785, 817
7786, 706
7787, 706
7788, 732
7789, 821
7790, 820
7791, 849
7792, 859
7793, 817
7794, 848
7795, 819
7796, 858
7797, 849
7798, 817
7799, 817
7800, 850
7801, 818
7802, 704
7803, 816
7804, 819
7805, 818
7806, 818
7807, 818
7808, 820
7809, 818
7810, 821
7811, 911
7812, 849
7813, 851
7814, 837
7815, 819
7816, 819
7817, 819
7818, 839
7819, 818
7820, 821
7821, 821
7822, 820
7823, 821
7824, 823
7825, 865
7826, 823
7827, 818
7828, 851
7829, 818
7830, 820
7831, 851
7832, 817
7833, 820
7834, 849
7835, 819
7836, 824
7837, 821
7838, 816
7839, 820
7840, 819
7841, 860
7842, 823
7843, 820
7844, 822
7845, 856
7846, 821
7847, 820
7848, 838
7849, 822
7850, 823
7851, 847
7852, 823
7853, 822
7854, 846
7855, 819
7856, 822
7857, 849
7858, 821
7859, 819
7860, 848
7861, 820
7862, 706
7863, 819
7864, 816
7865, 817
7866, 818
7867, 814
7868, 725
7869, 820
7870, 820
7871, 833
7872, 860
7873, 823
7874, 839
7875, 820
7876, 825
7877, 856
7878, 821
7879, 822
7880, 855
7881, 819
7882, 699
7883, 848
7884, 814
7885, 817
7886, 851
7887, 822
7888, 821
7889, 819
7890, 819
7891, 822
7892, 816
7893, 896
7894, 819
7895, 861
7896, 820
7897, 818
7898, 820
7899, 860
7900, 849
7901, 821
7902, 820
7903, 860
7904, 814
7905, 820
7906, 846
7907, 815
7908, 815
7909, 841
7910, 815
7911, 819
7912, 817
7913, 815
7914, 813
7915, 815
7916, 816
7917, 817
7918, 816
7919, 814
7920, 834
7921, 815
7922, 815
7923, 848
7924, 815
7925, 816
7926, 877
7927, 814
7928, 815
7929, 850
7930, 854
7931, 821
7932, 855
7933, 819
7934, 822
7935, 820
7936, 821
7937, 818
7938, 822
7939, 818
7940, 816
7941, 819
7942, 823
7943, 819
7944, 818
7945, 818
7946, 832
7947, 819
7948, 820
7949, 872
7950, 818
7951, 817
7952, 846
7953, 853
7954, 819
7955, 849
7956, 819
7957, 819
7958, 848
7959, 819
7960, 821
7961, 848
7962, 820
7963, 815
7964, 843
7965, 815
7966, 821
7967, 819
7968, 812
7969, 821
7970, 816
7971, 818
7972, 817
7973, 819
7974, 817
7975, 820
7976, 857
7977, 819
7978, 916
7979, 820
7980, 832
7981, 849
7982, 817
7983, 817
7984, 838
7985, 817
7986, 819
7987, 838
7988, 817
7989, 816
7990, 838
7991, 819
7992, 821
7993, 817
7994, 818
7995, 820
7996, 821
7997, 820
7998, 834
7999, 818
8000, 823
8001, 819
8002, 824
8003, 859
8004, 851
8005, 821
8006, 823
8007, 877
8008, 823
8009, 819
8010, 855
8011, 820
8012, 818
8013, 841
8014, 822
8015, 817
8016, 858
8017, 817
8018, 817
8019, 816
8020, 817
8021, 818
8022, 823
8023, 819
8024, 819
8025, 818
8026, 818
8027, 818
8028, 820
8029, 815
8030, 857
8031, 817
8032, 818
8033, 853
8034, 832
8035, 815
8036, 850
8037, 819
8038, 818
8039, 849
8040, 816
8041, 819
8042, 854
8043, 820
8044, 821
8045, 821
8046, 821
8047, 822
8048, 820
8049, 824
8050, 823
8051, 820
8052, 817
8053, 832
8054, 815
8055, 819
8056, 847
8057, 858
8058, 814
8059, 846
8060, 814
8061, 859
8062, 849
8063, 813
8064, 814
8065, 855
8066, 816
8067, 813
8068, 815
8069, 817
8070, 813
8071, 814
8072, 816
8073, 817
8074, 816
8075, 813
8076, 855
8077, 815
8078, 814
8079, 837
8080, 817
8081, 817
8082, 848
8083, 812
8084, 854
8085, 851
8086, 818
8087, 812
8088, 867
8089, 811
8090, 817
8091, 843
8092, 825
8093, 818
8094, 817
8095, 815
8096, 817
8097, 817
8098, 814
8099, 816
8100, 814
8101, 825
8102, 816
8103, 820
8104, 817
8105, 822
8106, 814
8107, 856
8108, 831
8109, 822
8110, 820
8111, 858
8112, 814
8113, 816
8114, 842
8115, 824
8116, 818
8117, 814
8118, 820
8119, 828
8120, 813
8121, 818
8122, 814
8123, 821
8124, 815
8125, 835
8126, 813
8127, 818
8128, 841
8129, 856
8130, 815
8131, 843
8132, 815
8133, 855
8134, 814
8135, 813
8136, 813
8137, 819
8138, 821
8139, 826
8140, 820
8141, 822
8142, 820
8143, 823
8144, 820
8145, 824
8146, 818
8147, 823
8148, 833
8149, 821
8150, 819
8151, 850
8152, 856
8153, 822
8154, 817
8155, 813
8156, 821
8157, 838
8158, 822
8159, 812
8160, 832
8161, 813
8162, 818
8163, 847
8164, 818
8165, 815
8166, 831
8167, 812
8168, 834
8169, 851
8170, 820
8171, 726
8172, 725
8173, 702
8174, 814
8175, 855
8176, 817
8177, 700
8178, 815
8179, 855
8180, 820
8181, 705
8182, 819
8183, 877
8184, 816
8185, 699
8186, 836
8187, 823
8188, 817
8189, 838
8190, 814
8191, 701
8192, 701
8193, 819
8194, 821
8195, 818
8196, 819
8197, 835
8198, 821
8199, 820
8200, 832
8201, 821
8202, 820
8203, 848
8204, 822
8205, 817
8206, 884
8207, 819
8208, 820
8209, 856
8210, 863
8211, 819
8212, 850
8213, 817
8214, 837
8215, 837
8216, 821
8217, 824
8218, 820
8219, 818
8220, 820
8221, 819
8222, 823
8223, 817
8224, 817
8225, 816
8226, 814
8227, 816
8228, 819
8229, 818
8230, 818
8231, 821
8232, 842
8233, 860
8234, 818
8235, 849
8236, 820
8237, 858
8238, 853
8239, 819
8240, 820
8241, 850
8242, 817
8243, 817
8244, 850
8245, 819
8246, 819
8247, 849
8248, 822
8249, 701
8250, 820
8251, 818
8252, 837
8253, 819
8254, 822
8255, 842
8256, 821
8257, 819
8258, 857
8259, 851
8260, 745
8261, 739
8262, 725
8263, 705
8264, 707
8265, 820
8266, 706
8267, 731
8268, 706
8269, 707
8270, 708
8271, 821
8272, 818
8273, 822
8274, 819
8275, 838
8276, 820
8277, 819
8278, 849
8279, 818
8280, 819
8281, 848
8282, 820
8283, 820
8284, 847
8285, 818
8286, 819
8287, 879
8288, 819
8289, 820
8290, 852
8291, 859
8292, 818
8293, 850
8294, 819
8295, 821
8296, 853
8297, 822
8298, 817
8299, 836
8300, 817
8301, 820
8302, 822
8303, 821
8304, 821
8305, 819
8306, 822
8307, 819
8308, 820
8309, 821
8310, 862
8311, 821
8312, 823
8313, 819
8314, 862
8315, 820
8316, 839
8317, 818
8318, 819
8319, 834
8320, 815
8321, 818
8322, 851
8323, 820
8324, 818
8325, 849
8326, 817
8327, 821
8328, 849
8329, 819
8330, 820
8331, 842
8332, 816
8333, 860
8334, 850
8335, 822
8336, 819
8337, 855
8338, 819
8339, 822
8340, 847
8341, 823
8342, 706
8343, 704
8344, 818
8345, 856
8346, 820
8347, 705
8348, 849
8349, 825
8350, 819
8351, 851
8352, 818
8353, 823
8354, 847
8355, 822
8356, 818
8357, 823
8358, 818
8359, 822
8360, 820
8361, 823
8362, 816
8363, 817
8364, 857
8365, 832
8366, 815
8367, 815
8368, 868
8369, 815
8370, 816
8371, 831
8372, 813
8373, 701
8374, 848
8375, 818
8376, 821
8377, 848
8378, 815
8379, 818
8380, 830
8381, 816
8382, 817
8383, 908
8384, 814
8385, 816
8386, 843
8387, 821
8388, 820
8389, 710
8390, 700
8391, 874
8392, 814
8393, 820
8394, 851
8395, 860
8396, 818
8397, 850
8398, 819
8399, 820
8400, 850
8401, 822
8402, 817
8403, 850
8404, 820
8405, 821
8406, 850
8407, 821
8408, 705
8409, 821
8410, 818
8411, 820
8412, 816
8413, 821
8414, 816
8415, 823
8416, 816
8417, 818
8418, 837
8419, 820
8420, 820
8421, 847
8422, 818
8423, 819
8424, 851
8425, 817
8426, 819
8427, 850
8428, 819
8429, 818
8430, 817
8431, 819
8432, 818
8433, 815
8434, 814
8435, 833
8436, 819
8437, 859
8438, 850
8439, 818
8440, 818
8441, 878
8442, 824
8443, 818
8444, 848
8445, 812
8446, 818
8447, 843
8448, 821
8449, 817
8450, 822
8451, 820
8452, 824
8453, 813
8454, 822
8455, 820
8456, 815
8457, 814
8458, 836
8459, 814
8460, 821
8461, 845
8462, 820
8463, 816
8464, 873
8465, 814
8466, 821
8467, 847
8468, 862
8469, 818
8470, 857
8471, 818
8472, 817
8473, 849
8474, 818
8475, 817
8476, 844
8477, 816
8478, 818
8479, 819
8480, 817
8481, 821
8482, 814
8483, 821
8484, 847
8485, 820
8486, 815
8487, 839
8488, 818
8489, 821
8490, 846
8491, 820
8492, 819
8493, 838
8494, 822
8495, 866
8496, 819
8497, 819
8498, 818
8499, 841
8500, 814
8501, 824
8502, 821
8503, 823
8504, 821
8505, 824
8506, 820
8507, 835
8508, 820
8509, 822
8510, 849
8511, 821
8512, 819
8513, 854
8514, 818
8515, 814
8516, 847
8517, 815
8518, 700
8519, 817
8520, 822
8521, 815
8522, 856
8523, 815
8524, 821
8525, 816
8526, 860
8527, 836
8528, 816
8529, 813
8530, 863
8531, 816
8532, 815
8533, 831
8534, 814
8535, 815
8536, 829
8537, 816
8538, 817
8539, 814
8540, 815
8541, 817
8542, 813
8543, 818
8544, 817
8545, 817
8546, 813
8547, 823
8548, 814
8549, 824
8550, 835
8551, 817
8552, 813
8553, 875
8554, 815
8555, 817
8556, 838
8557, 856
8558, 813
8559, 835
8560, 814
8561, 817
8562, 848
8563, 817
8564, 815
8565, 817
8566, 814
8567, 823
8568, 815
8569, 822
8570, 832
8571, 819
8572, 818
8573, 850
8574, 816
8575, 817
8576, 848
8577, 819
8578, 815
8579, 851
8580, 818
8581, 818
8582, 848
8583, 818
8584, 861
8585, 851
8586, 828
8587, 824
8588, 848
8589, 822
8590, 823
8591, 821
8592, 823
8593, 820
8594, 823
8595, 819
8596, 853
8597, 820
8598, 822
8599, 836
8600, 825
8601, 819
8602, 856
8603, 819
8604, 817
8605, 855
8606, 816
8607, 812
8608, 816
8609, 814
8610, 819
8611, 855
8612, 813
8613, 816
8614, 815
8615, 853
8616, 832
8617, 814
8618, 814
8619, 818
8620, 815
8621, 813
8622, 851
8623, 815
8624, 814
8625, 835
8626, 815
8627, 816
8628, 858
8629, 819
8630, 814
8631, 845
8632, 814
8633, 814
8634, 845
8635, 814
8636, 813
8637, 815
8638, 856
8639, 815
8640, 819
8641, 817
8642, 860
8643, 818
8644, 819
8645, 844
8646, 820
8647, 818
8648, 840
8649, 820
8650, 821
8651, 848
8652, 817
8653, 821
8654, 2031
8655, 966
8656, 900
8657, 895
8658, 903
8659, 896
8660, 897
8661, 899
8662, 900
8663, 900
8664, 983
8665, 893
8666, 899
8667, 897
8668, 930
8669, 901
8670, 889
8671, 927
8672, 894
8673, 888
8674, 928
8675, 900
8676, 899
8677, 914
8678, 907
8679, 932
8680, 924
8681, 900
8682, 900
8683, 794
8684, 898
8685, 898
8686, 927
8687, 896
8688, 895
8689, 931
8690, 891
8691, 896
8692, 926
8693, 890
8694, 933
8695, 920
8696, 895
8697, 898
8698, 945
8699, 896
8700, 896
8701, 924
8702, 899
8703, 900
8704, 923
8705, 901
8706, 908
8707, 793
8708, 937
8709, 923
8710, 902
8711, 901
8712, 946
8713, 900
8714, 903
8715, 895
8716, 903
8717, 771
8718, 775
8719, 775
8720, 771
8721, 927
8722, 899
8723, 893
8724, 918
8725, 895
8726, 895
8727, 939
8728, 897
8729, 899
8730, 901
8731, 926
8732, 895
8733, 898
8734, 798
8735, 774
8736, 767
8737, 775
8738, 905
8739, 955
8740, 900
8741, 895
8742, 937
8743, 939
8744, 898
8745, 904
8746, 924
8747, 770
8748, 775
8749, 763
8750, 776
8751, 917
8752, 899
8753, 900
8754, 926
8755, 895
8756, 900
8757, 909
8758, 895
8759, 898
8760, 979
8761, 998
8762, 898
8763, 905
8764, 923
8765, 897
8766, 901
8767, 922
8768, 903
8769, 891
8770, 926
8771, 902
8772, 908
8773, 900
8774, 903
8775, 889
8776, 894
8777, 923
8778, 886
8779, 900
8780, 941
8781, 903
8782, 897
8783, 957
8784, 904
8785, 897
8786, 925
8787, 898
8788, 900
8789, 901
8790, 897
8791, 899
8792, 903
8793, 892
8794, 936
8795, 891
8796, 918
8797, 899
8798, 888
8799, 924
8800, 897
8801, 890
8802, 912
8803, 895
8804, 891
8805, 939
8806, 894
8807, 894
8808, 902
8809, 894
8810, 894
8811, 894
8812, 915
8813, 889
8814, 896
8815, 919
8816, 929
8817, 899
8818, 923
8819, 890
8820, 897
8821, 913
8822, 894
8823, 901
8824, 895
8825, 896
8826, 899
8827, 937
8828, 923
8829, 895
8830, 899
8831, 927
8832, 899
8833, 897
8834, 925
8835, 900
8836, 906
8837, 939
8838, 938
8839, 902
8840, 796
8841, 768
8842, 798
8843, 794
8844, 896
8845, 899
8846, 924
8847, 908
8848, 899
8849, 924
8850, 899
8851, 901
8852, 932
8853, 939
8854, 896
8855, 899
8856, 899
8857, 900
8858, 939
8859, 896
8860, 900
8861, 891
8862, 931
8863, 900
8864, 887
8865, 790
8866, 774
8867, 765
8868, 777
8869, 901
8870, 896
8871, 897
8872, 941
8873, 898
8874, 930
8875, 898
8876, 901
8877, 917
8878, 912
8879, 895
8880, 930
8881, 896
8882, 896
8883, 946
8884, 898
8885, 893
8886, 921
8887, 884
8888, 896
8889, 899
8890, 921
8891, 898
8892, 901
8893, 926
8894, 934
8895, 899
8896, 930
8897, 896
8898, 773
8899, 774
8900, 769
8901, 895
8902, 901
8903, 894
8904, 901
8905, 1006
8906, 895
8907, 895
8908, 926
8909, 939
8910, 890
8911, 920
8912, 892
8913, 897
8914, 917
8915, 895
8916, 915
8917, 899
8918, 897
8919, 897
8920, 938
8921, 923
8922, 894
8923, 894
8924, 924
8925, 900
8926, 771
8927, 770
8928, 896
8929, 894
8930, 925
8931, 906
8932, 894
8933, 926
8934, 902
8935, 931
8936, 934
8937, 901
8938, 900
8939, 931
8940, 899
8941, 904
8942, 905
8943, 897
8944, 909
8945, 972
8946, 947
8947, 895
8948, 893
8949, 927
8950, 894
8951, 890
8952, 793
8953, 765
8954, 764
8955, 785
8956, 905
8957, 897
8958, 917
8959, 892
8960, 892
8961, 950
8962, 921
8963, 907
8964, 921
8965, 894
8966, 896
8967, 773
8968, 764
8969, 767
8970, 770
8971, 898
8972, 906
8973, 897
8974, 902
8975, 787
8976, 768
8977, 890
8978, 894
8979, 908
8980, 900
8981, 895
8982, 929
8983, 898
8984, 767
8985, 767
8986, 776
8987, 769
8988, 898
8989, 897
8990, 931
8991, 894
8992, 899
8993, 894
8994, 923
8995, 902
8996, 893
8997, 914
8998, 895
8999, 884
9000, 927
9001, 934
9002, 884
9003, 925
9004, 896
9005, 883
9006, 771
9007, 767
9008, 890
9009, 924
9010, 892
9011, 894
9012, 772
9013, 771
9014, 895
9015, 894
9016, 935
9017, 894
9018, 897
9019, 930
9020, 893
9021, 890
9022, 795
9023, 782
9024, 772
9025, 782
9026, 894
9027, 926
9028, 923
9029, 895
9030, 896
9031, 907
9032, 908
9033, 908
9034, 898
9035, 901
9036, 901
9037, 895
9038, 951
9039, 772
9040, 774
9041, 769
9042, 792
9043, 931
9044, 899
9045, 896
9046, 936
9047, 899
9048, 766
9049, 918
9050, 893
9051, 900
9052, 915
9053, 888
9054, 889
9055, 804
9056, 769
9057, 901
9058, 919
9059, 893
9060, 896
9061, 954
9062, 897
9063, 897
9064, 932
9065, 910
9066, 899
9067, 794
9068, 761
9069, 900
9070, 914
9071, 884
9072, 772
9073, 919
9074, 900
9075, 899
9076, 924
9077, 897
9078, 890
9079, 926
9080, 918
9081, 896
9082, 929
9083, 893
9084, 892
9085, 895
9086, 894
9087, 901
9088, 895
9089, 900
9090, 771
9091, 924
9092, 900
9093, 897
9094, 898
9095, 902
9096, 898
9097, 769
9098, 772
9099, 772
9100, 926
9101, 818
9102, 822
9103, 850
9104, 822
9105, 818
9106, 848
9107, 822
9108, 820
9109, 843
9110, 820
9111, 826
9112, 831
9113, 819
9114, 858
9115, 842
9116, 818
9117, 815
9118, 831
9119, 820
9120, 815
9121, 839
9122, 820
9123, 819
9124, 848
9125, 822
9126, 818
9127, 852
9128, 819
9129, 824
9130, 927
9131, 820
9132, 819
9133, 877
9134, 819
9135, 824
9136, 820
9137, 855
9138, 815
9139, 817
9140, 817
9141, 817
9142, 819
9143, 817
9144, 817
9145, 818
9146, 820
9147, 818
9148, 819
9149, 818
9150, 823
9151, 818
9152, 857
9153, 830
9154, 729
9155, 706
9156, 820
9157, 819
9158, 707
9159, 822
9160, 821
9161, 820
9162, 819
9163, 749
9164, 706
9165, 818
9166, 852
9167, 858
9168, 820
9169, 785
9170, 707
9171, 861
9172, 821
9173, 819
9174, 823
9175, 820
9176, 819
9177, 818
9178, 820
9179, 822
9180, 820
9181, 817
9182, 820
9183, 825
9184, 820
9185, 820
9186, 857
9187, 817
9188, 820
9189, 820
9190, 859
9191, 821
9192, 819
9193, 822
9194, 820
9195, 823
9196, 822
9197, 820
9198, 824
9199, 819
9200, 820
9201, 820
9202, 816
9203, 821
9204, 819
9205, 853
9206, 814
9207, 818
9208, 816
9209, 857
9210, 819
9211, 825
9212, 819
9213, 821
9214, 817
9215, 820
9216, 824
9217, 817
9218, 824
9219, 819
9220, 822
9221, 822
9222, 818
9223, 813
9224, 854
9225, 816
9226, 814
9227, 820
9228, 821
9229, 821
9230, 819
9231, 823
9232, 818
9233, 821
9234, 817
9235, 820
9236, 819
9237, 900
9238, 820
9239, 707
9240, 730
9241, 819
9242, 819
9243, 850
9244, 814
9245, 815
9246, 851
9247, 853
9248, 814
9249, 813
9250, 815
9251, 829
9252, 816
9253, 817
9254, 816
9255, 819
9256, 815
9257, 817
9258, 818
9259, 815
9260, 814
9261, 819
9262, 817
9263, 821
9264, 819
9265, 820
9266, 846
9267, 818
9268, 815
9269, 829
9270, 855
9271, 817
9272, 852
9273, 817
9274, 817
9275, 847
9276, 822
9277, 818
9278, 847
9279, 814
9280, 816
9281, 833
9282, 822
9283, 822
9284, 847
9285, 858
9286, 820
9287, 853
9288, 820
9289, 864
9290, 844
9291, 821
9292, 820
9293, 850
9294, 817
9295, 821
9296, 836
9297, 823
9298, 820
9299, 840
9300, 819
9301, 819
9302, 838
9303, 814
9304, 855
9305, 834
9306, 819
9307, 817
9308, 876
9309, 816
9310, 821
9311, 844
9312, 817
9313, 817
9314, 819
9315, 817
9316, 818
9317, 817
9318, 821
9319, 919
9320, 867
9321, 819
9322, 704
9323, 872
9324, 816
9325, 820
9326, 845
9327, 862
9328, 815
9329, 703
9330, 703
9331, 871
9332, 819
9333, 814
9334, 842
9335, 814
9336, 820
9337, 834
9338, 821
9339, 817
9340, 852
9341, 818
9342, 823
9343, 846
9344, 818
9345, 705
9346, 821
9347, 818
9348, 816
9349, 819
9350, 817
9351, 821
9352, 817
9353, 817
9354, 850
9355, 820
9356, 818
9357, 848
9358, 854
9359, 820
9360, 838
9361, 820
9362, 858
9363, 857
9364, 819
9365, 821
9366, 847
9367, 821
9368, 818
9369, 820
9370, 817
9371, 702
9372, 817
9373, 816
9374, 833
9375, 817
9376, 814
9377, 835
9378, 820
9379, 818
9380, 847
9381, 820
9382, 817
9383, 844
9384, 819
9385, 827
9386, 851
9387, 819
9388, 821
9389, 878
9390, 821
9391, 820
9392, 818
9393, 819
9394, 813
9395, 815
9396, 819
9397, 815
9398, 813
9399, 815
9400, 816
9401, 818
9402, 814
9403, 833
9404, 815
9405, 817
9406, 815
9407, 819
9408, 853
9409, 818
9410, 816
9411, 818
9412, 869
9413, 815
9414, 820
9415, 833
9416, 815
9417, 816
9418, 832
9419, 813
9420, 820
9421, 853
9422, 818
9423, 822
9424, 839
9425, 819
9426, 816
9427, 846
9428, 817
9429, 817
9430, 813
9431, 815
9432, 818
9433, 819
9434, 817
9435, 854
9436, 814
9437, 815
9438, 817
9439, 830
9440, 815
9441, 834
9442, 818
9443, 815
9444, 848
9445, 815
9446, 815
9447, 847
9448, 815
9449, 816
9450, 849
9451, 820
9452, 814
9453, 847
9454, 816
9455, 818
9456, 847
9457, 818
9458, 812
9459, 820
9460, 816
9461, 821
9462, 859
9463, 820
9464, 837
9465, 824
9466, 837
9467, 849
9468, 817
9469, 820
9470, 931
9471, 821
9472, 814
9473, 853
9474, 818
9475, 822
9476, 837
9477, 822
9478, 822
9479, 857
9480, 826
9481, 825
9482, 848
9483, 825
9484, 819
9485, 861
9486, 822
9487, 823
9488, 822
9489, 919
9490, 823
9491, 818
9492, 819
9493, 821
9494, 820
9495, 817
9496, 820
9497, 818
9498, 821
9499, 819
9500, 817
9501, 817
9502, 818
9503, 816
9504, 820
9505, 836
9506, 819
9507, 816
9508, 875
9509, 816
9510, 820
9511, 856
9512, 894
9513, 814
9514, 836
9515, 815
9516, 822
9517, 833
9518, 815
9519, 813
9520, 837
9521, 821
9522, 823
9523, 851
9524, 821
9525, 814
9526, 819
9527, 817
9528, 706
9529, 705
9530, 818
9531, 835
9532, 815
9533, 819
9534, 838
9535, 823
9536, 818
9537, 853
9538, 820
9539, 706
9540, 819
9541, 817
9542, 820
9543, 819
9544, 821
9545, 818
9546, 818
9547, 817
9548, 836
9549, 818
9550, 819
9551, 849
9552, 819
9553, 818
9554, 850
9555, 818
9556, 819
9557, 848
9558, 826
9559, 819
9560, 848
9561, 821
9562, 821
9563, 852
9564, 820
9565, 815
9566, 818
9567, 814
9568, 816
9569, 821
9570, 819
9571, 821
9572, 823
9573, 822
9574, 821
9575, 823
9576, 824
9577, 825
9578, 818
9579, 826
9580, 823
9581, 823
9582, 818
9583, 819
9584, 820
9585, 825
9586, 820
9587, 819
9588, 817
9589, 822
9590, 820
9591, 819
9592, 838
9593, 819
9594, 820
9595, 848
9596, 820
9597, 821
9598, 820
9599, 821
9600, 832
9601, 760
9602, 742
9603, 704
9604, 706
9605, 732
9606, 819
9607, 706
9608, 728
9609, 819
9610, 820
9611, 820
9612, 822
9613, 822
9614, 823
9615, 820
9616, 821
9617, 820
9618, 821
9619, 823
9620, 819
9621, 823
9622, 820
9623, 819
9624, 820
9625, 820
9626, 820
9627, 820
9628, 821
9629, 820
9630, 818
9631, 821
9632, 819
9633, 817
9634, 825
9635, 820
9636, 823
9637, 822
9638, 822
9639, 818
9640, 823
9641, 819
9642, 818
9643, 817
9644, 818
9645, 818
9646, 819
9647, 825
9648, 819
9649, 821
9650, 820
9651, 822
9652, 815
9653, 815
9654, 815
9655, 813
9656, 818
9657, 821
9658, 821
9659, 821
9660, 822
9661, 823
9662, 824
9663, 819
9664, 822
9665, 822
9666, 820
9667, 820
9668, 824
9669, 821
9670, 820
9671, 843
9672, 819
9673, 705
9674, 841
9675, 817
9676, 822
9677, 832
9678, 820
9679, 821
9680, 726
9681, 818
9682, 816
9683, 840
9684, 820
9685, 822
9686, 845
9687, 824
9688, 818
9689, 835
9690, 822
9691, 819
9692, 842
9693, 820
9694, 824
9695, 826
9696, 817
9697, 816
9698, 853
9699, 816
9700, 813
9701, 847
9702, 816
9703, 818
9704, 848
9705, 818
9706, 815
9707, 836
9708, 814
9709, 815
9710, 844
9711, 818
9712, 815
9713, 844
9714, 820
9715, 813
9716, 712
9717, 818
9718, 821
9719, 777
9720, 821
9721, 820
9722, 818
9723, 820
9724, 819
9725, 809
9726, 816
9727, 430
9728, 815
9729, 821
9730, 498
9731, 820
9732, 818
9733, 739
9734, 820
9735, 819
9736, 800
9737, 819
9738, 433
9739, 819
9740, 820
9741, 597
9742, 819
9743, 822
9744, 716
9745, 821
9746, 819
9747, 822
9748, 818
9749, 820
9750, 794
9751, 819
9752, 816
9753, 811
9754, 819
9755, 818
9756, 818
9757, 817
9758, 700
9759, 819
9760, 819
9761, 817
9762, 820
9763, 818
9764, 703
9765, 818
9766, 822
9767, 819
9768, 822
9769, 820
9770, 813
9771, 818
9772, 820
9773, 820
9774, 704
9775, 816
9776, 830
9777, 820
9778, 705
9779, 819
9780, 815
9781, 817
9782, 828
9783, 822
9784, 817
9785, 831
9786, 818
9787, 815
9788, 830
9789, 820
9790, 820
9791, 833
9792, 824
9793, 819
9794, 819
9795, 819
9796, 821
9797, 831
9798, 821
9799, 814
9800, 812
9801, 815
9802, 819
9803, 821
9804, 815
9805, 815
9806, 815
9807, 818
9808, 821
9809, 820
9810, 828
9811, 818
9812, 821
9813, 818
9814, 818
9815, 819
9816, 819
9817, 816
9818, 817
9819, 820
9820, 816
9821, 821
9822, 816
9823, 816
9824, 820
9825, 818
9826, 817
9827, 817
9828, 850
9829, 819
9830, 827
9831, 821
9832, 826
9833, 821
9834, 825
9835, 822
9836, 821
9837, 820
9838, 824
9839, 841
9840, 815
9841, 816
9842, 846
9843, 817
9844, 817
9845, 848
9846, 813
9847, 814
9848, 813
9849, 814
9850, 813
9851, 817
9852, 812
9853, 818
9854, 848
9855, 822
9856, 820
9857, 820
9858, 818
9859, 820
9860, 822
9861, 820
9862, 825
9863, 820
9864, 821
9865, 819
9866, 854
9867, 819
9868, 821
9869, 851
9870, 819
9871, 822
9872, 844
9873, 821
9874, 820
9875, 817
9876, 815
9877, 819
9878, 844
9879, 819
9880, 815
9881, 817
9882, 815
9883, 815
9884, 816
9885, 819
9886, 815
9887, 815
9888, 836
9889, 823
9890, 702
9891, 849
9892, 812
9893, 817
9894, 840
9895, 818
9896, 815
9897, 822
9898, 817
9899, 814
9900, 853
9901, 812
9902, 820
9903, 855
9904, 817
9905, 817
9906, 834
9907, 815
9908, 705
9909, 818
9910, 822
9911, 817
9912, 820
9913, 705
9914, 850
9915, 818
9916, 821
9917, 819
9918, 818
9919, 816
9920, 834
9921, 817
9922, 817
9923, 822
9924, 818
9925, 821
9926, 835
9927, 830
9928, 821
9929, 822
9930, 825
9931, 822
9932, 822
9933, 821
9934, 826
9935, 822
9936, 825
9937, 821
9938, 850
9939, 819
9940, 820
9941, 831
9942, 818
9943, 819
9944, 823
9945, 820
9946, 821
9947, 839
9948, 819
9949, 818
9950, 831
9951, 821
9952, 818
9953, 845
9954, 811
9955, 817
9956, 846
9957, 820
9958, 819
9959, 842
9960, 815
9961, 816
9962, 842
9963, 818
9964, 818
9965, 843
9966, 820
9967, 814
9968, 859
9969, 820
9970, 824
9971, 836
9972, 816
9973, 815
9974, 845
9975, 824
9976, 704
9977, 850
9978, 816
9979, 814
9980, 837
9981, 817
9982, 818
9983, 840
9984, 818
9985, 822
9986, 851
9987, 821
9988, 814
9989, 851
9990, 817
9991, 821
9992, 839
9993, 819
9994, 819
9995, 841
9996, 824
9997, 821
9998, 854
9999, 820
