0, 2628
1, 3533
2, 3217
3, 3096
4, 2846
5, 2189
6, 3154
7, 2808
8, 2830
9, 3232
10, 3039
11, 2597
12, 1929
13, 2810
14, 4128
15, 4340
16, 4037
17, 3568
18, 3921
19, 4085
20, 3888
21, 3811
22, 3360
23, 3743
24, 3290
25, 3749
26, 3572
27, 3680
28, 3596
29, 3585
30, 3524
31, 3747
32, 3722
33, 3617
34, 3478
35, 3579
36, 3349
37, 3152
38, 3047
39, 2942
40, 2746
41, 3594
42, 4540
43, 4100
44, 4344
45, 4172
46, 4134
47, 4023
48, 3918
49, 3807
50, 3658
51, 3633
52, 3502
53, 3110
54, 3510
55, 3525
56, 3570
57, 3379
58, 2999
59, 2943
60, 3190
61, 3038
62, 2597
63, 2772
64, 4897
65, 4498
66, 4115
67, 4109
68, 4073
69, 3856
70, 3768
71, 3911
72, 3534
73, 3477
74, 3644
75, 3688
76, 3554
77, 3403
78, 3353
79, 3084
80, 2988
81, 2759
82, 2792
83, 3392
84, 3039
85, 2563
86, 3249
87, 3172
88, 2615
89, 2854
90, 4339
91, 3301
92, 3217
93, 2936
94, 2753
95, 2545
96, 2652
97, 5376
98, 4575
99, 4130
100, 4085
101, 3903
102, 3800
103, 3816
104, 3944
105, 4080
106, 4060
107, 3563
108, 3593
109, 3374
110, 3427
111, 3153
112, 3308
113, 3167
114, 3018
115, 3099
116, 2956
117, 2883
118, 3524
119, 3469
120, 2748
121, 3260
122, 3549
123, 2878
124, 2420
125, 3152
126, 3042
127, 2683
128, 2949
129, 2468
130, 2994
131, 2814
132, 3194
133, 3024
134, 2525
135, 3474
136, 2904
137, 2505
138, 3288
139, 2886
140, 2477
141, 3008
142, 3537
143, 2463
144, 3291
145, 2922
146, 2469
147, 3302
148, 3701
149, 4088
150, 4119
151, 3950
152, 3886
153, 3764
154, 3660
155, 3615
156, 3193
157, 3609
158, 3481
159, 3408
160, 3732
161, 3465
162, 3589
163, 3254
164, 3426
165, 3094
166, 3013
167, 2730
168, 3288
169, 3219
170, 2730
171, 2951
172, 4430
173, 3303
174, 3249
175, 3185
176, 2938
177, 2697
178, 2510
179, 2683
180, 3676
181, 2717
182, 2001
183, 2801
184, 2509
185, 2676
186, 3627
187, 3194
188, 2738
189, 2623
190, 4169
191, 3833
192, 4166
193, 4145
194, 3986
195, 3894
196, 3845
197, 3676
198, 3614
199, 3539
200, 3452
201, 3314
202, 3322
203, 3266
204, 3495
205, 3483
206, 3488
207, 3047
208, 2934
209, 2761
210, 2859
211, 3785
212, 2708
213, 3211
214, 2640
215, 3369
216, 3273
217, 4125
218, 4035
219, 3958
220, 3973
221, 4214
222, 4027
223, 3943
224, 4011
225, 3811
226, 3813
227, 3698
228, 3652
229, 3603
230, 3300
231, 3397
232, 3333
233, 2982
234, 3006
235, 2779
236, 3621
237, 2968
238, 2227
239, 2801
240, 2616
241, 4076
242, 4399
243, 4099
244, 4054
245, 3940
246, 3724
247, 3602
248, 3514
249, 3495
250, 3398
251, 3303
252, 3249
253, 3244
254, 3069
255, 3070
256, 2827
257, 2685
258, 2498
259, 2953
260, 3079
261, 2699
262, 2998
263, 3210
264, 2449
265, 3306
266, 2894
267, 2673
268, 2743
269, 3874
270, 2443
271, 3368
272, 2881
273, 2470
274, 3460
275, 2910
276, 2575
277, 2636
278, 3758
279, 2495
280, 2751
281, 3846
282, 2606
283, 2912
284, 4488
285, 3318
286, 3266
287, 3195
288, 2919
289, 2742
290, 2501
291, 4093
292, 4403
293, 4094
294, 3969
295, 3827
296, 3789
297, 3665
298, 3535
299, 3450
300, 3442
301, 3292
302, 3304
303, 3112
304, 3200
305, 3100
306, 2822
307, 2955
308, 2744
309, 1938
310, 2717
311, 2907
312, 3695
313, 2834
314, 3358
315, 2463
316, 3337
317, 2865
318, 2594
319, 3382
320, 3006
321, 2550
322, 3969
323, 4364
324, 4002
325, 3880
326, 3898
327, 3783
328, 3656
329, 3596
330, 3483
331, 3462
332, 3243
333, 3280
334, 3071
335, 3126
336, 2993
337, 2899
338, 2772
339, 2783
340, 2538
341, 2454
342, 3848
343, 2818
344, 3632
345, 2983
346, 2558
347, 2704
348, 3750
349, 2499
350, 2767
351, 3849
352, 2529
353, 2912
354, 4466
355, 3312
356, 3192
357, 2972
358, 2845
359, 2721
360, 2534
361, 3534
362, 3349
363, 3646
364, 2868
365, 2964
366, 3857
367, 2802
368, 3379
369, 3282
370, 2747
371, 4353
372, 4452
373, 3976
374, 3807
375, 4019
376, 3692
377, 3530
378, 3809
379, 3731
380, 3732
381, 3145
382, 3778
383, 3480
384, 3598
385, 3378
386, 3503
387, 3149
388, 3080
389, 2953
390, 2774
391, 3125
392, 3902
393, 2877
394, 2883
395, 3081
396, 3419
397, 2482
398, 3426
399, 2889
400, 2470
401, 3352
402, 2859
403, 2753
404, 3654
405, 2967
406, 2731
407, 3412
408, 2882
409, 2559
410, 3423
411, 2951
412, 2441
413, 3233
414, 3057
415, 4079
416, 4043
417, 4006
418, 3841
419, 3772
420, 3709
421, 3593
422, 3537
423, 3446
424, 3440
425, 3529
426, 3603
427, 3350
428, 3483
429, 3402
430, 3123
431, 2940
432, 2761
433, 3957
434, 4677
435, 4128
436, 4011
437, 4019
438, 3885
439, 3692
440, 3630
441, 3564
442, 3427
443, 3365
444, 3326
445, 3203
446, 3231
447, 2904
448, 2853
449, 2769
450, 2700
451, 3184
452, 3598
453, 3121
454, 3064
455, 2811
456, 2413
457, 2883
458, 2678
459, 3110
460, 2998
461, 2751
462, 3535
463, 4414
464, 4130
465, 4089
466, 3738
467, 4095
468, 4032
469, 3897
470, 3840
471, 3702
472, 3650
473, 3539
474, 3477
475, 3356
476, 3414
477, 3209
478, 3152
479, 3202
480, 3078
481, 2830
482, 2689
483, 2523
484, 2964
485, 3040
486, 2562
487, 3345
488, 3015
489, 2466
490, 3569
491, 4428
492, 4098
493, 3968
494, 3899
495, 3788
496, 3622
497, 3563
498, 3473
499, 3488
500, 3355
501, 3212
502, 3234
503, 3012
504, 3102
505, 2784
506, 2650
507, 2499
508, 3745
509, 2557
510, 3377
511, 2933
512, 2465
513, 3298
514, 4424
515, 4049
516, 4017
517, 3996
518, 3849
519, 3910
520, 3665
521, 3552
522, 3430
523, 3416
524, 3407
525, 3162
526, 3268
527, 3298
528, 3394
529, 3310
530, 2981
531, 2782
532, 2038
533, 3073
534, 2789
535, 3269
536, 2983
537, 2566
538, 3280
539, 3630
540, 2475
541, 3307
542, 2710
543, 2719
544, 2604
545, 3028
546, 3133
547, 3901
548, 4135
549, 4061
550, 4001
551, 4021
552, 3799
553, 3677
554, 3588
555, 3464
556, 3374
557, 3344
558, 3252
559, 3233
560, 3203
561, 2883
562, 2784
563, 2700
564, 2543
565, 2610
566, 3725
567, 3185
568, 2705
569, 2474
570, 2000
571, 2855
572, 2493
573, 3361
574, 2810
575, 2582
576, 4197
577, 4410
578, 3989
579, 3873
580, 3503
581, 3923
582, 3875
583, 3743
584, 3657
585, 3484
586, 3427
587, 3381
588, 3191
589, 3262
590, 2719
591, 3299
592, 2692
593, 3667
594, 3291
595, 3426
596, 3246
597, 2976
598, 2775
599, 2735
600, 3647
601, 3177
602, 2677
603, 2447
604, 1950
605, 2841
606, 2560
607, 2514
608, 2829
609, 3923
610, 2861
611, 2895
612, 2517
613, 3052
614, 3115
615, 2679
616, 3244
617, 3577
618, 3025
619, 2902
620, 5732
621, 4789
622, 4401
623, 4127
624, 4027
625, 3852
626, 3739
627, 4027
628, 3588
629, 3495
630, 3392
631, 3257
632, 3194
633, 3119
634, 3139
635, 3083
636, 2495
637, 2902
638, 2736
639, 2672
640, 3144
641, 5354
642, 3484
643, 2896
644, 2664
645, 3465
646, 2560
647, 3123
648, 2774
649, 2881
650, 3921
651, 2852
652, 2610
653, 2758
654, 2567
655, 4103
656, 4355
657, 4077
658, 3938
659, 3755
660, 3796
661, 3611
662, 3604
663, 3449
664, 3466
665, 3328
666, 3317
667, 3244
668, 3174
669, 2876
670, 2796
671, 2339
672, 2853
673, 2548
674, 2463
675, 3796
676, 2719
677, 2765
678, 3830
679, 2612
680, 3464
681, 2951
682, 2449
683, 3304
684, 2865
685, 2610
686, 3263
687, 2938
688, 2460
689, 3331
690, 2881
691, 2461
692, 3222
693, 2984
694, 2463
695, 3354
696, 2869
697, 2450
698, 4203
699, 4418
700, 4124
701, 4039
702, 4043
703, 3934
704, 3763
705, 3608
706, 3590
707, 3488
708, 3333
709, 3390
710, 3215
711, 3185
712, 3044
713, 3035
714, 2727
715, 2336
716, 2745
717, 2651
718, 3102
719, 2977
720, 2575
721, 2966
722, 3933
723, 2769
724, 2859
725, 2525
726, 3330
727, 2883
728, 2550
729, 3506
730, 2914
731, 2455
732, 2856
733, 3505
734, 2497
735, 2863
736, 4157
737, 3592
738, 3456
739, 3447
740, 3187
741, 3109
742, 2942
743, 2807
744, 2636
745, 2575
746, 3744
747, 2825
748, 3091
749, 3267
750, 2451
751, 4100
752, 4383
753, 4489
754, 4003
755, 4401
756, 3933
757, 4059
758, 4002
759, 3976
760, 3861
761, 3772
762, 3720
763, 3536
764, 3540
765, 3454
766, 3251
767, 3212
768, 2988
769, 2786
770, 4464
771, 4477
772, 4037
773, 3972
774, 3986
775, 3813
776, 3679
777, 3618
778, 3460
779, 3427
780, 3270
781, 3306
782, 3251
783, 3024
784, 2988
785, 2840
786, 2704
787, 2485
788, 2655
789, 3788
790, 2547
791, 3413
792, 2828
793, 2706
794, 2731
795, 3311
796, 2926
797, 2698
798, 3343
799, 2858
800, 2471
801, 3259
802, 2921
803, 2589
804, 2937
805, 4425
806, 3296
807, 3242
808, 3163
809, 2991
810, 2757
811, 2663
812, 2576
813, 3797
814, 2551
815, 3527
816, 4322
817, 4142
818, 4134
819, 3999
820, 3903
821, 3839
822, 3686
823, 3649
824, 3563
825, 3462
826, 3335
827, 3455
828, 3311
829, 3267
830, 3193
831, 3203
832, 3132
833, 2838
834, 2708
835, 2644
836, 2405
837, 4005
838, 2593
839, 2980
840, 3250
841, 2442
842, 2840
843, 4435
844, 3321
845, 3257
846, 3157
847, 2984
848, 2663
849, 2351
850, 3983
851, 2368
852, 2806
853, 2603
854, 4056
855, 4376
856, 4050
857, 3913
858, 4036
859, 4023
860, 3876
861, 3794
862, 3677
863, 3713
864, 3439
865, 3226
866, 2629
867, 3132
868, 2961
869, 2805
870, 3188
871, 5399
872, 3561
873, 3327
874, 3084
875, 2982
876, 2784
877, 2663
878, 2772
879, 3828
880, 2598
881, 1956
882, 2831
883, 2532
884, 2954
885, 3500
886, 2560
887, 3235
888, 3128
889, 2672
890, 3247
891, 3043
892, 3375
893, 2481
894, 3302
895, 2512
896, 2587
897, 3155
898, 2946
899, 2487
900, 2724
901, 3754
902, 2649
903, 3072
904, 3765
905, 2447
906, 3302
907, 4326
908, 3648
909, 3487
910, 3551
911, 3319
912, 3082
913, 3133
914, 3101
915, 2765
916, 2705
917, 2649
918, 3686
919, 3363
920, 2777
921, 2466
922, 3324
923, 2842
924, 2552
925, 3400
926, 2965
927, 2590
928, 2670
929, 3124
930, 2990
931, 2635
932, 3433
933, 2945
934, 2456
935, 3293
936, 2875
937, 2439
938, 3215
939, 3167
940, 2591
941, 3401
942, 2996
943, 2438
944, 3022
945, 2864
946, 2543
947, 3016
948, 3547
949, 2678
950, 3255
951, 3401
952, 2854
953, 2974
954, 2517
955, 2433
956, 3592
957, 2716
958, 3052
959, 3578
960, 2597
961, 3215
962, 2990
963, 2464
964, 3411
965, 2929
966, 2856
967, 3191
968, 3169
969, 2694
970, 4028
971, 4536
972, 4392
973, 4022
974, 4271
975, 4173
976, 4030
977, 3951
978, 3821
979, 3792
980, 3693
981, 3587
982, 3552
983, 3304
984, 3278
985, 3049
986, 2933
987, 2774
988, 2915
989, 3997
990, 2573
991, 3741
992, 2953
993, 2466
994, 3166
995, 3047
996, 2465
997, 3446
998, 2923
