118323032
117963552
117933184
117922104
117890984
117620704
117922192
118026000
118033128
117987944
117989320
118020856
117952264
117900096
117958320
117934792
117989320
117744104
117743368
118009000
117994408
117974432
117962912
118038176
117997472
117926816
117960600
117963664
117954448
117922184
117965184
117950592
117933568
117991168
117973520
117958928
118014224
117918984
117920520
117925128
117966600
117936648
117963528
118018824
117912840
117824264
117955080
117910528
118001400
117985016
117949688
118047224
117971192
117947376
117991144
117951208
117965872
117939752
117979936
117981216
117983512
117959704
117970456
117975832
117947416
117981976
117923608
117688680
117960472
117989656
117989656
117955864
117959696
117740184
118024192
117952000
117938176
117959680
118050304
118011128
117932784
117897192
117885920
117938904
117974992
117919696
117981904
117938888
117938888
117965248
117862592
117954240
117945024
117964216
117909688
117979576
117960024
117943896
117990736
118157392
117935440
117918536
117983040
117936952
117967152
117976872
117968416
117968416
117953816
117990672
118056720
117903112
117952256
117900792
117916152
118022136
118087408
118021352
118002912
117944536
117906896
117953736
117938376
117935296
117976760
117946032
118010536
117969832
118048928
117962144
117950104
118007448
118012816
117922448
117988232
117960840
118052744
117985928
117848200
117942152
117946760
118032000
117998968
117943672
117960152
117897944
118013200
117984016
117934088
118004736
117955584
118018560
117949440
118043136
117940984
117955576
117944952
117936504
117931896
117875568
117944944
117951848
118308200
117889640
117938792
117974120
117970280
117884008
117918816
118030936
118033240
118040152
117998680
117939536
117999432
118013256
117937992
118002496
117967936
117928184
118018336
117965856
117931296
118011168
117980448
118017312
117917984
117944352
117939736
117976600
118018064
118037256
117937416
117928968
117967360
118000384
118195456
117928184
117955832
117938168
117947376
117940456
117941224
117630352
117928920
118008568
117993208
117947640
117996016
117929968
117943792
117987056
117956080
117984496
117946856
117943016
117927920
117981672
117965544
118078432
117987288
117930960
118037712
117980872
117957064
117919432
118012352
118021560
118093744
117955496
118006952
117963176
117940904
117933224
117687616
117932448
117939352
117927824
117953160
117965440
117995392
117947776
117917824
118013824
117984640
117904768
117980032
117941624
117960056
118027632
117973104
117973096
117927784
117940064
117955424
117947608
117983704
117710936
117927640
118002128
117985992
117923776
117920704
117999040
118014400
117988280
117968312
118015928
117993656
118003632
117886128
117979816
117924512
117959840
117968288
117959840
117970840
117911448
117924504
117984408
117955984
117905296
117962896
117939848
117982856
117905800
117956736
117977472
117985152
118055808
117951352
117907568
117912176
117978992
117931368
117982048
117936728
118031952
117954376
117910344
117944384
117996600
117948976
117932080
117996848
117919784
117962024
117936160
117926680
118029848
117854224
117892112
117928968
117978112
117943552
117969336
118079696
117929936
117938232
117924408
118023472
117945128
117972776
117958944
117845792
118026008
117735704
118028560
117973512
118046464
118067192
117871856
118030312
117936616
117968872
117935848
117947368
117918176
117994976
118008792
117991128
117939664
117932744
117989576
118042200
117908560
117984592
117744016
117901648
117920840
117935680
118009144
117936952
118034480
117708128
117982256
117931560
118001440
117969944
117975320
117950744
117996456
117968800
117960848
117976208
117923216
118009224
117974664
117962368
117938560
117741264
117860728
118147440
117680032
117915496
117987688
117659248
118124384
117962840
117944664
117929304
117963088
117977672
117962312
117968456
117740824
117845320
118024504
117919288
117935408
117949232
117947296
117961888
117969560
117950352
118032528
117971080
117868592
117957160
118030112
117977656
117963056
117931560
118056744
117963304
117976360
118047192
117915856
117878224
117958864
117935056
117974984
117951936
117823416
117959608
117844152
117941168
117857968
118009520
118032560
117960368
118037928
117975712
117948824
117967256
117985696
117928600
118041488
117995400
117954336
117892128
117992736
117965856
117981976
117999640
117919760
118006024
117988888
117918832
117955688
118057056
117958744
117996368
117905736
117948736
118053184
118056256
118007096
118048560
117970216
118007080
117912608
117936416
117943328
117934880
117964056
117945624
117964816
117863184
118090768
117966344
117997824
117979392
117957880
118044656
117889264
117915632
117937128
117937120
118060768
118061536
117926416
117964816
117969360
118077648
118043088
117894856
117944008
117954752
117899448
118092976
117993136
117984080
117873224
118021952
117980224
117918008
117982520
117944880
117960232
117933352
118042408
118001696
117686240
117977880
117973264
117859336
117897216
118016248
117993200
117957872
117973232
117938664
117951712
117966304
117972344
117980784
117956968
118045280
117997656
117930832
118029904
117976904
117931592
117903936
118018360
118009136
117989168
117933104
118039856
117969368
117741832
117900752
118023192
117956120
117940760
118091776
117983488
117891320
117956600
117986552
117960248
117961776
117954864
117961768
118028584
117955504
117943984
118010032
117905584
118016400
117939592
117974152
118003328
117973376
117944984
117956496
117981112
117976496
117881776
117938856
117976488
117955744
117979544
117952656
117937296
117954960
117940360
117903232
117964152
117890424
117954936
117948016
117933416
117966688
117940312
117921112
117947224
118030168
117911128
117958736
117942608
118003280
117963688
117992872
117945248
117961376
117932184
117989008
117920656
117976712
117972872
117994360
117898360
117977464
117987576
117943800
118019832
117687032
117929976
117977584
118069312
117904696
117924656
118033712
117936944
117995976
118003904
117988288
117939896
117945264
117938856
117952928
118011296
117939104
117911456
117918368
117947680
118020888
118002200
117989144
118036752
117913096
117972224
117967608
117950712
117959928
118072056
117962992
118011376
117974512
117973232
117961448
117964512
117915360
117970656
117948376
117927640
118034392
117959128
117963984
117947592
117999328
118050008
118001624
117930960
117937096
117964736
117995448
117929400
117960120
118042288
118047656
117945000
117975200
117956512
117968800
117935776
117999520
118138528
117934240
117961880
117995664
117957208
117911896
117967192
117854800
117989464
118181464
117977936
118014032
117942600
117985600
117966400
118058560
117923384
117989432
117934904
117976984
117956248
118010776
117991576
118038424
117932432
117968520
118040704
117958528
117982584
117940080
117904752
117999984
117963120
117996904
117894504
117966944
117973848
117976152
117970776
118067536
117741344
117902152
117936192
117988408
117999160
117961528
117986864
117923888
117964584
117976104
118029856
118019984
118066824
118018528
117997784
118016984
117979352
117951184
118036944
117901768
117931712
117901752
117960880
117979848
117923520
118129336
118058680
117948856
117991096
117938096
117965176
117915248
117976168
117993408
117938104
117929656
117915824
118030248
117986720
117948064
117984920
118005648
117954960
117948048
118025608
118014080
117981056
117974136
118025592
117968752
117911144
117911912
117961832
117934176
117985256
118047712
117925336
117950672
117979848
117969856
118055984
117962288
117924656
117924488
117948296
117939072
118019704
118019696
118016880
117949032
117938272
118010464
117968224
117998168
117992792
117944400
118071112
117950528
117950528
117737152
117742240
117991480
118022712
118051064
117930992
117967344
117962728
117923552
117960408
117983440
117968072
117976512
118012600
117996728
117995560
117917216
117954848
117743680
117914064
117937360
117931976
117953328
117919272
117978656
118015512
118019344
117981712
117964816
118004744
118056192
117981688
117984760
117922552
117985520
117998568
117965544
117921216
118004928
117957312
117951160
117956512
117980312
118001048
117941904
117928080
118021776
117930128
118002576
118037128
117935232
117934976
117944952
117957240
117961072
118023528
117831784
117892456
118006576
117990192
117948712
118014760
118011176
117939488
117936416
117940256
117980344
118028728
117935024
117996456
117937312
117967264
117986456
118021952
117908288
118004280
117954352
117981224
117882144
117983520
117960480
117944344
117688432
117976384
117916472
117974832
117950248
117934112
117938720
117991704
117965584
117945616
117956360
117973792
117867552
117979168
117876544
117942072
117950480
117999624
117977352
118028808
117902088
117979656
117928200
117992712
117922824
117992704
117956608
117978112
117954216
117899680
117940384
117974176
118019488
117952664
117950880
118011552
117957024
117994656
117913760
117999264
118048928
117932192
117862040
118091160
118001008
117958664
117964800
117957112
117957880
118027248
117914856
117978600
117937128
117925608
118068456
118033128
117992912
117936848
117970632
117923008
118024384
117969080
117935280
117942960
118018216
117987496
117992872
117953696
117980576
117944472
117926808
117984664
117923736
117935248
117974408
118032008
117996672
117925240
117945208
117932920
117949040
118010480
117974384
117952880
117974384
117930600
117979744
117921368
117965912
117992784
117944400
117954376
117973576
117973272
117937944
117932560
117992464
117984008
117967872
118035448
117975536
117960176
118006248
117944032
117967840
117952472
117940184
117959384
117969368
117987792
117936328
117908672
117951672
117924536
117932984
117924792
118002360
117960888
118000056
117942456
118023864
117965496
117940152
117986232
117963960
117958584
117934000
118009256
117980072
118060712
118048424
117921696
117953184
117998488
117950096
117853832
118010752
118022272
117961600
117947768
118019952
117912424
117906272
117960792
117980760
117918544
117960008
117925448
117937736
117969224
117907008
117953848
117984568
117963064
118019896
118085944
117981496
117928496
118043688
117936928
118003736
118003232
117996824
118003736
117950744
117928464
117943048
117955328
118008320
117989120
117939192
118059000
118023152
117992176
118037480
118041312
117971672
117989072
117960648
117966792
117972680
118009800
117942360
117961560
117935440
118049872
118054472
117944648
117946952
118004032
117940024
118016816
117984552
117926944
117999032
117736552
117958320
118014384
118025128
117861280
117854360
117972112
118033552
117998224
117987728
118048912
117955152
117921352
117902144
117983544
117949752
118166320
117932840
117967400
117926688
117949720
117873432
117978136
117928208
117928976
117987336
117952776
118049536
117746400
117889536
117741376
117740816
117966840
117968888
117879800
117938160
117988840
117965792
117991896
117903568
117980616
117956552
117994952
117984968
118029504
117985728
118019520
118124736
118063344
117946600
117965024
117942744
117934296
117970384
117971408
117960400
117982672
117988736
118045568
118001024
118038656
117957248
117959552
117990272
117999480
117968752
117998696
117944928
117979488
117912672
118000224
118040152
117960272
117971024
117917264
117880144
117917736
118008424
117955432
117951592
117943144
117963048
117989160
118088224
117946136
117923856
117995280
117969168
117964560
118007568
117966088
117998176
117925040
117939632
117974184
117938088
117951912
117960360
117938848
118025632
118067104
117948832
117867168
117997984
118011800
117941136
117933456
117950352
117856400
118061704
117966464
117952640
117900408
117951136
118016664
117980304
117988744
117962208
117989848
117945296
117931464
117969864
117985224
117974472
117962440
117928384
117979840
118019000
117928368
117930672
117992872
117942944
118023584
117949848
118008208
117988240
117921416
117963648
117932920
117995144
117994376
117944456
117940608
117916800
117934456
118050416
117949808
117949800
117959784
117962856
117933664
117991520
117937496
118035024
117895248
117989704
118020416
117955128
117948976
118076464
117967400
117956952
117892328
118007016
118031840
117850072
117997784
117946320
117978576
118021256
118014976
117996536
117981944
118001912
118025712
117919728
117910504
117961184
118047960
117919704
117922776
118007256
118004952
117991984
117916456
117973280
117993240
117952536
118032408
117946392
117986328
117965592
117978648
118049304
118003224
117944088
117967128
117946392
117967896
117929496
118082328
117937936
117934088
117988616
117969496
117834840
118043992
117928792
117964888
117927256
117978704
117950280
117944904
117844040
117919560
117948736
117969464
118017336
117952568
118016312
117944120
117995832
117901880
117977912
117903160
117924920
117930288
117996328
117917992
118007592
117957920
117937944
117960472
117809424
117955592
118010880
117949440
117935608
117977848
117967864
117929464
118036472
117980400
117942248
117994472
117904616
117953000
117989088
117984480
117952992
117964504
117929936
117938376
117956808
117965256
117935304
117977544
117940680
117909032
117973032
117962024
118020392
117922088
117953576
117930536
117965864
117977376
117954336
117917464
117960472
117978904
117951256
118050320
117983808
117908536
117926200
117951464
117958376
117929960
117888488
117939176
117929192
117992936
118038248
118135776
118149600
117992248
118036024
117631032
117980728
117956152
118023432
117935112
118155016
117953032
117924616
118075912
117953032
118069000
118034440
117991432
117935368
117923848
117938440
117965320
117958408
117999752
117801352
117958280
117916552
117962888
117969032
117968264
117931400
117945984
117929080
117959032
117906040
117935992
117955960
118039664
117927528
118035808
117936096
117989680
117990952
117998624
118005856
117956696
118008920
117919064
117958992
117908296
117949768
117978184
117950536
117982016
118051128
117948208
117895984
118003496
117890592
117940504
117927944
117940224
117960192
118019328
118026232
117953272
117997040
117999344
117950952
117981664
117983200
118020056
118018520
117967832
118069208
117947864
117987792
117974728
118026952
117933248
118007736
117963960
117945520
117973160
117943968
117993120
118022296
117983888
117899920
117904520
117994632
117942400
117999992
117908600
117959896
117945296
118075080
117985984
117952952
117978288
117987504
117979056
118013616
117968552
117952168
117922216
117920424
117987488
117952160
117959072
118071960
117993624
117951384
118011280
118069640
117949576
117985160
117959048
117943680
118004344
117931384
117948272
117957480
117949048
118037624
117964400
118014312
118100320
117997408
118042712
117918296
117889624
117969752
117945936
117949000
117985088
118032696
117900592
117982768
117933608
117995808
117918232
117935896
117952024
117986840
117914392
117942800
117960464
117950480
117957384
117927704
117984552
117945376
118016032
117927712
117966872
117999888
118003720
117936904
118118152
117944584
117945352
117990920
117966088
118066688
117990144
118045176
117926688
118021152
117688376
118031888
118004488
117918208
117959680
117740824
117975024
117961192
117932008
117895904
117923544
117976536
117935832
117987280
117987280
118135512
117952720
117981896
117936584
118024504
118023728
118030632
117951192
117955024
117972680
117930440
118006720
118010304
117988792
117972664
117940400
117934248
117982624
117944216
117933464
117961104
117951120
118000272
118024848
117854088
117959552
117920376
117913464
117882024
117982632
118012576
117989536
118001816
117985688
118065552
118051688
118054760
117954144
117952600
117955672
118007128
118295128
117906512
118035536
117936464
118007880
117974856
117982536
117954880
117993272
117915704
117958712
118056240
117638392
117913120
118040096
118012440
117923352
118018832
117971752
117951008
117915672
118006544
117938704
117954832
117962512
117973256
118044672
117928696
117940984
117974768
117977064
117956328
117937264
117967216
117927280
118001776
117922664
117928040
117966440
117969504
117963360
118007128
117630712
117922296
117918960
117742032
117943784
117961440
117926112
117969368
117958360
117970640
117946064
117966024
117943744
117937600
117936056
118031288
117944504
117986992
117968304
117746656
117947560
117977512
117958312
118059224
117993176
117980888
117916120
117952472
117904848
117988560
118058696
117971656
118043800
117969720
118022448
117931048
117961760
117992728
117928720
117937160
117949448
117982472
117953288
117944840
117978624
118090744
117962480
118013160
117972456
117968608
117973984
117833952
117961688
117952464
117944008
117982392
118038456
117955512
117960880
117993648
118036912
118001576
117908640
117989280
117973400
118014096
118003848
117991552
117943160
117986160
117943920
117942376
117999208
117948512
117954648
117903192
117927768
117937744
117972296
117937728
117972288
118098240
117941560
117959224
117969968
117913128
117989152
117975320
117918488
117950736
117989128
117939200
117964536
117980144
117933040
117942256
117969128
117960680
117941480
117959696
118008336
117946640
117978120
117938176
117935032
117934264
117844920
117981112
118081720
117931184
118156208
117930408
117843344
117939344
117946856
117930368
117962616
118017912
117955704
118030968
117978744
117983344
118026352
118071656
117997152
118037848
117992536
117945680
117966408
117932608
118045504
117931816
118001704
117916456
117984040
117997712
117990792
117954696
117995400
117967240
117957000
117920136
117991008
118142040
117954648
118001496
117988440
117965400
117963096
117741920
117990992
117948496
117976904
117941576
117742248
117978440
117922376
117959240
117961792
117969976
117941552
118011432
117988392
117946152
117932320
117939224
117898512
117930760
117988352
117809912
117629880
118020600
118003696
117939952
117929200
117986096
118002984
118014496
117989144
117921448
117924520
118005928
117974936
118038672
117956488
117939592
117926432
117961760
117941016
117932568
117938704
117912592
117994760
118020704
117960032
117931608
117945432
118045272
117959248
118003016
118022208
118025272
117983792
117942888
118025056
117946720
117946712
118094928
117982792
117947456
117941312
117992248
117966648
118021944
118050360
117864248
117864760
117918264
117948208
118050344
117968168
117988904
118002720
117965856
118017312
117882912
117936664
117925904
118038032
118038024
117949696
117968384
117941248
117985792
117929720
117987312
118020336
117938160
117916648
117994208
117944280
118032960
117986616
117932080
117851176
117956648
117949736
117960736
117939736
118003472
118066440
117945864
117928192
117955328
117932800
118053376
118004984
117958896
118021104
117952752
117958120
117955816
118035680
118012632
118032600
117941976
117955800
117945808
117947336
117937352
117922112
117955392
117948480
117933632
118031928
118006832
117981224
118064936
117881120
117946568
117935808
117935800
117952688
117964208
117990312
118005664
117974176
117950360
117978256
117950352
117954448
118009744
117963392
117964928
117967624
117953792
118055936
118009088
117989120
117924608
117952320
117922112
117907008
117950008
117997624
118035248
118107432
117986080
117964568
118022936
117968400
117973008
118018320
117966856
118037504
118045184
117933048
117916152
117975144
117962848
117958240
117931360
117916760
118006608
117980064
117926296
117975448
117904792
117943960
118033040
118000016
117966992
117950856
117925504
117978448
117951560
118037576
118029128
117884744
117957696
117908544
117996096
117942336
117922368
117937728
117937720
117922616
117955376
118035248
117960744
118007520
117941472
118015968
117999840
117966048
118015200
117936856
118069712
118066632
117950664
117974280
117928960
117953016
117945072
117928944
117986536
118039720
118028960
117964440
117955216
117958264
117967472
117950568
117959016
118060392
118030440
117929824
117959776
117989976
117927512
117880656
117925200
117962064
117988936
117979720
117927496
117911360
117962040
117956656
117953576
117981224
118024232
117968928
117920536
117976592
117980432
117966608
117988872
118024072
117981056
117931128
117984136
118047104
117964920
117964152
117895032
117899640
118153072
118098536
117939048
117955680
117973344
117967960
117953368
117951832
118055496
117950784
117983800
117930808
117983024
117959208
118050280
117903592
117982432
117941984
117922520
117924056
117939408
117949392
117912528
117935048
117982400
117921728
118002360
118021552
117941672
117972392
117923240
118001568
117986976
117988504
117953944
117946512
117967752
117963392
118033792
117983864
117973112
117943920
117978472
117962344
118027624
117943136
118044504
118037584
117942352
117946960
117992264
117983040
117942336
117920408
117958808
117930392
117918104
117945752
117953432
117994136
118001808
117895056
118041736
117966472
117950600
117984128
117948024
117981048
117998712
117944176
117737040
117936496
117912688
117989376
117924856
117939440
117972456
117951712
117870048
117937120
117929240
117883920
117954568
117949960
117935296
117926072
117956024
117990584
117965200
117993616
117954448
117935240
118003584
117955960
117918328
117872752
118033520
117926000
117842032
118090352
117932912
117955184
117945960
117952096
118069592
117974360
117956688
118025800
117985088
117962816
118060352
117926712
117976888
117955120
117944360
118038824
117972000
117940152
117954744
117977784
117994928
117969328
117909920
117952920
117954384
117939024
117970504
117953600
117954528
118030552
118024664
117991376
117963720
117938376
118002888
117898176
118042048
117955264
117983936
117923768
117953720
117927600
117903024
117889712
117940656
117969064
117983648
117959832
117959824
118042000
117968272
118011272
117974400
117978240
118038144
118022776
117940600
117940600
117959024
117942128
117963632
118014312
117958240
117742712
117739912
118052184
117911384
117988944
117960528
117939024
117919560
118001496
117970776
118044496
117928400
118014416
117959112
117855176
117894600
117945280
117950648
117987176
117996384
117966440
117954152
117988712
117745640
117976952
117988984
117629992
118008184
118025848
117963640
118013560
117873576
117940392
117963432
117941160
117997224
117929640
118004136
118006440
118013352
118011816
117937320
117890472
117970344
117969576
117995944
117949608
117976488
117971880
117937320
118030248
117953448
117857192
117742440
117902504
117962664
117953448
117929640
117931944
118054056
118100904
118057128
117973416
117997224
118050216
117945176
117960536
117928280
117970520
117957464
118001240
117941336
117955928
117962072
117964376
117952856
117984600
117939800
117948248
117986648
117901400
118177112
117955160
117743864
118032728
117995096
117956696
117693864
117712440
118103384
117946712
117990488
118000472
118014296
118101080
117952088
117922136
118007640
118001800
117957128
117942536
117945608
117967880
117933320
118030856
117963272
117961736
117949448
118013960
118013192
118086520
118029688
117974392
118013560
117959800
118077304
117988216
117997688
117967480
117922168
118018168
118044280
117948280
117972088
117742424
117933944
118003064
117966712
117889144
117909624
118012792
117997432
117931384
117947512
117831288
117936760
118037368
117988216
117894520
118029176
118097272
117948280
117974392
117909112
117952120
117937528
117954424
117991544
117949816
117951352
117954424
118013560
117975160
117946744
117934456
117972344
117949304
117969272
117941624
117943928
117965432
117966968
117954984
118025640
117955432
117970024
118017640
117944680
117943912
117876072
117991784
117998440
117978472
117950056
118021480
118023016
117925480
117962344
117973096
117946216
117950056
117966184
117937640
117932264
117949928
117955304
117983720
117924584
117959912
117956840
117975272
118004712
117631304
117864424
117924584
117956840
117966312
117949928
118003688
117945320
118002920
117743288
117975528
117940712
117687048
117912296
118020584
117867496
117934568
117956072
117932264
118009064
118022888
118005144
117740792
117989016
117929112
117982104
117970584
117961176
117998808
117954104
118001208
117949496
117992760
117967928
117963320
117940712
117996776
118005224
117980136
117988328
118013672
117967592
117924584
117943784
117936104
117931496
118058984
117927656
117936872
117905192
118006568
118013480
117938984
117991208
117939720
117932040
117963528
117926664
118001928
118024968
118011912
117956616
117928968
118007192
117994904
117963416
117927320
118034840
117993368
117928856
117938072
117979544
118001816
117928088
117954200
117908328
117967464
117942456
117957048
117924792
117965496
117991608
117930936
117940152
118033848
117967800
117971640
117938616
117957048
117963192
117958584
117953208
117954744
118017720
118010808
117996216
117973944
117934008
118084536
118015304
117970760
117900616
117960776
118016072
117950792
118008024
117934296
117909464
117989848
117973464
117988056
118057112
117974936
117935768
118086296
118004888
118026392
118003608
117904280
117978776
117950360
117941912
118006424
117970328
117873304
117957272
117918104
117945432
117956184
117966168
117941592
118003800
117933912
118035288
118004568
118004568
117970008
118017624
117959256
117960024
117944664
117938520
117984600
118004856
117964152
117920376
117931128
117954168
117961080
117956472
117934968
117951096
117924984
117982664
117967304
118061000
117950408
117972168
118077896
117999560
117951176
117954248
117963464
118033352
117991368
117993416
117980360
117961160
117981896
117896392
117971144
118050248
117984200
117921992
117984968
117957048
118046136
118019256
117739016
117740568
117931704
117997240
117955512
117930168
117959608
117997752
117987000
117936312
117736856
117954744
117878456
117991608
118035640
117910200
117996216
117988536
117916856
117949368
118127544
117968568
117914808
117955512
117961656
117928632
117937848
117972408
117961656
117970872
117986232
117989304
118001592
117952440
117999288
117993912
117910968
117934600
117925384
117961480
117965320
117954568
117989896
117979144
118110040
117943384
117953368
117946456
117959512
117951064
117934168
117979480
117960280
117951064
117972568
117991000
117973336
118038616
117990232
117965864
117949736
118050344
117899112
117995112
118018920
118000488
117957480
117980520
117955176
117965928
117935976
118042728
117899112
117981288
117990504
118008936
117930632
118058120
117921416
117951368
117949832
117950600
117919112
117936008
117998984
117948296
117904264
117933704
117920648
117939080
118078088
117973640
117972872
118021256
118033544
118022792
117935240
117991304
118022264
117630232
117992312
118036856
118016120
118033016
117953144
118002552
117962360
118056824
117925496
117936248
118046840
117945464
117970808
117962360
117964616
117966152
117932360
118025288
117979208
117942248
117934824
117936872
117959912
117969896
117988328
117949352
117889448
117940904
117737752
117991592
118017704
117996968
117971624
117984680
117968552
118013096
117937832
117932456
117977688
117993048
117970008
117737560
117922392
117938520
117994584
117946200
118012248
117946200
117956184
117947736
117937752
118036056
117974616
118044504
118042200
117976920
118011480
117984600
117934424
117946200
117940056
117953880
117988440
118016088
117985368
118010712
117936984
117930072
117942360
118052952
117946968
117921880
117970776
117944664
117971736
118028824
118011672
117997080
117966680
117947480
117999704
117906008
117737352
117990744
117959000
117926744
117962072
118034264
117930584
117979736
118025816
118002776
117978968
117932888
118015064
117963608
117951320
117942328
117968440
117950776
117969976
118049848
117939512
117985336
118064440
118038328
117963064
118013752
117953848
117988408
118025272
117686584
118012808
117973640
117969032
117947528
117966728
117979784
117928328
117950600
117907592
117962888
117942920
117922952
117923720
117939080
118048904
117886856
117945864
117975048
117951240
117956616
117958152
117911304
117965832
117978120
117970440
117987336
117989640
118018056
117965832
117964296
117958920
117928712
117986568
117969672
117942792
117945864
117959176
117939720
117982216
118031880
117935112
118114824
117942024
117998088
118005000
117967368
117955080
117912840
117942024
118053384
117947400
117984936
117964968
118067912
118067816
117971816
117847912
117943400
117903464
117989480
117910888
117961832
118001000
118014056
117967976
117895784
117961832
117903464
117905768
117941864
117901160
117993320
117896664
117930712
117986776
117931480
117913816
117946328
117976792
117954520
117973720
118023640
117952984
117992152
117991384
118009048
117999064
117991384
117880536
118008280
117964504
117960920
117990616
118026712
117982504
118020136
118050344
117921832
118022440
117934568
117975272
117842920
118015976
118007528
118009832
117992168
117925352
117989576
117991112
117974216
117977288
117974216
117902792
117931208
117938888
118076360
117887176
117941656
118010776
117953896
117929320
117946216
117884008
117946984
117942376
118106728
117988456
117903208
117991528
117976168
117875304
117938536
117997928
118016872
117943144
117994600
118046056
117996904
117984616
117972328
117986920
117957736
118033768
117734104
117954248
117943496
117955784
117945800
118024136
117967304
117964232
118067144
118056392
117950584
117912184
117938296
117947512
118068344
117978232
118011256
117943928
118060408
117954424
117985400
117951352
117999736
117988216
117984376
117960568
117947528
117970568
118069640
117690728
118012040
117953672
117989000
117860200
117986664
117955176
117927528
117985128
117905256
117988200
118002792
117965160
118065000
117740664
117946216
117942120
117962856
117963624
117965928
117919080
117987432
118053480
117965160
117992040
117994344
117922920
117980520
117919848
117975912
118005096
117972840
117948264
117972840
118015848
117975912
117924136
118085416
117933352
117913384
117935656
117941800
117911080
117994792
117931048
117964840
117895464
117959112
117963720
117954504
117960648
118019784
117923016
117942216
117942216
117893576
118002120
117988296
117911496
118011336
117970632
117979848
118014408
118046664
117977544
118020552
117974728
118026952
118037448
117982136
118020536
117946040
118016696
117970616
117997752
118014392
117969848
118015160
117957560
117995144
117992072
118018440
117982856
117942152
117990792
117981320
117969032
117954840
117925400
118089752
117968408
117923096
118053656
118002968
117998360
117960728
117997592
117966104
117943064
118015256
118010648
117906200
118097432
118027544
118017560
118002200
117949976
117950744
117942296
117896984
117849880
118039832
118010648
117909272
117933080
117953048
118003736
117948440
118009880
117975320
117944600
117948440
117960728
117975320
117938456
117919256
117973016
117923864
118002968
117970712
117989144
117932312
118059032
117972248
117973784
117954584
117949208
118082072
117985304
117961560
118010712
117944088
117931544
118042904
117989144
117935384
117955192
117919864
117915256
117957256
118036360
118007176
117934984
118027912
118109320
118035592
117974152
117985672
117991816
117921160
117944200
118007944
118030216
117974152
117940360
117964936
117908872
117948040
117928072
117947528
117962632
117957256
117965704
118001800
117912712
117978104
117976568
117959672
117955064
117943544
117923576
117923576
117982712
117986552
118017272
117958136
117918200
117972216
117952760
117952760
117982200
117974264
118051832
117945080
117971960
117988088
117923320
117923576
117955064
118004216
117941240
117939704
117927416
117978872
117830392
117937400
118066424
117991160
117985784
117975032
117976568
117968888
117983736
117953528
117965816
118040312
118034936
117939704
117957368
117962744
118015736
117934328
117994232
118078712
117965048
117959672
117928952
117928952
118074104
117975800
117927416
118031096
117892088
117932024
117972728
117952760
117974040
118002456
117994776
117975576
118054168
117945624
117960984
117950232
117931032
117959448
117973272
117922584
117959448
118037016
117942552
117977880
117929496
117960984
117961752
117954840
118096920
118007832
117983016
118052904
118022184
117994024
117985320
117900072
117989160
117943080
117947688
117953064
117950760
117946920
118059048
117912360
118023720
118006824
118007592
118005288
117687608
117985320
117989928
117688536
117924648
117951016
117956904
117963048
118009128
118022952
117930792
117930024
118069032
117915432
117958440
117936168
117937704
117968424
117945384
117937704
118008360
117957672
117990696
117929256
117945384
117934632
117982216
117973768
118022920
117903112
117934600
118002184
117962248
117966088
117989896
117895176
117949192
117979144
117975304
118006792
118092040
118022408
118000904
117957640
117891592
117916168
117959176
117960664
117957080
117953496
117978072
117942744
117897432
117953496
117955032
117966552
117960408
117897176
117988056
117898664
117957288
118016680
117960360
117973928
117933224
117951656
118044584
117937832
117974952
117945512
117990824
117961896
117978536
117969320
117959336
117967016
117916328
117941672
118046120
117962408
117953192
117916328
117961896
118010024
118036904
117943208
117960872
117950888
117895592
117961896
118040232
117895592
117956264
118054568
118003880
118014632
117953960
118014600
118019464
117943176
118013704
117923848
117965896
117981256
118034248
117999688
117985096
117941320
117888328
117954376
118000456
117988168
118177864
118061128
117984328
117975112
117960520
118113608
117853512
117960520
117940552
117942856
117992776
118121800
118021368
117992952
117954680
118056056
117968504
117943160
117948536
117950072
117952376
117956216
118060664
118015352
117947000
118040696
117990008
118043768
117970808
117947000
117951096
118013816
118009976
117952376
117994616
117935480
117947000
117902456
117953912
117941624
117953144
117979256
117991544
118055288
117935480
118022264
117937784
117989240
117972600
117963896
117912184
117917816
117944696
117983864
117921656
117945432
117948504
117932376
117957720
118020696
117960024
117936216
117872984
117996008
118134248
117947624
117948392
117741464
117898728
117959912
117966824
117936872
117921480
117959368
117984456
118119624
117954504
117933768
117962184
118040520
117974472
117959880
118019784
117931464
117964488
117872840
118040520
117875912
117951432
118023624
117939144
117908424
117995976
117953736
117990600
118018248
118032840
118010568
118030536
117941448
117933000
117990856
117903048
117884616
118068168
118024392
117924552
117973704
118025928
117979848
117996744
117988296
118198360
117980504
117984856
117929560
117934168
117969496
117973336
117941080
117965656
117985624
117953368
117930328
117829464
118050136
117970264
118005592
117969496
117950088
118011528
117930120
117975432
117943176
117953928
117940872
118007688
117935496
117956232
117947016
117991560
117935496
117970056
118050696
118013832
117965448
117832872
117932200
117946792
117944488
117957800
117962152
117965448
118025352
117937032
117963144
117926280
117936264
117939336
117966984
118076808
117937800
117945480
117915272
118029960
117981576
117962376
117921672
118004472
117998840
118026488
117991160
117945848
118021160
117959720
117939752
117933608
117938216
118008872
118117160
117998888
117948200
117980456
117948200
117917480
117944360
117948968
117958952
118011944
117959672
118087160
118004216
117968888
118027256
117968120
117937400
117943544
117912056
117956600
117975800
118008824
117997304
117929720
117979640
117979640
117978200
117929048
117972056
118012760
117946712
117964376
117992792
117953624
117904984
117929048
117996120
117985112
117949784
117992936
117949304
117935480
117904760
117994616
117976184
117868408
118042232
117879160
117930872
118001528
117950840
118030712
117943928
118079864
117922424
117944696
117959288
117930104
117986168
117913208
117928568
117994872
118065272
117954008
117952472
117964248
117941720
117951704
117938648
117947864
117958616
117906392
117944792
117948632
118006232
117978584
117931736
117908696
117937112
118082264
117978584
117936344
117956312
117945816
117914072
117944792
117855448
117977816
117959384
118048472
117917912
117996248
117988568
117993176
118013144
117983960
117960920
117687384
117889672
117741288
117894184
117996072
117956904
117978408
117926184
117952296
117973096
118063208
117967720
117741768
117960296
117982312
117915496
117933928
117931624
117966184
117963880
117953896
118026856
117958488
118007640
118128216
117963112
117972328
118062184
117961576
118058344
117976216
117932440
117968536
118025368
117663928
117950872
118009240
117954712
118049944
117925528
117979288
118042264
118001560
117946264
117927064
117934744
117934744
117922456
117964696
117921688
117986200
117940888
117973912
117949336
117960856
117932952
117967000
118001304
118012056
117882264
117925272
117909656
117990552
117970584
117943704
117912216
117933720
117909656
117931416
117976728
117993624
117987480
118018200
117941400
117850520
117743064
117893416
117978664
117959464
117925672
117929512
117950248
117925672
117947944
117921064
117937192
117937960
118001704
117988648
117977896
117952552
117970216
117954088
117972520
117950248
117922600
118044968
117632104
117977896
117714152
118117928
117918760
117980200
117948712
117880616
117957928
117942312
118002216
117929256
117969192
117940776
118063656
118026024
117948456
117923816
117941480
117946088
117946088
117955304
118003688
117949160
117958376
117977576
117952232
117928424
117924584
117972968
117689384
117953768
117911528
117972968
117926120
118031336
117710776
117966824
117989096
117959144
118014440
118088936
117982440
117983208
117966056
117949160
117996776
117971432
117982184
117933032
117972968
117945320
117916136
118035176
117967592
117921512
118049000
117953000
117971432
117955304
117977576
117974504
117960680
117915368
117972200
117938408
118027496
117939176
117939944
117976040
117933032
117916904
117959912
118010600
117958376
117973736
117969128
117999848
117959912
117914600
117942248
117982952
118092008
118004456
117918440
117974840
117873464
118130744
118002728
118015016
117948968
117740936
117934632
117935144
118116392
117939064
117979768
118027912
117922440
117967752
118000776
117996840
117960744
117926952
117927720
118020648
117899304
117976872
118022184
117916200
117973512
117913608
117966600
117996552
117914376
117947400
117975816
117955080
118027976
117970376
118007240
118033608
117941192
117935048
117970376
117907400
117921224
117902792
117958088
117990344
117942728
117945032
117944264
118010312
117972680
117859528
118001864
117944264
117972680
117930440
117970072
117933976
117978520
117976984
117930776
117959192
117853720
117998616
117968408
117934616
117983768
117933080
117985800
118037992
117964264
117977320
117944104
117949480
117926440
117925496
117910904
117940088
117953912
117982328
118053224
117738648
117882472
118048920
117880472
117940632
117965208
117957528
117949080
118103448
117940632
117973656
117922200
117880472
117929112
117905816
117952152
118003608
118007704
117971352
117957528
117952920
117886872
117967512
117942168
117863976
117937960
117950248
117941800
118001704
117931000
117918712
117960952
117952504
117977848
117997304
117922552
117964024
117971704
117869304
117957112
117927928
117909496
117904120
117974776
117983224
118012440
118016792
117916184
117948440
118001432
117922328
117936152
118014488
118077464
117923096
117920792
118082072
117947672
117932312
117971480
118001432
117983000
117975320
117943064
118048280
117919256
117903896
117946904
117949208
117963032
118057496
118004392
118014904
118002616
117971896
117979240
117973096
118060648
118001512
118014568
118050664
118075240
117997672
117920104
117932392
118006888
117949288
117917800
117987688
117937000
117950824
117909352
117947752
117713416
117955432
117962344
117973864
117923944
117938536
117950824
117937768
117960040
117935464
117919336
117932392
117910040
117914648
117928472
117937688
117984536
117959192
117947672
117963800
117969176
117986072
117972248
117974552
117953048
117856024
117970712
117943064
117976856
117969176
117906632
118036424
117954248
118056392
117946568
117943496
117998024
117945032
117955960
118007416
117942904
117935448
117943128
117933912
117931272
117929736
117933576
117958920
117741288
118014984
117916680
117963528
117933576
117942792
117935880
117935112
117976584
118016520
117935880
117874184
117935112
117930504
117980424
117942024
117968904
117950472
117999512
117921944
117978008
118034072
117872120
117926136
118040568
117972216
117954552
117909944
117929912
117962680
117931448
117978296
117964728
117950648
117974456
117979320
117971384
117916088
117984440
117947064
117986744
117976760
117939128
117918392
118035896
118085048
118003640
117962248
118098952
117957640
117972232
117989128
117949192
117933832
117940744
117929992
117968392
118035208
117972232
117989128
117896968
117961480
117974536
117991432
117957480
117843560
118059624
118010472
117933672
117741272
117949032
117915480
117953880
117865816
117927000
118046040
117999192
118014344
117967496
118010504
117943288
117954296
118082552
117991160
118050296
118000376
117995768
118071032
117928008
117688280
118024776
118001736
117988680
117688984
117989304
117926072
117979064
117967544
117982904
118033592
117688072
117954488
117889208
117989048
117914552
117975992
117995192
117975624
118072392
117943368
117937224
117995592
117965480
117932456
118010792
117950120
118037672
117961640
117943208
117937832
117950888
117991848
117934760
117970344
117989544
117945512
117957032
117961640
117982376
117996968
117954728
117990312
118021032
117741816
117853096
118021544
117925544
117999528
117952392
117967752
117936264
117973128
117965448
117960840
117944712
118008456
117937032
118005640
117970056
117947784
118036104
118037640
117963144
117971592
117949320
117981576
117925512
117996936
117870728
117929352
117937032
118000008
117937032
117946248
117969288
117956232
117941640
118000552
117928360
117952936
117965992
117951400
117936040
117965992
117942184
118045864
117928520
117923912
117989960
117924680
117939272
117950280
118022216
118007624
117942344
118003784
117938504
117966152
117942344
118007624
118013768
118006088
117970760
117963848
117893192
118016840
118017768
117945576
117994728
118000104
118003176
117954024
118023144
117855464
117900264
117984376
117983608
117952120
117934456
117977464
117954424
117987448
117958264
117979512
117970552
117970552
117990520
117959032
117987448
117942552
117941784
117974808
117902616
117964840
117950248
117970216
117914152
117900072
117974824
117918200
117942008
117930488
117971960
117980408
117922808
117951128
117955736
117968024
117945752
117861016
118044824
117981080
117941912
117924248
117995672
117974168
117996440
117954968
117962648
117971096
117965720
117967256
117926808
118031768
117893528
117912536
117965528
117984728
117922776
118035416
117941720
118172120
117917144
117924824
117970136
117954776
117980120
117936344
118007768
117952472
117952472
118103000
117991640
118006232
117968600
118069912
117958216
117965128
117912904
117967432
118015048
117990472
117984328
117915208
117907272
117859912
118014280
117985864
117969736
117962056
117877320
117915208
117937480
117984328
118031944
117980488
117971272
117940552
117939240
117989160
118024936
117955816
117954280
117961960
117975784
117956584
117938744
118017080
118000952
117940280
117988664
117932600
117977144
117996344
117917752
117944120
118010168
117972536
117930296
117950264
117967928
117978680
117975608
117951800
118010168
117954104
117945656
117969464
117974840
118092344
117948728
117969464
117942584
117932600
117957176
117959480
118009400
117974328
117920312
117991736
117935672
117921080
117937976
117971768
117977912
117953336
117977144
117979448
117970232
117977912
117968696
117961784
117922616
117977640
117907752
117997608
117936168
117889832
117889064
117946920
117983016
117959976
117934632
118012200
117964584
118021416
118061352
117960744
117952296
117915432
117711096
118009128
118060584
117687400
117972264
117920040
118007592
117983784
118020648
117904680
117961512
118035240
117966888
117984552
117969192
117973032
118014504
117992232
118018344
117883176
117851432
118011432
117928488
117925064
117935816
117983432
118113272
117937400
117932024
118015736
118004216
117951224
117998072
118044152
117967352
117979640
117946616
117933368
117938744
117925688
117954872
117965624
117937208
117987896
117987128
117967928
117968696
118031624
117999240
117964680
117913224
117919368
117960840
117998472
118021512
117908616
117905544
117947016
118054024
117969288
117936264
117933960
117991560
118030728
117997192
117947784
118199688
117967752
117945480
117945480
117951624
118060680
118007688
118039944
118064520
117922440
117955464
117878408
117910152
118014600
117960072
117975432
117993784
117862200
117969208
117947704
117989944
117982456
117967864
117915640
118127608
117965816
117966328
117963256
117983992
117934840
117977848
117964792
117955064
117980920
117914104
117945592
117962488
118016248
118007032
118017016
118013944
117948664
117972472
117925624
118070008
117977080
118024696
117970168
117961976
117944824
117987064
117985528
117862392
118050280
118018536
117961704
117944040
118003432
117993960
117954792
117952488
117928856
118027160
117880216
117876376
117955736
117997976
117967256
117961112
117980312
117940376
117945752
117951896
117947288
117940376
117977240
117951128
117949592
117688648
117877912
117950360
118052616
118072584
117934344
118095432
118002504
117976392
117689544
117879112
117947208
117922632
117926472
117687720
118007880
117945672
117966408
117984840
118066248
118016328
117746648
118003272
118005576
117966408
117962568
118022472
118006344
118042440
117971016
118051656
117970248
118024008
118001736
117944344
117945880
117961960
117949672
118043368
117998056
117672616
117970408
117938920
117984232
118065640
117905896
117967848
117986536
117974760
117982440
118009320
117935592
117942504
118033128
117930984
117937128
118002664
117910248
117937128
117954024
117977832
118026984
117936088
117929944
117942232
117942232
117926104
117977560
117917496
117975864
117950520
117960504
117921336
117965112
117937464
118049592
117952056
117936696
117953592
117979704
117953592
117976632
117955128
117877304
117963576
117949752
117981592
117737736
117903000
117895320
117985432
117948568
117947800
117901720
118011544
117937048
117934744
117999256
117927640
117946840
117969880
117967576
117921240
117953752
117982168
117939928
117957592
118003928
117983704
118016728
117995224
117839064
117972952
117983704
117973720
117980632
117741704
117695944
117897688
117978280
117904552
118007464
117972136
117940648
117936808
118040744
117965992
117942952
118025896
117916072
117981352
117969064
118032040
117992104
117899176
117974440
118020520
117986728
117983656
118061576
117981704
117931016
117955592
117976328
117941000
118023176
117967112
117888520
117957896
117960200
118068488
117937160
118009352
117968648
117981704
118053896
117935624
118019592
117951752
117935624
117939928
117906648
117956056
117880536
117962200
117943000
117994456
117939928
117934552
118007512
117952984
118004440
117972184
117976024
117972952
117946840
117919192
117939928
118017496
118050520
117987544
117951448
117912280
117941464
117962200
117954520
117972184
118002904
117915352
118046680
118011352
117915352
117939816
117934440
118002024
117985128
118029416
117981800
117918056
117938792
118137704
117940328
117974888
117961064
117963368
117905000
117988712
117954152
118009704
117940328
118001768
117958760
117963368
117951848
118008232
117969832
117992104
117952168
117985192
117960616
117998248
117939112
117964456
117943720
117990568
118074280
117959848
117959848
117961384
117972904
117919912
117999016
117956776
117949864
118015912
117740584
117972904
117971624
117939096
117949848
117937144
117987064
117932536
117988600
118004984
117948664
117997048
117975800
117977080
117973240
117935608
117955576
117956344
117997816
117896184
117956344
117930232
117952504
117982456
117988600
117951736
117957112
117961720
117957880
117997304
117977848
118033144
117972472
117971704
117918712
117955576
117934840
117974008
117968632
118020040
117971656
117964744
117965256
117944008
117967816
117948088
117947320
117975736
117992632
117983944
117950920
117938632
117957064
118012360
118043848
118011752
117971816
117878888
118011752
118164584
117925736
117963368
117944936
117880936
117959528
117937160
117992456
117950984
118018568
117944840
117898232
118018040
117900536
117935864
118013432
117994232
117956600
117945848
117908984
117930488
117910264
117985016
118036472
117969656
117872632
117943880
117954984
117897384
117994408
118024872
117945000
117984168
117971880
117968040
117914280
117942696
118001064
117941160
118017192
117967272
118050216
117964968
118007976
117936552
117977256
117938088
117931176
117966504
117992616
117858728
117974184
117963432
117951144
118048680
117983656
117997224
117990312
118026408
118001832
118058664
117630632
117986728
117964200
117968808
117956520
117902504
117991336
117961016
117947192
117974840
117959192
117956888
117949208
117943064
117990680
118026008
117926168
117914648
117913112
117975320
117936920
118005912
117926552
118080920
117928088
117962136
118027928
117997976
117944984
117919640
117887384
117965720
117742712
117979544
117960344
117942680
117963416
117968792
117956504
117910424
117945752
118019736
118003352
117986712
117972632
117962648
117992856
117971096
117989528
117984152
117963416
118011032
118029464
117632168
118027160
117953432
118004888
117976472
117687192
118028696
117933464
117901208
117931928
117895576
117971096
117998744
117977240
117935768
118043288
117930392
118018968
117972632
117944216
118005656
118058648
117931160
118001048
117951128
117966488
117918872
117944216
117944984
117936536
117910424
117962648
117953432
117979800
118183832
117965720
117947288
117908888
117942680
117930392
117867928
117935768
118059416
117995160
118092440
118025880
117979544
117984920
117947288
117991832
117994904
117992600
117921944
117949592
117991064
118007448
117934232
117962648
118223000
117898904
117967064
117934040
118004696
118009768
117915368
118000104
118045928
117943016
117942248
117969896
117973736
117999336
117933800
117933800
118025960
117953000
117967592
118011624
118031336
117943784
118047464
117932696
117933176
117954680
118121336
117990776
117963128
117742296
117987704
117948536
118000312
117933496
