0.003517
0.003648
0.003543
0.002753
0.002682
0.003064
0.004570
0.003637
0.004824
0.006760
0.003990
0.003731
0.004037
0.006616
0.004672
0.002911
0.003394
0.003600
0.002778
0.002483
0.008673
0.003342
0.007449
0.002828
0.012182
0.002645
0.003235
0.010647
0.002456
0.003504
0.016063
0.001953
0.002375
0.002419
0.002301
0.002487
0.002639
0.002648
0.002424
0.002604
0.002430
0.002453
0.002354
0.002128
0.002404
0.002171
0.005065
0.002170
0.002232
0.002138
0.002526
0.002434
0.003987
0.002232
0.002388
0.004054
0.014740
0.002203
0.002330
0.002285
0.002221
0.002398
0.002404
0.002355
0.002280
0.002260
0.001499
0.002056
0.001684
0.002162
0.001754
0.002090
0.002178
0.004187
0.006965
0.006283
0.002332
0.002093
0.002808
0.003283
0.002959
0.002145
0.002223
0.003840
0.011208
0.002597
0.002154
0.002532
0.002319
0.007391
0.002184
0.002104
0.003448
0.002949
0.002228
0.002809
0.002295
0.002295
0.002188
0.002051
0.013004
0.003985
0.001521
0.002811
0.002301
0.008109
0.001775
0.002303
0.002565
0.003289
0.003177
0.002293
0.002506
0.007830
0.002103
0.002210
0.003031
0.002063
0.011016
0.002038
0.001988
0.002190
0.004337
0.001373
0.001899
0.004101
0.014465
0.001670
0.001980
0.001799
0.002129
0.001689
0.001528
0.002153
0.001764
0.001985
0.001994
0.002099
0.001557
0.002125
0.002145
0.001669
0.001990
0.002116
0.002047
0.001287
0.001572
0.001849
0.001705
0.001843
0.002128
0.002115
0.002182
0.001878
0.002092
0.007960
0.001777
0.002058
0.004141
0.002264
0.002190
0.001828
0.002259
0.005792
0.004345
0.002231
0.001963
0.001927
0.002025
0.001915
0.001906
0.002054
0.001888
0.002105
0.001596
0.002181
0.002115
0.004191
0.002150
0.002103
0.001970
0.002025
0.002957
0.001999
0.005380
0.002127
0.002159
0.001997
0.002138
0.018210
0.002364
0.002766
0.002173
0.001519
0.002051
0.002078
0.002109
0.001446
0.003135
0.002102
0.002021
0.002002
0.002320
0.002013
0.002152
0.002153
0.015811
0.002060
0.002120
0.001946
0.002129
0.002154
0.002387
0.001271
0.002018
0.001975
0.002045
0.001801
0.002013
0.002035
0.001901
0.002024
0.001913
0.002158
0.002093
0.002043
0.002061
0.004294
0.006700
0.001633
0.002084
0.001755
0.001945
0.001789
0.001790
0.001856
0.001867
0.001897
0.002487
0.001582
0.001865
0.001643
0.007100
0.002087
0.002073
0.002540
0.006826
0.001646
0.001995
0.004375
0.011733
0.002707
0.001920
0.001941
0.002367
0.002175
0.001925
0.002034
0.001774
0.002051
0.003600
0.011230
0.002148
0.001968
0.002013
0.001592
0.002048
0.002113
0.002090
0.001919
0.002004
0.001825
0.001856
0.001756
0.009923
0.002121
0.001892
0.002112
0.002044
0.001833
0.004382
0.001927
0.001978
0.003256
0.001680
0.004398
0.006627
0.002116
0.001798
0.001980
0.001912
0.001973
0.001862
0.001727
0.003647
0.002047
0.001732
0.015405
0.002062
0.001902
0.002145
0.001979
0.001590
0.015368
0.001504
0.001541
0.001697
0.002131
0.002083
0.002010
0.002050
0.003326
0.002087
0.001992
0.001912
0.001954
0.001913
0.001807
0.008870
0.002266
0.001760
0.002022
0.001899
0.001957
0.001958
0.001969
0.001831
0.001982
0.001392
0.001550
0.001400
0.001592
0.001876
0.001961
0.001215
0.001625
0.001962
0.001877
0.001169
0.000967
0.002073
0.001828
0.001969
0.002173
0.001763
0.001031
0.001184
0.001922
0.001826
0.002033
0.001800
0.002042
0.001803
0.001920
0.001909
0.001920
0.001948
0.001709
0.001579
0.001665
0.001995
0.001980
0.001853
0.002841
0.001884
0.001920
0.001912
0.001923
0.002014
0.001890
0.001912
0.001986
0.001806
0.001972
0.001805
0.001919
0.001584
0.001914
0.001739
0.003665
0.002586
0.007580
0.011938
0.002306
0.002250
0.001472
0.001048
0.001802
0.001920
0.001827
0.001712
0.001822
0.001909
0.001919
0.001461
0.001867
0.001985
0.001819
0.001800
0.001588
0.001951
0.001869
0.001583
0.001923
0.001794
0.001678
0.001790
0.001733
0.001731
0.001935
0.001768
0.001669
0.005137
0.001960
0.001492
0.001245
0.001939
0.001820
0.001720
0.001754
0.001503
0.002568
0.001720
0.001333
0.001622
0.001651
0.001696
0.001676
0.001770
0.001843
0.001936
0.001281
0.001750
0.001551
0.001935
0.001922
0.001840
0.001922
0.001780
0.001824
0.001788
0.001963
0.001756
0.001218
0.001744
0.007256
0.002642
0.001470
0.001919
0.001564
0.001741
0.001586
0.001764
0.001325
0.001759
0.001704
0.001785
0.001714
0.001668
0.001687
0.001673
0.001746
0.001972
0.001920
0.001521
0.001788
0.001661
0.001849
0.001851
0.001729
0.001831
0.002081
0.001833
0.001636
0.001868
0.001962
0.001702
0.001791
0.001389
0.001917
0.001946
0.001660
0.003489
0.001825
0.001563
0.001785
0.001781
0.005537
0.001861
0.001787
0.001918
0.001803
0.001743
0.001800
0.001859
0.001711
0.001681
0.008350
0.001976
0.001711
