1607813525
1464868198
1857225
1468738
1712651
1453535
1757604
1333401
2037119
1452229
1738457
1398720
1538448
1522874
1833952
1418873
1627409
1291065
1862092
1412496
1501772
1523504
1942484
1431310
1927628
1527524
1643029
1609350
1843362
1715911
1608253
1864749
1895994
1514218
1444316
1713731
1652249
1475671
1695901
1700228
1663606
1484808
1604713
1777673
1573494
1423886
1526691
1712185
1734721
1692495
1921578
1651352
1663275
1724701
1385390
1800803
1766561
1718095
1778031
1764640
1698545
1966003
1986033
1671909
1781040
1251793
1739394
1857162
1861132
1738194
1691351
1839302
1829489
1953557
1808617
1711808
1861402
1921215
1759597
1798520
1799090
1795333
3105397
2446252
1286792
1410313
1488695
1469055
1572020
1443029
1458952
1357483
1331458
1400453
1297565
1443316
1735424
1614416
1326821
1514631
1377956
1692598
1789383
1476696
1404993
1425189
1804750
1359937
1775724
1749791
1624900
1863175
2072535
1808580
1552230
1834619
1739147
1812619
1834699
1720281
1894881
1796190
1638999
1905631
1792477
1769447
1898614
1657239
1899955
1893698
1751154
1925561
1846056
1841709
1821603
1803786
1850199
1766570
1737141
1767306
1803950
1777323
1750860
1684998
1785334
1734911
1754704
1667505
1798296
1656882
1682372
1742920
1747573
1682418
1722238
1702875
1686568
1677162
1725895
1696662
1569427
1797940
1772137
1895774
1816850
1825736
1881821
1882959
2461549
2340534
1749131
1742881
1784674
1723998
1777766
1785610
1525908
1757221
1755347
1835552
1695388
1778600
1761250
1823689
2913015
1941147
1482915
1824043
1270675
1732424
1435406
1755804
1827560
1787860
1393897
1785193
1394967
1681348
1812173
1830359
1314371
1838565
1300144
1589847
1570384
1789847
1561840
1687635
1538507
1799487
1458162
1809079
1643752
1714191
1912951
1657802
1725791
1774726
1774484
1692031
1717771
1737021
1718921
1714635
1749121
1698675
1738901
1709198
1668246
1944341
1799129
1793489
1671079
1710388
1776000
1644282
1706184
1693848
1671179
1618017
1698361
1676948
1796304
1779720
1391884
1757034
1872141
1797573
1845436
1817722
1828696
1835672
1833559
1799707
1885708
2089994
1739107
1714701
1283572
1646712
1772147
1698538
1728251
1833325
1705408
1765823
1480908
1695325
1678205
1813673
1726181
1764330
1806396
1666212
1738944
1658749
1760620
1673552
1813246
1705068
1736608
1797853
1756990
1774550
1718071
1763530
1731461
1815632
1761844
1711628
1714588
1671389
1717161
1778387
1844942
1855289
1893824
1825280
1838109
1902944
1841279
1839902
1791543
1858229
1795810
1783156
1813576
1816023
1828653
1833476
1852229
1872552
1868819
1825136
1911628
1846913
1803380
1914498
1907018
1833422
1941827
1861669
1839072
1921791
1784697
1761857
1923628
1878608
1722498
1851242
1867512
1837493
1974240
1863695
1897794
1885772
1842069
1944574
1918351
1909485
2542211
2337734
1931285
1876335
1840739
1467452
1905224
1852158
1843676
1858659
1881415
1914991
1685732
2084975
1780000
1844276
1788430
1802207
1813936
1823423
1938628
1898732
1831742
1842069
1820706
1777844
1740764
1825556
1851712
1763990
1956017
1815127
2007249
1765074
1826149
1770714
1779031
1769063
1762924
1749157
1771926
1806959
1745918
1765910
1715801
1786636
1719637
1813490
1780560
1843222
1768917
1835288
1796743
1853245
1904231
1870035
1923724
1861882
1892738
1874412
1801503
1845619
1821556
1765454
1766423
1746111
1789703
1719991
1779260
1768540
1884255
1744614
1961160
1820743
2012889
1873231
1912377
1830093
1945757
1739844
1836839
1729667
1969417
1820356
1918371
1792656
2337511
2405790
1822993
1827316
1787293
1803933
1811346
1913322
1906254
1843749
1859668
1637736
1823676
1661302
1973180
1873239
1833289
1790573
1793800
1776930
1744864
1781216
1783763
1849812
1737364
1793099
1697925
1722471
1713161
1718852
1785000
1723561
1739884
1710031
1822779
1709831
1739074
1671368
1746517
1708135
1768054
1737638
1773293
1695865
1703314
1710305
1673255
1762297
1712942
1769270
1775223
1814753
1757147
1717331
1789134
1703941
1788417
1680068
1799986
1720701
1771030
1763467
1783524
1767914
1780420
1779283
1811486
1762901
1771850
1751877
1734617
1726817
1730648
1693339
1802663
1754527
1880461
1910965
1862062
1917727
1891331
1832969
1875658
1848412
1899711
1869129
2336071
2321777
1785207
1433766
1788763
1810900
1797383
1770247
1735167
1867955
1754750
1901015
1698822
1903715
1844825
1820345
1714591
1707944
1833083
1716541
1794993
1717531
1772197
1862215
1778440
1760897
1750030
1770960
1778026
1835346
1736294
1750731
1781690
1722725
1790624
1701442
1804423
1712578
1954614
1705768
1908715
1717171
1884568
1709765
1778350
1785800
1780146
1804127
1793080
1752790
1717761
1771340
1672242
1779347
1841432
1797556
1835672
1702122
1877135
1738281
1789760
1787133
2766230
1992360
1786470
1832029
1867752
1801880
1765667
1710661
1891324
1771621
1861755
1758324
1937307
1687415
1885271
1745721
1812783
2368760
2240784
1865144
1846522
1849308
1855045
1856733
2497446
2411223
2012477
2002008
1941991
1873477
1952313
1914606
2094423
1855182
1850876
1805605
1981467
1847291
1958269
1957766
2262812
2082235
1967968
1812377
1812922
1966050
1709996
1850199
1797451
1743622
1885957
1818692
1782140
1835992
1776046
1754735
1869312
1793364
1824274
1902990
1932683
1817409
1978764
1857600
1863379
1862034
2097775
1849898
2069192
1841138
1963451
1780150
1898554
1797433
1934226
1897264
1908925
1813347
1879368
1776579
2025579
1837728
2007471
1863143
1968092
1846010
1964869
1849286
2055367
1825948
1871875
2029987
1964130
1848985
1874125
1934608
1793383
2008868
1918183
1866713
2034298
1895011
1931966
2000744
1906661
1923061
1896687
1903912
1957503
1931635
2444052
2420897
1972243
1919208
1918746
1924755
1906823
1850290
1885426
1801101
1776401
1980001
1857082
1854365
1871607
1860433
1799395
1890717
1831222
1816873
1882078
1821421
1868597
1886360
1780867
1928281
1889672
1881288
1881862
1829387
1783512
1841488
1802105
1842982
1831958
1839375
1858757
1854551
1828737
1844898
1833814
1831001
1921229
1818921
1810153
1789431
1818723
1800059
1870868
1832231
1881707
1797596
1897116
1831703
1882116
1811584
1862872
1758969
1824552
1840259
1847956
1753485
1819822
1788829
1829277
1795504
1830625
1827683
1868113
1919156
1870716
1838381
1885736
1829092
1868964
1793228
1826941
1866639
1883622
1919089
1996318
1924559
1987693
1977327
1886066
1951776
2371776
2630799
1876626
1913394
1871051
1882837
1890383
1829989
1794141
1885543
1886374
1836706
1894045
1813096
1801421
1865463
1824375
1884587
1830363
2080745
1842372
1979456
1792647
1968381
1839619
2018729
1898624
1953700
1880919
1992980
1852966
1920497
1905161
1870559
1888965
1811670
1936344
1879968
1850862
1880011
1824712
1762887
1853028
1828602
1827016
1955984
1864632
1841459
1896511
1833632
1804913
1866038
1815436
1818033
1902721
1864756
1789710
1889988
1870122
1818193
1809936
1805690
1821743
1766183
2054716
1844662
1895888
1789560
1887829
1791120
1820186
1910941
1915394
1829399
2171357
1922557
2014689
1995516
1950097
1901064
2055425
2019099
1923834
1998220
1949860
1922644
2611143
2556564
1884629
2081798
2012573
1920454
1966604
1989030
1806966
1951674
1912214
1898614
1872079
1998783
1963837
1904327
1886721
1919894
1846729
1864775
1886401
1882959
1859378
1940041
1841109
1908051
1822166
1851289
1747760
1745604
1769671
1746221
1783053
1741810
1780997
1966870
1811406
1876485
1849112
1845789
1764073
1954127
1773644
1824369
1859626
1856195
1820853
1994073
1799719
1762857
1852478
1753137
1776984
1812730
1773234
1887215
1749517
1783326
1732048
1833576
1774327
1776397
1786920
1817315
1857089
1788610
1757110
1857245
1807912
1726951
1814716
1736471
1773433
1765554
1836089
1728897
1802070
1718297
1878325
1828425
1869452
1912928
1926491
1965790
1915901
1924318
2541084
2410720
1890158
1898258
1811153
1802016
1824913
1796200
1913994
1759731
1754401
1856369
1738588
1707774
1849056
1770353
1820496
1865478
1764224
1781850
1854972
1815302
1776136
1888021
1770847
1786467
1776816
1953444
1712585
1897605
1704718
1806557
1785127
1766664
1982053
1786203
1882622
1749754
1880152
1737144
1888485
1735554
1890881
1849969
1774340
1841132
1838575
1833723
1851323
2603766
1933705
1908348
1898038
1895881
1907044
1756077
1904091
1822679
