65416
87788
36714
44639
29231
30870
30457
30723
31761
31996
32934
35955
41803
40162
38166
40480
35284
34023
37076
34102
33827
43174
37531
40108
35840
35505
35828
35670
34393
34350
34183
34136
34172
34234
43269
35548
39267
37225
35068
35727
33791
34108
30159
34253
36159
35346
38796
35649
34016
36612
34073
37627
34031
35418
33994
33987
34227
35617
34133
35470
37565
35612
34149
35429
35527
35729
34023
33933
33997
33979
34056
34071
32757
33834
34210
35670
35650
35665
35624
35648
35597
35295
34007
34030
34018
34229
42863
35420
38988
35620
35461
35454
35543
34067
34020
34314
33966
35359
50067
51461
41711
39037
55961
35994
39623
31020
38051
37508
43649
37582
44935
31229
40517
30972
42757
32475
39132
32536
40579
34391
40506
34417
41978
36171
30318
35933
41648
32332
39272
34267
24921
34361
27060
34170
28196
36912
30927
42630
30835
29714
32386
30781
34270
32443
34273
34226
38100
29465
37130
25814
23622
27427
45427
46925
29700
28346
30906
37873
32430
36018
34378
36002
34395
36082
36088
36083
42066
36087
34351
34384
40639
30435
36201
25437
27730
29205
24744
29293
26051
31309
27784
31358
29607
31370
29454
33702
31565
33694
31597
33730
31677
33773
31632
33740
34329
31166
33996
33669
34016
33817
34082
33727
34007
33683
34033
108781
71382
36665
36509
36414
44977
31504
24578
31537
26144
34481
27866
31529
29602
31527
29619
31479
31617
34943
31576
39929
32076
31431
33834
31618
33934
31437
33869
31474
34449
31638
33884
33827
33934
37711
33976
42445
33985
27609
33913
29514
33998
29545
34000
31425
33983
31473
28478
36637
43454
45220
39073
40424
27619
35949
27682
34741
36641
35916
34383
29447
31632
29214
31816
30225
36634
38537
29557
29293
29428
29273
50322
33228
24701
33711
26763
37176
38295
54492
38250
27919
36003
29089
32508
30463
34465
32298
34344
34144
34349
34226
36094
34128
36179
35933
36167
35921
35068
34162
34218
32183
34246
34200
34232
34188
36008
35838
35960
35720
115625
81894
29407
31029
43744
27558
27583
29318
27795
31481
29617
31464
29569
31376
31704
31537
31649
33805
51307
33880
24558
33797
26168
33905
27721
33877
29543
33868
29566
33785
31577
33726
31634
33760
31667
33936
34137
33801
34166
33771
34089
33791
34199
33861
34126
33794
34176
33762
34152
33699
34029
33681
34162
33799
35924
33974
36790
36526
34044
31555
31684
31478
29642
31378
31574
31346
32279
33790
31642
33699
33290
33708
31937
35413
34003
38022
34008
31380
33836
31320
31615
31356
31609
31347
31698
33703
53712
33783
40371
33863
24721
33703
26310
33753
27808
33726
29633
33716
29548
37089
31614
31335
51479
31307
26824
31334
24745
31329
26120
33699
27854
33680
112515
87404
36892
40038
36668
35508
31458
29354
31552
29388
31514
29380
31536
31462
33944
31520
33885
31468
33925
33598
33927
34035
33975
36655
33843
33821
33849
33962
33999
33829
33923
33801
33913
33944
37490
33968
31582
37851
31675
33320
31648
29392
31547
29405
31586
31541
33949
31584
34005
33799
34066
36168
37094
33784
31569
33905
31603
33789
31677
33734
31606
33960
34075
33838
34113
33843
34041
33716
34100
33836
34009
33782
34406
33884
37025
33862
34068
33831
34033
33880
34071
33930
34381
36706
33959
33781
33962
31381
33817
31450
33987
31387
33837
33806
34029
33830
33955
33783
33892
33789
33834
33804
33887
33784
33848
33768
41078
33807
31597
33622
33069
31408
43121
57169
38112
38468
38103
36262
36064
34447
32254
32518
32208
32392
34344
32444
34212
34429
34287
34320
35999
36083
35838
36061
34298
34269
32197
32480
34278
34298
34257
34233
35995
34381
36287
37110
34356
34268
32327
32270
32422
32417
34293
32352
34342
34372
34268
34252
36036
47553
35900
31975
47884
32184
21513
28367
21124
24424
23286
25812
24750
26034
26128
29312
27765
29239
29578
31323
29814
31426
29613
31400
31662
33748
31656
33715
44538
33732
38331
48308
32328
36410
27577
25943
29434
27579
31526
29374
31544
29336
31546
31419
31535
31350
49045
31348
27242
33745
27771
33806
27847
33869
29649
33807
31679
33765
31682
33691
31702
33908
34143
33775
34143
33687
78336
100173
36886
36514
36451
33825
31605
31534
31694
33855
31673
33902
31704
37435
34117
31509
33999
31525
34004
31592
33942
31525
33959
33916
33973
33918
34042
33988
33931
33904
34010
33799
34031
33837
37453
33897
31554
36083
34718
33823
33160
34443
29689
31417
31707
31531
31719
34294
31751
33951
34071
33819
34187
33806
43956
42216
40844
43028
38209
37022
36257
34353
34345
32409
32521
34238
34543
34239
34463
36184
34488
35948
35992
34243
32343
32300
25094
34178
24717
24433
31713
27661
38454
47657
29851
26420
38192
29277
35778
30454
32369
32190
34331
32101
35420
34166
36055
35192
36021
35934
35930
35697
35870
34168
34254
32195
31195
34120
24804
30776
26125
25902
48769
27601
51063
61974
31422
38040
33819
31466
33831
31544
33821
31491
33796
33897
33836
35895
33757
33920
33798
33877
33772
35381
33811
36666
33775
33800
33783
33823
33831
33837
33808
36056
33944
33791
33900
33757
33949
33826
33959
33832
33913
33857
33911
33740
33931
33838
33895
33882
33935
33754
33854
33694
33880
33794
33969
33790
33992
33764
33956
33719
31724
33704
31882
33885
14422
33820
33956
33861
33950
33660
33996
33778
33907
33633
33953
33713
33934
33658
33862
33657
34335
33830
20909
27774
33961
14649
33804
33689
33961
33643
33850
35978
33894
35997
33797
31254
31409
31314
31402
31400
31427
31304
33728
33790
41104
33756
39027
33723
37977
32406
34314
43136
113520
37956
31427
37805
31445
73696
33896
31376
33910
31584
33790
31536
33855
33863
33833
33813
49517
33780
25992
33793
27673
33813
29509
33870
29519
34217
31618
33804
31613
33713
31571
33925
53596
33805
24627
33767
27386
33701
29503
33810
31657
33732
32968
33778
31605
35175
32083
31454
34046
34656
33971
29452
33942
31336
35997
31373
36105
33641
31547
33788
31934
33693
31731
33723
34103
33858
33938
33706
33896
33703
33995
33675
33954
33654
33932
33666
34082
33689
33864
33656
33982
33742
33901
33672
33928
33670
33952
33645
33948
33661
33946
33751
35620
33731
33991
33716
33925
33725
34069
33675
33920
33701
33893
33649
33976
33668
33901
33673
33969
33679
33989
33683
33984
33672
34174
33696
43228
33702
36737
99350
33924
36435
33890
33657
31433
31414
31767
33830
33859
33823
33782
33799
47978
33825
37982
47140
34247
35850
34159
34293
35874
35888
30922
36009
27571
33970
27692
29560
29407
29366
31511
31462
31536
31477
31549
31445
53088
36114
20188
35473
26127
29487
27612
29435
29380
31395
29383
31425
31451
33820
31595
33830
33758
33905
33835
33776
33985
33926
54198
33794
24578
33740
26096
33760
27732
33719
29521
33760
29411
33745
31553
33740
31580
33710
31513
33713
33865
33706
33882
33732
33944
33688
33928
33545
33888
33800
34015
33730
33849
33736
33882
33729
33908
33746
33885
33662
33783
31388
33827
31416
33780
33787
33806
33754
33864
33778
37645
37038
105497
33746
49057
33720
38114
60475
36045
37977
36886
36082
34391
34428
32101
33679
34371
34480
34042
34271
25988
31016
27593
25972
27624
27606
29376
36470
31480
34068
39307
36120
40055
39645
35857
40381
34506
35700
34328
34319
34384
34234
36006
35836
35998
35727
35923
35755
35922
36142
36015
35871
36011
38140
35976
37923
33847
52999
27663
30452
29426
23834
29420
24724
31632
25973
31563
27569
31538
29351
31538
29339
33908
31374
33812
31391
33864
33732
33858
33746
33594
33794
33858
33772
33915
33808
33822
33753
33867
36559
37115
40054
33873
33736
31475
31365
31499
31369
33899
31403
34070
33764
33954
33783
33849
33767
33817
33826
33855
33751
33859
33755
33890
33767
33840
33729
34008
33795
48998
33766
36485
71679
31444
36183
31492
31408
33862
31516
33881
33882
33840
35885
33839
33876
33842
33864
33930
33878
33906
33839
33893
33894
33913
33829
33817
33860
33828
33905
33827
33862
33873
33824
33984
49523
34109
26077
33986
29305
33915
29371
33921
31398
33906
31490
33849
31491
33963
33934
33658
33802
34245
33751
42665
31311
36020
41274
34301
40066
34401
34209
38507
38614
35823
35691
34305
34129
32133
32263
32196
32234
34228
32225
34231
34207
34217
34216
35842
35850
35861
35735
35768
35981
35930
35943
35901
38060
36851
37991
35857
37899
34169
34116
34219
32279
34225
34226
34185
34194
35834
35956
35975
35853
35939
35790
33688
35734
27581
36051
29344
26457
29331
27526
63192
29317
36482
84769
31524
36328
31512
31418
33575
18385
33769
14712
33780
14199
33827
31595
33834
31525
33828
33873
33908
33847
33895
33917
33869
33867
33850
33793
33835
33919
33959
33818
33890
36577
31579
36309
31542
31493
36525
31418
31503
33812
31626
34077
31659
33733
31603
33877
34121
33751
33968
33711
33968
33763
33984
33799
34099
33767
33927
33709
34089
33700
34022
33851
34003
33738
33970
33689
33918
33736
34018
33724
33962
33654
34000
33730
33915
33697
37906
33707
33963
33731
33936
33693
33952
33742
34085
33691
34007
33719
33982
33675
33998
33694
34015
33816
33964
33697
33986
33668
33925
33728
33962
33675
33965
33730
33960
33717
46229
33710
38097
43809
38071
41049
86766
35919
31547
106000
31479
31300
33812
33775
31649
33805
31622
33803
31609
33904
34063
33875
33984
33888
34046
33844
34007
33836
33975
33995
34020
33822
33954
33899
34300
33937
41151
33879
31666
33761
31693
33725
31744
33743
34132
33898
34137
33820
34109
33726
34170
33739
34108
33827
34134
33717
34061
33704
34126
33701
34053
33697
34140
33775
34035
33717
34121
33697
34105
33873
34098
33759
34058
33735
34087
33757
34084
33707
34152
33722
34062
33709
34070
33698
34116
33709
34155
33695
34090
33625
34178
33881
34129
33742
34113
33706
34122
33749
33951
33734
33860
31330
31478
29255
29752
31359
31697
31347
31621
33720
32878
33728
31673
33766
34088
35085
34086
33714
34697
33731
105943
33825
36724
33701
36909
43791
33962
36140
33923
31381
31527
31453
33933
31520
33922
31504
33913
33912
33892
33880
33944
33831
33963
33887
33915
33891
33944
33836
33994
33911
33901
33872
33942
33840
33950
33741
34160
33788
33983
53709
34127
24514
34001
27497
33976
27507
34054
29405
33979
31454
34023
31075
33937
31371
33947
33725
33986
33802
33904
33795
33978
33745
34099
33871
34127
33840
34287
33712
51477
36531
23420
35842
24624
31339
27654
31383
27670
31365
29397
31366
31532
33792
31552
33760
31708
33741
33899
33759
33894
33741
33909
33781
34135
33809
33942
33738
33980
33724
33918
33744
37327
33781
33910
33719
31537
31368
31540
31404
31555
33778
33895
33828
33905
33717
33963
33695
55013
33727
38476
46563
36034
36449
35993
31634
34275
31428
38574
31471
38479
31487
36221
33830
36130
33841
36210
33770
36145
33829
36317
33904
36207
33827
29851
33851
27966
33786
29625
33718
29564
33784
31743
33834
31706
33779
31732
33823
34080
36562
33975
36048
33994
31477
31645
31450
31668
31385
33986
31352
33883
33841
34466
33738
33883
33805
34034
33736
33997
33844
33978
33828
34002
33742
33824
33754
33896
33750
33931
33735
33899
33751
33870
33723
33852
33833
33836
33776
33882
33796
33914
33721
33976
33744
33869
33731
33847
33719
33838
33754
37655
33718
31467
33748
31639
33718
31705
37284
31695
31275
33898
31406
33862
31383
33900
31367
33836
33800
33936
35417
33847
36537
50555
33816
36409
80618
31530
44886
33919
35965
33880
36043
33861
36101
33847
35835
33906
36042
33897
36099
33870
35992
33927
35916
33939
35865
33848
35880
39126
36084
42737
34258
36049
25931
34515
27547
37437
29257
34489
29391
36414
31279
36213
31406
36218
33714
36200
33797
36260
33825
36225
33721
36229
33671
36258
33647
26580
33713
27779
33751
29580
33667
31789
33704
31748
33900
31614
33691
34126
33690
34022
33680
34022
33718
34011
33663
33985
33690
34028
33678
33957
33660
34095
33687
34023
33673
37224
33747
34026
33692
34002
33660
34304
33645
34043
36931
34051
33641
33875
31339
31783
31326
31639
33640
34085
33695
34013
33695
33921
33652
33961
31371
33861
31365
33851
33765
64965
33665
36729
83442
31466
36445
31949
34039
18136
33802
33919
33839
32976
33836
33916
33851
33916
33949
33919
33937
33944
33812
33855
33903
33854
33868
33929
33773
33851
33923
33944
45964
33885
38292
34014
38184
33951
37990
33958
38101
34004
38142
33935
38206
34009
38221
33983
38232
33978
38233
33976
37901
33892
38068
44301
37998
41216
32283
36066
27456
34464
29215
34472
29403
34464
31373
36267
31308
36140
33699
36127
33677
36222
34021
36229
33726
36036
33663
38704
33664
35964
33647
36161
33668
36099
37139
36220
33684
35959
31301
34349
31379
34401
33719
34535
33700
36173
33730
36152
33656
36122
33702
36216
33654
36129
33697
36047
33658
26738
33674
27761
33715
29598
33698
82972
33730
36899
101474
36796
36469
36616
33743
31482
31414
31668
33818
31681
33857
31648
33820
34043
33861
33979
33856
34088
33811
34037
33939
33996
33815
34049
33799
34029
33838
34023
33815
33986
33789
34014
33679
34093
33754
34115
33851
34133
33756
34074
33689
34115
33656
33997
33828
34096
33726
34097
33655
33964
33668
34013
33680
34153
37810
34073
44930
33989
35967
33998
35922
34048
36006
37092
35734
34005
35919
31496
34151
33258
34164
33002
35931
33891
35740
33859
38441
33868
35816
33898
35929
33816
35744
33840
35788
33875
35987
33872
35776
33879
36078
33861
35779
33862
35753
33831
35991
33851
35728
33882
36001
33863
35753
34015
35989
42988
35785
40298
32683
37007
30168
106053
27473
31459
29197
31682
38092
31625
33685
33913
29481
33991
31586
33891
31559
33919
33996
32557
35304
35337
53553
36839
24498
36396
26018
31638
27540
31676
29784
32107
32051
33822
31453
33974
31400
33919
31347
36322
33783
36273
33822
31558
31323
31647
33724
31678
33752
31698
33863
34060
33803
34080
33675
34045
33692
34004
33646
34062
33682
33950
33763
34049
33742
34106
33887
34236
33748
34198
33734
34078
33664
34102
33657
34088
35398
34065
33693
34012
33688
34052
33652
33990
33692
34191
33742
34039
33669
34025
33783
34024
33680
33993
33675
34085
33654
33969
33711
33957
33712
34024
33781
34041
33662
34045
33686
33977
33688
34024
33654
34059
33670
34047
38617
34173
44939
33922
35739
35639
36006
33863
42584
33892
33773
33907
33804
33853
33821
33874
33807
33923
33856
33834
33827
33897
33921
33870
33822
33880
33816
33866
33976
33877
33814
33864
33828
33819
33826
33891
33780
33884
33794
34115
33843
33965
33786
34011
33756
33951
33714
33956
33724
33957
33923
33979
33851
34025
33744
33960
33759
33959
33737
34051
33720
33932
33822
33898
33739
34042
33831
33930
33796
37874
33851
33894
33689
31621
33652
31698
33682
34021
33651
34047
33640
34012
33680
34025
33668
34051
33690
33992
33663
34002
33734
34027
33734
33893
33667
33843
31355
33833
31370
33803
33743
33832
33766
33890
33721
33838
33686
33864
33713
33954
33729
33833
33744
33948
33711
33905
33887
33858
33748
46318
33670
36476
70361
31451
36199
31532
31408
33896
31461
33849
33852
33861
33793
33883
33847
33947
33855
33844
33835
33929
33897
33868
33857
33860
33850
33896
33812
33890
33860
26408
33814
33907
33770
33974
33740
33949
33861
33978
33742
34104
33810
33993
33727
33971
33821
33916
33872
34012
33771
33969
33693
33873
33726
34926
33788
33908
36567
33901
33695
34108
33771
34272
33882
33837
33734
34000
34110
33965
33769
33861
33755
33916
33703
34121
33746
33986
33742
33867
33734
33848
33775
33904
33715
33899
33735
33913
33736
33912
33763
33922
33713
33856
33722
33969
33730
33894
33713
33934
33745
33860
33750
33906
33735
33859
33729
33875
33757
33867
33778
33898
33782
33948
33723
72844
33738
36770
91587
31490
36566
33929
33760
33944
33819
33859
33815
33904
33827
34184
33902
33879
33861
34026
33929
33866
33837
33916
54450
34075
24532
33869
27536
33924
27614
33893
29389
35565
31375
33925
31372
53328
31402
24650
33706
26230
33781
33754
33748
27879
33730
29592
33794
29593
33716
31719
33730
31692
33663
31665
34631
34148
33782
33997
33692
34192
33673
34023
33905
34004
33745
34113
33913
34115
33799
37473
33698
31666
33722
34071
33702
34088
33690
33997
33679
34046
33691
34033
33664
34020
33707
34138
33664
34082
33676
33981
33734
33991
33699
34036
33726
34050
33710
34091
33734
34046
33696
34006
33687
34045
33704
33994
33698
34031
33683
33872
33686
34074
33727
91910
33730
49047
107630
38348
36464
38062
36286
34348
31392
34289
31465
34312
31551
36046
31466
36210
33848
35958
33855
34217
31441
32434
31456
34418
33799
34495
33873
26987
33856
27844
33863
29421
33817
29586
33720
31654
33728
31699
33905
31742
33780
34100
33706
34066
33695
34108
33849
34032
33795
34087
33695
34071
33684
34068
33698
34125
33699
34129
33768
34078
33680
34124
33880
34153
33756
34062
33700
34054
33685
34147
33696
34058
33733
33999
33687
34079
33681
33994
33687
34056
33679
33960
33685
34030
33728
38105
33682
17975
31339
29481
33668
17089
33645
31891
33704
35094
33700
31602
33695
31772
33690
34116
33719
34024
33714
34029
33678
33965
33714
33929
33686
34065
49339
105914
25852
36687
29193
34034
37851
34030
33727
33901
31411
33881
33821
33949
33842
33895
33875
33882
33876
39935
34000
31501
33793
31492
31499
31499
31464
31495
31477
42624
33917
40642
33796
36152
33773
36360
33689
36272
33736
36304
33881
36277
33798
36260
33704
36228
33735
36081
33808
36297
33759
36252
33693
36288
33657
33633
33675
27836
33689
27763
33749
29614
33751
31612
33841
31656
31460
31526
31389
33986
31372
33930
33719
33844
33744
33888
33707
33928
33735
33887
33712
33853
33715
33867
33756
33845
33686
33843
33720
33971
37561
33885
31391
34001
33717
33860
33760
33845
33730
33876
33732
33839
33746
33876
33704
35913
33870
33846
33720
33856
33755
33872
33741
33889
33735
33990
33744
38149
33723
36430
55155
31518
40298
31635
35963
33833
36050
33885
38414
33880
36004
33853
35923
33933
36095
33856
36061
33931
35983
33860
35975
33898
35959
33813
36126
33878
32138
33945
27536
33736
29365
33981
29386
33945
31470
34121
31444
33962
31392
33940
33754
34017
33883
33995
33865
34056
33769
33969
33801
36202
33756
45225
33756
36072
31412
34442
33666
36342
33803
36210
33783
36122
33684
36215
33675
36178
33686
36188
33686
36074
33703
36214
33703
36071
53476
36024
24425
27943
25887
27604
27492
29385
29287
30780
29320
31455
31386
31495
31413
31438
31373
33838
33763
33952
33753
33930
33737
33871
33764
33870
34199
33903
36937
33836
33701
33838
33729
33859
33740
33934
33746
46488
33722
39760
65485
29406
36449
31534
31472
31212
31531
31494
33862
33938
33841
33883
33901
33981
33859
33858
33877
33927
33860
33863
33895
33853
33902
32564
33802
15943
53897
34244
32344
32713
34191
34030
34236
33949
35946
35595
35724
33986
36066
33959
50300
34166
29318
33923
32354
34027
32342
34007
34238
33864
34261
33926
36056
33889
28307
33890
27485
34110
29356
34043
29442
33783
31359
33918
31399
33971
33526
33861
31371
33879
33745
33888
33727
33867
33781
33854
33773
41016
33789
42619
33679
35957
33734
34361
33699
34487
33709
36197
33679
36168
33699
36196
33674
36100
33705
36169
33696
36099
33692
36210
33683
36067
33694
34783
33721
27722
33700
27778
33680
29544
33715
65462
33808
36696
85493
33853
39860
36766
31415
36451
31422
31615
31426
31660
33829
34053
33823
34049
33897
35892
33917
34074
33788
34121
33854
33993
33806
33983
33789
34052
33889
34012
33874
34057
33800
34032
33776
34074
33796
34096
33686
34043
33805
34236
33709
34052
33771
34035
33846
34037
33720
34044
33682
34087
33710
34014
33663
34194
40421
34237
42487
34106
35714
31582
34374
33866
34183
34004
35856
33935
35888
33895
35807
33855
35757
33796
34151
31442
32263
31561
34138
33823
34195
33874
35268
33849
25895
33885
27450
33904
29257
36955
29278
31433
31333
31713
31314
31642
33701
31671
33674
34041
33716
34041
39711
34023
33507
34322
31265
41689
31320
36124
31313
36151
33672
93140
33710
31463
102978
34010
36491
33841
33796
33915
33799
33868
33831
33828
33883
33868
33838
33865
33855
33846
33867
33885
33707
33897
37166
33879
33790
33894
33830
33827
41129
33894
31493
33829
31457
34052
31379
33912
33755
33998
33898
33921
33757
33986
33801
33930
33737
33921
33878
33951
33872
34000
41141
33901
31365
33898
31378
34042
31375
33836
33794
33938
33791
34020
33874
34016
33804
33909
33740
37006
33704
33950
33665
31492
31275
29393
29357
31490
31373
31438
31357
31487
31371
33814
33724
33841
44797
33900
40769
33197
38073
34042
38084
33834
38076
33893
37985
33848
37964
33912
38259
33857
38167
33827
38211
33898
38206
33860
38186
33974
38238
33805
33395
33855
27468
110810
29228
36609
29193
34067
37733
34095
33801
33860
31421
33865
33847
33871
33886
33879
33887
33811
33859
33930
33703
33855
33808
33889
33881
33897
33836
33913
33826
33898
33920
33811
33799
33891
33800
34016
33764
33961
35435
33972
33896
34020
33750
33992
33749
33961
33792
34166
33834
33960
33770
34003
33743
33998
33719
33865
33728
33975
33725
33903
33811
33948
33783
33962
33853
34025
33803
33889
33716
33887
33748
33937
33750
33830
33720
33839
33740
33846
33730
33848
33721
33851
33761
33893
33771
33831
33726
33840
33738
33849
33735
33831
33767
33859
33761
34002
33747
33844
33708
33839
33734
33888
33714
33901
33730
33892
33754
33847
33650
33998
36265
33949
36086
33863
43380
34001
38152
38047
37940
36438
43328
31473
31353
31515
32267
31444
29438
33872
31438
33877
31488
33902
31462
33856
33823
33888
33925
33902
33838
33852
37230
33890
33832
33846
33875
33841
33854
33944
33811
33918
33794
33932
33834
33969
33819
34041
33748
33950
33731
34010
33735
33966
33879
34005
33867
34025
33802
33910
33846
33876
33709
33937
33729
33883
33828
33876
33705
33969
33854
33945
33806
33952
33748
34910
33711
33894
41178
33877
38225
33882
31357
33847
31357
33854
31365
33895
33766
34006
33686
35565
33713
33880
33732
33838
33783
33913
33721
33870
33734
34119
33747
33910
33729
33842
33704
33887
33738
33868
33743
33882
33734
33877
33759
33898
34133
33844
33724
33852
33716
33850
33755
45932
33708
36457
69657
31493
36278
33867
31394
33881
31478
33851
33834
33878
33819
33882
33850
33866
33849
33922
41256
33947
31468
33916
31514
33891
37027
33909
31425
33855
50789
34146
24520
33945
25918
33984
27531
33994
29394
34012
31339
33957
31434
33978
31388
33981
33846
33954
33896
34043
33799
34003
33767
32926
33743
33936
33770
41081
33783
31488
33620
31725
31349
31699
31494
31498
31383
33921
33746
33842
33753
33893
33764
33925
33694
33922
36175
18346
35418
14832
13996
14333
14107
29248
14133
29341
31322
31496
31342
31468
31419
31488
33732
33890
33718
33909
33813
33834
33739
33870
33732
53194
33666
24568
33613
25966
48377
27579
24494
29460
25882
29371
27566
31523
29340
77419
29294
44714
87436
34312
33755
37059
33666
34319
31411
32422
31395
34469
33808
34564
33787
36183
33845
36251
33914
36182
33789
36240
33855
36265
33798
36197
33736
36226
33857
36106
33822
36258
33722
36508
33729
36310
33768
36349
33775
36325
33803
36289
33703
36251
33723
36224
33797
36268
33718
36393
33684
32996
33697
28444
33668
27749
33829
29450
33694
31719
31335
31519
31509
31564
31379
33974
33730
33995
33751
33953
33750
33875
33724
33800
33814
33844
33700
33837
33695
33863
33703
33842
33690
33877
33717
34048
33753
33787
33709
33834
35412
33850
33753
33843
33716
33846
33767
33892
33795
33909
33738
33854
33763
33876
33746
33868
33712
33882
33734
33859
33722
33917
33728
87461
33740
36758
107405
33983
36530
33914
36263
31513
31428
31460
31479
33844
33896
33878
33899
33895
33954
33886
33939
33864
33854
33902
33508
33894
33848
33704
33874
33888
33895
33889
33848
33882
33856
33901
33778
34008
33768
34093
33906
37191
33814
33983
33689
31511
31384
31583
31515
31512
33875
35640
33732
33934
33747
40330
33764
43013
33671
35995
31442
34421
33692
34377
33881
36225
33767
36170
33686
36231
33698
36097
33664
36183
33728
36102
33760
51292
33744
29279
33687
30296
33696
23431
33669
26263
33712
27718
33714
29560
33690
29594
33685
31658
33672
31685
33664
33985
33674
37141
33700
33983
33675
34051
33725
34039
33712
34068
33726
33999
33695
34073
33680
34106
33675
104557
33710
36673
36424
36788
37724
36345
31378
31483
31435
31630
31408
31665
31511
31657
33840
31752
33819
34095
33691
34026
33766
34026
33834
34033
33773
34021
33802
34057
33820
34028
33792
34011
33746
34112
33672
34046
33765
34070
33865
34078
33729
34072
33697
34083
33724
34110
33811
34074
33730
34081
33749
33963
33758
36352
33728
31737
33781
31661
33733
34023
35982
34101
33829
33999
31355
31511
29217
29660
31317
31804
31291
31753
33675
31648
33664
34044
33645
33977
33665
34000
33695
46320
33736
38087
33661
38276
33680
38365
33680
38419
33702
38263
33687
38341
33837
38290
33661
38318
33695
38466
33669
38503
33684
38514
33729
38379
33705
33491
33680
27749
33705
29664
36709
29741
31312
37979
29284
33922
45563
31509
36324
31553
31396
33839
31469
33841
33878
33876
33899
41224
33807
31528
33746
31468
31475
31621
31423
31477
31561
33863
33833
33864
33811
33807
33878
33866
33769
33903
33792
33912
33867
34006
33876
33983
33817
34052
36616
34030
33797
33984
33945
33964
33853
34217
33818
34071
33793
34301
33726
18727
33815
33845
34044
33860
36580
34004
33843
34010
33870
33935
33731
33799
33748
33733
33760
33837
33727
33738
33747
33865
33745
33811
33731
33894
34185
33829
33726
33844
33717
33851
33719
33824
33751
33844
33744
33832
33720
33947
33727
33945
33769
33837
33745
33854
33758
33862
33728
33875
33733
33894
33771
34007
33689
33815
33756
33850
33716
33918
33751
44731
33727
36215
64306
31487
36219
35791
31409
33866
31482
33802
33829
33843
33899
33882
33911
33880
33899
33848
33854
33887
33858
33882
33877
33833
33841
33896
33824
33821
33913
33869
33858
33956
34240
33982
33768
33948
33880
33964
33731
33967
33813
54229
33660
26040
36047
26053
31532
27730
36973
29434
31340
31494
31371
31549
31398
31484
33821
33847
33723
53296
33719
24665
33780
25927
29281
27636
31374
29369
31389
29524
31435
31458
33762
31485
33759
31486
33761
33836
33773
33819
33749
33842
33761
33831
36743
33866
33741
33879
33711
33874
33741
33852
33753
33854
33746
33829
33774
33850
33772
33894
33781
33850
33719
33874
37655
37165
33808
45522
33655
35960
31314
34282
31331
65217
31378
29543
89757
31537
48391
31604
35763
33968
36101
33837
36068
33895
36158
33879
36078
33855
36166
33683
36184
33854
47123
33830
30608
33835
32195
33879
34261
33879
34337
33836
26928
33886
27513
33894
29325
33925
29373
33937
31382
33931
31445
33947
31386
33990
33817
33886
33861
37105
33826
35520
33651
31454
31377
29540
33757
31644
33773
31625
33708
31728
33692
34018
33842
34024
33736
41382
33709
31716
33737
31903
34007
31630
33691
33989
33710
34019
33706
33981
33692
34088
33680
34019
33657
34008
33686
34020
33680
36009
33712
36806
33685
34024
33719
34013
33686
34018
34122
34087
33706
37164
33684
33978
33668
33992
33684
34004
33712
33893
33650
33829
31337
33870
31317
93018
33763
36536
101941
33995
36458
33862
33756
31438
31390
31462
38318
31498
29455
31480
31462
33814
31449
33853
31543
39949
33824
31498
33731
31628
33813
31666
34007
34028
33875
34001
33807
35629
33802
34049
48276
33916
38005
33928
36074
31547
34198
31547
32342
31510
34163
31551
34354
33913
36165
33903
36005
33877
36019
33883
36006
33994
33465
33853
27534
33919
29274
33970
29387
33987
31420
33894
31334
33855
31359
33883
39600
33847
31338
33852
31346
33869
33714
33844
33729
33839
33748
33806
33761
34282
33706
33864
33664
31411
31314
29358
29303
31576
31355
31460
31370
31493
31330
33877
33734
33855
33765
33914
33763
33845
33749
33859
33707
33846
33730
33962
33761
33809
33733
106206
33738
36605
36427
33989
37556
33888
31398
31484
31406
29621
31429
31640
31525
31781
33837
31746
33833
34150
33839
34024
33779
33991
33831
34078
33802
34043
33797
33977
33869
33936
58424
33859
32286
33907
23898
33907
24569
33970
27608
33965
27528
33905
29265
33972
31387
33941
31464
33934
31427
33952
33732
34081
33693
33878
33716
33942
33745
33840
33805
33853
33686
34026
33884
33981
31388
31558
31329
29612
31330
31653
31347
31661
33694
31612
33657
34045
33657
33991
33718
33939
48871
33966
37909
33870
27775
31460
25906
35140
27475
31465
29309
31483
29288
33834
31343
33837
31339
33816
33731
33880
33734
33935
33733
33872
33755
33814
33712
33835
33757
33910
33679
33833
33765
33969
33734
38074
33699
36455
44258
31498
36466
31527
31405
33881
31458
33904
33329
33839
33869
33837
33868
33867
33819
33862
33837
33880
33850
33990
33899
35216
33826
36995
33847
31564
33734
31461
31402
31574
31403
31581
31427
33977
33790
33993
33707
34000
31320
31692
31290
31810
33860
31707
33877
34113
33683
34045
33707
33922
33785
34143
33660
33964
45956
33885
37949
33971
35922
33904
35997
33908
36105
33849
35761
33884
35782
33858
35937
33858
35852
33833
35890
33868
35870
33892
27603
33875
27467
33923
29254
33937
31370
33877
31363
33855
31351
33886
33732
33855
31514
33960
33752
33948
33707
33903
33759
33824
33705
33884
33787
33853
33720
33997
33718
33909
33736
33913
33755
33882
33709
47606
33686
36368
64362
31462
36357
33952
31406
33877
34476
33844
33857
33735
33829
33994
33844
33850
34312
33905
33852
33915
33852
33880
33877
33841
33824
33855
33848
33839
33922
33866
33838
33925
33770
33991
33744
34014
33872
34000
33698
33926
33825
33956
33724
34030
33837
33936
33858
33984
33774
33950
33677
33885
33769
33941
33763
33872
33790
33989
33729
34133
33720
34038
33905
33838
33707
53815
33686
24577
33734
26256
33730
27794
33671
29585
33830
29554
33702
31647
33682
31632
33685
31628
37882
34015
42591
33874
35982
33919
35954
33871
36024
33904
35995
33849
36030
33844
35935
37478
35849
33808
37829
31447
34147
33870
34187
39918
36848
31472
36006
31513
25379
31479
25951
74472
27512
44884
81617
34293
33790
36143
33757
36029
33773
34588
31436
32469
33859
34450
33811
34468
33902
36167
33881
36124
33695
36131
34269
36291
33793
34885
33755
27753
33867
27740
33843
29601
33726
31707
33740
31687
33812
31730
33666
34418
33758
34246
33697
34107
33762
34036
33791
34049
33697
34086
35343
34137
33677
34027
33684
34062
33811
34052
33654
34202
33656
34068
33859
34028
33717
34118
33696
34076
33693
34053
33643
34033
33669
34001
33716
41366
33681
31619
33649
31749
33667
31638
33653
34038
33684
34036
33701
33987
33707
34150
33702
34008
33707
34071
33654
34015
33720
34032
33695
34046
33681
33955
33646
34066
33668
34000
33650
34058
33660
35605
42528
33938
42189
87404
37615
36701
108019
34044
31302
33832
33736
31645
33765
31646
33773
31626
33893
34148
33815
34068
33788
34033
33915
34039
33788
34046
33848
34017
33786
34025
33831
34029
33838
34011
33818
34116
33769
34073
33775
34065
33709
34064
33838
34056
33748
34112
33691
33998
33681
34109
33808
33369
33721
34095
33709
34003
33669
34043
33700
34122
33694
37786
33752
31656
33659
34139
33880
34126
33745
34108
33646
34012
33681
34022
33686
33999
33665
34007
33671
33999
33708
33977
33693
34006
33666
33991
33658
34007
33732
34070
33671
34039
33715
34031
33702
34005
33752
34055
33664
34002
33669
33963
33684
33984
54233
33857
26124
36830
25916
51598
27417
22200
29218
24520
29213
26046
31735
98007
31319
36705
33682
36879
37822
36739
36519
36492
31410
31532
31420
31619
31462
31668
33843
31620
33818
31686
33706
34092
33812
34056
33893
33930
33802
33889
31488
42502
31509
40608
33835
36051
33767
36348
33687
36379
33766
36230
33939
36326
33716
36119
33671
36530
33740
36093
33838
36439
33737
36187
33649
36141
33669
33644
33665
27828
33683
27835
33751
29571
33699
31804
33820
31703
33753
31662
33688
33996
33707
34045
33680
33975
33699
34007
33681
34027
33696
34000
33669
34001
33659
33971
33715
33991
33646
34049
33673
34400
33683
19122
33687
34055
33694
34022
33681
33979
33650
33919
33670
33991
33681
34018
33694
34009
33704
33975
33668
33971
33660
33991
33709
41116
36039
33320
33580
38090
31344
33737
44010
31585
36338
31517
31425
33891
31450
33850
33832
33842
34130
33888
33807
34470
31440
29457
31451
29395
31439
31444
31507
31465
33863
33825
33841
33835
33866
33825
33776
33956
33758
33910
33874
33943
33795
34017
33765
34019
33783
33957
33754
33978
33902
33989
33874
53665
33689
24720
36461
27934
33707
38324
31322
38022
31411
34378
33691
34504
33822
36097
33773
36078
33717
36052
33654
36092
33682
36100
33679
36150
33693
36170
33674
36116
33655
36097
33656
28202
33675
27806
33660
29559
33647
29662
33676
31653
33734
31654
33661
34027
33695
34030
33694
34066
33684
34024
33685
34008
33652
33985
33672
34017
33695
33953
33633
34027
33693
33980
33657
33973
33675
44965
33727
36760
69789
31469
36257
36895
31385
30897
33821
29650
33831
31642
33778
31683
33838
31615
33845
33983
33831
33998
33820
34021
33842
34092
33800
34056
33767
34079
33878
33985
33859
34175
33748
34070
33693
34053
33840
34110
33660
34050
33780
34005
33663
33998
33805
34047
33880
34062
33819
34008
33651
34036
33716
34050
33701
33989
33750
34024
33654
33586
33724
33786
33868
33969
34672
34086
33712
33977
33709
34035
33708
34010
33687
34012
33730
34109
33732
33992
33734
33980
33730
37111
33691
34012
33674
33942
33678
34013
33682
49078
33725
35980
33743
36209
33692
36059
33690
36156
33704
36128
33725
36093
33684
36158
33729
34822
33746
27696
33676
27776
33688
29588
33713
65381
33743
36684
85913
36708
36417
36684
33704
33803
31509
31595
33848
31619
33845
31634
33864
34055
33888
34183
33911
34014
33832
34086
33814
33951
33821
34017
33770
34386
33865
34023
33833
34140
33762
33995
33840
34178
33948
33997
34081
33965
36597
34035
33715
33803
31358
31457
31487
31610
31389
31596
33711
31612
33711
33968
33720
36793
33779
33960
33684
34119
33682
33970
33872
33948
33759
33987
33705
34023
33697
33940
33714
33942
33695
33869
33733
33935
33659
33948
33698
37993
33496
46038
33690
41252
33701
35841
33667
35904
33665
28024
33681
27683
33725
29504
33678
29522
33730
31625
33679
31578
33730
33898
33694
37076
33699
34152
54235
45320
24504
40188
25860
34253
27451
91607
29262
31419
101690
31571
33722
33818
33801
33822
33843
33803
33809
33824
33931
33810
33861
33794
33811
33795
33985
33795
33847
33838
33862
33787
33831
33861
33893
33787
33932
33807
33881
33822
33814
33855
33793
33865
33766
33882
33917
33907
33858
49102
33739
25991
33536
27644
31492
29556
31425
29427
31444
31491
33789
31451
33779
33961
33731
33807
33795
33920
33747
33946
33916
33985
33827
33831
33746
33840
33751
33938
34148
33839
33747
33795
33717
33883
33779
33799
33756
33819
33717
33801
54375
33923
24451
33900
25906
33830
27505
33844
29309
33810
31378
33825
31366
33822
31408
33774
33713
33795
33756
33782
33740
33823
33765
33804
33760
33792
33776
33759
33709
33803
33735
109306
33735
36608
36404
33881
36047
31392
31406
31455
31427
33846
31446
33808
33857
33819
33859
33783
33916
33905
33859
33797
33796
33867
33883
33824
33924
33865
33822
33808
33900
33764
33876
33827
33753
33840
33714
33873
33775
33906
33883
33887
33773
33894
33717
33869
33770
33923
33852
33932
33788
33893
33718
33935
33702
35404
33788
33958
36567
33803
33787
33839
33725
33918
33859
33927
33800
33863
33750
33811
33727
33894
33730
33789
33726
33792
33756
33786
33672
33850
33737
33800
33711
33817
33750
33809
37079
33866
33789
33795
33737
33790
33746
33777
33720
33866
33724
33770
33692
33783
33712
33799
37579
33809
31397
33893
33720
33748
33728
33878
33752
33812
33708
33775
33736
33893
33748
38035
33718
36422
56609
51510
40386
24648
37827
25928
32300
27552
34313
29329
34334
31467
34325
31465
36066
34371
35947
33863
35969
33788
36076
33859
35837
33776
36017
33810
32242
33824
27554
33826
29323
33866
29410
33880
31506
33918
31392
33872
31365
33512
33745
33879
33950
33933
33870
33945
33772
33849
33717
35405
33775
33890
33725
33785
33807
33821
33737
33921
33852
33854
33830
33841
33730
33784
33713
33801
33757
33849
33736
33804
33744
33770
33831
33761
33741
33822
33759
33788
33737
33776
33721
33823
33722
35404
33793
33752
36509
33779
33737
33771
33751
33783
33726
33778
33711
33817
33770
33793
33725
33927
33752
33811
33712
33820
33705
33815
33736
33824
33728
33794
33744
46673
33754
36389
64454
31391
36414
33840
31413
33851
31506
33757
33839
53749
33790
24535
33931
26112
33826
27721
33858
29544
33828
29529
33858
31612
33814
31619
33820
31512
33978
33959
33821
34044
33762
49464
33722
26079
33870
27764
33655
29504
33778
31587
33717
31607
33788
33962
33858
33977
33733
33947
33692
33983
33727
33943
33722
33913
33757
33929
36959
34078
33722
33946
31476
31335
34454
29536
31316
31507
31316
31540
31306
31557
31296
33928
33672
33925
33682
33890
33709
33855
33712
34873
33665
33921
33670
33905
33649
33964
33678
33953
33648
33883
33703
33935
33655
35549
33705
33937
33676
33883
33685
33958
33653
33878
33711
33940
33690
33928
33657
33920
33669
33950
33690
67491
33708
36630
84775
36649
36488
36582
33750
31542
31412
31543
31442
31585
33806
31592
33843
34006
33859
33974
33911
33965
33810
34019
33795
33920
33795
33959
33740
33915
33858
33952
45402
33850
40206
33858
35837
33911
36049
33928
35829
33971
36007
33911
35907
33923
35851
33871
36178
33882
35788
33857
35913
33830
35793
33822
35896
33942
30926
33812
27484
34074
29263
33886
29411
33841
31405
33954
31386
33943
33763
33819
33706
33806
33713
33773
33720
33794
33704
33783
33696
33817
33695
33834
33714
33816
33702
33820
33709
33809
33708
33819
33717
33799
33758
33903
33711
33842
33760
33827
33719
33842
33787
36915
33698
33783
33644
31429
31296
29363
29260
31468
31364
31452
31355
36721
31347
33885
100819
31579
33705
31462
33817
33897
33786
33807
33840
33869
33909
33805
33846
33876
33859
33904
37287
33821
33801
33837
33859
33804
33832
33831
33901
33782
33886
33838
33852
33874
33774
33900
33797
33928
33699
33934
33925
33916
33772
33885
35843
33970
33733
33940
33896
33951
33802
33905
33733
33878
33720
33912
33740
33805
37053
33846
45911
33963
38064
33896
38176
33935
38172
33823
38178
33927
37983
33992
38168
33816
37982
33812
38141
49664
37915
25967
37832
30509
34243
29576
34104
29387
25850
31431
25983
31482
27501
31407
29329
33822
31365
33756
31377
33823
31363
33813
33709
33818
33713
33959
33815
33837
33763
33832
33698
33812
33721
33835
33695
34297
33776
36364
33725
40478
33981
38121
37584
34173
31319
34459
31421
31857
31423
32300
31481
34361
33878
34330
33820
36021
33820
36063
33779
36022
33838
35915
33801
32481
33815
27698
33882
29553
33848
29493
33741
31612
33709
31668
33763
33964
33905
34001
33708
33995
33668
33923
33745
33966
33805
33979
33765
33994
33711
33930
33669
33953
33669
33900
33717
33920
33759
53689
33826
24649
33818
26231
33786
27733
53714
29317
24416
31400
25969
31406
27485
31450
29310
33857
29254
33786
31372
33804
31759
33799
31383
33788
33693
33783
33688
33792
33716
33800
33707
33778
33719
33792
45807
33820
37882
33913
37963
33760
38024
33781
37970
33806
38121
33822
38126
33819
38110
33793
34093
33840
27497
67635
29279
36728
31261
36596
44137
29412
36195
31438
31375
31422
31457
33799
33870
33878
33870
33817
33859
33861
33863
33838
33805
33832
33815
33780
33871
33788
33813
33811
33878
33817
33831
33821
33761
33866
33767
33933
33855
33898
33830
33911
33760
33888
33713
33881
33718
33856
33891
33844
33870
33882
33760
33796
33745
33824
33721
33946
33719
33852
33823
34011
33716
33870
33848
33808
33814
33901
33718
33932
33780
33837
33761
33835
33741
33805
33725
33803
33714
33960
33765
37824
33673
31402
33652
31528
40686
31496
42260
31398
35745
33818
35701
33800
35777
33791
27562
33788
27567
33829
29434
33818
29368
33767
31349
33816
31392
33805
33749
33807
33718
33862
33729
33769
33688
86975
33648
36658
33662
37068
67588
33847
36204
33828
31369
31454
31467
33807
31914
33807
31433
33835
33901
33775
33893
33814
33865
33826
33845
33807
33905
33835
33837
45438
33773
38253
33837
36154
31463
34319
31342
34369
33693
34309
33828
34446
33626
36029
33772
36028
33684
36012
33771
36049
36874
36055
33732
35911
32872
29546
33694
26114
33697
27689
33763
29560
33697
29519
33721
35313
33896
31545
33674
31519
33921
31601
33682
33912
33666
33907
33679
33920
33675
33882
33699
33931
33726
33988
33704
33905
33666
33957
33721
33858
33665
33938
33665
33869
33634
33921
33690
33912
33660
33911
33667
33902
33679
33931
33722
33990
33662
33868
33739
33928
33683
33856
33647
33867
44843
104260
38048
36681
37840
33888
88823
33793
29315
33819
31413
33849
31428
33944
33839
33860
33856
33898
33853
33897
33886
33802
33890
33827
33812
33858
33873
33793
33818
33819
33768
33765
33920
33802
33899
33834
33808
33882
33753
33958
33803
40086
33955
31532
33748
31535
31374
29442
31543
35485
31533
33898
33787
33883
33737
33798
33695
33898
33758
33778
33864
33874
33678
33899
33709
33899
33872
33842
33758
33844
33842
33849
33741
33866
33750
33797
33754
33757
33717
47517
33698
37910
33681
27492
33655
26057
33675
27689
33680
29482
33673
31627
33659
31594
33680
31502
33669
33897
33670
33873
33690
33910
33690
33905
33703
33922
33709
33878
33650
33842
33675
33938
33657
33841
33687
34170
33660
38108
33703
36708
107715
36676
36468
36429
36461
31419
33597
31416
31520
31450
31508
33787
31455
33837
33850
33725
33933
33834
33781
33798
33693
33800
33808
40984
33878
31403
33835
31404
31515
31454
31419
31494
34198
33917
31341
33928
33979
33921
33765
33907
33730
33914
33722
33922
33855
33937
33795
33903
33751
36139
33705
45025
33718
35940
31377
34341
33744
34335
33669
36061
33853
36037
33827
35997
33661
35994
33710
35902
33646
35929
33679
35897
33661
26499
33697
27716
33702
29453
33679
31551
33651
31511
33667
31531
33741
33937
33742
34018
33665
33891
33647
33876
33674
33883
33700
33882
33720
33897
33640
33755
31378
33795
31368
33984
33759
33794
33755
33803
33691
33806
33717
46385
33721
36387
33663
31507
37772
31536
36244
33818
31400
33757
31451
33785
33884
33793
33869
33787
33863
33910
33872
33904
33808
33810
33869
33798
33859
33821
33828
33822
33888
33838
33825
33909
33795
53899
33699
24656
36547
26126
33720
27669
31362
29451
31343
29462
31381
31533
33881
31571
33785
33881
33726
33845
33674
37843
33711
31470
33681
31556
33770
31763
33646
31595
33842
33897
33758
33958
33703
32161
33649
33931
33659
33040
33724
34061
33667
37181
33645
34003
33661
40843
33688
43378
33705
38124
33644
38210
33698
38198
33703
38181
33689
38124
33675
38097
33662
38166
33642
38178
33664
38113
33681
38168
33682
38146
33735
36829
33686
27716
33715
29515
35774
29496
33666
66569
33717
36649
33621
36690
41524
33923
33782
33842
31411
33767
31466
33804
33842
33822
33929
33811
33893
33812
33831
33840
33859
33823
33797
33764
33863
33821
33841
53372
33854
24536
33671
25962
29335
27596
31388
30824
31489
29439
31470
31524
33806
31523
33753
33898
33743
33849
33891
33837
33871
33913
33750
33796
33769
33801
33788
33893
33690
33764
33918
34043
33714
33881
33852
33913
33799
33910
33745
33898
33728
33830
33740
33780
33773
33866
33753
33766
33726
33807
33710
33832
33708
33771
33698
33785
33705
27185
33787
33764
33747
33795
33748
33774
33750
33581
33698
33864
33741
33924
33749
33831
33729
33744
33735
33776
33729
33938
33768
33830
33713
33795
33798
33782
33724
88009
33735
36777
36451
33907
66384
33777
36484
34099
31417
31406
31475
29538
31486
31526
31466
31598
33865
33915
33814
33941
33860
33841
33869
33926
33894
31631
33820
31591
33766
33990
33864
33914
33810
33957
33753
34036
33761
33945
33877
34017
33653
33950
33792
33916
33687
34057
34253
34031
33865
34001
33721
33966
33684
33899
33721
33989
33705
33914
33802
33947
33694
33995
33731
34010
33873
33888
33697
33912
33689
33895
33700
35601
33699
33981
33698
33919
33702
33920
33765
33827
33688
33891
33709
33886
33679
33894
33699
33949
33696
33932
33706
33967
33659
33839
33691
33906
33674
33879
33735
33954
33719
33924
33689
33915
33657
33861
33695
42574
33749
40538
33638
35735
31324
108855
33702
31409
33689
31557
85097
33792
36396
34094
33735
31420
31384
31549
29413
38274
31474
31384
31465
29536
31393
31574
33935
31565
33811
33952
33799
53515
33878
24539
33747
26280
33926
27712
33842
29466
33759
31601
33695
31653
33770
31629
33735
33918
33774
53178
33792
24616
33743
26116
33807
27697
33712
29476
33687
31542
33714
31610
33694
31544
33757
33925
33690
34010
33681
33986
33858
33885
33715
33871
33699
33946
41126
33907
31326
33724
31317
31514
31330
31545
31325
33928
33681
33948
33754
54085
33741
24528
33701
26174
33687
27717
33671
29462
33724
31565
33720
31571
33706
31579
33725
33962
33714
35473
33703
33915
33685
34017
33708
33965
33682
33925
33684
33865
33677
34114
33656
35304
33709
36714
102787
33930
36524
36620
33796
36192
33779
31445
31450
31578
33893
31537
31627
31685
33830
33917
33863
33926
33782
33919
33804
33949
33784
33929
33922
34324
33846
25122
33789
33888
33762
34012
33718
33934
33693
34006
33885
33941
33791
33898
33711
33972
33666
33987
33831
34029
33746
33925
33668
33891
33692
33952
33735
33875
33731
33982
33778
33970
33678
34023
33861
33944
33769
33929
33670
33926
33677
33887
33684
34113
33706
33908
33680
33974
39756
33897
31277
33818
31331
31523
31328
31549
31338
31565
33707
33902
33746
33875
33680
33959
33699
33928
33674
33864
33670
34018
33764
33842
33695
33859
33697
33909
33723
33898
33687
33894
33702
33881
33666
33924
33712
45334
53688
36723
26796
36171
34904
31512
33744
31544
33782
31541
33761
34081
33834
33936
41256
33880
31461
33729
31478
31583
31396
31593
33830
31608
33798
33945
33789
33894
33878
33941
33806
33902
33733
34022
33737
33984
33781
33977
33854
40128
33693
31562
33697
31598
33739
33931
33991
34011
33793
33978
33659
33988
33687
33943
33724
33873
33686
33888
33771
34085
33656
34013
33849
33895
33793
34124
33706
33875
33683
33895
33639
33891
33693
33912
33669
33895
33649
33960
33667
33888
33674
33883
33711
33916
33627
33912
33670
33892
33732
33906
33663
33884
33656
33898
33678
33839
33649
33915
33662
33890
33637
33881
33782
33856
33686
33950
33661
37048
33711
33909
33655
33848
33689
71182
33710
36615
36458
36590
45956
36525
36247
33823
31369
31387
31540
31492
31475
33841
31515
33824
33896
33841
33893
33957
33848
33882
33835
33808
33899
33798
33843
33819
33830
33786
33883
33839
33744
33897
33759
33876
33864
33945
33885
33902
33809
33947
33768
33895
33736
33859
33960
33853
33871
33854
33740
33844
33759
33810
33836
33883
49272
33784
27545
34031
27494
33874
29357
33906
31457
33903
31390
33874
31347
33816
33757
33784
33710
33948
33742
33799
33753
33782
33737
33788
37732
33778
31406
33829
33719
33799
33694
33768
33721
33803
33704
33929
33675
33753
33676
31523
33679
31633
33672
33899
33712
33861
33670
33895
33670
33905
33729
33903
33611
33903
33693
33987
33651
88204
33672
36571
36418
36698
73440
36608
45269
36497
35989
33759
34356
31404
32258
33804
34278
33836
34269
33798
35982
33798
36037
33821
35936
33788
35898
53360
36088
24555
35981
25959
31123
27564
29896
29419
25910
29414
27578
31544
27647
31547
29277
33895
31428
33866
31434
33885
31454
33851
33901
33912
33721
33794
33705
33842
33744
33919
33744
33792
33753
33892
33708
33897
33741
33998
33897
33825
33719
33846
33728
33881
33697
33890
33755
33832
33691
33796
33741
33809
33725
35434
33787
34008
36992
33864
33743
33829
33723
33787
33729
33791
36705
33836
33713
33810
33742
33856
33721
33840
33754
33804
33701
33790
33718
33877
33742
33789
33732
33805
33726
33782
33725
33768
33713
106207
33737
36543
36424
33887
86671
33774
36373
33814
33746
33824
33813
33833
33811
33855
33844
33782
33833
33835
33886
33797
33948
33823
33842
33810
33875
33820
33841
33847
33823
33768
33905
33802
33901
33844
33762
33898
33752
33962
33781
33943
33685
33969
33823
33870
33744
33898
33794
33882
33888
33907
33750
33933
33781
33870
33702
37584
33742
33768
33745
31455
31339
31532
31352
31566
33883
33858
33727
34953
33770
33876
33777
33794
33737
33820
33759
33804
33726
33822
37157
33806
33735
33823
33684
33870
33706
41213
33689
31414
33678
31426
31317
31471
31373
31417
33794
33789
33729
33829
33707
33821
33682
33796
33705
33828
33813
33796
33726
36952
33715
33836
33645
31421
31273
31471
29287
39335
31342
36107
98112
31597
36192
31454
36619
33800
36571
33844
36590
33880
36658
33824
33847
33849
33841
33818
33911
33842
33703
33814
33843
33866
33820
33874
33893
33837
33856
33894
42897
33869
40567
33924
37995
33956
38059
33972
38268
33897
38136
33894
38150
33934
38193
33957
38184
37605
38139
33923
37822
31424
34158
31551
34141
33851
33471
33857
25930
33945
27493
33877
29414
33849
31840
33786
31359
33877
31332
33798
33715
33863
33727
33791
33700
33783
33702
33784
33829
33784
33692
33863
33725
33812
33722
33773
33744
33778
33758
33780
33702
33792
33705
33812
33695
35451
33756
33828
33715
33957
33695
36299
36507
32027
36277
31424
31357
33842
31348
33894
33763
33806
33721
44926
33715
36570
33654
31398
37724
31556
33686
31471
31419
31437
31450
33783
31480
33807
33886
33840
33849
33781
33841
33905
33780
33847
33899
33855
33826
33822
33842
33772
33933
33846
33851
33841
33763
33936
33722
34016
33792
33914
33916
33918
33742
33891
33725
33923
33740
33946
33882
34150
33769
33856
33759
33830
33709
33880
33736
33883
33695
33874
33800
34036
33732
33992
33911
33741
36638
33858
33763
33809
33790
33806
33695
33824
33711
33833
48564
33797
35778
33785
38076
33767
38222
33827
38262
33882
29533
33833
27533
33821
29265
33857
31394
33787
31392
33809
31340
33846
33707
33819
33788
33812
33746
33834
33716
33775
33714
33762
33711
33867
33728
33891
33684
31501
31320
73653
29262
45054
31358
35966
39373
35631
31402
35758
31348
34310
31425
34310
31486
34277
33864
37004
33828
36056
33781
35953
33777
35974
33775
36062
33798
34605
33797
27662
33856
27714
33877
29548
33720
31613
33726
31621
33860
31631
33872
33983
33721
33994
33722
34026
33673
33942
33884
33997
33824
33823
33682
33899
33696
33907
33693
34007
33688
33938
45972
34085
38070
33892
35923
33839
35874
33956
35779
33882
35714
33799
35972
33822
35963
41173
27623
31412
27432
29557
29220
31537
31311
31587
31292
33950
31296
34040
32359
34105
33688
33899
33679
33933
33672
33927
33711
33962
33681
33903
33735
33877
33676
33858
33668
33903
33675
33870
33693
33914
33634
33940
33701
33918
33683
87548
33710
36596
36410
36710
65327
36608
36403
33838
31345
31422
31488
29528
31445
31577
34252
31578
31656
31559
33775
33940
33862
33926
33805
33951
33931
33929
33815
33795
31402
31465
31492
29591
31410
31585
31379
31637
33692
31584
33854
34004
33687
33947
33781
33990
33656
34000
33810
33919
33910
34002
33693
33963
33643
34052
33702
33993
33689
33933
33745
33928
33683
34009
33734
34043
33833
33951
33690
33981
33695
33946
33754
33970
37217
33881
33703
33915
31311
31538
31328
37270
33689
31491
33700
31538
37718
34023
42424
33742
35948
33866
35909
33787
35947
33838
35781
33842
35842
33850
35914
33825
35895
33799
35933
33799
35705
33815
35958
33789
35851
33884
35758
33768
26789
103012
27398
36579
29184
36706
82880
33796
33759
36610
33760
36272
33717
31415
31396
31586
31439
31568
33833
31612
33732
33956
33906
33943
33812
33980
33806
33924
33817
33987
33759
33857
33870
33963
33808
33983
33773
33959
33739
48006
54770
38266
24400
37689
25951
32390
27468
34460
29301
34407
31445
36037
31357
36040
33701
33406
33666
26075
33665
27682
51633
29034
22157
16327
24348
33028
26082
31467
27549
31467
29335
31482
29329
32818
31337
33801
31341
53172
33671
24511
33635
25954
31380
27563
31341
29370
31341
29313
33718
31410
33740
31417
33734
33805
33712
33772
33754
33776
33699
33877
33750
33798
33750
33796
33763
33820
33752
33767
33730
33886
33704
33783
33699
33814
33701
33832
33748
29640
33728
30299
100831
33991
36468
36673
36557
36262
36355
31551
36772
31460
27630
31460
29396
33810
29374
33830
31493
33806
31443
33841
33869
33785
33809
41826
33874
42600
33870
35995
33862
36079
33744
36141
33682
26578
33673
27716
33863
29544
33735
29509
33716
31561
33649
31668
33805
33973
33730
33984
33660
33832
33721
33968
33684
33927
33669
33870
33731
33998
33723
33923
33831
33951
33742
33872
33734
33908
33680
33914
33652
33867
35367
34002
33652
33850
33646
33897
33678
33900
33675
33881
33671
33904
33702
33838
33655
33950
33668
33876
33666
33887
33655
33919
33684
33863
33654
34003
33680
53083
33733
24486
33669
26169
33682
27652
33663
29511
33681
31513
39404
31560
42685
46412
36013
36328
35896
31405
30468
31404
27515
31430
29395
33807
29394
33806
31482
33837
31563
33757
33854
33806
33887
33802
33789
33866
33908
33789
33830
33787
33825
33839
33887
33777
33863
33834
33769
33902
33705
33887
33804
34021
33877
33887
33730
33910
33687
33895
33768
33871
33832
33932
33771
33859
33745
33842
33710
33847
33712
33818
33738
33818
33821
34050
33721
35556
33895
33736
33791
33889
33799
33768
33745
33830
33706
33817
33740
37573
33704
33817
33648
31499
33679
31569
33663
31543
33689
37166
33656
33901
33680
33874
33758
33889
33701
33907
33689
33918
33657
33919
33687
33965
33699
33911
33693
33912
33675
33876
33755
33948
33700
34045
33735
33907
33650
33965
33669
66016
33699
42840
36422
31543
48660
31446
31423
33793
33899
33756
33881
33841
33846
33812
33867
33836
33861
33805
33828
33814
33894
33763
33829
33769
33874
33817
33828
33935
33854
33821
33861
33826
33763
33891
33739
33844
33876
33950
33814
33917
33732
33930
33733
33913
33715
33826
33925
33880
33865
33884
33779
33825
33732
43276
33752
40516
33673
35841
33786
36204
33659
35929
33807
35986
33773
35983
33683
35990
33666
36057
33789
35855
33701
36080
33708
36029
33668
35881
33685
32779
33660
27688
33677
29469
33686
29546
33662
31598
33675
31523
33650
33930
33664
32225
33684
33545
33688
33931
33656
33959
33706
33977
33688
33928
33663
33946
33711
33883
33653
33928
33680
32751
48748
87890
25809
36327
29180
31562
66495
33794
36292
33818
31404
33798
31478
33841
33831
33802
33814
33810
33852
33798
33870
33889
33863
33768
33844
33825
33910
33825
33893
33827
33789
33814
33916
33788
33849
33890
33787
33898
33738
33920
33905
33860
33737
33946
33794
33891
33744
15070
33937
14512
33975
14722
33703
14699
33728
14498
33665
15316
33712
14708
33864
14481
33673
14512
33694
14581
33924
14726
31613
14488
33647
14590
33659
15195
37201
14656
31413
14617
31379
14553
31246
14832
27414
20083
29245
20066
29242
22935
31419
20673
31448
20123
31339
20310
31390
20111
33780
20130
33807
20097
33804
20158
33771
20093
33810
19942
33711
20011
44735
20014
38342
20303
38262
20622
30329
96439
29184
40822
31281
36145
94049
36188
48339
35942
38009
35936
35995
34246
34373
34360
34347
34241
34376
34264
34395
36227
36312
35986
36054
34317
34272
32239
32480
34256
34376
34260
34421
35990
36123
36175
36106
36120
36006
34364
34350
32462
32313
34335
34311
34370
34276
36066
36143
36107
36099
36087
35792
36034
35816
36045
37942
36056
38009
36106
38221
36000
37971
36025
37939
36098
38115
35924
38076
38247
37984
38270
37909
34261
34196
34271
34240
34303
34280
35980
35705
35935
35782
36054
35772
35930
35799
36090
38055
36662
37932
36807
37924
34235
47072
34297
27833
34283
29165
36053
30564
35903
32037
34441
34144
34353
34167
27934
26183
32439
25793
38403
28613
30334
37051
27905
39796
30863
34221
36763
107529
33985
25819
33835
31415
33833
33776
33849
33736
31456
31559
31570
31417
33896
33812
33794
33856
33869
33775
33862
33878
32278
33795
33838
33868
33786
33903
32778
33803
33640
33755
33945
33668
31539
31281
31599
29431
31524
31753
33918
31392
33309
31374
33904
33857
34037
33776
33869
33691
33818
33765
33933
33726
33816
33698
33842
33741
33921
33755
33972
33907
33903
33784
33840
33677
33830
33720
33896
33710
33488
33716
33805
33841
33811
33708
33796
33697
33863
33740
33838
33716
33844
33708
33905
33726
33814
33765
33981
33738
33803
33702
33809
33679
33946
39702
33838
31365
33845
31369
33818
33758
33898
33785
33847
33678
33845
33710
33673
33702
31857
33755
45082
33708
36239
33645
31470
37785
31607
33612
31605
31399
33820
33830
33804
33847
33864
33827
33864
33850
33813
33841
33852
33789
33898
35889
33854
33839
37040
33769
33819
33862
31527
31523
31525
29331
31558
31458
31609
31377
33949
33920
33930
33714
37654
33654
33994
33688
31663
33785
31763
33739
34035
33696
33977
33671
34052
33640
34034
33711
34024
33727
34186
33698
34151
33804
33986
33736
34064
33652
33998
33652
33996
33623
33970
33738
34059
33620
33947
34109
33951
33639
34082
33666
33940
33673
33969
33613
34015
33632
34074
33691
33997
33655
34041
33639
34008
33646
34051
33613
34044
33653
33990
33710
33944
33699
33980
33671
33988
33643
33965
33681
33979
33616
34088
33677
71078
33705
36720
36435
36763
44372
36477
33767
33863
31350
31462
31421
29596
31425
31632
31464
31630
33817
31629
33828
34074
33768
33967
33766
33953
33805
34086
33771
34070
33807
33948
33783
34035
33712
34002
33718
34002
33870
34146
33818
34032
33771
34087
33663
34013
33684
34050
33874
34008
33829
34070
33688
34040
33659
34001
33666
34031
34078
34021
33731
34169
33726
33955
33774
32932
33822
34072
33664
34050
33675
34019
33718
34122
33652
33984
33672
33912
33659
34040
33696
33994
33656
34055
33679
33986
33637
34040
33663
34007
34111
33989
33657
33998
33661
34180
33670
33993
33659
34049
33680
34006
33694
33948
33661
34023
33676
33988
33725
36803
33663
33905
33707
33976
33692
87769
33702
36732
36444
36762
70610
36672
36314
33930
31345
31461
31473
31488
31470
33822
33853
33850
33869
33875
33835
33879
33870
33863
33891
33839
33915
33878
33824
34014
33781
33868
33868
33858
33829
33874
33746
33959
33711
33951
33898
33964
33693
34000
33775
36997
33745
34077
33757
31511
31452
29478
29343
31530
31311
31465
31355
31631
31341
33811
33782
33934
33707
33990
33743
34053
33871
33901
33684
33866
33740
33961
33656
33895
33755
33961
33667
33845
33688
33853
33725
33865
33718
33891
33674
33912
33676
33870
33701
33832
33686
33844
33654
33849
33671
33875
33693
33875
33674
33863
33727
33845
33747
33815
33707
34276
33627
16532
33690
33847
33770
33830
33662
33863
33731
106186
33690
36622
36407
33965
87208
33870
36338
36690
33732
33845
33809
31408
31376
29544
31476
31458
31483
31516
31472
33836
33900
33888
33822
33849
33775
33890
33878
33864
33828
33780
33925
33933
33832
33863
33729
33944
33718
33991
33771
33940
33690
33940
33814
33925
33797
49418
33692
26067
33585
27672
31339
29472
31335
29418
31375
31600
33731
31480
33800
31495
33728
34001
33671
34010
33906
33864
33702
33873
33705
33889
33768
33877
33689
54208
33639
24497
52920
26057
24381
27679
25800
29494
27506
29316
29255
31789
29287
31751
31309
32975
31359
32074
33704
36812
33701
33856
33621
31409
31481
31448
29290
31442
31313
31478
31334
33755
33682
33799
33669
33885
33688
33949
33748
33940
33681
37947
33721
36461
104766
31571
36418
33837
33773
33825
33735
33864
33782
33792
33919
33846
33693
32381
33789
33821
33861
32824
33763
33818
33852
33818
33763
33827
33852
33917
33860
33922
33805
33894
33750
33896
33739
33915
33692
33946
33845
33901
33748
33920
33703
33963
33681
33946
33850
33977
33760
33890
33736
33795
33680
33940
33678
33918
33709
33833
33738
34007
33735
33880
33833
33908
33769
33833
33729
33859
33729
33830
33674
33848
33699
33789
33683
33798
33718
36966
33734
33792
33624
31421
31217
29406
29292
31498
31326
31442
31331
33807
31324
33776
33724
33926
33686
33864
33651
34001
33711
33812
33696
33859
33697
33857
33701
33855
33680
33799
33827
33986
33684
33807
33716
44991
33645
42825
33591
27547
37730
29625
33702
29468
31413
31444
31415
31439
31501
33844
33901
33863
33884
33861
33859
33863
33761
33849
33869
33991
33816
33818
35825
34391
33936
33890
33856
33922
33743
33939
33706
34425
33796
36870
33845
33956
34901
31566
35497
31670
29273
31888
31411
32014
31375
33940
31330
33869
33696
33913
33683
32039
33687
33868
33783
34125
33706
35606
33866
33806
34196
34073
33711
33814
33671
33874
33767
33815
33727
34155
33686
33857
33681
33881
53359
34136
24401
33813
27460
33840
27436
33907
29237
33978
31345
33891
31366
33887
31356
33891
33689
33918
33667
33911
33701
33815
33745
33839
33693
33845
33736
33836
33671
33846
33715
33868
33641
33853
33774
66778
33650
36553
36414
31695
44184
31488
31378
33913
33735
33797
33810
33831
33805
33860
33923
34070
35508
33931
33845
33878
33837
33876
33806
33839
33896
33863
33857
33844
34319
33845
33813
33925
33867
33919
33759
37067
37232
33955
33792
31614
31336
31557
29324
31641
31337
31483
31511
33902
31475
33964
33773
33877
33749
33867
33731
33913
33709
33859
33780
34071
33697
37612
33803
33901
33772
31648
33655
31675
33653
33978
33695
33989
33661
34012
33694
34070
33706
33978
33688
33990
33647
33989
33643
34003
33669
33991
33644
34130
33703
34047
33670
33993
33672
33922
33661
33948
33664
34029
33651
33999
33710
33980
33670
33986
33655
34048
33664
37389
33633
34012
33665
33971
33644
92441
33700
49204
36579
38231
66300
38278
36374
38253
31781
34257
31516
34373
31421
34431
33774
34360
33820
36202
33793
36145
33833
36065
33843
36151
33875
36068
33773
27028
33759
27775
33821
29590
33855
29560
33718
31489
33731
31651
33846
34083
41043
49142
31344
27646
31270
27837
31416
29583
33830
29634
33721
31668
33613
31734
33671
31703
33670
34011
33726
34053
33653
34122
33706
34217
33866
32318
33650
34216
33693
33198
33649
34046
33704
34069
33636
33938
33704
34017
33671
33986
33660
33970
33711
33981
33694
33973
33719
33990
33683
34052
33648
34021
33697
33991
33670
33978
33640
34013
33678
33926
33653
34122
33653
34048
33684
33998
33657
33973
33680
33946
33690
33988
33683
103046
33699
36626
36502
36786
87010
36715
36560
36430
33682
31490
31437
31507
31433
31620
33790
31673
33810
34017
33696
34052
33886
33966
33786
34073
33845
33996
33764
33980
33779
37589
33846
33995
33818
34012
33753
34115
33704
34170
33835
34157
33688
34039
33795
34050
33697
34028
33714
34098
33833
34064
33705
34069
33710
34037
33653
34042
33681
34032
33744
33981
33658
34103
33634
34021
33858
34070
33755
33947
33673
34010
33701
34000
33660
33920
33690
33988
33672
34012
33670
33980
33684
34044
33648
34153
33630
34024
33663
34105
33670
