58073088
50028544
42008576
34004992
26001408
17981440
9969664
69074944
61054976
53051392
45047808
37011456
29007872
20996096
12967936
72073216
64069632
56041472
48037888
40034304
32014336
24002560
15982592
7954432
67059712
59047936
51027968
43024384
35004416
26984448
18980864

58220544
50135040
42115072
34111488
26107904
18079744
10076160
69181440
61161472
53149696
45146112
37109760
29097984
21086208
13058048
5054464
64159744
56131584
48128000
40124416
32096256
24084480
16064512
8036352
67141632
59129856
51101696
43089920
35069952
27049984
19046400

58105856
50053120
42033152
34029568
26025984
17997824
9994240
69099520
61079552
53075968
45072384
37036032
29032448
21020672
12992512
4988928
64086016
56066048
48062464
40058880
32038912
24027136
16007168
7979008
67084288
59072512
51044352
43040768
35020800
27000832
18997248

58220544
50135040
42115072
34111488
26107904
18087936
10076160
69181440
61161472
53149696
45146112
37109760
29097984
21086208
13058048
5054464
64159744
56131584
48128000
40124416
32096256
24084480
16064512
8036352
67141632
59129856
51101696
43089920
35069952
27049984
19046400

58220544
50135040
42115072
34111488
26107904
18087936
10076160
69181440
61161472
53149696
45146112
37109760
29097984
21086208
13058048
5054464
64159744
56131584
48128000
40124416
32096256
24084480
16064512
8036352
67141632
59129856
51101696
43089920
35069952
27049984
19046400

58073088
50028544
42008576
34004992
26001408
17981440
9969664
69074944
61054976
53051392
45047808
37011456
29007872
20996096
12967936
72073216
64069632
56041472
48037888
40034304
32014336
24002560
15982592
7954432
67059712
59047936
51027968
43024384
35004416
26984448
18980864

58220544
50135040
42115072
34111488
26107904
18087936
10076160
69181440
61161472
53149696
45146112
37109760
29097984
21086208
13058048
5054464
64159744
56131584
48128000
40124416
32096256
24084480
16064512
8036352
67141632
59129856
51101696
43081728
35069952
27049984
19046400

58220544
50135040
42115072
34111488
26107904
18087936
10076160
69181440
61161472
53149696
45146112
37109760
29097984
21086208
13058048
5054464
64159744
56131584
48128000
40124416
32096256
24084480
16064512
8036352
67141632
59129856
51101696
43089920
35069952
27049984
19046400

58105856
50053120
42033152
34029568
26025984
18006016
9994240
69099520
61079552
53075968
45072384
37036032
29032448
21020672
12992512
4988928
64094208
56066048
48062464
40058880
32038912
24027136
16007168
7979008
67084288
59072512
51044352
43040768
35020800
27000832
18997248

58220544
50135040
42115072
34111488
26107904
18087936
10076160
69181440
61161472
53149696
45146112
37109760
29097984
21086208
13058048
5054464
64159744
56131584
48128000
40124416
32096256
24084480
16064512
8036352
67141632
59129856
51101696
43089920
35069952
27049984
19046400

58220544
50135040
42115072
34111488
26107904
18087936
10076160
69181440
61161472
53149696
45146112
37109760
29097984
21086208
13058048
5054464
64159744
56131584
48128000
40124416
32096256
24084480
16064512
8036352
67141632
59129856
51101696
43089920
35069952
27049984
19046400

58073088
50028544
42008576
34004992
26001408
17981440
9969664
69074944
61054976
53051392
45047808
37011456
29007872
20996096
12967936
72073216
64069632
56041472
48037888
40034304
32014336
24002560
15982592
7954432
67059712
59047936
51027968
43024384
35004416
26984448
18980864

58032128
49987584
41967616
33964032
25960448
17940480
9928704
69033984
61014016
53010432
45006848
36970496
28966912
20955136
12926976
72032256
64028672
56000512
47996928
39993344
31973376
23969792
15949824
7921664
67026944
59023360
51003392
42999808
34979840
26959872
18956288

58220544
50135040
42115072
34111488
26107904
18087936
10076160
69181440
61161472
53149696
45146112
37109760
29097984
21086208
13058048
5054464
64159744
56131584
48128000
40124416
32096256
24084480
16064512
8036352
67141632
59129856
51101696
43089920
35069952
27049984
19046400

58220544
50135040
42115072
34111488
26107904
18087936
10076160
69181440
61161472
53149696
45146112
37109760
29097984
21086208
13058048
5054464
64159744
56131584
48128000
40124416
32096256
24084480
16064512
8036352
67141632
59129856
51101696
43089920
35069952
27049984
19046400

58073088
50028544
42008576
34004992
26001408
17981440
9969664
69074944
61054976
53051392
45047808
37011456
29007872
20996096
12967936
72073216
64069632
56041472
48037888
40034304
32014336
24002560
15982592
7954432
67059712
59047936
51027968
43024384
35004416
26984448
18980864

58220544
50135040
42115072
34111488
26107904
18087936
10076160
69181440
61161472
53149696
45146112
37109760
29097984
21086208
13058048
5054464
64159744
56131584
48128000
40124416
32096256
24084480
16064512
8036352
67141632
59129856
51101696
43089920
35069952
27049984
19046400

58220544
50135040
42115072
34111488
26107904
18087936
10076160
69181440
61161472
53149696
45146112
37109760
29097984
21086208
13058048
5054464
64159744
56131584
48128000
40124416
32096256
24084480
16064512
8036352
67141632
59129856
51101696
43089920
35069952
27049984
19046400

58220544
50135040
42115072
34111488
26107904
18079744
10076160
69181440
61161472
53149696
45146112
37109760
29097984
21086208
13058048
5054464
64159744
56131584
48128000
40124416
32096256
24084480
16064512
8036352
67141632
59129856
51101696
43089920
35069952
27049984
19046400

58073088
50028544
42008576
34004992
26001408
17981440
9969664
69074944
61054976
53051392
45047808
37011456
29007872
20996096
12967936
72073216
64069632
56041472
48037888
40034304
32014336
24002560
15982592
7954432
67059712
59047936
51027968
43024384
35004416
26984448
18980864

58212352
50126848
42106880
34103296
26099712
18079744
10067968
69173248
61153280
53141504
45137920
37101568
29089792
21078016
13049856
72155136
64151552
56123392
48119808
40116224
32096256
24084480
16064512
8036352
67141632
59129856
51101696
43089920
35069952
27049984
19046400

58073088
50028544
42008576
34004992
26001408
17981440
9969664
69074944
61054976
53051392
45047808
37011456
29007872
20996096
12967936
72073216
64069632
56041472
48037888
40034304
32014336
24002560
15982592
7954432
67059712
59047936
51027968
43024384
35004416
26984448
18980864

58220544
50135040
42115072
34111488
26107904
18087936
10076160
69181440
61161472
53149696
45146112
37109760
29097984
21086208
13058048
5054464
64159744
56131584
48128000
40124416
32096256
24084480
16064512
8036352
67141632
59129856
51101696
43089920
35069952
27049984
19046400

58073088
50028544
42008576
34004992
26001408
17981440
9969664
69074944
61054976
53051392
45047808
37011456
29007872
20996096
12967936
72073216
64069632
56041472
48037888
40034304
32014336
24002560
15982592
7954432
67059712
59047936
51027968
43024384
35004416
26984448
18980864

58220544
50135040
42115072
34111488
26107904
18079744
10076160
69181440
61161472
53149696
45146112
37109760
29097984
21086208
13058048
5054464
64159744
56131584
48128000
40124416
32096256
24084480
16064512
8036352
67141632
59129856
51101696
43089920
35069952
27049984
19046400

58105856
50053120
42033152
34029568
26025984
18006016
9994240
69099520
61079552
53075968
45072384
37036032
29032448
21020672
12992512
4988928
64094208
56066048
48062464
40058880
32038912
24027136
16007168
7979008
67084288
59072512
51044352
43040768
35020800
27000832
18997248

58220544
50135040
42115072
34111488
26107904
18087936
10076160
69181440
61161472
53149696
45146112
37109760
29097984
21086208
13058048
5054464
64159744
56131584
48128000
40124416
32096256
24084480
16064512
8036352
67141632
59129856
51101696
43089920
35069952
27049984
19046400

58220544
50135040
42115072
34111488
26107904
18087936
10076160
69181440
61161472
53149696
45146112
37109760
29097984
21086208
13058048
5054464
64159744
56131584
48128000
40124416
32096256
24084480
16064512
8036352
67141632
59129856
51101696
43089920
35069952
27049984
19046400

58105856
50053120
42033152
34029568
26025984
17997824
9994240
69099520
61079552
53075968
45072384
37036032
29032448
21020672
12992512
4988928
64094208
56066048
48062464
40058880
32038912
24027136
16007168
7979008
67084288
59072512
51044352
43040768
35020800
27000832
18997248

58220544
50135040
42115072
34111488
26107904
18079744
10076160
69181440
61161472
53149696
45146112
37109760
29097984
21086208
13058048
5054464
64159744
56131584
48128000
40124416
32096256
24084480
16064512
8036352
67141632
59129856
51101696
43089920
35069952
27049984
19046400

58220544
50135040
42115072
34111488
26107904
18087936
10076160
69181440
61161472
53149696
45146112
37109760
29097984
21086208
13058048
5054464
64159744
56131584
48128000
40124416
32096256
24084480
16064512
8036352
67141632
59129856
51101696
43089920
35069952
27049984
19046400

58105856
50053120
42033152
34029568
26025984
18006016
9994240
69099520
61079552
53075968
45072384
37036032
29032448
21020672
12992512
4988928
64094208
56066048
48062464
40058880
32038912
24027136
16007168
7979008
67084288
59072512
51044352
43040768
35020800
27000832
18997248

58187776
50102272
42082304
34078720
26075136
18046976
10043392
69148672
61128704
53116928
45113344
37076992
29065216
21053440
13025280
72130560
64126976
56098816
48095232
40091648
32071680
24059904
16039936
8011776
67117056
59105280
51077120
43065344
35045376
27025408
19021824

58220544
50135040
42115072
34111488
26107904
18087936
10076160
69181440
61161472
53149696
45146112
37109760
29097984
21086208
13058048
5054464
64159744
56131584
48128000
40124416
32096256
24084480
16064512
8036352
67141632
59129856
51101696
43089920
35069952
27049984
19046400

58212352
50126848
42106880
34103296
26099712
18079744
10067968
69173248
61153280
53141504
45137920
37101568
29089792
21078016
13049856
72155136
64151552
56123392
48119808
40116224
32096256
24084480
16064512
8036352
67141632
59129856
51101696
43089920
35069952
27049984
19046400

58220544
50135040
42115072
34111488
26107904
18087936
10076160
69181440
61161472
53149696
45146112
37109760
29097984
21086208
13058048
5054464
64159744
56131584
48128000
40124416
32096256
24084480
16064512
8036352
67141632
59129856
51101696
43089920
35069952
27049984
19046400

58105856
50053120
42033152
34029568
26025984
18006016
9994240
69099520
61079552
53075968
45072384
37036032
29032448
21020672
12992512
4988928
64094208
56066048
48062464
40058880
32038912
24027136
16007168
7979008
67084288
59072512
51044352
43040768
35020800
27000832
18997248

58220544
50135040
42115072
34111488
26107904
18087936
10076160
69181440
61161472
53149696
45146112
37109760
29097984
21086208
13058048
5054464
64159744
56131584
48128000
40124416
32096256
24084480
16064512
8036352
67141632
59129856
51101696
43089920
35069952
27049984
19046400

58220544
50135040
42115072
34111488
26107904
18087936
10076160
69181440
61161472
53149696
45146112
37109760
29097984
21086208
13058048
5054464
64159744
56131584
48128000
40124416
32096256
24084480
16064512
8036352
67141632
59129856
51101696
43089920
35069952
27049984
19046400

58220544
50135040
42115072
34111488
26107904
18087936
10076160
69181440
61161472
53149696
45146112
37109760
29097984
21086208
13058048
5054464
64159744
56131584
48128000
40124416
32096256
24084480
16064512
8036352
67141632
59129856
51101696
43089920
35069952
58032128
27049984
49987584
19046400
41967616

33964032
25960448
17940480
9928704
69033984
61014016
53010432
45006848
36970496
28966912
20955136
12926976
72032256
64028672
56000512
47996928
39993344
31973376
23969792
15949824
7921664
67026944
59023360
51003392
42999808
34979840
26959872
18956288

58187776
50102272
42082304
34078720
26075136
18055168
10043392
69148672
61128704
53116928
45113344
37076992
29065216
21004288
12976128
72081408
64077824
56057856
48054272
40050688
32030720
24027136
16007168
7987200
67092480
59088896
51068928
43065344
35045376
27025408
19021824

58220544
50135040
42115072
34111488
26107904
18087936
10076160
69181440
61161472
53149696
45146112
37109760
29097984
21086208
13058048
5054464
64159744
56131584
48128000
40124416
32096256
24084480
16064512
8036352
67141632
59129856
51101696
43089920
35069952
27049984
19046400

58105856
50053120
42033152
34029568
26025984
18006016
9994240
69099520
61079552
53075968
45072384
37036032
29032448
21020672
12992512
4988928
64094208
56066048
48062464
40058880
32038912
24027136
16007168
7979008
67084288
59072512
51044352
43040768
35020800
27000832
18997248

58220544
50135040
42115072
34111488
26107904
18087936
10076160
69181440
61161472
53149696
45146112
37109760
29097984
21086208
13058048
5054464
64159744
56131584
48128000
40124416
32096256
24084480
16064512
8036352
67141632
59129856
51101696
43089920
35069952
27049984
19046400

58105856
50053120
42033152
34029568
26025984
18006016
9994240
69099520
61079552
53075968
45072384
37036032
29032448
21020672
12992512
4988928
64094208
56066048
48062464
40058880
32038912
24027136
16007168
7979008
67084288
59072512
51044352
43040768
35020800
27000832
18997248

58220544
50135040
42115072
34111488
26107904
18079744
10076160
69181440
61161472
53149696
45146112
37109760
29097984
21086208
13058048
5054464
64159744
56131584
48128000
40124416
32096256
24084480
16064512
8036352
67141632
59129856
51101696
43089920
35069952
27049984
19046400

58220544
50135040
42115072
34111488
26107904
18087936
10076160
69181440
61161472
53149696
45146112
37109760
29097984
21086208
13058048
5054464
64159744
56131584
48128000
40124416
32096256
24084480
16064512
8036352
67141632
59129856
51101696
43089920
35069952
27049984
19046400

58105856
50053120
42033152
34029568
26025984
18006016
9994240
69099520
61079552
53075968
45072384
37036032
29032448
21020672
12992512
72097792
64094208
56066048
48062464
40058880
32038912
24027136
16007168
7979008
67084288
59072512
51044352
43040768
35020800
27000832
18997248

58073088
50028544
42008576
34004992
26001408
17981440
9969664
69074944
61054976
53051392
45047808
37011456
29007872
20996096
12967936
72073216
64069632
56041472
48037888
40034304
32014336
24002560
15982592
7954432
67059712
59047936
51027968
43024384
35004416
26984448
18980864

58220544
50135040
42115072
34111488
26107904
18087936
10076160
69181440
61161472
53149696
45146112
37109760
29097984
21086208
13058048
5054464
64159744
56131584
48128000
40124416
32096256
24084480
16064512
8036352
67141632
59129856
51101696
43089920
35069952
27049984
19046400

58032128
49987584
41967616
33964032
25960448
17940480
9928704
69033984
61014016
53010432
45006848
36970496
28966912
20955136
12926976
72032256
64028672
56000512
47996928
39993344
31973376
23969792
15949824
7921664
67026944
59023360
51003392
42999808
34979840
26959872
18956288

58073088
50028544
42008576
34004992
26001408
17981440
9969664
69074944
61054976
53051392
45047808
37011456
29007872
20996096
12967936
72073216
64069632
56041472
48037888
40034304
32014336
24002560
15982592
7954432
67059712
59047936
51027968
43024384
35004416
26984448
18980864

58220544
50135040
42115072
34111488
26107904
18087936
10076160
69181440
61161472
53149696
45146112
37109760
29097984
21086208
13058048
5054464
64159744
56131584
48128000
40124416
32096256
24084480
16064512
8036352
67141632
59129856
51101696
43089920
35069952
27049984
19046400

58073088
50028544
42008576
34004992
26001408
17981440
9969664
69074944
61054976
53051392
45047808
37011456
29007872
20996096
12967936
72073216
64069632
56041472
48037888
40034304
32014336
24002560
15982592
7954432
67059712
59047936
51027968
43024384
35004416
26984448
18980864

58105856
50053120
42033152
34029568
26025984
18006016
9994240
69099520
61079552
53075968
45072384
37036032
29032448
21020672
12992512
4988928
64094208
56066048
48062464
40058880
32038912
24027136
16007168
7979008
67084288
59072512
51044352
43040768
35020800
27000832
18997248

58220544
50135040
42115072
34111488
26107904
18087936
10076160
69181440
61161472
53149696
45146112
37109760
29097984
21086208
13058048
5054464
64159744
56131584
48128000
40124416
32096256
24084480
16064512
8036352
67141632
59129856
51101696
43089920
35069952
27049984
19046400

58097664
50044928
42024960
34021376
26017792
17997824
9986048
69091328
61071360
53067776
45064192
37027840
29024256
21012480
12984320
72089600
64086016
56057856
48054272
40050688
32030720
24018944
15998976
7970816
67076096
59064320
51036160
43032576
35012608
26992640
18989056

58179584
50094080
42074112
34070528
26066944
18046976
10035200
69140480
61120512
53116928
45113344
37076992
29065216
21053440
13025280
72130560
64126976
56098816
48095232
40091648
32071680
24059904
16039936
8011776
67117056
59105280
51077120
43065344
35045376
27025408
19021824

58048512
50003968
41984000
33980416
25976832
17956864
9945088
69050368
61030400
53026816
45023232
36986880
28983296
20971520
12943360
72048640
64045056
56016896
48013312
40009728
31989760
23977984
15958016
7929856
67035136
59023360
51003392
42999808
34979840
26959872
18956288

58212352
50126848
42106880
34103296
26099712
18079744
10067968
69173248
61153280
53141504
45137920
37101568
29089792
21078016
13049856
5046272
64151552
56123392
48119808
40116224
32088064
24076288
16056320
8028160
67133440
59121664
51093504
43081728
35061760
27041792
19038208

58220544
50135040
42115072
34111488
26107904
18087936
10076160
69181440
61161472
53149696
45146112
37109760
29097984
21086208
13058048
5054464
64159744
56131584
48128000
40124416
32096256
24084480
16064512
8036352
67141632
59129856
51101696
43089920
35069952
27049984
19046400

58073088
50028544
42008576
34004992
26001408
17981440
9969664
69074944
61054976
53051392
45047808
37011456
29007872
20996096
12967936
72073216
64069632
56041472
48037888
40034304
32014336
24002560
15982592
7954432
67059712
59047936
51027968
43024384
35004416
26984448
18980864

58220544
50135040
42115072
34111488
26107904
18087936
10076160
69181440
61161472
53149696
45146112
37109760
29097984
21086208
13058048
5054464
64159744
56131584
48128000
40124416
32096256
24084480
16064512
8036352
67141632
59129856
51101696
43089920
35069952
27049984
19046400

58220544
50135040
42115072
34111488
26107904
18079744
10076160
69181440
61161472
53149696
45146112
37109760
29097984
21086208
13058048
5054464
64159744
56131584
48128000
40124416
32096256
24084480
16064512
8036352
67141632
59129856
51101696
43089920
35069952
27049984
19046400

58220544
50135040
42115072
34111488
26107904
18087936
10076160
69181440
61161472
53149696
45146112
37109760
29097984
21086208
13058048
5054464
64159744
56131584
48128000
40124416
32096256
24084480
16064512
8036352
67141632
59129856
51101696
43089920
35069952
27049984
19046400

58220544
50135040
42115072
34111488
26107904
18079744
10076160
69181440
61161472
53149696
45146112
37109760
29097984
21086208
13058048
5054464
64151552
56131584
48128000
40124416
32096256
24084480
16064512
8036352
67141632
59129856
51101696
43081728
35069952
27049984
19046400

58105856
50053120
42033152
34029568
26025984
18006016
9994240
69099520
61079552
53075968
45072384
37036032
29032448
21020672
12992512
4988928
64094208
56066048
48062464
40058880
32038912
24027136
16007168
7979008
67084288
59072512
51044352
43040768
35020800
27000832
18997248

58220544
50135040
42115072
34111488
26107904
18087936
10076160
69181440
61161472
53149696
45146112
37109760
29097984
21086208
13058048
5054464
64159744
56131584
48128000
40124416
32096256
24084480
16064512
8036352
67141632
59129856
51101696
43089920
35069952
27049984
19046400

58105856
50053120
42033152
34029568
26025984
18006016
9994240
69099520
61079552
53075968
45072384
37036032
29032448
21020672
12992512
4988928
64094208
56066048
48062464
40058880
32038912
24027136
16007168
7979008
67084288
59072512
51044352
43040768
35020800
27000832
18997248

58220544
50135040
42115072
34111488
26107904
18087936
10076160
69181440
61161472
53149696
45146112
37109760
29097984
21086208
13058048
5054464
64159744
56131584
48128000
40124416
32096256
24084480
16064512
8036352
67141632
59129856
51101696
43089920
35069952
27049984
19046400

58220544
50135040
42115072
34111488
26107904
18087936
10076160
69181440
61161472
53149696
45146112
37109760
29097984
21086208
13058048
5054464
64159744
56131584
48128000
40124416
32096256
24084480
16064512
8036352
67141632
59129856
51101696
43089920
35069952
27049984
19046400

58187776
50102272
42082304
34078720
26075136
18055168
10043392
69148672
61128704
53116928
45113344
37076992
29065216
21053440
13025280
72130560
64126976
56098816
48095232
40091648
32071680
24059904
16039936
8011776
67117056
59105280
51077120
43065344
35045376
27025408
19021824

58220544
50110464
42090496
34086912
26083328
18063360
10059776
69165056
61145088
53133312
45129728
37093376
29089792
21078016
13049856
5046272
64151552
56123392
48119808
40116224
32088064
24076288
16056320
8028160
67133440
59121664
51101696
43089920
35069952
27049984
19046400

58073088
50028544
42008576
34004992
26001408
17981440
9969664
69074944
61054976
53051392
45047808
37011456
29007872
20996096
12967936
72073216
64069632
56041472
48037888
40034304
32014336
24002560
15982592
7954432
67059712
59047936
51027968
43024384
35004416
26984448
18980864

58220544
50135040
42115072
34111488
26107904
18079744
10076160
69181440
61161472
53149696
45146112
37109760
29097984
21086208
13058048
5054464
64159744
56131584
48128000
40124416
32096256
24084480
16064512
8036352
67141632
59129856
51101696
43089920
35069952
27049984
19046400

58220544
50135040
42115072
34111488
26107904
18087936
10076160
69181440
61161472
53149696
45146112
37109760
29097984
21086208
13058048
5054464
64159744
56131584
48128000
40124416
32096256
24084480
16064512
8036352
67141632
59129856
51101696
43089920
35069952
27049984
19046400

58220544
50135040
42115072
34111488
26107904
18087936
10076160
69181440
61161472
53149696
45146112
37109760
29097984
21086208
13058048
5054464
64159744
56131584
48128000
40124416
32096256
24084480
16064512
8036352
67141632
59129856
51101696
43089920
35069952
27049984
19046400

58220544
50135040
42115072
34111488
26107904
18087936
10076160
69181440
61161472
53149696
45146112
37109760
29097984
21086208
13058048
5054464
64159744
56131584
48128000
40124416
32096256
24084480
16064512
8036352
67141632
59129856
51101696
43089920
35069952
27049984
19046400

58187776
50102272
42082304
34078720
26075136
18046976
10043392
69148672
61128704
53116928
45113344
37076992
29065216
21053440
13025280
72130560
64118784
56098816
48095232
40091648
32071680
24059904
16039936
8011776
67117056
59105280
51077120
43065344
35045376
27025408
19021824

58220544
50135040
42115072
34111488
26107904
18087936
10076160
69181440
61161472
53149696
45146112
37109760
29097984
21086208
13058048
5054464
64159744
56131584
48128000
40124416
32096256
24084480
16064512
8036352
67141632
59129856
51101696
43089920
58220544
35069952
50135040
27049984
42115072
19046400
34111488

26107904
18087936
10076160
69181440
61161472
53149696
45146112
37109760
29097984
21086208
13058048
5054464
64159744
56131584
48128000
40124416
32096256
24084480
16064512
8036352
67141632
59129856
51101696
43089920
35069952
27049984
19046400

58105856
50028544
42008576
34004992
26001408
17981440
9969664
69074944
61054976
53051392
45047808
37011456
29007872
20996096
12967936
72073216
64061440
56041472
48037888
40034304
32014336
24002560
15982592
7954432
67059712
59047936
51027968
43024384
35004416
26984448
18980864

58073088
50028544
42008576
34004992
26001408
17981440
9969664
69074944
61054976
53051392
45047808
37011456
29007872
20996096
12967936
72073216
64069632
56041472
48037888
40034304
32014336
24002560
15982592
7954432
67059712
59047936
51027968
43024384
35004416
26984448
18980864

58220544
50135040
42115072
34111488
26107904
18087936
10076160
69181440
61161472
53149696
45146112
37109760
29097984
21086208
13058048
5054464
64159744
56131584
48128000
40124416
32096256
24084480
16064512
8036352
67141632
59129856
51101696
43089920
35069952
27049984
19046400

58220544
50135040
42115072
34111488
26107904
18087936
10076160
69181440
61161472
53149696
45146112
37109760
29097984
21086208
13058048
5054464
64159744
56131584
48128000
40124416
32096256
24084480
16064512
8036352
67141632
59129856
51101696
43089920
35069952
27049984
19046400

58220544
50135040
42115072
34111488
26107904
18087936
10076160
69181440
61161472
53149696
45146112
37109760
29097984
21086208
13058048
5054464
64159744
56131584
48128000
40124416
32096256
24084480
16064512
8036352
67141632
59129856
51101696
43089920
35069952
27049984
19046400

58220544
50135040
42115072
34111488
26107904
18087936
10076160
69181440
61161472
53149696
45146112
37109760
29097984
21086208
13058048
5054464
64159744
56131584
48128000
40124416
32096256
24084480
16064512
8036352
67141632
59129856
51101696
43089920
35069952
27049984
19046400

58032128
49987584
41967616
33964032
25960448
17940480
9928704
69033984
61014016
53010432
45006848
36970496
28966912
20955136
12926976
72032256
64028672
56000512
47996928
39993344
31973376
23969792
15949824
7921664
67026944
59023360
51003392
42999808
34979840
26959872
18956288

58220544
50135040
42115072
34111488
26107904
18087936
10076160
69181440
61161472
53149696
45146112
37109760
29097984
21086208
13058048
5054464
64159744
56131584
48128000
40124416
32096256
24084480
16064512
8036352
67141632
59129856
51101696
43089920
35069952
27049984
19046400

58220544
50135040
42115072
34111488
26107904
18055168
10051584
69156864
61136896
53125120
45121536
37085184
29081600
21069824
13041664
5038080
64143360
56115200
48111616
40108032
32079872
24068096
16048128
8019968
67125248
59113472
51093504
43081728
35061760
27041792
19038208

58220544
50135040
42115072
34111488
26107904
18087936
10076160
69181440
61161472
53149696
45146112
37109760
29097984
21086208
13058048
5054464
64159744
56131584
48128000
40124416
32096256
24084480
16064512
8036352
67141632
59129856
51101696
43089920
35069952
27049984
19046400

58064896
50012160
41992192
33988608
25985024
17956864
9953280
69058560
61038592
53035008
45031424
36995072
28991488
20979712
12951552
72056832
64053248
56025088
48021504
40017920
31997952
23994368
15974400
7946240
67051520
59039744
51011584
43008000
34988032
26968064
18964480

58220544
50135040
42115072
34111488
26107904
18087936
10076160
69181440
61161472
53149696
45146112
37109760
29097984
21086208
13058048
5054464
64159744
56131584
48128000
40124416
32096256
24084480
16064512
8036352
67141632
59129856
51101696
43089920
35069952
27049984
19046400

58220544
50135040
42115072
34111488
26107904
18087936
10076160
69181440
61161472
53149696
45146112
37109760
29097984
21086208
13058048
5054464
64159744
56131584
48128000
40124416
32096256
24084480
16064512
8036352
67141632
59129856
51101696
43089920
35069952
27049984
19046400

58032128
49987584
41967616
33964032
25960448
17932288
9928704
69033984
61014016
53010432
45006848
36970496
28966912
20955136
12926976
72032256
64020480
56000512
47996928
39993344
31973376
23969792
15949824
7921664
67026944
59023360
51003392
42999808
34979840
26959872
18956288

58187776
50102272
42082304
34078720
26075136
18046976
10043392
69148672
61128704
53116928
45113344
37076992
29065216
21053440
13025280
72130560
64126976
56098816
48095232
40091648
32071680
24059904
16039936
8011776
67117056
59105280
51077120
43065344
35045376
27025408
19021824

58073088
50028544
42008576
34004992
26001408
17981440
9969664
69074944
61054976
53051392
45047808
37011456
29007872
20996096
12967936
72073216
64069632
56041472
48037888
40034304
32014336
24002560
15982592
7954432
67059712
59047936
51027968
43024384
35004416
26984448
18980864

58220544
50135040
42115072
34111488
26107904
18087936
10076160
69181440
61161472
53149696
45146112
37109760
29097984
21086208
13058048
5054464
64159744
56131584
48128000
40124416
32096256
24084480
16064512
8036352
67141632
59129856
51101696
43089920
35069952
27049984
19046400

58073088
50028544
42008576
34004992
26001408
17981440
9969664
69074944
61054976
53051392
45047808
37011456
29007872
20996096
12967936
72073216
64069632
56041472
48037888
40034304
32014336
24002560
15982592
7954432
67059712
59047936
51027968
43024384
35004416
26984448
18980864

58220544
50135040
42115072
34111488
26107904
18087936
10076160
69181440
61161472
53149696
45146112
37109760
29097984
21086208
13058048
5054464
64151552
56131584
48128000
40124416
32096256
24084480
16064512
8036352
67141632
59129856
51101696
43089920
35069952
27049984
19046400

58105856
50053120
42033152
34029568
26025984
18006016
9994240
69099520
61079552
53075968
45072384
37036032
29032448
21020672
12992512
4988928
64094208
56066048
48062464
40058880
32038912
24027136
16007168
7979008
67084288
59072512
51044352
43040768
35020800
27000832
18997248

58220544
50135040
42115072
34111488
26107904
18087936
10076160
69181440
61161472
53149696
45146112
37109760
29097984
21086208
13058048
5054464
64159744
56131584
48128000
40124416
32096256
24084480
16064512
8036352
67141632
59129856
51101696
43089920
35069952
27049984
19046400

58220544
50135040
42115072
34111488
26107904
18079744
10076160
69181440
61161472
53149696
45146112
37109760
29097984
21086208
13058048
5054464
64159744
56131584
48128000
40124416
32096256
24084480
16064512
8036352
67141632
59129856
51101696
43089920
35069952
27049984
19046400

58220544
50135040
42115072
34111488
26107904
18087936
10076160
69181440
61161472
53149696
45146112
37109760
29097984
21086208
13058048
5054464
64159744
56131584
48128000
40124416
32096256
24084480
16064512
8036352
67141632
59129856
51101696
43089920
35069952
27049984
19046400

58073088
50028544
42008576
34004992
26001408
17973248
9969664
69074944
61054976
53051392
45047808
37011456
29007872
20996096
12967936
72073216
64069632
56041472
48037888
40034304
32014336
24002560
15982592
7954432
67059712
59047936
51027968
43024384
35004416
26984448
18980864

58220544
50135040
42115072
34111488
26107904
18087936
10076160
69181440
61161472
53149696
45146112
37109760
29097984
21086208
13058048
5054464
64159744
56131584
48128000
40124416
32096256
24084480
16064512
8036352
67141632
59129856
51101696
43089920
35069952
27049984
19046400

58220544
50135040
42115072
34111488
26107904
18087936
10076160
69181440
61161472
53149696
45146112
37109760
29097984
21086208
13058048
5054464
64159744
56131584
48128000
40124416
32096256
24084480
16064512
8036352
67141632
59129856
51101696
43089920
35069952
27049984
19046400

58220544
50135040
42115072
34111488
26107904
18087936
10076160
69181440
61161472
53149696
45146112
37109760
29097984
21086208
13058048
5054464
64151552
56131584
48128000
40124416
32096256
24084480
16064512
8036352
67141632
59129856
51101696
43089920
35069952
27049984
19046400

58073088
50028544
42008576
34004992
26001408
17981440
9969664
69074944
61054976
53051392
45047808
37011456
29007872
20996096
12967936
72073216
64069632
56041472
48037888
40034304
32014336
24002560
15982592
7954432
67059712
59047936
51027968
43024384
35004416
26984448
18980864

58073088
50020352
42000384
33996800
25993216
17973248
9961472
69066752
61046784
53043200
45039616
37003264
28999680
20987904
12959744
4956160
64061440
56033280
48029696
40026112
32006144
23994368
15974400
7946240
67051520
59039744
51011584
43008000
34988032
26968064
18964480

58220544
50135040
42115072
34111488
26107904
18079744
10076160
69181440
61161472
53149696
45146112
37109760
29097984
21086208
13058048
5054464
64151552
56131584
48128000
40124416
32096256
24084480
16064512
8036352
67141632
59129856
51101696
43089920
35069952
27049984
19046400

58220544
50135040
42115072
34111488
26107904
18087936
10076160
69181440
61161472
53149696
45146112
37109760
29097984
21086208
13058048
5054464
64159744
56131584
48128000
40124416
32096256
24084480
16064512
8036352
67141632
59129856
51101696
43089920
35069952
27049984
19046400

58187776
50102272
42082304
34078720
26075136
18055168
10043392
69148672
61128704
53116928
45113344
37076992
29065216
21053440
13025280
72130560
64126976
56098816
48095232
40091648
32071680
24059904
16039936
8011776
67117056
59105280
51077120
43065344
35045376
27025408
19021824

58105856
50053120
42033152
34029568
26025984
17997824
9994240
69099520
61079552
53075968
45072384
37036032
29032448
21020672
12992512
4988928
64086016
56066048
48062464
40058880
32038912
24027136
16007168
7979008
67084288
59072512
51044352
43040768
35020800
27000832
18997248

58220544
50135040
42115072
34111488
26107904
18087936
10076160
69181440
61161472
53149696
45146112
37109760
29097984
21086208
13058048
5054464
64159744
56131584
48128000
40124416
32096256
24084480
16064512
8036352
67141632
59129856
51101696
43089920
35069952
27049984
19046400

58073088
50028544
42008576
34004992
26001408
17981440
9969664
69074944
61054976
53051392
45047808
37011456
29007872
20996096
12967936
72073216
64069632
56041472
48037888
40034304
32014336
24002560
15982592
7954432
67059712
59047936
51027968
43024384
35004416
26984448
18980864

58105856
50053120
42033152
34029568
26025984
18006016
9994240
69099520
61079552
53075968
45072384
37036032
29032448
21020672
12992512
4988928
64094208
56066048
48062464
40058880
32038912
24027136
16007168
7979008
67084288
59072512
51044352
43040768
35020800
27000832
18997248

58220544
50135040
42115072
34111488
26107904
18087936
10076160
69181440
61161472
53149696
45146112
37109760
29097984
21086208
13058048
5054464
64159744
56131584
48128000
40124416
32096256
24084480
16064512
8036352
67141632
59129856
51101696
43089920
35069952
27049984
19046400

58105856
50053120
42033152
34029568
26025984
18006016
9994240
69099520
61079552
53075968
45072384
37036032
29032448
21020672
12992512
72097792
64094208
56066048
48062464
40058880
32038912
24027136
16007168
7979008
67084288
59072512
51044352
43040768
35020800
27000832
18997248

58220544
50135040
42115072
34111488
26107904
18087936
10076160
69181440
61161472
53149696
45146112
37109760
29097984
21086208
13058048
5054464
64159744
56131584
48128000
40124416
32096256
24084480
16064512
8036352
67141632
59129856
51101696
43089920
35069952
27049984
19046400

58220544
50135040
42115072
34111488
26107904
18087936
10076160
69181440
61161472
53149696
45146112
37109760
29097984
21086208
13058048
5054464
64159744
56131584
48128000
40124416
32096256
24084480
16064512
8036352
67141632
59129856
51101696
43089920
35069952
27049984
19046400

58220544
50135040
42115072
34111488
26107904
18087936
10076160
69181440
61161472
53149696
45146112
37109760
29097984
21086208
13058048
5054464
64159744
56131584
48128000
40124416
32096256
24084480
16064512
8036352
67141632
59129856
51101696
43089920
35069952
27049984
19046400

58220544
50135040
42115072
34111488
26107904
18087936
10076160
69181440
61161472
53149696
45146112
37109760
29097984
21086208
13058048
5054464
64159744
56131584
48128000
40124416
32096256
24084480
16064512
8036352
67141632
59129856
51101696
43089920
35069952
27049984
19046400

58179584
50094080
42074112
34070528
26066944
18038784
10035200
69140480
61120512
53116928
45113344
37076992
29065216
21053440
13025280
72130560
64126976
56098816
48095232
40091648
32071680
24059904
16039936
8011776
67117056
59105280
51077120
43065344
35045376
27025408
19021824

58220544
50135040
42115072
34111488
26107904
18079744
10076160
69181440
61161472
53149696
45146112
37109760
29097984
21086208
13058048
5054464
64159744
56131584
48128000
40124416
32096256
24084480
16064512
8036352
67141632
59129856
51101696
43089920
35069952
27049984
19046400

58220544
50135040
42115072
34111488
26107904
18087936
10076160
69181440
61161472
53149696
45146112
37109760
29097984
21086208
13058048
5054464
64159744
56131584
48128000
40124416
32096256
24084480
16064512
8036352
67141632
59129856
51101696
43089920
35069952
27049984
19046400

58105856
50053120
42033152
34029568
26025984
17981440
9977856
69083136
61063168
53059584
45056000
37019648
29016064
21004288
12976128
4972544
64077824
56049664
48046080
40042496
32022528
24010752
15990784
7970816
67076096
59064320
51044352
43040768
35020800
27000832
18997248

58105856
50053120
42033152
34029568
26025984
18006016
9994240
69099520
61079552
53075968
45072384
37036032
29032448
21020672
12992512
4988928
64094208
56066048
48062464
40058880
32038912
24027136
16007168
7979008
67084288
59072512
51044352
43040768
35020800
27000832
18997248

58105856
50053120
42033152
34029568
26025984
18006016
9994240
69099520
61079552
53075968
45072384
37036032
29032448
21020672
12992512
4988928
64094208
56066048
48062464
40058880
32038912
24027136
16007168
7979008
67084288
59072512
51044352
43040768
35020800
27000832
18997248

58105856
50053120
42033152
34029568
26025984
17997824
9994240
69099520
61079552
53075968
45072384
37036032
29032448
21020672
12992512
4988928
64086016
56066048
48062464
40058880
32038912
24027136
16007168
7979008
67084288
59072512
51044352
43040768
35020800
27000832
18997248

58105856
50036736
42016768
34013184
26009600
17989632
9986048
69091328
61071360
53067776
45064192
37027840
29024256
21012480
12984320
72089600
64086016
56057856
48054272
40050688
32030720
24018944
15998976
7970816
67076096
59064320
51044352
43040768
35020800
27000832
18997248

58220544
50135040
42115072
34111488
26107904
18087936
10076160
69181440
61161472
53149696
45146112
37109760
29097984
21086208
13058048
5054464
64159744
56131584
48128000
40124416
32096256
24084480
16064512
8036352
67141632
59129856
51101696
43089920
35069952
27049984
19046400

58220544
50135040
42115072
34111488
26107904
18087936
10076160
69181440
61161472
53149696
45146112
37109760
29097984
21086208
13058048
5054464
64159744
56131584
48128000
40124416
32096256
24084480
16064512
8036352
67141632
59129856
51101696
43089920
35069952
27049984
19046400

58220544
50135040
42115072
34111488
26107904
18079744
10076160
69181440
61161472
53149696
45146112
37109760
29097984
21086208
13058048
5054464
64159744
56131584
48128000
40124416
32096256
24084480
16064512
8036352
67141632
59129856
51101696
43089920
35069952
27049984
19046400

58220544
50135040
42115072
34111488
26107904
18087936
10076160
69181440
61161472
53149696
45146112
37109760
29097984
21086208
13058048
5054464
64159744
56131584
48128000
40124416
32096256
24084480
16064512
8036352
67141632
59129856
51101696
43089920
35069952
27049984
19046400

58073088
50028544
42008576
34004992
26001408
17981440
9969664
69074944
61054976
53051392
45047808
37011456
29007872
20996096
12967936
72073216
64069632
56041472
48037888
40034304
32014336
24002560
15982592
7954432
67059712
59047936
51027968
43024384
35004416
26984448
18980864

58105856
50053120
42033152
34029568
26025984
18006016
9994240
69099520
61079552
53075968
45072384
37036032
29032448
21020672
12992512
4988928
64094208
56066048
48062464
40058880
32038912
24027136
16007168
7979008
67084288
59072512
51044352
43040768
35020800
27000832
18997248

58097664
50044928
42024960
34021376
26017792
17997824
9986048
69091328
61071360
53067776
45064192
37027840
29024256
21012480
12984320
72089600
64086016
56057856
48054272
40050688
32030720
24018944
15998976
7970816
67076096
59064320
51036160
43032576
35012608
26992640
18989056

58073088
50028544
42008576
34004992
26001408
17981440
9969664
69074944
61054976
53051392
45047808
37011456
29007872
20996096
12967936
72073216
64069632
56041472
48037888
40034304
32014336
24002560
15982592
7954432
67059712
59047936
51027968
43024384
35004416
26984448
18980864

58220544
50135040
42115072
34111488
26107904
18087936
10076160
69181440
61161472
53149696
45146112
37109760
29097984
21086208
13058048
5054464
64159744
56131584
48128000
40124416
32096256
24084480
16064512
8036352
67141632
59129856
51101696
43089920
35069952
27049984
19046400

58220544
50135040
42115072
34111488
26107904
18087936
10076160
69181440
61161472
53149696
45146112
37109760
29097984
21086208
13058048
5054464
64159744
56131584
48128000
40124416
32096256
24084480
16064512
8036352
67141632
59129856
51101696
43089920
35069952
27049984
19046400

58220544
50135040
42115072
34111488
26107904
18087936
10076160
69181440
61161472
53149696
45146112
37109760
29097984
21086208
13058048
5054464
64159744
56131584
48128000
40124416
32096256
24084480
16064512
8036352
67141632
59129856
51101696
43089920
35069952
27049984
19046400

58105856
50053120
42033152
34029568
26025984
18006016
9994240
69099520
61079552
53075968
45072384
37036032
29032448
21020672
12992512
4988928
64094208
56066048
48062464
40058880
32038912
24027136
16007168
7979008
67084288
59072512
51044352
43040768
35020800
27000832
18997248

58220544
50135040
42115072
34111488
26107904
18087936
10076160
69181440
61161472
53149696
45146112
37109760
29097984
21086208
13058048
5054464
64159744
56131584
48128000
40124416
32096256
24084480
16064512
8036352
67141632
59129856
51101696
43089920
35069952
27049984
19046400

58220544
50135040
42115072
34111488
26107904
18087936
10076160
69181440
61161472
53149696
45146112
37109760
29097984
21086208
13058048
5054464
64159744
56131584
48128000
40124416
32096256
24084480
16064512
8036352
67141632
59129856
51101696
43089920
35069952
27049984
19046400

58220544
50135040
42115072
34111488
26107904
18079744
10076160
69181440
61161472
53149696
45146112
37109760
29097984
21086208
13058048
5054464
64159744
56131584
48128000
40124416
32096256
24084480
16064512
8036352
67141632
59129856
51101696
43089920
35069952
27049984
19046400

58105856
50053120
42033152
34029568
26025984
18006016
9994240
69099520
61079552
53075968
45072384
37036032
29032448
21020672
12992512
4988928
64094208
56066048
48062464
40058880
32038912
24027136
16007168
7979008
67084288
59072512
51044352
43040768
35020800
27000832
18997248

58220544
50135040
42115072
34111488
26107904
18087936
10076160
69181440
61161472
53149696
45146112
37109760
29097984
21086208
13058048
5054464
64159744
56131584
48128000
40124416
32096256
24084480
16064512
8036352
67141632
59129856
51101696
43089920
35069952
27049984
19046400

58073088
50028544
42008576
34004992
26001408
17981440
9969664
69074944
61054976
53051392
45047808
37011456
29007872
20996096
12967936
72073216
64069632
56041472
48037888
40034304
32014336
24002560
15982592
7954432
67059712
59047936
51027968
43024384
35004416
26984448
18980864

58220544
50135040
42115072
34111488
26107904
18087936
10076160
69181440
61161472
53149696
45146112
37109760
29097984
21086208
13058048
5054464
64159744
56131584
48128000
40124416
32096256
24084480
16064512
8036352
67141632
59129856
51101696
43089920
35069952
27049984
19046400

58097664
50020352
42000384
33996800
25993216
17973248
9961472
69066752
61046784
53043200
45039616
37003264
28999680
20987904
12959744
72065024
64061440
56033280
48029696
40026112
32006144
24002560
15982592
7954432
67059712
59047936
51027968
43024384
35004416
26984448
18980864

58073088
50020352
42000384
33996800
25993216
17973248
9961472
69066752
61046784
53043200
45039616
37003264
28999680
20987904
12959744
72065024
64061440
56033280
48029696
40026112
32006144
23994368
15974400
7946240
67051520
59039744
51011584
43008000
34988032
26968064
18964480

58220544
50135040
42115072
34111488
26107904
18079744
10076160
69181440
61161472
53149696
45146112
37109760
29097984
21086208
13058048
5054464
64159744
56131584
48128000
40124416
32096256
24084480
16064512
8036352
67141632
59129856
51101696
43089920
35069952
27049984
19046400

58073088
50028544
42008576
34004992
26001408
17981440
9969664
69074944
61054976
53051392
45047808
37011456
29007872
20996096
12967936
72073216
64069632
56041472
48037888
40034304
32014336
24002560
15982592
7954432
67059712
59047936
51027968
43024384
35004416
26984448
18980864

58220544
50135040
42115072
34111488
26107904
18087936
10076160
69181440
61161472
53149696
45146112
37109760
29097984
21086208
13058048
5054464
64159744
56131584
48128000
40124416
32096256
24084480
16064512
8036352
67141632
59129856
51101696
43089920
35069952
27049984
19046400

58220544
50135040
42115072
34111488
26107904
18087936
10076160
69181440
