12.492393000
11.799295000
11.846042000
11.470637000
11.809518000
11.862841000
15.401529000
17.611248000
16.809667000
16.943013000
16.870769000
12.666288000
10.267708000
12.348785000
13.075172000
10.316059000
11.976794000
10.485321000
9.385758000
9.869173000
12.818991000
9.712172000
13.527856000
13.238936000
16.373047000
17.898246000
12.932793000
9.551366000
12.699438000
12.198661000
17.781863000
17.659541000
12.438332000
9.547815000
10.287687000
9.586388000
9.266934000
9.295526000
14.510149000
10.607501000
17.574415000
13.323430000
12.981782000
12.474397000
12.358210000
12.858997000
17.002692000
16.837196000
16.923006000
12.121908000
16.356480000
10.202386000
16.444703000
17.687925000
17.688508000
12.316960000
9.682665000
13.410127000
12.700588000
17.683065000
16.367493000
16.785311000
17.593625000
11.857760000
12.600110000
10.321629000
10.389239000
17.605162000
17.743331000
12.636351000
16.473140000
11.651796000
11.881277000
14.974164000
12.909086000
12.088136000
12.343428000
12.207860000
9.689445000
9.452114000
9.391317000
12.146531000
17.665568000
17.465199000
12.799007000
12.043931000
11.854021000
11.776938000
9.583901000
13.422662000
16.116449000
11.942602000
9.570681000
12.307422000
12.190662000
9.165489000
17.720258000
17.931049000
12.922161000
12.973573000
17.481752000
16.571611000
9.786576000
16.117136000
17.725667000
17.554289000
9.706378000
12.320034000
12.352525000
11.965080000
12.257043000
16.328582000
9.570927000
9.521335000
11.574777000
9.377287000
9.624490000
11.651408000
9.410794000
12.927317000
17.791038000
13.095425000
16.837792000
12.518878000
12.025051000
11.853786000
9.296877000
16.520586000
13.008426000
11.486967000
9.407553000
9.722587000
9.470239000
11.944728000
15.597693000
12.241640000
12.718169000
12.186789000
17.509979000
10.623000000
17.845653000
9.289681000
16.721897000
12.318561000
13.712492000
11.539617000
11.924253000
11.848382000
9.661685000
10.206580000
9.304843000
11.613428000
9.505634000
9.467468000
9.300439000
9.804246000
12.606900000
10.342446000
12.379607000
12.603716000
9.297548000
12.214192000
12.227231000
12.270948000
12.065762000
12.885230000
12.428724000
9.671419000
12.230688000
12.276123000
11.956025000
12.577006000
9.259370000
9.364686000
10.445075000
16.387149000
10.371304000
12.021482000
11.764976000
9.269674000
17.335527000
16.449154000
17.455916000
16.833796000
9.303124000
9.256482000
9.204149000
9.584452000
15.829371000
10.176693000
12.528224000
9.422048000
9.704333000
9.484668000
11.503404000
17.774821000
12.271874000
12.825664000
16.875298000
11.928715000
12.399251000
14.967269000
9.370260000
11.988062000
11.777085000
12.065992000
12.151316000
11.787566000
17.200739000
16.830336000
12.279946000
13.572171000
9.939973000
9.614649000
11.595525000
12.304595000
16.186574000
9.300700000
11.900839000
12.581504000
10.177199000
16.938432000
13.121048000
17.733385000
17.516255000
17.474830000
10.331882000
12.273099000
9.804377000
9.817388000
13.548055000
13.679424000
13.012711000
12.656449000
11.648760000
10.026815000
16.772665000
15.682822000
13.214216000
13.550900000
9.728396000
9.596012000
11.762529000
9.535235000
13.535100000
12.212113000
17.886404000
17.741781000
17.476236000
12.835093000
12.098480000
12.334495000
11.612501000
9.414961000
9.199652000
9.430830000
9.094469000
9.246915000
9.399757000
9.769927000
9.202586000
9.365566000
11.801144000
12.129428000
12.046993000
11.869046000
9.658870000
11.590772000
9.624028000
9.697422000
11.992330000
13.966643000
12.166922000
9.368238000
12.006359000
9.735265000
12.597066000
11.864658000
17.755448000
12.296779000
12.147033000
11.083932000
11.710291000
11.602606000
8.834063000
11.485979000
17.346839000
10.533054000
9.387301000
9.184253000
13.171522000
11.451634000
9.189962000
9.525131000
9.590112000
13.112939000
17.411645000
12.783449000
12.573913000
10.187678000
14.363924000
9.726957000
16.987119000
12.966161000
10.056683000
12.884597000
9.262646000
16.918694000
9.217612000
12.949343000
12.108773000
9.340483000
11.873040000
9.254563000
9.456034000
9.413646000
10.242973000
9.331964000
17.619912000
12.256550000
11.911128000
11.997356000
11.979989000
9.135212000
9.038711000
17.704888000
16.626507000
10.452145000
17.388607000
10.371012000
10.077849000
15.972171000
16.373766000
15.522803000
12.027508000
12.498696000
12.980998000
12.216325000
13.424718000
17.045889000
17.334218000
12.269508000
9.883885000
9.253303000
9.262855000
9.299310000
12.580969000
11.173223000
17.524947000
12.845293000
12.690952000
12.226903000
11.992766000
11.977149000
12.236135000
13.014716000
12.869504000
16.983841000
9.552789000
12.051776000
9.638055000
9.512784000
11.907254000
11.777576000
11.732507000
9.562610000
12.241660000
12.875321000
17.690865000
9.781536000
9.278910000
12.279978000
9.818584000
12.445926000
12.094918000
9.662460000
15.027658000
17.711017000
12.677569000
9.543070000
12.611125000
11.827762000
9.664678000
12.125535000
12.199044000
12.310242000
11.599237000
11.338542000
11.458649000
11.389698000
11.465845000
11.335411000
10.382028000
12.489233000
10.277322000
11.877173000
9.587529000
9.301138000
9.558985000
11.492201000
17.582102000
16.906657000
16.583563000
10.280623000
16.577503000
16.404402000
10.189127000
17.771684000
17.620246000
17.807457000
12.745045000
16.974945000
16.893305000
12.640962000
15.622924000
12.186926000
16.943499000
12.258778000
17.219073000
15.922560000
11.949922000
9.238462000
9.191105000
9.740053000
11.855853000
11.790636000
11.751632000
14.989438000
16.871586000
12.883319000
11.912655000
11.707733000
11.890366000
12.076983000
12.401716000
10.305940000
12.073969000
9.606368000
12.200243000
12.112814000
9.627051000
9.770964000
11.446413000
17.171955000
17.499978000
16.901816000
17.120693000
9.621868000
9.646705000
11.998532000
11.410481000
17.747684000
10.402838000
16.849918000
12.340435000
9.790845000
9.779742000
9.724669000
12.976079000
12.635493000
13.195220000
11.837927000
11.535610000
9.364460000
9.165319000
13.420263000
12.788144000
17.083069000
12.165043000
12.388748000
11.994306000
11.168852000
12.850534000
12.252425000
12.337719000
12.198010000
15.212520000
14.616408000
12.417014000
11.484283000
9.845210000
9.544806000
9.319514000
11.832862000
16.334056000
12.341112000
12.113650000
12.097302000
12.094374000
11.935501000
11.994495000
12.516227000
14.535836000
9.677481000
12.083508000
11.875583000
11.437634000
11.517666000
11.511349000
11.526330000
17.760057000
12.618503000
12.685574000
17.854833000
16.756003000
13.891757000
12.697775000
9.178426000
12.841834000
11.401643000
9.231789000
12.055022000
9.370329000
9.341045000
9.423619000
10.418209000
12.005564000
11.838500000
12.058482000
12.766669000
12.128119000
9.700713000
17.634452000
17.626205000
12.860475000
12.672666000
16.780619000
10.217689000
9.289787000
13.250866000
17.096381000
12.350718000
12.025617000
11.773180000
11.883604000
11.877898000
11.958200000
15.168305000
12.645476000
12.463563000
11.970979000
11.729839000
11.523180000
11.796605000
12.624982000
17.652108000
13.449310000
17.754118000
16.896483000
13.129515000
17.737897000
14.083790000
17.781262000
17.817684000
12.241444000
9.239043000
12.003369000
12.273638000
11.920910000
12.766991000
13.182094000
17.445960000
9.478900000
13.318884000
15.084104000
9.709962000
11.734357000
11.406507000
11.644960000
17.606452000
16.880902000
16.779720000
17.045351000
9.437828000
11.818029000
12.176865000
15.932360000
11.714735000
11.700220000
9.332856000
11.887966000
9.353158000
12.020615000
9.370888000
12.986130000
10.374002000
10.425495000
15.163717000
12.633692000
12.544074000
12.675932000
12.625626000
13.068523000
12.949333000
12.980563000
12.134323000
11.850281000
11.436444000
9.807809000
14.478470000
14.036971000
12.349491000
11.941971000
9.335300000
12.779867000
11.816717000
14.035547000
17.554096000
14.360640000
11.976984000
12.268599000
12.231112000
9.806164000
9.432463000
15.130800000
13.026832000
12.925424000
12.330371000
12.305232000
12.010172000
12.933679000
17.692118000
17.573229000
12.739607000
15.726740000
9.737642000
9.287514000
12.193879000
12.268001000
12.817339000
9.518224000
11.694851000
9.631224000
12.116994000
11.844091000
11.703315000
17.319251000
12.761378000
10.313992000
16.724569000
12.342807000
17.443330000
10.226053000
9.787346000
17.688789000
15.671574000
9.683330000
12.109198000
11.827426000
11.806536000
9.585966000
17.663971000
11.737499000
12.862479000
11.961208000
11.920520000
9.801187000
12.673009000
12.186613000
13.437593000
10.103218000
12.196401000
11.468339000
10.149764000
12.275377000
11.824976000
9.283899000
12.193278000
12.224724000
17.431249000
16.964028000
9.363181000
15.789545000
12.600086000
12.192031000
11.908105000
13.891702000
12.829671000
9.363552000
9.354865000
9.432221000
12.834996000
11.453099000
11.464371000
9.774766000
9.328377000
10.344306000
17.684817000
13.110591000
12.238203000
11.662663000
9.293441000
17.241196000
9.664544000
15.266041000
12.737269000
12.126243000
11.868698000
12.079013000
11.923149000
12.363360000
12.402987000
17.559076000
12.611872000
12.800978000
9.086820000
11.873151000
10.326013000
16.333584000
9.961651000
12.342158000
11.516268000
11.831348000
12.355732000
9.693361000
12.717660000
12.194885000
9.831672000
17.756091000
15.310988000
12.054919000
12.226275000
9.145800000
9.608737000
11.618106000
9.748515000
13.799305000
9.310082000
10.233919000
12.197793000
9.791387000
12.800816000
12.330106000
11.929343000
17.534446000
17.488126000
12.765052000
12.888048000
12.621138000
12.406885000
12.527527000
12.365622000
12.624359000
12.827168000
12.866790000
10.422689000
10.530744000
16.836111000
17.007790000
12.335555000
14.285097000
12.001423000
12.489394000
12.281189000
15.154315000
12.077292000
11.942185000
12.168403000
11.355093000
12.583976000
11.795909000
12.290097000
12.324154000
11.908665000
12.088514000
12.119852000
13.040396000
11.909162000
11.425631000
17.683575000
16.892912000
16.787017000
12.995992000
17.028142000
13.027599000
9.582905000
9.782360000
15.736492000
9.385965000
11.936971000
11.763961000
11.754623000
9.823808000
13.329322000
15.440324000
17.486926000
9.327309000
9.647331000
13.616854000
12.405632000
12.356797000
12.509065000
12.151757000
12.349672000
11.953359000
11.476537000
13.043705000
14.219295000
15.153209000
13.704595000
10.201254000
9.255789000
9.361070000
9.797251000
9.443160000
11.887251000
9.434418000
12.924623000
16.669215000
12.612296000
12.516859000
9.190505000
12.337003000
9.763101000
15.057622000
9.568754000
9.564742000
11.620350000
11.446911000
9.674205000
13.111966000
9.727184000
13.223364000
12.933973000
13.797953000
11.891804000
11.864879000
11.929953000
11.863559000
12.885976000
14.147800000
9.264048000
16.332692000
12.306588000
12.309172000
9.720673000
13.939774000
17.118766000
11.613800000
11.690765000
9.314109000
11.957722000
9.285700000
13.958871000
17.696075000
17.650265000
17.794837000
17.031251000
12.877380000
12.359181000
12.183293000
15.467397000
17.642915000
12.069084000
9.820036000
17.628002000
13.633947000
10.446228000
13.799955000
16.732913000
12.131013000
9.355393000
9.790702000
9.769613000
17.533067000
17.112876000
17.721368000
11.979753000
9.236810000
12.594023000
9.738776000
9.662811000
9.226093000
12.814909000
9.593322000
17.506639000
9.444666000
9.694411000
16.559687000
9.667511000
15.517121000
13.004205000
16.923994000
16.915429000
12.183121000
17.530329000
17.583775000
10.298713000
9.729769000
12.443044000
9.506981000
11.863664000
11.839634000
11.858353000
12.890220000
12.528815000
16.953014000
16.923090000
16.987594000
11.963458000
13.458942000
17.059641000
16.414681000
12.418290000
12.222734000
17.105574000
15.430951000
12.033749000
11.890234000
10.487183000
10.277391000
9.529140000
11.362291000
12.243934000
10.676770000
14.878686000
12.821769000
13.093781000
11.893101000
12.304166000
17.869590000
9.364578000
9.766266000
14.633043000
12.189923000
9.795802000
12.297351000
17.461343000
12.695989000
12.274190000
12.256862000
9.671703000
9.358599000
12.571497000
12.124894000
12.798345000
16.799048000
10.361123000
9.697639000
9.665853000
11.827452000
11.601207000
9.381347000
16.265269000
16.471253000
11.977602000
11.587226000
9.666960000
9.778540000
9.672598000
12.336888000
12.329231000
12.168708000
12.381520000
10.100092000
12.097588000
16.209544000
9.300604000
17.039091000
14.097881000
12.968922000
9.684804000
12.473358000
17.767718000
17.744291000
16.892725000
17.866066000
17.530375000
17.544779000
10.540987000
16.791098000
10.361719000
10.371381000
15.846289000
12.940480000
15.111151000
17.727731000
12.853479000
17.649915000
12.080980000
10.305099000
13.600187000
9.758452000
10.427505000
15.759088000
13.030801000
16.800044000
16.425403000
11.734367000
9.395556000
9.173561000
12.445011000
11.761364000
9.813943000
12.171666000
11.971185000
12.244891000
12.253432000
12.585496000
17.479352000
