49.633
64.334
33.571
55.854
41.316
66.847
67.176
66.147
67.132
66.985
67.227
66.678
67.005
67.248
67.466
66.825
66.432
67.394
67.088
67.521
66.351
64.861
67.031
63.091
63.244
67.286
66.969
67.270
66.782
66.482
66.898
67.333
67.320
66.956
67.250
67.028
66.815
67.216
57.864
63.002
66.933
67.361
66.511
67.483
66.697
66.603
67.608
66.979
64.371
67.340
65.620
65.537
66.756
67.802
66.669
67.340
67.486
67.567
66.795
67.026
66.805
67.218
67.665
67.198
67.452
67.028
66.356
67.433
66.872
66.733
67.088
66.749
67.381
67.468
66.962
67.389
66.839
64.914
67.026
64.829
66.867
65.739
67.504
67.086
67.255
67.390
66.832
67.424
67.064
67.244
67.498
67.527
67.614
65.332
67.842
67.091
67.188
67.414
67.058
67.681
64.829
67.584
64.862
67.439
66.887
66.926
67.109
67.084
67.119
66.740
68.030
67.295
66.689
65.264
68.328
67.042
67.121
67.026
66.204
67.211
66.806
67.261
66.919
67.399
67.371
67.495
67.072
67.546
67.202
67.058
66.677
64.435
66.626
68.266
67.078
66.939
67.085
67.421
66.992
67.264
66.792
66.849
67.435
66.880
66.738
66.621
64.401
66.438
67.333
67.078
67.281
50.620
66.791
64.998
67.598
67.291
68.156
67.530
68.870
67.294
66.949
66.886
69.663
67.927
67.417
67.412
70.924
67.566
66.257
67.114
69.543
68.003
67.038
67.151
69.656
67.592
67.216
66.307
69.962
67.205
66.715
67.588
70.885
68.543
68.337
67.603
69.629
67.260
67.038
67.381
70.468
67.565
67.337
67.502
69.931
66.870
68.131
66.713
69.669
67.716
67.038
67.672
70.458
67.101
67.280
67.619
70.284
66.194
67.754
67.508
70.335
67.836
65.064
66.865
69.599
67.538
67.627
67.238
69.830
66.514
68.113
67.256
69.730
67.843
66.793
67.279
69.967
67.381
67.151
70.040
70.380
67.210
67.000
70.062
69.551
67.551
66.814
70.312
70.888
67.856
67.257
69.973
69.748
68.166
66.733
69.824
70.100
67.447
67.179
67.358
70.796
65.708
67.251
70.832
69.502
67.876
66.740
67.008
69.974
67.092
68.358
68.072
68.780
67.103
67.357
67.402
70.274
67.959
66.456
67.139
69.452
66.517
65.299
67.148
69.852
67.856
67.364
68.476
68.789
66.573
65.520
66.799
69.645
67.475
67.337
67.689
70.712
67.321
58.774
67.263
69.483
67.877
67.038
67.392
70.301
67.278
65.830
67.346
69.556
67.060
67.602
67.171
69.568
64.702
66.695
63.234
70.582
67.124
67.572
67.791
70.618
67.941
67.455
67.068
69.689
67.578
66.805
67.521
68.397
67.614
65.042
67.474
68.787
67.108
67.474
67.399
70.060
66.586
66.958
66.046
69.939
66.825
67.284
66.678
69.761
67.370
66.783
66.969
69.492
67.485
67.240
68.137
70.312
67.306
67.384
67.422
70.347
66.784
68.024
66.851
70.300
67.137
66.726
67.413
68.035
67.833
67.928
68.272
70.537
67.185
67.396
67.637
69.534
67.659
67.409
67.607
70.301
50.387
67.555
67.360
69.557
67.463
68.064
67.669
71.007
67.402
67.848
67.169
68.391
68.441
67.345
66.966
69.454
68.330
67.776
67.290
69.444
67.026
64.864
67.559
69.604
67.739
64.162
64.258
70.601
51.457
65.157
66.426
70.525
67.929
66.866
67.437
69.411
67.644
67.458
67.546
70.089
66.504
66.811
63.851
70.334
66.554
67.248
66.844
70.578
66.532
50.523
67.173
69.941
67.436
67.658
67.133
68.593
66.969
66.547
67.114
70.272
67.868
66.911
66.389
69.827
67.802
66.998
67.441
69.543
66.823
66.550
67.721
70.440
67.145
66.800
67.412
69.197
67.609
67.933
67.551
70.261
65.648
67.507
66.830
69.338
63.658
67.399
67.678
68.111
67.248
66.750
67.024
69.313
67.673
64.800
67.127
69.835
67.345
67.382
66.893
70.028
66.787
67.372
67.677
68.256
67.389
67.156
66.629
69.030
68.562
67.380
66.610
68.393
66.898
67.536
67.076
70.029
66.851
66.661
66.787
72.065
67.510
65.636
67.254
69.394
67.223
67.755
67.264
69.917
67.730
66.880
67.794
69.696
66.895
67.169
65.148
70.455
67.389
66.856
68.125
69.760
67.548
67.129
64.970
72.741
66.972
67.371
67.905
68.662
67.295
64.713
68.732
68.737
65.502
68.078
66.467
69.816
67.354
67.694
67.106
67.603
67.313
66.847
67.417
67.227
67.003
66.685
66.785
70.043
67.560
67.395
66.731
59.269
67.231
67.645
67.104
70.095
50.593
64.192
64.834
69.451
68.121
50.471
67.276
70.413
66.804
64.985
66.997
66.992
67.439
66.992
66.878
65.013
66.981
65.402
67.179
68.970
67.516
67.471
67.348
70.396
67.294
67.358
67.693
69.342
67.453
67.616
66.746
73.754
67.493
67.224
67.562
69.052
67.060
66.616
67.574
68.914
68.083
67.344
67.052
68.057
66.983
67.714
68.209
69.720
67.082
67.399
67.818
68.973
67.864
67.075
67.183
68.564
66.921
66.976
67.448
68.552
64.176
64.461
67.533
68.151
67.173
68.039
67.041
67.567
67.303
67.754
66.877
69.284
67.442
67.434
65.356
69.345
68.328
67.634
67.069
68.290
67.344
67.119
67.134
68.906
68.309
65.297
67.387
70.139
67.088
66.895
67.836
65.925
67.392
67.333
67.019
71.364
67.531
66.797
67.451
69.543
67.717
68.398
67.444
70.266
67.329
67.289
67.628
69.828
66.902
68.024
67.668
70.591
66.427
67.392
67.225
69.207
66.791
66.517
66.654
70.769
66.583
67.258
67.495
69.274
67.091
67.690
67.386
70.185
67.184
66.725
67.186
68.538
67.504
67.009
68.237
70.196
66.644
67.949
67.544
69.206
67.755
65.338
66.811
68.391
67.536
67.406
64.515
68.894
67.110
67.415
67.888
70.542
66.940
66.733
67.446
69.304
67.943
65.184
66.491
68.394
67.089
67.398
66.677
68.612
67.697
67.175
67.338
66.407
67.572
67.588
66.972
68.667
51.261
67.080
68.881
69.758
67.697
67.109
66.935
69.332
67.264
67.523
69.068
67.872
67.353
65.391
67.313
69.343
67.472
65.541
67.578
67.790
66.402
67.528
68.103
69.224
67.313
66.609
68.103
70.709
67.220
66.710
67.209
67.285
63.587
66.140
67.488
70.062
66.566
66.972
67.447
69.053
68.008
67.485
66.779
70.231
67.437
67.241
67.271
68.601
67.307
67.365
67.306
68.486
66.947
67.719
67.717
68.560
67.514
67.847
67.429
70.206
67.226
67.536
67.500
68.436
66.743
67.443
67.143
70.423
66.453
64.550
66.825
67.877
68.385
67.587
67.466
70.852
66.903
67.136
67.053
66.667
67.128
66.935
66.899
69.984
67.308
67.103
67.075
70.086
67.345
66.908
63.581
70.069
67.085
67.322
67.238
69.660
67.183
67.055
67.486
70.678
67.382
67.161
67.082
68.815
67.466
67.985
67.594
70.281
66.846
65.141
66.222
67.425
67.418
67.857
67.910
70.239
67.371
67.308
66.751
52.445
67.708
67.870
67.335
69.146
66.326
67.175
63.518
67.391
67.545
67.455
67.226
65.827
67.701
67.396
67.301
50.601
67.247
67.313
67.209
66.955
67.829
67.199
67.466
65.424
67.197
67.182
67.576
66.694
67.138
67.252
67.484
66.815
66.185
67.376
66.259
67.524
67.126
67.681
67.275
67.247
66.853
67.696
66.726
57.119
67.543
63.245
65.983
67.702
67.251
67.353
65.671
67.134
66.949
67.562
66.752
67.284
66.942
67.313
66.400
67.404
67.447
66.842
66.805
67.176
67.137
67.635
68.006
67.007
67.291
67.165
66.822
67.299
67.387
67.480
67.667
67.334
67.429
67.207
65.144
67.101
67.401
66.422
67.217
67.454
66.912
68.030
67.386
66.745
66.793
67.469
66.874
67.187
67.102
67.489
67.005
37.448
67.255
67.574
65.266
65.012
67.656
66.699
66.829
67.241
67.405
66.027
66.337
67.128
67.447
67.191
67.176
66.976
68.232
67.370
67.357
66.804
67.197
67.537
64.410
66.384
67.536
67.763
65.496
67.363
66.854
67.282
66.942
50.429
64.399
67.055
67.465
67.672
67.356
67.171
68.007
66.951
67.578
67.013
67.048
66.892
67.230
67.222
66.647
66.912
65.069
67.188
67.126
66.883
66.979
67.014
67.665
67.403
67.501
65.179
67.374
67.163
67.157
67.926
67.513
66.761
67.188
67.534
67.136
67.380
67.448
67.970
67.790
67.507
65.245
67.064
67.140
67.390
66.667
65.012
66.400
67.032
64.902
67.540
66.851
67.046
66.965
67.210
67.174
66.378
66.789
67.054
66.695
67.093
67.465
67.154
67.623
67.041
67.265
66.757
66.524
67.400
66.991
67.028
66.981
66.564
66.841
67.156
66.896
66.960
63.810
66.611
67.123
67.388
66.910
67.192
67.012
66.533
66.166
66.605
67.486
68.104
66.776
67.140
67.221
67.265
67.291
67.217
67.072
66.991
67.507
66.647
66.920
66.954
67.567
67.300
67.554
67.002
67.543
66.837
67.511
67.362
66.856
67.182
66.916
67.270
66.694
67.944
67.134
67.051
67.282
67.371
67.124
66.505
66.903
67.060
66.929
67.439
66.989
60.359
67.075
67.319
67.400
67.298
67.182
67.267
67.001
66.756
66.884
67.323
67.499
67.350
67.095
66.935
68.309
67.136
67.121
67.357
67.408
67.658
67.659
67.281
67.439
67.481
67.267
67.242
66.864
67.314
67.000
67.348
66.763
66.784
67.210
66.998
67.061
67.403
67.232
67.299
67.586
67.177
67.042
67.192
67.061
66.895
67.386
67.042
67.022
67.227
67.506
67.034
67.542
67.520
67.674
67.531
67.502
67.474
66.773
67.839
67.557
67.281
67.356
66.903
67.149
66.849
68.945
67.361
66.735
67.148
67.031
67.097
67.368
66.895
67.487
67.232
67.294
67.445
66.983
67.420
67.005
67.087
67.264
67.709
67.255
65.374
67.174
67.439
67.262
67.262
64.788
67.158
67.610
66.864
67.569
67.105
66.974
67.093
66.889
67.099
66.735
67.431
67.024
67.164
67.608
67.366
67.153
66.683
64.809
66.964
66.959
66.628
67.207
66.715
66.867
66.288
67.144
67.328
66.560
64.437
67.305
67.565
67.191
64.587
66.883
63.561
67.285
67.129
66.488
67.042
67.407
67.378
66.344
66.909
67.264
67.055
67.175
62.653
67.575
66.573
67.426
67.154
67.278
68.166
67.162
67.049
66.815
67.862
67.077
67.224
67.040
67.205
66.884
67.255
67.301
66.860
64.984
67.259
67.257
66.083
67.253
66.739
66.907
67.178
66.866
67.194
67.389
66.826
67.376
66.714
66.792
67.473
67.242
68.494
67.014
67.544
67.116
66.876
67.020
67.435
67.062
67.712
67.486
67.488
67.486
67.347
67.307
67.373
66.833
66.709
66.792
66.963
67.446
50.592
67.054
67.600
68.410
67.297
67.390
67.467
67.819
67.073
66.865
67.541
67.365
66.808
67.522
67.354
67.518
67.299
67.398
67.543
67.430
66.719
65.121
68.768
67.130
67.354
67.502
67.301
67.311
66.975
64.680
67.799
67.590
66.744
67.069
66.684
67.558
66.843
67.495
67.408
67.281
66.666
66.836
67.480
67.018
65.515
67.195
67.442
63.969
67.223
67.496
66.791
67.660
66.704
67.536
67.345
67.157
66.876
67.575
65.857
66.607
67.210
67.603
67.556
67.460
66.669
67.421
67.089
67.353
68.925
67.309
67.626
67.114
67.514
70.886
67.152
67.454
67.368
70.554
67.725
63.014
67.395
69.925
66.851
66.849
63.302
70.422
66.773
66.292
66.391
69.835
67.638
67.362
64.134
70.958
67.370
67.621
67.211
70.134
67.259
67.347
67.320
67.408
67.330
66.891
67.263
67.935
68.396
67.210
66.906
63.636
66.861
67.287
66.707
67.762
66.750
66.914
63.316
67.312
67.485
67.529
67.038
67.364
67.108
66.535
67.435
67.207
67.394
67.679
66.981
63.680
67.263
64.751
66.834
67.541
67.063
67.079
67.441
67.425
66.988
67.395
65.185
67.223
66.919
67.632
67.094
66.998
66.090
65.026
67.615
67.327
67.398
67.480
67.430
67.223
66.530
66.750
67.376
66.650
67.195
67.239
67.314
67.268
66.832
66.988
67.718
66.883
67.421
67.001
67.089
67.362
66.805
66.869
67.469
66.888
66.695
66.755
67.469
67.119
67.470
67.648
66.856
67.612
67.328
67.368
67.207
66.619
50.557
67.604
65.373
67.518
65.306
67.005
66.772
66.893
67.317
67.390
67.173
67.217
66.790
67.778
66.802
67.389
68.237
66.961
65.286
67.535
64.376
67.323
67.233
67.558
61.298
67.281
67.139
66.876
67.122
66.985
67.275
66.504
67.337
66.622
66.612
67.206
67.486
67.227
67.506
67.538
65.358
66.903
66.780
66.989
66.869
66.964
67.213
67.614
67.218
66.933
67.383
67.310
66.829
67.190
67.984
66.881
67.297
66.829
67.552
67.249
67.283
67.062
67.213
67.390
67.227
66.553
67.190
65.395
67.291
67.653
67.071
67.478
67.296
67.083
67.031
67.345
64.722
66.649
67.314
64.260
67.480
67.745
50.527
66.692
66.307
67.414
67.581
67.276
65.851
67.227
67.105
66.862
67.075
66.974
67.508
67.304
67.408
67.216
62.790
66.793
67.108
66.370
67.425
64.959
67.841
67.107
67.426
66.567
67.325
67.479
67.828
66.782
66.720
67.459
67.305
66.801
67.241
67.585
67.161
67.554
66.620
65.065
67.572
67.259
67.482
66.902
67.414
67.002
66.887
67.870
67.396
69.963
66.579
67.433
67.346
68.716
67.453
67.399
67.387
70.723
67.256
64.971
67.845
68.956
67.367
67.595
66.979
70.585
67.474
67.145
67.235
70.332
67.324
66.914
67.149
70.110
67.550
67.471
67.144
71.084
66.937
68.177
66.730
71.324
67.184
67.330
66.714
70.528
67.148
67.844
67.119
69.617
67.003
67.316
67.769
70.416
68.413
66.963
67.726
70.164
67.557
67.402
67.784
69.700
67.465
66.691
64.153
70.012
67.224
67.614
67.059
70.022
67.731
68.140
67.540
70.440
67.494
67.080
65.703
70.149
67.998
67.580
66.817
69.869
68.059
67.223
65.357
70.353
67.451
67.383
66.237
69.797
67.315
66.830
67.570
69.982
67.590
67.052
67.130
69.407
66.793
68.429
68.687
70.098
66.985
67.385
64.092
68.235
67.555
67.984
67.189
70.482
66.727
67.139
67.338
71.588
67.633
65.176
67.746
70.256
67.518
67.219
66.840
69.870
68.238
66.790
67.118
69.974
67.096
67.142
66.761
68.024
67.181
67.314
66.421
69.586
67.360
66.945
67.150
70.641
66.813
67.128
65.525
68.438
67.287
67.000
67.072
69.553
67.249
67.263
67.216
68.139
67.073
67.969
66.995
70.045
66.765
66.948
67.307
68.454
67.034
67.207
67.384
70.743
68.204
66.949
64.976
70.047
67.014
67.670
67.078
69.476
68.123
67.482
50.624
69.976
66.967
67.038
67.213
69.478
67.212
66.956
66.855
68.465
66.975
67.404
67.290
69.022
67.032
67.189
67.622
70.564
68.129
67.522
66.591
69.210
67.812
67.029
67.605
71.425
66.599
67.461
66.780
70.030
67.192
66.063
67.459
70.751
67.515
67.514
67.478
69.437
68.238
66.448
67.018
68.338
66.964
67.375
67.221
69.590
67.231
67.136
67.435
70.625
68.625
67.743
66.974
69.339
66.949
67.225
67.472
70.925
67.661
67.979
66.730
71.267
67.756
65.494
67.425
71.168
67.228
67.307
67.345
70.557
67.535
67.220
67.068
71.466
67.291
67.941
67.590
69.970
67.581
67.126
67.445
70.752
66.762
64.883
66.267
70.691
67.891
67.434
67.558
70.060
66.077
67.227
67.539
69.580
68.155
67.334
67.371
69.463
67.457
67.531
66.710
69.956
68.288
67.048
67.208
70.188
66.745
67.166
67.485
69.848
68.064
67.600
66.989
68.930
67.762
67.321
65.125
70.257
67.198
67.025
67.326
69.708
66.116
64.601
66.999
70.764
66.753
68.357
67.515
68.465
67.520
67.541
66.930
69.662
66.987
67.839
63.005
70.468
68.061
50.534
67.543
70.285
66.646
67.913
63.286
70.415
66.842
68.092
66.979
69.331
66.906
67.598
67.141
67.548
67.273
67.549
67.321
69.967
67.265
67.297
67.008
71.739
66.713
67.006
66.950
73.628
67.020
67.930
67.015
71.099
67.492
67.430
67.315
69.952
67.472
65.568
65.384
70.618
66.844
67.807
66.773
69.385
63.223
67.274
67.755
70.239
67.215
66.845
65.142
69.462
67.617
67.020
66.997
70.582
67.274
67.295
66.881
69.529
67.168
67.516
67.217
70.493
67.237
64.724
67.216
69.829
67.015
67.276
67.186
70.075
66.924
67.544
67.534
74.754
67.205
67.597
67.033
69.678
67.175
67.043
67.315
70.040
67.372
68.146
64.826
69.928
67.198
67.308
67.172
69.948
67.312
67.129
66.637
70.243
67.260
64.795
67.626
70.149
67.867
66.950
67.498
68.423
63.530
67.637
66.839
69.383
67.446
67.359
67.256
70.732
67.632
67.177
67.109
70.610
67.174
67.378
67.195
70.983
67.599
67.098
67.509
69.249
67.610
66.540
67.639
70.025
67.604
67.956
66.990
69.338
66.676
67.115
67.053
68.787
67.063
67.827
67.578
70.145
67.175
50.464
67.373
68.355
67.375
67.985
66.498
68.724
67.334
66.999
66.494
71.200
66.806
64.160
67.238
69.502
67.012
68.320
67.454
70.195
66.465
67.061
67.424
69.371
67.550
66.880
67.337
70.378
67.700
65.691
67.370
69.334
65.133
63.529
67.394
68.563
66.868
61.405
63.727
69.372
67.137
66.627
66.880
67.700
67.114
67.860
66.033
70.433
67.449
66.740
67.332
71.676
68.424
68.042
67.598
69.702
63.721
67.222
67.162
70.310
68.172
66.902
65.003
70.315
68.021
67.905
67.641
68.798
67.921
67.611
67.425
69.429
66.707
64.793
67.365
69.896
67.175
66.211
66.329
70.833
67.592
67.336
67.394
68.515
66.971
67.254
67.351
69.716
67.842
67.212
67.027
69.673
67.851
67.077
64.958
69.158
67.492
65.638
67.400
70.222
68.090
67.689
67.191
70.853
66.642
67.924
65.449
69.750
66.599
67.760
67.169
69.495
67.589
66.913
67.282
70.339
67.247
65.493
66.868
70.247
67.713
67.359
67.459
70.289
67.127
67.746
66.985
69.774
66.897
65.069
66.520
69.767
67.560
67.239
67.457
68.761
67.323
67.596
67.407
69.145
67.496
67.251
67.702
71.010
67.070
67.182
66.918
69.815
67.480
67.600
67.335
69.753
66.433
66.768
67.781
69.694
67.658
67.437
66.891
70.051
66.966
67.734
66.733
70.321
67.403
66.496
64.238
69.945
67.917
67.415
66.915
70.154
67.124
67.319
66.703
68.412
67.565
67.315
66.982
68.840
67.019
67.625
64.849
69.904
67.230
63.034
67.087
70.157
67.987
67.137
67.438
70.658
67.198
68.528
67.348
69.968
66.708
67.438
67.136
70.240
66.124
64.484
67.115
69.030
67.631
67.168
67.044
69.452
67.091
64.670
66.520
71.142
66.794
66.602
67.331
70.932
65.938
67.293
63.788
68.262
67.367
67.171
67.248
69.799
67.456
66.976
65.358
70.997
66.672
68.198
67.317
70.218
66.962
67.026
67.587
68.731
67.666
67.321
66.930
70.262
67.790
67.959
67.559
69.803
66.856
66.502
67.332
69.556
67.199
66.936
66.723
69.998
67.013
67.271
67.012
70.342
67.344
67.089
66.841
70.441
67.214
67.500
67.500
70.177
66.866
64.523
67.167
69.968
67.521
67.998
66.920
70.141
67.678
67.352
67.098
69.906
66.815
67.526
67.349
69.671
63.311
67.941
67.508
70.373
67.116
67.325
66.735
68.887
67.332
67.240
67.092
70.614
67.205
66.738
67.319
70.150
67.398
67.893
67.381
70.178
67.415
67.151
66.863
70.015
66.701
68.017
66.811
70.302
67.351
67.371
67.752
70.123
68.311
68.541
67.717
70.253
67.786
67.906
66.890
69.285
67.025
68.214
67.443
63.704
66.847
67.093
67.477
69.527
67.880
67.333
67.554
70.652
66.789
66.018
67.354
68.347
67.296
62.173
67.807
70.391
67.262
66.778
66.123
70.472
67.597
67.392
67.045
70.325
66.867
67.314
67.437
69.605
67.956
68.509
67.522
70.352
67.624
67.919
67.650
70.239
67.690
67.308
66.805
69.636
66.855
66.739
66.387
69.025
67.586
67.073
67.548
71.239
67.376
67.493
66.791
69.938
66.325
67.715
66.710
69.572
66.871
68.062
67.368
67.304
67.709
66.826
67.203
69.894
66.555
67.132
67.364
69.737
67.305
67.352
66.676
70.305
66.897
66.300
67.106
69.384
65.895
66.757
67.629
69.107
62.793
67.340
67.422
69.887
67.613
67.551
67.344
69.750
67.407
67.040
67.424
68.626
66.993
67.220
67.951
65.494
66.876
67.658
67.151
67.151
67.437
67.628
50.487
67.042
67.555
67.544
67.303
67.477
66.365
59.036
67.261
64.853
67.145
67.239
66.854
67.746
67.089
67.060
65.885
67.682
66.878
67.520
67.520
64.474
66.767
67.490
67.238
67.397
67.136
67.453
66.982
67.483
66.975
67.191
67.871
66.474
67.427
66.057
65.202
66.889
67.169
66.796
67.384
66.936
65.385
67.511
66.319
67.674
67.248
67.117
67.188
67.445
67.587
67.225
67.071
66.732
67.470
67.354
67.327
64.562
66.612
67.380
67.102
66.836
67.701
66.710
67.404
67.032
67.269
67.546
67.154
65.127
67.468
67.497
67.482
67.097
66.823
67.717
67.049
67.135
67.675
67.486
67.365
67.146
67.335
67.114
67.367
63.588
67.293
65.041
67.242
65.270
67.513
67.414
67.047
66.348
67.267
67.549
67.423
67.510
67.205
66.784
66.990
67.361
67.721
67.391
67.465
63.519
67.061
67.820
66.961
64.989
67.590
67.105
67.101
67.822
66.788
65.165
67.403
66.402
66.935
68.070
66.017
64.805
67.566
66.881
67.439
67.144
67.434
66.800
67.332
67.170
63.611
62.206
61.584
67.698
67.468
66.753
66.219
67.195
66.423
67.538
67.330
67.875
67.432
67.285
66.835
67.566
67.040
67.000
67.699
67.033
67.212
67.042
67.126
66.559
67.045
67.079
67.485
67.308
67.385
67.105
67.385
66.642
67.019
66.979
65.200
67.415
66.353
67.143
67.026
67.298
67.261
66.560
67.797
67.503
67.392
67.066
67.167
64.833
67.440
67.466
65.300
67.498
67.116
67.657
67.431
65.156
66.736
67.216
67.309
64.822
67.132
66.761
67.049
67.081
67.134
67.463
67.516
67.213
67.292
67.521
67.279
67.309
64.953
67.594
67.009
66.852
67.307
67.440
65.094
67.209
67.627
66.783
66.231
67.302
55.728
67.379
67.040
65.072
67.226
67.185
67.002
65.445
67.093
67.510
66.415
67.268
67.138
66.522
67.392
67.410
66.894
67.083
67.163
67.494
67.039
67.467
67.314
67.086
66.704
67.127
67.530
67.478
66.489
67.380
66.661
67.394
66.951
67.241
67.642
67.358
66.915
66.901
67.113
67.253
65.858
67.033
66.584
67.403
66.959
67.660
66.752
66.999
66.793
67.570
67.244
67.589
67.527
66.188
67.497
67.469
67.942
66.857
66.991
66.698
67.723
67.395
67.099
67.313
67.460
66.724
67.086
66.144
67.141
67.252
67.007
67.391
67.123
67.405
66.685
67.194
67.658
66.772
67.234
67.358
63.969
67.516
67.072
64.935
67.396
67.650
67.297
67.610
66.788
65.339
67.238
67.523
66.749
67.798
67.172
66.978
66.845
66.949
67.564
65.834
67.364
67.212
67.121
67.414
66.855
67.416
67.225
67.358
66.890
67.257
67.291
67.305
66.831
67.069
67.497
67.366
66.583
66.712
67.466
66.896
67.267
66.667
67.238
64.203
66.543
66.507
67.156
67.283
67.325
65.245
67.600
66.561
67.475
67.661
67.398
67.323
67.952
67.547
67.104
67.203
66.760
67.298
67.051
67.393
67.024
65.764
67.419
66.655
66.031
67.425
66.804
67.434
67.762
67.088
67.284
67.453
66.955
66.964
67.546
66.919
67.312
67.351
67.365
67.051
67.685
67.077
67.552
67.396
67.591
67.416
67.726
67.021
67.551
64.278
66.683
64.959
67.605
67.329
67.953
67.288
67.981
66.483
67.127
67.028
66.827
65.510
67.446
66.829
67.163
66.772
67.065
66.930
67.435
67.054
67.393
66.904
66.712
67.161
64.388
66.193
63.547
66.798
66.410
66.799
64.614
66.963
66.199
67.139
67.753
67.034
66.794
66.450
67.046
66.876
67.305
67.459
66.660
67.518
67.440
67.335
67.393
67.103
67.437
67.403
67.431
66.601
66.726
66.801
66.164
67.014
65.462
67.382
67.355
67.255
67.352
67.196
67.676
66.525
66.596
66.844
67.103
63.253
67.612
67.084
66.888
67.508
67.228
65.215
67.536
66.491
67.449
67.487
66.978
65.156
67.688
66.884
67.018
67.064
66.978
67.289
67.443
67.211
66.918
66.554
67.490
67.072
66.616
66.165
65.433
67.107
65.725
66.885
66.741
67.601
67.020
67.240
67.054
67.355
67.093
67.453
66.947
64.769
66.699
67.349
67.296
65.273
67.139
66.893
67.561
67.477
66.841
67.042
67.440
67.371
67.920
67.308
67.039
64.898
67.682
66.859
67.439
66.880
67.251
67.415
67.163
67.721
66.868
67.280
67.258
66.283
67.602
67.461
67.563
67.137
67.071
67.168
67.566
65.112
67.583
66.909
67.258
67.489
66.970
66.837
67.126
67.342
66.151
67.196
66.931
72.565
66.986
67.632
66.226
67.461
66.442
67.824
67.135
66.701
67.294
67.596
67.338
67.243
66.900
67.448
67.237
67.547
67.395
67.734
64.834
67.616
67.468
66.770
67.665
67.786
66.911
67.562
67.479
67.229
67.422
66.608
66.649
67.279
67.530
67.313
67.125
67.502
66.826
67.260
65.173
66.734
66.758
67.578
66.761
67.324
67.096
66.688
67.365
67.654
67.869
64.861
67.826
65.169
66.936
56.920
66.998
67.505
67.017
66.323
67.168
67.008
67.842
66.974
65.447
67.307
66.152
67.197
67.385
66.822
67.080
66.677
67.050
65.809
67.036
67.719
67.485
67.382
67.421
67.172
64.374
67.460
67.723
67.487
67.006
67.369
67.078
67.177
66.821
66.435
67.380
67.633
67.511
62.957
67.446
66.847
67.449
67.017
67.373
63.573
67.549
66.998
66.842
67.220
65.217
67.215
67.383
66.842
67.074
67.242
66.432
67.131
66.861
67.569
65.410
67.135
67.887
66.810
67.322
66.831
67.623
67.584
67.041
64.956
67.531
67.540
50.541
67.100
67.445
65.162
66.809
64.137
67.390
67.387
67.073
67.195
67.518
67.259
67.132
67.358
66.858
67.585
66.946
67.516
67.641
64.545
67.680
67.404
67.325
67.347
65.552
66.741
67.532
66.458
67.488
67.680
66.825
66.916
66.730
65.025
67.312
67.259
65.057
50.708
64.154
67.050
67.399
67.467
67.422
67.645
67.043
67.574
67.164
67.562
66.864
67.226
67.056
67.424
66.816
64.935
66.757
66.989
67.258
66.529
66.625
67.666
67.403
67.148
67.063
67.827
67.654
66.977
67.655
66.793
67.625
66.780
66.563
66.658
66.839
67.520
67.148
67.464
67.107
67.408
66.847
67.592
66.915
64.748
67.385
66.929
66.880
66.826
67.162
67.542
67.260
67.445
67.008
67.437
66.625
67.567
64.910
67.128
67.188
67.329
67.412
67.513
67.040
67.312
66.824
67.171
67.560
67.662
67.447
65.962
67.479
67.293
64.436
67.023
66.873
66.727
67.025
67.265
67.558
66.686
67.501
67.899
67.360
67.546
67.651
69.663
67.102
65.206
66.987
67.025
67.664
67.375
66.899
67.300
64.454
67.344
67.397
67.560
67.701
67.670
67.992
66.965
67.226
67.548
62.309
66.183
67.204
66.251
66.766
67.081
67.449
66.748
67.264
67.660
66.070
67.291
67.561
44.229
50.606
64.137
67.372
67.314
66.935
67.378
67.477
67.759
67.414
66.838
67.435
66.838
67.337
66.777
67.316
66.890
67.447
65.535
66.531
67.455
66.435
67.176
66.717
64.939
66.876
67.407
65.093
64.823
67.912
50.494
67.649
47.806
64.378
66.941
67.215
67.100
67.281
66.971
67.625
64.949
67.458
65.554
67.333
67.486
67.165
66.254
66.837
67.179
68.041
67.325
67.266
67.884
67.743
67.034
66.682
66.887
67.542
67.621
66.864
66.894
66.646
63.644
67.229
64.819
67.302
276.950
69.414
90.987
70.092
67.899
67.323
67.427
67.415
67.173
67.649
67.004
66.510
67.471
67.251
67.563
67.196
67.223
65.998
66.471
64.689
67.149
64.414
66.922
67.335
64.816
67.048
50.628
67.191
66.961
66.948
66.518
65.442
64.895
67.617
66.904
67.138
67.573
66.430
66.137
67.266
67.176
67.562
66.708
66.692
67.360
67.627
67.233
67.407
64.409
66.923
67.830
67.199
67.349
67.013
64.779
67.554
66.930
67.618
67.593
66.555
66.979
67.016
67.409
67.206
67.674
67.142
67.940
67.020
66.899
67.249
67.371
67.388
67.458
67.419
66.911
66.721
66.779
67.465
67.154
64.824
67.120
67.337
67.530
65.153
63.793
67.396
63.897
67.360
67.670
67.371
66.589
67.151
67.076
66.911
67.277
67.671
66.979
67.344
67.039
66.957
67.241
66.898
67.238
67.462
67.629
67.433
66.750
66.576
66.196
67.386
67.934
66.232
67.759
66.958
67.374
65.384
67.368
67.345
67.068
67.336
63.760
65.398
67.617
67.679
66.759
67.061
67.743
66.877
66.774
67.540
68.377
65.245
66.674
66.998
67.506
67.363
65.185
66.793
66.965
67.208
67.429
67.251
67.394
67.126
67.655
67.734
67.403
67.679
67.326
50.597
66.902
67.372
67.210
66.571
67.503
67.468
67.658
67.321
67.465
67.321
67.398
67.317
67.638
67.977
66.767
67.428
67.396
67.254
67.264
67.092
65.102
67.413
66.853
66.380
66.769
67.535
63.002
67.290
66.732
67.358
66.171
67.413
67.826
67.347
66.929
67.275
67.227
66.846
67.565
67.398
68.091
67.216
66.675
66.708
64.866
67.336
67.251
67.051
66.771
66.930
67.701
67.328
67.417
63.763
66.838
67.054
67.328
67.631
66.389
65.051
66.970
67.087
67.632
66.520
67.029
64.063
67.196
66.864
66.841
67.159
67.846
67.269
67.270
65.028
67.625
67.626
65.079
66.254
67.060
67.525
66.760
67.254
67.460
66.728
67.377
66.464
67.156
67.487
66.686
67.356
67.142
66.497
67.449
67.315
66.544
66.735
66.918
67.594
64.786
67.575
67.316
67.862
67.567
67.392
66.494
66.741
67.325
65.666
67.477
67.638
67.172
67.358
67.328
67.425
67.062
67.199
67.737
67.146
66.859
67.318
66.852
67.430
67.307
67.347
66.992
67.291
67.421
65.971
66.764
66.631
66.912
66.282
67.114
67.219
64.459
67.002
65.741
67.232
67.116
67.485
67.200
65.152
66.839
67.578
67.530
67.123
67.554
65.452
67.440
66.957
66.974
65.268
66.997
63.582
67.266
67.221
66.698
66.962
67.688
65.595
67.125
67.469
66.813
66.654
67.830
67.082
67.600
67.051
67.193
67.719
67.712
67.237
66.911
66.907
66.760
67.751
67.428
67.304
67.400
66.983
66.702
67.403
66.708
67.560
67.388
66.184
64.976
67.653
67.794
67.152
67.150
66.869
67.012
67.121
66.942
66.769
67.430
67.633
66.238
65.219
66.951
67.353
67.360
67.579
67.056
67.363
67.389
66.998
67.419
67.118
67.486
67.558
67.467
66.271
67.358
67.596
66.530
66.949
63.223
67.247
67.369
66.974
67.277
66.802
66.505
67.056
66.939
67.103
67.457
66.772
67.851
67.679
67.331
66.857
67.079
67.333
67.637
65.944
67.480
67.375
66.669
67.603
66.833
66.962
65.225
66.675
67.619
66.503
65.431
67.402
67.079
67.647
66.488
67.065
66.697
66.287
67.325
66.911
65.191
66.533
65.318
67.252
66.964
67.627
67.879
67.740
67.564
67.702
67.504
66.678
67.352
66.761
67.498
67.229
65.194
66.703
66.853
67.062
67.427
65.200
67.537
67.026
67.251
66.868
67.481
67.034
67.536
66.876
65.176
66.979
67.973
66.974
67.586
67.495
66.812
66.917
67.341
67.059
67.649
67.031
67.543
67.556
67.342
67.593
67.369
67.062
67.320
67.445
67.413
66.872
67.541
66.901
66.972
67.214
67.237
67.036
67.373
67.403
66.941
67.286
63.931
67.439
67.608
64.983
67.592
67.032
67.174
67.108
67.475
67.309
66.943
67.434
67.332
67.421
66.997
66.719
67.615
67.275
67.600
67.071
66.710
67.332
67.125
67.921
65.415
66.735
67.499
68.141
67.135
67.525
65.501
65.494
66.595
65.185
67.286
67.240
67.449
67.249
67.173
67.127
66.631
66.117
67.663
67.639
67.210
67.481
67.322
67.134
67.459
66.912
66.256
67.333
67.860
66.938
67.858
67.571
67.257
67.162
66.649
67.412
66.200
67.229
67.481
67.429
67.342
67.060
67.447
66.769
67.042
67.436
66.453
67.167
67.427
67.357
67.199
67.267
66.063
66.865
66.912
66.541
66.893
66.694
66.847
66.795
67.571
66.913
64.752
65.118
68.045
67.390
67.016
67.360
67.369
67.238
67.053
67.578
67.589
67.507
67.438
67.079
66.891
66.883
67.211
66.649
66.953
64.914
67.472
67.138
67.257
67.030
67.525
67.500
67.208
66.788
66.695
67.444
67.024
64.509
67.437
67.517
66.551
67.106
67.592
65.384
66.884
67.413
67.404
66.722
66.744
66.870
63.472
66.411
63.688
67.761
67.784
67.411
66.893
66.607
67.586
67.300
66.772
63.502
67.314
66.966
67.447
67.186
67.797
66.482
64.588
50.449
63.925
66.999
50.367
66.871
67.065
67.351
65.242
57.170
64.514
67.027
67.281
67.172
66.760
67.517
61.362
66.557
66.177
67.461
67.324
66.842
67.318
66.991
66.798
67.609
67.874
66.770
66.936
66.527
67.332
67.420
66.658
66.968
67.381
66.991
67.145
66.884
67.463
67.048
67.467
67.423
66.934
67.540
67.319
67.331
67.293
67.502
66.580
66.939
66.948
65.371
67.103
67.245
66.822
67.513
67.002
64.708
66.774
66.831
67.209
67.161
67.450
66.759
67.097
67.195
67.238
67.603
67.466
67.086
67.492
66.947
67.489
67.161
66.703
67.425
67.182
67.119
66.771
67.246
66.907
66.871
66.906
66.852
66.690
67.109
67.640
67.313
67.440
67.323
66.864
67.057
66.782
55.385
67.224
66.945
67.398
67.365
66.534
65.498
61.504
64.770
67.434
66.966
67.450
66.662
67.497
67.437
66.971
66.631
50.604
67.525
67.296
66.892
67.962
67.255
67.503
67.416
67.112
67.260
67.826
66.904
64.808
66.947
67.001
67.395
67.303
67.243
66.963
67.546
67.669
67.575
67.017
67.060
67.420
67.388
67.066
67.025
67.291
67.141
66.722
67.105
67.013
66.968
67.241
67.325
67.338
67.111
66.839
67.374
66.805
66.853
67.867
67.019
67.338
66.769
67.313
67.209
67.646
67.517
67.024
67.675
67.466
66.841
67.115
67.379
67.101
67.407
66.914
66.856
67.020
67.426
67.313
67.054
67.012
67.313
67.306
67.035
67.251
67.267
67.350
66.974
67.296
67.479
67.255
67.153
67.137
67.019
67.172
66.560
67.141
67.108
67.682
67.319
65.015
66.478
67.836
67.465
67.291
67.131
67.391
67.348
67.649
66.349
67.596
67.334
67.468
67.574
66.918
66.676
67.210
67.361
67.545
65.015
67.624
67.486
66.036
67.298
67.613
66.850
67.373
67.505
67.209
66.619
67.539
67.631
67.237
66.951
67.330
67.320
67.386
67.247
66.599
67.040
66.475
50.635
66.856
66.688
66.607
67.692
67.187
67.229
64.784
67.479
67.655
66.715
67.271
67.478
66.788
67.938
67.262
64.709
67.142
67.665
67.052
67.189
67.409
67.324
66.781
66.964
66.892
66.980
67.290
66.803
67.112
67.071
67.626
67.258
66.689
67.127
67.020
67.023
67.209
67.492
66.897
67.276
67.237
66.735
67.105
67.240
67.367
66.996
66.636
64.960
66.860
67.085
66.969
67.076
67.128
67.007
66.862
67.392
66.752
67.451
67.339
67.568
67.621
67.320
66.687
66.526
67.049
66.871
66.435
67.323
67.525
67.270
67.172
66.327
67.393
67.549
67.044
67.329
66.800
67.237
66.502
66.867
67.677
67.443
67.249
67.093
67.686
66.251
67.596
67.479
67.217
67.179
67.269
67.387
67.109
67.556
67.105
67.168
66.745
66.758
66.440
67.375
67.342
67.260
66.581
67.353
66.706
67.731
67.035
67.238
66.525
66.860
67.447
67.274
67.143
67.368
66.666
66.763
66.631
67.599
66.441
66.078
67.178
66.585
67.565
64.841
66.274
64.272
65.065
67.228
66.618
64.368
67.666
67.242
67.699
67.004
67.243
67.319
67.292
66.955
67.496
66.617
66.812
67.430
65.165
67.141
67.237
67.685
66.767
67.132
67.106
67.439
67.194
67.013
66.932
67.408
66.855
67.600
67.016
66.489
67.434
67.165
67.369
66.659
66.869
65.160
67.017
66.774
67.488
67.480
67.629
67.371
67.036
67.322
66.994
65.161
66.615
67.421
67.340
65.584
66.939
67.298
66.861
67.521
67.260
67.059
66.957
67.687
66.897
66.914
67.377
67.004
67.063
66.990
67.232
67.657
66.968
63.053
67.324
67.559
67.117
66.466
67.296
66.972
67.452
66.894
67.338
66.796
66.676
66.898
67.283
67.049
67.264
67.034
66.910
67.566
67.092
66.867
67.417
67.376
66.482
67.752
67.289
66.732
50.393
66.981
67.075
67.225
67.044
67.209
66.997
66.779
66.198
67.219
67.607
66.832
64.351
67.209
67.516
66.799
67.428
66.745
67.296
67.035
67.792
67.347
67.320
67.489
66.818
67.526
67.749
67.534
67.694
67.431
67.362
67.536
66.970
67.130
67.209
67.307
67.314
67.023
64.797
67.290
67.272
67.198
67.400
67.062
67.115
66.987
67.306
67.291
66.869
67.440
67.238
67.474
67.075
66.677
67.341
67.505
67.389
67.227
66.801
67.220
67.539
67.707
67.341
66.527
67.271
67.963
67.034
67.424
67.491
67.754
67.430
67.575
66.918
67.568
65.044
67.542
67.670
67.026
67.091
67.054
67.516
67.261
66.950
66.901
66.756
67.380
67.278
66.373
67.551
67.669
66.456
67.338
66.849
67.418
67.033
65.234
67.376
67.231
66.849
67.244
67.402
67.474
67.081
67.459
66.559
66.518
67.349
67.216
67.393
67.059
67.252
67.146
66.803
67.273
67.553
67.387
67.530
66.484
67.218
66.785
66.973
67.336
66.843
63.850
67.660
67.050
67.797
67.576
66.735
66.955
67.547
67.235
66.669
66.593
67.744
67.088
64.792
66.812
66.896
66.683
65.514
67.456
67.150
67.385
67.130
67.268
67.269
67.481
66.885
66.738
67.395
67.334
66.870
68.169
67.362
67.069
67.264
67.400
66.944
67.392
67.576
67.020
67.144
66.554
67.434
65.370
66.512
67.335
67.757
67.260
66.066
66.707
67.311
66.951
67.353
67.653
67.579
67.370
67.440
67.194
66.916
67.492
67.911
67.557
66.831
67.011
67.279
67.289
67.266
67.160
67.438
67.250
67.098
67.699
67.359
66.961
67.175
67.418
66.983
67.367
67.021
67.028
67.469
67.049
54.485
67.213
50.532
66.410
67.339
66.524
67.506
67.562
67.024
67.083
66.167
66.979
67.438
64.428
66.920
67.291
67.571
65.661
56.895
67.567
66.715
67.232
67.558
67.533
67.309
67.178
67.347
65.354
67.276
67.218
67.176
66.882
67.523
67.363
67.376
66.795
67.266
67.597
55.318
66.637
67.028
67.511
65.516
67.209
50.454
67.606
67.496
67.599
67.093
66.893
67.729
67.021
68.321
67.313
64.792
67.086
67.574
67.617
66.764
63.498
66.562
65.339
67.241
67.608
67.620
67.121
66.971
67.630
67.247
66.306
67.425
66.299
66.926
66.738
67.556
67.187
67.343
67.549
66.999
66.303
65.065
67.519
66.472
67.481
67.391
66.926
66.980
67.273
66.390
66.887
67.195
67.383
67.165
66.647
67.077
67.006
67.367
67.297
67.629
67.237
66.752
67.720
64.428
66.716
67.149
67.449
67.382
65.406
67.334
67.434
66.971
67.590
67.340
67.075
67.634
67.418
67.108
67.438
67.468
66.896
67.006
67.063
67.595
67.288
66.481
67.572
66.975
67.200
67.604
66.797
67.158
66.294
66.843
66.963
67.146
66.503
65.733
64.953
66.097
67.548
66.815
66.972
66.986
67.306
67.206
66.724
67.076
67.327
67.342
66.854
66.615
67.563
67.292
66.945
67.322
67.240
66.562
66.660
67.515
67.025
67.492
67.156
67.235
67.875
67.140
67.131
66.764
67.346
67.251
66.890
67.138
67.070
66.982
67.381
67.248
66.481
66.651
65.149
67.472
67.300
67.581
67.587
66.959
67.317
66.635
67.366
67.033
67.447
67.604
67.082
66.899
67.507
66.357
67.683
67.080
67.380
66.291
67.373
67.031
67.141
66.884
64.218
66.505
67.020
67.256
66.390
67.078
67.064
64.979
65.330
67.004
66.899
67.553
67.569
67.656
67.244
67.004
67.083
66.857
67.385
67.401
67.093
67.614
67.284
66.919
67.429
67.155
67.396
66.241
67.395
66.888
67.930
67.514
67.058
64.961
67.235
66.404
66.962
66.887
67.596
67.674
66.978
67.001
64.429
67.213
67.355
67.377
66.877
66.794
65.901
67.951
64.331
67.223
67.404
67.178
66.744
65.026
66.691
67.332
66.613
66.961
67.102
67.542
67.132
67.717
66.632
66.982
63.577
67.106
67.016
67.466
66.327
67.053
67.345
66.705
66.845
67.537
65.300
67.708
67.475
67.542
65.081
67.270
67.025
67.433
66.955
67.316
67.074
67.520
67.406
67.104
67.088
67.692
66.935
65.545
66.998
67.208
67.533
66.906
67.262
67.334
66.427
66.834
67.549
67.527
67.335
67.368
66.884
67.519
66.737
65.386
67.362
67.054
64.958
67.253
64.827
67.576
66.050
67.252
66.793
66.772
66.817
67.192
67.807
67.601
66.604
65.275
67.509
66.841
67.487
67.498
67.572
65.243
67.401
67.527
67.022
67.255
66.838
67.305
67.199
66.918
67.531
67.169
67.316
67.180
64.305
67.229
67.667
67.310
67.420
67.249
66.840
66.507
66.967
67.320
67.164
67.543
67.232
67.191
67.354
67.171
66.616
66.982
67.396
67.087
67.580
67.655
