3
3
3
4
4
4
4
4
4
4
5
5
5
5
5
5
5
6
6
6
6
6
6
6
6
6
7
7
7
7
7
7
7
7
7
7
7
8
8
8
8
8
8
8
8
8
8
8
8
8
8
8
8
8
8
8
8
8
8
8
8
8
8
9
9
9
9
9
9
9
9
9
9
9
9
9
9
9
10
10
10
10
10
10
10
10
10
10
10
10
10
10
10
11
11
11
11
11
11
3
11
3
11
4
11
4
11
4
11
4
11
4
11
4
11
4
11
6
11
6
12
6
12
6
12
6
12
6
12
6
12
8
12
8
12
8
12
8
12
8
12
8
12
8
12
8
12
8
12
9
12
9
12
9
13
9
13
9
13
9
13
9
13
9
13
9
13
9
13
10
13
10
13
10
13
10
13
10
13
10
13
10
13
10
13
10
14
10
14
10
14
10
14
10
14
10
14
10
14
10
14
10
14
10
14
10
14
10
14
10
14
10
14
10
14
10
14
10
14
10
15
11
15
11
15
11
15
11
15
11
15
11
15
11
15
11
15
11
15
11
15
11
15
11
15
11
15
11
15
12
15
12
16
12
16
12
16
12
16
12
16
12
16
12
16
12
16
12
16
12
16
12
16
12
16
12
16
12
16
13
16
13
16
13
16
13
17
13
17
13
17
13
17
13
17
13
17
13
17
13
17
13
17
13
17
13
17
13
17
13
17
13
17
14
17
14
17
14
17
14
18
14
18
14
18
14
18
14
18
14
18
14
18
14
18
14
18
14
18
14
18
14
18
14
18
15
18
15
18
15
18
15
18
15
18
15
18
15
18
15
18
15
18
15
18
15
18
15
18
15
18
15
18
15
18
15
18
16
18
16
18
16
18
16
18
16
19
16
19
16
19
16
19
16
19
16
19
16
19
16
19
16
19
16
19
16
19
16
19
16
19
17
19
17
19
17
19
17
20
17
20
17
20
17
20
17
20
17
20
20
17
20
17
20
17
20
17
20
17
20
17
20
17
20
17
20
17
20
17
20
17
20
17
20
17
20
17
20
17
20
17
20
17
20
17
20
17
20
17
20
17
20
17
20
17
20
17
20
18
20
18
20
18
20
18
21
18
21
18
21
18
21
18
21
18
21
18
21
18
21
18
21
18
21
18
21
18
21
18
21
18
21
19
21
19
21
19
23
19
23
19
23
19
23
19
23
19
23
19
23
19
23
19
23
19
23
19
23
19
23
19
23
19
23
20
23
20
23
20
23
20
23
20
23
20
23
20
23
20
23
20
23
20
23
20
23
20
23
20
23
20
23
20
23
20
23
20
23
21
23
21
23
21
23
21
23
21
23
21
23
21
23
21
23
21
23
21
23
21
23
21
23
21
23
21
23
21
23
21
23
22
23
22
23
22
23
22
24
22
24
22
24
22
24
22
24
22
24
22
24
22
24
22
24
22
24
22
24
22
24
22
24
22
24
24
24
24
24
24
25
24
25
24
25
24
25
24
25
24
25
24
25
24
25
24
25
24
25
24
25
24
25
24
25
24
25
24
25
25
25
25
25
25
26
25
26
25
26
25
26
25
26
25
26
25
26
25
26
25
26
25
26
25
26
25
26
25
26
25
26
26
26
26
26
26
27
26
27
26
27
26
27
26
27
26
27
26
27
26
27
26
27
26
27
26
27
26
27
26
27
26
27
26
27
27
27
27
27
27
28
27
28
27
28
27
28
27
28
27
28
27
28
27
28
27
28
27
28
27
28
27
28
27
28
27
28
28
28
28
28
28
29
28
29
28
29
28
29
28
29
28
29
28
29
28
29
28
29
28
29
28
29
28
29
28
29
28
29
28
29
29
29
29
29
29
30
29
30
29
30
29
30
29
30
29
30
29
30
29
30
29
30
29
30
29
30
29
30
29
30
29
30
30
30
30
30
30
31
30
31
30
31
30
31
30
31
30
31
30
31
30
31
30
31
30
31
30
31
30
31
30
31
30
31
30
31
30
31
30
31
30
32
30
32
30
32
30
32
30
32
30
32
30
32
30
32
30
32
30
32
30
32
30
32
30
32
30
32
31
32
31
32
31
33
31
33
31
33
31
33
31
33
31
33
31
33
31
33
31
33
31
33
31
33
31
33
31
33
31
33
31
33
32
33
32
33
32
34
32
34
32
34
32
34
32
34
32
34
32
34
32
34
32
34
32
34
32
34
32
34
32
34
32
34
33
34
33
34
33
35
33
35
33
35
33
35
33
35
33
35
33
35
33
35
33
35
33
35
33
35
33
35
33
35
33
35
33
35
33
35
33
35
33
35
33
35
33
35
33
35
33
35
33
35
33
35
33
35
33
35
33
35
33
35
33
35
33
35
33
35
33
35
34
35
34
36
34
36
34
36
34
36
34
36
34
36
34
36
34
36
34
36
34
36
34
36
34
36
34
36
34
36
34
36
35
36
35
36
35
37
35
37
35
37
35
37
35
37
35
37
35
37
35
37
35
37
35
37
35
37
35
37
35
37
35
37
35
37
37
37
37
38
37
38
37
38
37
38
37
38
37
38
37
38
37
38
37
38
37
38
37
38
37
38
37
38
37
38
37
38
37
38
38
38
38
39
38
39
38
39
38
39
38
39
38
39
38
39
38
39
38
39
38
39
38
39
38
39
38
39
38
39
38
39
39
39
39
41
39
41
39
41
39
41
39
41
39
41
39
41
39
41
39
41
39
41
39
41
39
41
39
41
39
41
39
41
39
41
39
41
39
41
39
41
39
41
39
41
39
41
39
41
39
41
39
41
39
41
39
41
39
41
39
41
39
41
39
41
39
41
40
41
40
41
40
42
40
42
40
42
40
42
40
42
40
42
40
42
40
42
40
42
40
42
40
42
40
42
40
42
40
42
40
42
41
42
41
43
41
43
41
43
41
43
41
43
41
43
41
43
41
43
41
43
41
43
41
43
41
43
41
43
41
43
41
43
42
43
42
43
42
44
42
44
42
44
42
44
42
44
42
44
42
44
42
44
42
44
42
44
42
44
42
44
42
44
42
44
42
44
43
44
43
44
43
45
43
45
43
45
43
45
43
45
43
45
43
45
43
45
43
45
43
45
43
45
43
45
43
45
43
45
44
45
44
45
44
46
44
46
44
46
44
46
44
46
44
46
44
46
44
46
44
46
44
46
44
46
44
46
44
46
44
46
44
46
45
46
45
46
45
47
45
47
45
47
45
47
45
47
45
47
45
47
45
47
45
47
45
47
45
47
45
47
45
47
45
47
45
47
46
47
46
48
46
48
46
48
46
48
46
48
46
48
46
48
46
48
46
48
46
48
46
48
46
48
46
48
46
48
46
48
46
48
47
48
47
49
47
49
47
49
47
49
47
49
47
49
47
49
47
49
47
49
47
49
47
49
47
49
47
49
47
49
47
49
48
49
48
50
48
50
48
50
48
50
48
50
48
50
48
50
48
50
48
50
48
50
48
50
48
50
48
50
48
50
48
50
48
50
49
50
49
51
49
51
49
51
49
51
49
51
49
51
49
51
49
51
49
51
49
51
49
51
49
51
49
51
49
51
49
51
50
51
50
52
50
52
50
52
50
52
50
52
50
52
50
52
50
52
50
52
50
52
50
52
50
52
50
52
50
52
50
52
50
52
51
52
51
53
51
53
51
53
51
53
51
53
51
53
51
53
51
53
51
53
51
53
51
53
51
53
51
53
51
53
51
53
52
53
52
54
52
54
52
54
52
54
52
54
52
54
52
54
52
54
52
54
52
54
52
54
52
54
52
54
52
54
52
54
52
54
53
54
53
54
53
54
53
54
53
54
53
54
53
54
53
54
53
54
53
54
53
54
53
54
53
54
53
54
53
54
53
54
53
54
54
55
54
55
54
55
54
55
54
55
54
55
54
55
54
55
54
55
54
55
54
55
54
55
54
55
54
55
54
55
54
55
55
55
55
56
55
56
55
56
55
56
55
56
55
56
55
56
55
56
55
56
55
56
55
56
55
56
55
56
55
56
55
56
55
56
56
57
56
57
56
57
56
57
56
57
56
57
56
57
56
57
56
57
56
57
56
57
56
57
56
57
56
57
56
57
56
57
58
57
58
58
58
58
58
58
58
58
58
58
58
58
58
58
58
58
58
58
58
58
58
58
58
58
58
58
58
58
58
58
58
58
59
59
59
59
59
59
59
59
59
59
59
59
59
59
59
59
59
59
59
59
59
59
59
59
59
59
59
59
59
59
59
59
59
59
60
60
60
60
60
60
60
60
60
60
60
60
60
60
60
60
60
60
60
60
60
60
60
60
60
60
60
60
60
60
60
60
60
60
61
61
61
61
61
61
61
61
61
61
61
61
61
61
61
61
61
61
61
61
61
61
61
61
61
61
61
61
61
61
61
61
62
62
62
62
62
62
62
62
62
62
62
62
62
62
62
62
62
62
62
62
62
62
62
62
62
62
62
62
62
62
62
62
62
62
64
62
64
62
64
62
64
62
64
62
64
62
64
62
64
62
64
62
64
62
64
62
64
62
64
62
64
62
64
62
64
62
65
63
65
63
65
63
65
63
65
63
65
63
65
63
65
63
65
63
65
63
65
63
65
63
65
63
65
63
65
63
65
63
65
63
66
63
66
63
66
63
66
63
66
63
66
63
66
63
66
63
66
63
66
63
66
63
66
63
66
63
66
63
66
63
66
63
66
63
66
64
66
64
66
64
66
64
66
64
66
64
66
64
66
64
66
64
66
64
66
64
66
64
66
64
66
64
66
64
66
64
67
64
67
64
67
64
67
64
67
64
67
64
67
64
67
64
67
64
67
64
67
64
67
64
67
64
67
64
67
64
67
64
68
64
68
65
68
65
68
65
68
65
68
65
68
65
68
65
68
65
68
65
68
65
68
65
68
65
68
65
68
65
68
65
68
65
68
66
68
66
68
66
68
66
68
66
68
66
68
66
68
66
68
66
68
66
68
66
68
66
68
66
68
66
68
66
68
66
68
66
68
67
68
67
68
67
68
67
68
67
68
67
68
67
68
67
68
67
68
67
68
67
68
67
68
67
68
67
68
67
68
67
69
69
69
69
69
69
69
69
69
69
69
69
69
69
69
69
69
69
69
69
69
69
69
69
69
69
69
69
69
69
69
69
70
69
70
70
70
70
70
70
70
70
70
70
70
70
70
70
70
70
70
70
70
70
70
70
70
70
70
70
70
70
70
70
70
70
70
70
70
70
70
70
70
70
70
70
70
70
70
70
70
70
70
70
70
70
70
70
70
70
70
70
70
70
70
70
70
70
71
70
71
71
71
71
71
71
71
71
71
71
71
71
71
71
71
71
71
71
71
71
71
71
71
71
71
71
71
71
71
71
71
71
72
73
72
73
72
73
72
73
72
73
72
73
72
73
72
73
72
73
72
73
72
73
72
73
72
73
72
73
72
73
72
73
73
73
73
73
73
73
73
73
73
73
73
73
73
73
73
73
73
73
73
73
73
73
73
73
73
73
73
73
73
73
73
73
73
73
74
73
74
73
74
73
74
73
74
73
74
73
74
73
74
73
74
73
74
73
74
73
74
73
74
73
74
73
74
73
74
73
75
73
75
74
75
74
75
74
75
74
75
74
75
74
75
74
75
74
75
74
75
74
75
74
75
74
75
74
75
74
75
74
75
74
75
75
75
75
75
75
75
75
75
75
75
75
75
75
75
75
75
75
75
75
75
75
75
75
75
75
75
75
75
75
75
75
75
75
76
75
76
75
76
75
76
75
76
75
76
75
76
75
76
75
76
75
76
75
76
75
76
75
76
75
76
75
76
75
76
75
76
75
77
75
77
75
77
75
77
75
77
75
77
75
77
75
77
75
77
75
77
75
77
75
77
75
77
75
77
75
77
75
77
75
78
76
78
76
78
76
78
76
78
76
78
76
78
76
78
76
78
76
78
76
78
76
78
76
78
76
78
76
78
76
78
76
78
76
78
77
78
77
78
77
78
77
78
77
78
77
78
77
78
77
78
77
78
77
78
77
78
77
78
77
78
77
78
77
78
77
79
78
79
78
79
78
79
78
79
78
79
78
79
78
79
78
79
78
79
78
79
78
79
78
79
78
79
78
79
78
79
78
79
78
80
79
80
79
80
79
80
79
80
79
80
79
80
79
80
79
80
79
80
79
80
79
80
79
80
79
80
79
80
79
80
79
80
80
81
80
81
80
81
80
81
80
81
80
81
80
81
80
81
80
81
80
81
80
81
80
81
80
81
80
81
80
81
80
81
80
81
81
82
81
82
81
82
81
82
81
82
81
82
81
82
81
82
81
82
81
82
81
82
81
82
81
82
81
82
81
82
81
82
82
83
82
83
82
83
82
83
82
83
82
83
82
83
82
83
82
83
82
83
82
83
82
83
82
83
82
83
82
83
82
83
82
83
83
83
83
83
83
83
83
83
83
83
83
83
83
83
83
83
83
83
83
83
83
83
83
83
83
83
83
83
83
83
83
83
84
84
84
84
84
84
84
84
84
84
84
84
84
84
84
84
84
84
84
84
84
84
84
84
84
84
84
84
84
84
84
84
84
84
85
85
85
85
85
85
85
85
85
85
85
85
85
85
85
85
85
85
85
85
85
85
85
85
85
85
85
85
85
85
85
85
86
86
86
86
86
86
86
86
86
86
86
86
86
86
86
86
86
86
86
86
86
86
86
86
86
86
86
86
86
86
86
86
86
86
87
87
87
87
87
87
87
87
87
87
87
87
87
87
87
87
87
87
87
87
87
87
87
87
87
87
87
87
87
87
87
87
88
88
88
88
88
88
88
88
88
88
88
88
88
88
88
88
88
88
88
88
88
88
88
88
88
88
88
88
88
88
88
88
88
88
89
89
89
89
89
89
89
89
89
89
89
89
89
89
89
89
89
89
89
89
89
89
89
89
89
89
89
89
89
89
89
89
89
90
90
90
90
90
90
90
90
90
90
90
90
90
90
90
90
90
90
90
90
90
90
90
90
90
90
90
90
90
90
90
90
90
91
91
91
91
91
91
91
91
91
91
91
91
91
91
91
91
91
91
91
91
91
91
91
91
91
91
91
91
91
91
91
91
91
92
92
92
92
92
92
92
92
92
92
92
92
92
92
92
92
92
92
92
92
92
92
92
92
92
92
92
92
92
92
92
92
92
93
93
93
93
93
93
93
93
93
93
93
93
93
93
93
93
93
93
93
93
93
93
93
93
93
93
93
93
93
93
93
93
93
94
94
94
94
94
94
94
94
94
94
94
94
94
94
94
94
94
94
94
94
94
94
94
94
94
94
94
94
94
94
94
94
94
95
95
95
95
95
95
95
95
95
95
95
95
95
95
95
95
95
95
95
95
95
95
95
95
95
95
95
95
95
95
95
95
95
97
96
97
96
97
96
97
96
97
96
97
96
97
96
97
96
97
96
97
96
97
96
97
96
97
96
97
96
97
96
97
96
97
97
98
97
98
97
98
97
98
97
98
97
98
97
98
97
98
97
98
97
98
97
98
97
98
97
98
97
98
97
98
97
98
97
98
98
98
98
98
98
98
98
98
98
98
98
98
98
98
98
98
98
98
98
98
98
98
98
98
98
98
98
98
98
98
98
98
99
99
99
99
99
99
99
99
99
99
99
99
99
99
99
99
99
99
99
99
99
99
99
99
99
99
99
99
99
99
99
99
99
100
100
100
100
100
100
100
100
100
100
100
100
100
100
100
100
100
100
100
100
100
100
100
100
100
100
100
100
100
100
100
100
100
101
101
101
101
101
101
101
101
101
101
101
101
101
101
101
101
101
101
101
101
101
101
101
101
101
101
101
101
101
101
101
101
101
102
102
102
102
102
102
102
102
102
102
102
102
102
102
102
102
102
102
102
102
102
102
102
102
102
102
102
102
102
102
102
102
102
102
103
103
103
103
103
103
103
103
103
103
103
103
103
103
103
103
103
103
103
103
103
103
103
103
103
103
103
103
103
103
103
103
104
104
104
104
104
104
104
104
104
104
104
104
104
104
104
104
104
104
104
104
104
104
104
104
104
104
104
104
104
104
104
104
104
104
105
104
105
104
105
104
105
104
105
104
105
104
105
104
105
104
105
104
105
104
105
104
105
104
105
104
105
104
105
104
105
104
105
105
106
105
106
105
106
105
106
105
106
105
106
105
106
105
106
105
106
105
106
105
106
105
106
105
106
105
106
105
106
105
106
105
106
106
106
106
106
106
106
106
106
106
106
106
106
106
106
106
106
106
106
106
106
106
106
106
106
106
106
106
106
106
106
106
106
107
107
107
107
107
107
107
107
107
107
107
107
107
107
107
107
107
107
107
107
107
107
107
107
107
107
107
107
107
107
107
107
107
108
108
108
108
108
108
108
108
108
108
108
108
108
108
108
108
108
108
108
108
108
108
108
108
108
108
108
108
108
108
108
108
108
109
109
109
109
109
109
109
109
109
109
109
109
109
109
109
109
109
109
109
109
109
109
109
109
109
109
109
109
109
109
109
109
109
110
109
110
109
110
109
110
109
110
109
110
109
110
109
110
109
110
109
110
109
110
109
110
109
110
109
110
109
110
109
110
109
110
110
111
110
111
110
111
110
111
110
111
110
111
110
111
110
111
110
111
110
111
110
111
110
111
110
111
110
111
110
111
110
111
110
111
111
112
111
112
111
112
111
112
111
112
111
112
111
112
111
112
111
112
111
112
111
112
111
112
111
112
111
112
111
112
111
112
112
113
112
113
112
113
112
113
112
113
112
113
112
113
112
113
112
113
112
113
112
113
112
113
112
113
112
113
112
113
112
113
112
113
113
114
113
114
113
114
113
114
113
114
113
114
113
114
113
114
113
114
113
114
113
114
113
114
113
114
113
114
113
114
113
114
114
115
114
115
114
115
114
115
114
115
114
115
114
115
114
115
114
115
114
115
114
115
114
115
114
115
114
115
114
115
114
115
114
115
115
116
115
116
115
116
115
116
115
116
115
116
115
116
115
116
115
116
115
116
115
116
115
116
115
116
115
116
115
116
115
116
116
117
116
117
116
117
116
117
116
117
116
117
116
117
116
117
116
117
116
117
116
117
116
117
116
117
116
117
116
117
116
117
116
117
117
118
117
118
117
118
117
118
117
118
117
118
117
118
117
118
117
118
117
118
117
118
117
118
117
118
117
118
117
118
117
118
118
119
118
119
118
119
118
119
118
119
118
119
118
119
118
119
118
119
118
119
118
119
118
119
118
119
118
119
118
119
118
119
118
119
119
119
119
119
119
119
119
119
119
119
119
119
119
119
119
119
119
119
119
119
119
119
119
119
119
119
119
119
119
119
119
119
120
119
120
119
120
119
120
119
120
119
120
119
120
119
120
119
120
119
120
119
120
119
120
119
120
120
119
120
119
120
119
120
119
121
119
121
120
121
120
121
120
121
120
121
120
121
120
121
120
121
120
121
120
121
120
121
120
121
120
121
120
121
120
121
120
122
120
122
121
122
121
122
121
122
121
122
121
122
121
122
121
122
121
122
121
122
121
122
121
122
121
122
121
122
121
122
121
122
121
123
121
123
122
123
122
123
122
123
122
123
122
123
122
123
122
123
122
123
122
123
122
123
122
123
122
123
122
123
122
123
122
124
122
124
124
124
124
124
124
124
124
124
124
124
124
124
124
124
124
124
124
124
124
124
124
124
124
124
124
124
124
124
124
124
124
125
124
125
125
125
125
125
125
125
125
125
125
125
125
125
125
125
125
125
125
125
125
125
125
125
125
125
125
125
125
125
125
126
125
126
126
126
126
126
126
126
126
126
126
126
126
126
126
126
126
126
126
126
126
126
126
126
126
126
126
126
126
126
126
126
126
127
126
127
128
127
128
127
128
127
128
127
128
127
128
127
128
127
128
127
128
127
128
127
128
127
128
127
128
127
128
127
128
128
128
128
129
128
129
128
129
128
129
128
129
128
129
128
129
128
129
128
129
128
129
128
129
128
129
128
129
128
129
128
129
128
129
129
129
129
130
129
130
129
130
129
130
129
130
129
130
129
130
129
130
129
130
129
130
129
130
129
130
129
130
129
130
129
130
130
130
130
130
130
131
130
131
130
131
130
131
130
131
130
131
130
131
130
131
130
131
130
131
130
131
130
131
130
131
130
131
130
131
131
131
131
132
131
132
131
132
131
132
131
132
131
132
131
132
131
132
131
132
131
132
131
132
131
132
131
132
131
132
131
132
132
132
132
132
132
132
132
132
132
132
132
132
132
132
132
132
132
132
132
132
132
132
132
132
132
132
132
132
132
132
132
132
132
132
133
132
133
133
133
133
133
133
133
133
133
133
133
133
133
133
133
133
133
133
133
133
133
133
133
133
133
133
133
133
133
133
134
133
134
133
134
134
134
134
134
134
134
134
134
134
134
134
134
134
134
134
134
134
134
134
134
134
134
134
134
134
134
134
134
134
135
134
135
136
135
136
135
136
135
136
135
136
135
136
135
136
135
136
135
136
135
136
135
136
135
136
135
136
135
136
135
136
136
136
136
136
136
137
136
137
136
137
136
137
136
137
136
137
136
137
136
137
136
137
136
137
136
137
136
137
136
137
136
137
136
137
136
137
136
137
136
139
136
139
136
139
136
139
136
139
136
139
136
139
136
139
136
139
136
139
136
139
136
139
136
139
136
139
137
139
137
139
137
140
137
140
137
140
137
140
137
140
137
140
137
140
137
140
137
140
137
140
137
140
137
140
137
140
137
140
137
140
138
140
138
140
138
141
138
141
138
141
138
141
138
141
138
141
138
141
138
141
138
141
138
141
138
141
138
141
138
141
138
141
139
141
139
141
139
142
139
142
139
142
139
142
139
142
139
142
139
142
139
142
139
142
139
142
139
142
139
142
139
142
139
142
139
142
141
142
141
142
141
143
141
143
141
143
141
143
141
143
141
143
141
143
141
143
141
143
141
143
141
143
141
143
141
143
141
143
142
143
142
143
142
143
142
144
142
144
142
144
142
144
142
144
142
144
142
144
142
144
142
144
142
144
142
144
142
144
142
144
142
144
143
144
143
144
143
144
143
145
143
145
143
145
143
145
143
145
143
145
143
145
143
145
143
145
143
145
143
145
143
145
143
145
143
145
143
145
143
145
143
146
143
146
143
146
143
146
143
146
143
146
143
146
143
146
143
146
143
146
143
146
143
146
143
146
143
146
144
146
144
146
144
146
144
146
144
146
144
146
144
146
144
146
144
146
144
146
144
146
144
146
144
146
144
146
144
146
144
146
144
146
144
146
144
146
144
146
144
146
144
146
144
146
144
146
144
146
144
146
144
146
