1.934489
0.032057
0.025971
0.028729
0.034996
0.036298
0.052104
0.037973
0.033632
0.024469
0.030432
0.034614
0.039257
0.034148
0.030411
0.036408
0.035970
0.042649
0.033479
0.027037
0.033756
0.033384
0.033278
0.034420
0.034263
0.033309
0.030421
0.033044
0.028962
0.029987
0.021732
0.034023
0.035759
0.035501
0.035392
0.034620
0.034941
0.036395
0.035434
0.034577
0.020186
0.028777
0.030871
0.033522
0.033174
0.034169
0.031723
0.035569
0.032792
0.036249
0.035224
0.035715
0.040697
0.035435
0.034389
0.034482
0.034215
0.032747
0.043203
0.035476
0.033953
0.031927
0.031653
0.036356
0.025747
0.022660
0.025598
0.029120
0.029232
0.034313
0.035194
0.032596
0.020766
0.032109
0.033749
0.033365
0.033740
0.034873
0.042708
0.034616
0.033098
0.033960
0.030938
0.032811
0.033845
0.033282
0.032942
0.033836
0.034126
0.033742
0.035405
0.042756
0.034940
0.029293
0.030094
0.032048
0.032351
0.031801
0.034533
1.972530
0.034078
0.033617
0.031083
0.031478
0.022429
0.029102
0.028003
0.037640
0.032814
0.036050
0.031308
0.036428
0.033464
0.037034
0.023992
0.033609
0.029493
0.031999
0.032299
0.043568
0.031845
0.032752
0.031143
0.035621
0.030602
0.025742
0.026587
0.037540
0.028287
0.036290
0.032195
0.032836
0.040240
0.035493
0.030105
0.023866
0.032441
0.035270
0.032065
0.035230
0.033820
0.034953
0.069331
0.036314
0.041490
0.021816
0.027609
0.035956
0.031854
0.021798
0.020437
0.028672
0.026681
0.036300
0.034143
0.035144
0.021062
0.035702
0.031504
0.034638
0.034250
0.034824
0.032169
0.033870
0.032794
0.034681
0.033007
0.036896
0.031605
0.035526
0.033512
0.034535
0.032375
0.034008
0.032402
0.034741
0.033243
0.020656
0.026262
0.043276
0.033884
0.033836
0.034370
0.034261
0.034358
0.034233
0.034908
0.033435
0.034290
0.041816
0.033908
0.032704
0.042521
0.035859
0.032350
0.033298
0.032660
0.034391
0.037076
0.034788
0.032865
0.033205
0.032453
0.033018
0.032440
0.035538
0.032902
0.034090
0.019982
0.026170
0.031089
0.034338
0.031821
0.032815
0.033156
0.033725
0.033263
0.034075
0.044651
0.035149
0.030970
0.037827
0.032959
0.035487
0.034101
0.035061
0.031417
0.033284
0.031532
0.021590
0.030804
0.034978
0.033159
0.033622
0.033266
0.032279
0.032524
0.034840
0.032810
0.031072
0.032136
0.038691
0.032259
0.033712
0.032010
0.033320
0.032083
0.034526
0.032470
0.034575
0.020050
0.028506
0.023630
0.035361
0.030520
0.020941
0.027251
0.034244
0.033434
0.034065
0.032389
0.020217
0.027330
0.031778
0.032354
0.032126
0.032504
0.041815
0.031883
0.033784
0.031982
0.033185
0.032190
0.031424
0.032487
0.035280
0.029662
0.034596
0.032448
0.035355
0.033677
0.032538
0.022013
0.029792
0.031921
0.034532
0.033568
0.030860
0.031564
0.033425
0.032044
0.033570
0.033381
0.030565
0.023788
0.019592
0.018015
0.023300
0.031141
0.023905
0.028971
0.030528
0.032879
0.034196
0.020693
0.030298
0.030624
0.032515
0.031237
0.032305
0.031914
0.035263
0.033024
0.033588
0.032403
0.020249
0.028005
0.043166
0.035174
0.034059
0.032120
0.033689
0.032393
0.032359
0.033239
0.033000
0.021600
0.024707
0.031894
0.041636
0.033660
0.032566
0.033739
0.031655
0.032465
0.032273
0.033545
0.035615
0.030547
0.032176
0.032736
0.033797
0.041064
0.035505
0.032784
0.031644
0.033604
0.020506
0.023956
0.036594
0.030383
0.032955
0.032407
0.033016
0.031165
0.031671
0.040973
0.033174
0.029709
0.029207
0.032683
0.023785
0.020377
0.028637
0.027405
0.028169
0.027643
0.033036
0.032610
0.029912
0.030898
0.032867
0.031378
0.032915
0.033273
0.031926
0.031026
0.035546
0.031681
0.029346
0.036316
0.032060
0.033468
0.033516
0.032287
0.032979
0.034543
0.033185
0.031733
0.032454
0.031202
0.031274
0.042298
0.034471
0.032906
0.033922
0.032141
0.033230
0.035543
0.034669
0.020962
0.030306
0.032875
0.032766
0.039980
0.033855
0.032164
0.032260
0.031349
0.034513
0.025288
0.029987
0.029140
0.034142
0.032194
0.032108
0.030870
0.034886
0.034814
0.033220
0.032118
0.021683
0.030522
0.026754
0.031099
0.032549
0.031803
0.034227
0.032312
0.033268
0.032481
0.033098
0.034106
0.026664
0.033832
0.033151
0.033466
0.032654
0.034146
0.032674
0.032538
0.032492
0.018815
0.026165
0.033825
0.033324
0.040767
0.033646
0.032070
0.032757
0.032474
0.033143
0.034007
0.041452
0.033364
0.033204
0.033271
0.032622
0.031911
0.032342
0.032331
0.031873
0.031910
0.023787
0.037450
0.034541
0.022496
0.020357
0.023631
0.032672
0.056551
0.031607
0.032493
0.030869
0.033025
0.030925
0.034774
0.041985
0.036089
0.033738
0.032010
0.032801
0.033631
0.075124
0.031592
0.029448
0.031930
0.032515
0.032648
0.031877
0.042432
0.034015
0.032460
0.032566
0.033593
0.032676
0.034118
0.032564
0.038330
0.032504
0.033548
0.032866
0.031901
0.033109
0.024601
0.033704
0.033893
0.034022
0.029004
0.032369
0.032985
0.029889
0.032212
0.032447
0.023573
0.030425
0.033883
0.035049
0.031996
0.031975
0.032522
0.030864
0.032213
0.031553
0.031763
0.019597
0.039581
0.032500
0.031549
0.031216
0.033126
0.031412
0.031493
0.033922
0.032885
0.032297
0.033038
0.033073
0.033859
0.033989
0.033747
0.031634
0.033541
0.031287
0.034063
0.031022
0.023495
0.029210
0.030166
0.032520
0.030798
0.041570
0.031999
0.031482
0.031182
0.031754
0.029243
0.030961
0.030749
0.031739
0.032532
0.031128
0.031957
0.040946
0.033398
0.033180
0.031528
0.022352
0.028007
0.031430
0.030053
0.020578
0.019353
0.022304
0.022691
0.030833
0.031433
0.038843
0.021038
0.026109
0.031498
0.024082
0.024596
0.033302
0.031839
0.029175
0.032101
0.031832
0.032398
0.020463
0.021797
0.069864
0.031401
0.032466
0.033483
0.032402
0.032376
0.032422
0.036569
0.033207
0.021830
0.031454
0.032564
0.033022
0.031628
0.032338
0.032070
0.033182
0.032192
0.034893
0.034760
0.032669
0.040117
0.031004
0.019457
0.022056
0.022782
0.029660
0.025004
0.032813
0.032065
0.025832
0.032582
0.029499
0.040259
0.033650
0.033766
0.033760
0.032238
0.032390
0.032806
0.033104
0.027962
0.031153
0.033491
0.032982
0.031232
0.043542
0.032689
0.032616
0.032445
0.032125
0.023883
0.029755
0.033617
0.032642
0.032403
0.033002
0.031722
0.042779
0.033061
0.032563
0.031980
0.024938
0.028884
0.029196
0.027832
0.032601
0.032768
0.030891
0.032257
0.032428
0.040702
0.028387
0.030666
0.027985
0.024543
0.034860
0.032282
0.033580
0.033672
0.032446
0.031135
0.032486
0.039258
0.032903
0.034727
0.022498
0.019632
0.019497
0.026978
0.024647
0.031860
0.032873
0.032406
0.033123
0.030321
0.033234
0.032404
0.033219
0.031636
0.032646
0.032080
0.032142
0.032137
0.020445
0.027053
0.041360
0.037175
0.035984
0.032983
0.032446
0.064920
0.032269
0.031596
0.028496
0.030565
0.031656
0.030919
0.032987
0.044506
0.033041
0.033285
0.032378
0.032195
0.031516
0.033671
0.032126
0.032447
0.034436
0.033031
0.032390
0.032436
0.042992
0.033657
0.032644
0.030472
0.027428
0.032088
0.032715
0.032522
0.033744
0.032684
0.033034
0.032496
0.033018
0.034757
0.028565
0.033154
0.031386
0.032216
0.033009
0.034206
0.032181
0.032197
0.032472
0.033938
0.039403
0.030366
0.032090
0.032022
0.033789
0.032087
0.032942
0.033794
0.032400
0.031115
0.019958
0.030615
0.035387
0.032435
0.032403
0.034192
0.031579
0.034017
0.033180
0.034972
0.032994
0.033765
0.035169
0.032791
0.031847
0.032017
0.031372
0.033377
0.030636
0.034897
0.033393
0.020212
0.028875
0.031575
0.041615
0.018858
0.018382
0.030013
0.034201
0.032397
0.032254
0.032604
0.024740
0.033670
0.031507
0.031921
0.032718
0.041565
0.034518
0.033854
0.033443
0.036190
0.032841
0.020973
0.032544
0.033301
0.033258
0.032424
0.032534
0.039966
0.034270
0.033603
0.032548
0.025606
0.031545
0.029446
0.030658
0.032202
0.034175
0.032762
0.028590
0.032202
0.033103
0.033018
0.020354
0.028370
0.031767
0.032613
0.032469
0.032635
0.034228
0.031814
0.031609
0.032250
0.032070
0.040693
0.029483
0.033652
0.032689
0.032766
0.033397
0.032325
0.032299
0.033240
0.032603
0.028120
0.033161
0.032070
0.033472
0.033212
0.034933
0.032716
0.031709
0.032544
0.032036
0.033772
0.024134
0.037645
0.034186
0.033392
0.032766
0.031002
0.033548
0.033065
0.032649
0.032859
0.020141
0.026451
0.031646
0.040575
0.032615
0.033972
0.031278
0.032320
0.030740
0.031958
0.031327
0.031140
0.038604
0.035005
0.032732
0.032094
0.033079
0.031838
0.032624
0.032264
0.031894
0.021285
0.028507
0.030684
0.032426
0.018793
0.018006
0.028012
0.036034
0.032937
0.033408
0.029472
0.020415
0.030706
0.028473
0.037201
0.032566
0.033190
0.032685
0.032549
0.042486
0.035419
0.033938
0.022572
0.028595
0.034195
0.032566
0.031676
0.032318
0.032213
0.033892
0.031948
0.040147
0.031015
0.033627
0.034300
0.032530
0.033790
0.033043
0.032628
0.148460
0.034161
0.032122
0.034696
0.026268
0.030204
0.032383
0.032139
0.021110
0.024483
0.023232
0.032779
0.032493
0.032275
0.033310
0.030353
0.033294
0.033712
0.032128
0.032163
0.032656
0.031693
0.033482
0.032287
0.031858
0.033062
0.038623
0.033718
0.032315
0.031699
0.032327
0.032210
0.034168
0.031488
0.032191
0.022516
0.026808
0.032691
0.041694
0.032441
0.033235
0.032698
0.031280
0.032860
0.032676
0.033101
0.033257
0.024197
0.033551
0.034280
0.042341
0.036539
0.031838
0.031162
0.033105
0.031950
0.028067
0.028688
0.032237
0.033770
0.032314
0.032571
0.032462
0.043451
0.034906
0.033336
0.025449
0.030656
0.028811
0.033801
0.026386
0.018175
0.027434
0.034719
0.032586
0.037251
0.034401
0.023077
0.029295
0.032940
0.029354
0.030868
0.032117
0.031830
0.032055
0.033483
0.032465
0.041016
0.027316
0.028874
0.029981
0.030225
0.032851
0.032194
0.030759
0.032826
0.033680
0.031503
0.026867
0.030752
0.031730
0.032226
0.031412
0.032181
0.032789
0.031269
0.032108
0.032744
0.031427
0.036761
0.031020
0.032063
0.031686
0.032287
0.032712
0.032008
0.032164
0.034263
0.032960
0.020643
0.035511
0.031450
0.033998
0.032280
0.032487
0.039493
0.032666
0.031663
0.034166
0.030506
0.022678
0.030699
0.044316
0.033915
0.031956
0.032247
0.032396
0.032202
0.031766
0.031838
0.029286
0.029733
0.028310
0.024012
0.034202
0.031997
0.031404
0.032321
0.032965
0.031326
0.033668
0.021137
0.023571
0.031370
0.031787
0.040172
0.032586
0.028968
0.031082
0.032001
0.033163
0.032354
0.033296
0.023480
0.031701
0.031518
0.034425
0.033471
0.042420
0.032673
0.032896
0.031814
0.028644
0.034876
0.034402
0.037359
0.023794
0.019006
0.023096
0.032217
0.041414
0.032811
0.033090
0.032867
0.020720
0.030546
0.032448
0.031933
0.033563
0.031967
0.031874
0.040187
0.034533
0.032355
0.032044
0.032349
0.029058
0.033690
0.032784
0.032059
0.032341
0.032266
0.032760
0.032894
0.032056
0.021750
0.029147
0.029622
0.032573
0.032213
0.039332
0.032641
0.032851
0.032375
0.032559
0.031689
0.025476
0.030716
0.032221
0.032104
0.032764
0.032081
0.033275
0.031195
0.033566
0.032606
0.024404
0.028466
0.024802
0.032340
0.032285
0.032466
0.031977
0.031993
0.032235
0.031775
0.032262
0.020581
0.027995
0.027601
0.032682
0.031943
0.031902
0.031848
0.032594
0.031803
0.032063
0.033569
0.032980
0.029313
0.028582
0.034069
0.033448
0.032960
0.033926
0.031967
0.033003
0.030743
0.023513
0.030296
0.040299
0.032682
0.031983
0.031027
0.032064
0.032466
0.032027
0.031839
0.031839
0.019924
0.026336
0.039385
0.033913
0.032798
0.033277
0.035810
0.032394
0.032144
0.032355
0.032226
0.028399
0.031484
0.031950
0.027625
0.020701
0.020147
0.029369
0.032370
0.034705
0.032496
0.032004
0.019858
0.027488
0.031760
0.032169
0.039977
0.034161
0.032781
0.032900
0.032369
0.032726
0.031681
0.033640
0.028286
0.033306
0.031687
0.032738
0.040918
0.032975
0.032061
0.031772
0.032352
0.019401
0.027354
0.030913
0.032604
0.032868
0.032479
0.032502
0.032437
0.043863
0.033301
0.033224
0.033305
0.027658
0.031080
0.030479
0.031542
0.029123
0.033270
0.022306
0.022394
0.042241
0.030174
0.033052
0.031617
0.031882
0.031413
0.032345
0.033160
0.031631
0.032404
0.033092
0.041062
0.029199
0.031814
0.029173
0.032113
0.032706
0.034155
0.032853
0.033107
0.033520
0.032775
0.033793
0.021822
0.023924
0.032273
0.032004
0.033003
0.028412
0.031202
0.032628
0.032632
0.030694
0.032182
0.027908
0.031765
0.032211
0.032271
0.032189
0.031597
0.027992
0.030354
0.032377
0.036175
0.028601
0.034948
0.032079
0.034372
0.032142
0.040275
0.033124
0.031432
0.033748
0.030115
0.032690
0.019952
0.030603
0.033891
0.033158
0.018976
0.024871
0.031524
0.032404
0.033087
0.032011
0.032606
0.020041
0.027961
0.032508
0.032743
0.032906
0.032668
0.031550
0.031985
0.033407
0.031607
0.032702
0.029888
0.036480
0.031950
0.031291
0.031497
0.032287
0.031659
0.033586
0.033751
0.033128
0.031401
0.034259
0.034050
0.033113
0.032449
0.031074
0.032777
0.032608
0.032320
0.032583
0.032244
0.019564
0.024918
0.032599
0.040951
0.033778
0.032878
0.031706
0.032099
0.032291
0.033313
0.033253
0.032130
0.029579
0.032101
0.040477
0.034040
0.032310
0.031974
0.033803
0.033777
0.033002
0.020946
0.030120
0.030470
0.034890
0.032985
0.042067
0.034813
0.032585
0.032549
0.031745
0.032731
0.033128
0.030700
0.032862
0.032366
0.032803
0.040874
0.042424
0.033121
0.032798
0.032081
0.023328
0.029670
0.033751
0.035108
0.032149
0.032912
0.028456
0.042439
0.035933
0.032519
0.034020
0.033750
0.029850
0.032564
0.032293
0.032604
0.033727
0.031748
0.031953
0.042001
0.033056
0.029253
0.032831
0.031041
0.032936
0.027930
0.018668
0.021258
0.027874
0.026926
0.027665
0.039419
0.031993
0.033963
0.029832
0.032142
0.031891
0.031841
0.032447
0.031612
0.034203
0.032100
0.041555
0.021696
0.027656
0.033943
0.032204
0.032895
0.033697
0.032738
0.031879
0.031136
0.032576
0.032205
0.041708
0.030559
0.032775
0.032253
0.032346
0.033431
0.033066
0.032519
0.032018
0.031639
0.019211
0.029784
0.029824
0.031836
0.031300
0.031707
0.032340
0.031973
0.034052
0.031425
0.031842
0.028186
0.030829
0.033338
0.033231
0.032264
0.033820
0.032447
0.040185
0.032292
0.032213
0.023613
0.028022
0.042435
0.033542
0.033145
0.032282
0.032733
0.032265
0.031792
0.032722
0.032667
0.029119
0.028331
0.041591
0.033635
0.031901
0.032318
0.032086
0.036150
0.034309
0.031798
0.030504
0.032354
0.030757
0.032444
0.040542
0.034137
0.032845
0.031436
0.033339
0.032107
0.032268
0.019605
0.030100
0.031320
0.033273
0.033007
0.040151
0.032860
0.032409
0.031892
0.032118
0.024077
0.030885
0.026662
0.031035
0.025862
0.018775
0.024873
0.040577
0.033002
0.033264
0.031040
0.019991
0.028422
0.031817
0.031605
0.031523
0.031707
0.032122
0.040785
0.032328
0.031270
0.032882
0.031310
0.027934
0.031268
0.032483
0.032027
0.031456
0.032044
0.039548
0.032415
0.031392
0.019357
0.027136
0.032423
0.031686
0.031904
0.031026
0.031754
0.031729
0.039870
0.034335
0.037727
0.024227
0.024231
0.031836
0.029018
0.029887
0.029333
0.032604
0.034043
0.032431
0.027580
0.025036
0.030837
0.027454
0.031698
0.030332
0.032023
0.032470
0.032366
0.033301
0.032235
0.033458
0.031999
0.031750
0.027923
0.031335
0.032252
0.031319
0.032416
0.031220
0.031920
0.033169
0.031924
0.029940
0.030473
0.024678
0.031230
0.031704
0.031842
0.032017
0.032317
0.031751
0.031603
0.031212
0.044687
0.028691
0.032167
0.031709
0.031809
0.030941
0.031443
0.031873
0.031901
0.031855
0.019444
0.024103
0.021586
0.032570
0.031121
0.031297
0.030712
0.031112
0.030647
0.030553
0.032034
0.018489
0.028119
0.031021
0.030675
0.019987
0.018951
0.022209
0.031839
0.032017
0.032798
0.030987
0.030672
0.035406
0.027927
0.030770
0.030522
0.031096
0.031560
0.030423
0.030624
0.031342
0.038839
0.020086
0.025290
0.030748
0.031449
0.031476
0.031992
0.031674
0.030779
0.031516
0.033372
0.030421
0.019226
0.028150
0.032879
0.033188
0.031852
0.031214
0.032987
0.031708
0.031445
0.031292
0.034022
0.020817
0.032050
0.022439
0.031789
0.031780
0.030152
0.032018
0.032356
0.032596
0.030559
0.032107
0.018903
0.027207
0.032612
0.032543
0.031401
0.032121
0.031564
0.031674
0.033039
0.031513
0.032237
0.031562
0.028395
0.032343
0.030984
0.034188
0.031529
0.031398
0.030938
0.030720
0.032405
0.031857
0.032427
0.036289
0.029469
0.030844
0.032334
0.031417
0.030993
0.032054
0.031770
0.031617
0.020211
0.023166
0.029774
0.041271
0.033546
0.032458
0.029929
0.031463
0.032624
0.031713
0.031608
0.024424
0.026685
0.032106
0.033635
0.030991
0.030628
0.031127
0.032446
0.030724
0.038434
0.028969
0.030743
0.030962
0.030878
0.029461
0.018814
0.018380
0.031017
0.030586
0.031279
0.030487
0.031090
0.032286
0.027567
0.030805
0.038497
0.032130
0.030910
0.032572
0.033223
0.030824
0.031229
0.018997
0.028189
0.032234
0.032126
0.031795
0.040942
0.031927
0.031787
0.030386
0.030727
0.030472
0.019575
0.023600
0.028702
0.027101
0.025805
0.035802
0.032886
0.032341
0.032424
0.032216
0.031360
0.022129
0.032273
0.032117
0.031595
0.031686
0.032425
0.033592
0.034333
0.031861
0.031776
0.031500
0.032810
0.030945
0.031337
0.032527
0.030885
0.026514
0.033003
0.036707
0.031420
0.031704
0.017996
0.026441
0.035404
0.032798
0.031449
0.031348
0.031125
0.032259
0.031725
0.031953
0.032473
0.018146
0.026450
0.032364
0.031249
0.031654
0.031482
0.040371
0.033711
0.031433
0.032483
0.031309
0.032948
0.031595
0.030984
0.030835
0.032410
0.031097
0.039645
0.032455
0.031107
0.031721
0.017503
0.026641
0.028948
0.030785
0.033564
0.032923
0.031962
0.030548
0.040594
0.032816
0.031313
0.020121
0.031312
0.031035
0.027701
0.021548
0.020617
0.027645
0.031893
0.032465
0.040979
0.032867
0.019742
0.025235
0.033043
0.031351
0.031343
0.031298
0.031866
0.031505
0.039340
0.032849
0.027777
0.031659
0.032622
0.031539
0.030857
0.030714
0.032185
0.032597
0.031780
0.031507
0.032892
0.018849
0.026507
0.029803
0.030307
0.030510
0.030603
0.031784
0.034501
0.032756
0.032543
0.039718
0.018891
0.027616
0.032194
0.033088
0.031856
0.031764
0.031016
0.030357
0.030437
0.040419
0.031216
0.030308
0.023051
0.025639
0.032254
0.032261
0.033700
0.032221
0.031677
0.028643
0.039838
0.033606
0.030014
0.031702
0.032016
0.031564
0.031842
0.030593
0.032128
0.031288
0.030568
0.031322
0.028238
0.024794
0.028715
0.032561
0.032024
0.031336
0.030781
0.031849
0.029845
0.030908
0.040108
0.019600
0.027348
0.032429
0.032106
0.031047
0.030854
0.028640
0.031624
0.032881
0.032209
0.041223
0.032885
0.029196
0.031734
0.031017
0.030728
0.030172
0.033295
0.031266
0.031770
0.031462
0.028179
0.027939
0.028582
0.031568
0.024324
0.017652
0.022170
0.021572
0.021821
0.022591
0.026020
0.038973
0.019561
0.027333
0.030432
0.031383
0.032232
0.031873
0.033048
0.031463
0.032390
0.041136
0.032478
0.030379
0.029646
0.031934
0.031419
0.030963
0.031989
0.030528
0.031802
0.030216
0.040661
0.024304
0.031221
0.031453
0.031628
0.030877
0.031364
0.033033
0.033132
0.039016
0.031989
0.030713
0.019631
0.028052
0.031320
0.034166
0.031427
0.031718
0.031974
0.031446
0.033365
0.033616
0.041018
0.032302
0.023889
0.026348
0.031680
0.031387
0.033760
0.031186
0.031167
0.030916
0.031664
0.033729
0.030396
0.028180
0.031543
0.031313
0.030861
0.031228
0.031916
0.030954
0.030649
0.031696
0.025110
0.031430
0.031847
0.031339
0.031432
0.031074
0.031249
0.030527
0.032926
0.031681
0.032430
0.034403
0.024979
0.031635
0.032128
0.032059
0.033663
0.031755
0.032228
0.031855
0.031975
0.031555
0.029401
0.032935
0.031292
0.062788
0.032171
0.032564
0.032473
0.032144
0.032783
0.019675
0.029750
0.032276
0.030138
0.020264
0.019983
0.030626
0.031993
0.031680
0.025017
0.032698
0.028510
0.027321
0.029838
0.031425
0.031621
0.032336
0.033450
0.031402
0.032650
0.038989
0.032864
0.039378
0.032032
0.033725
0.031670
0.031534
0.031911
0.031380
0.031488
0.031403
0.032504
0.019848
0.029356
0.029768
0.029940
0.029628
0.029474
0.031717
0.034223
0.031451
0.029980
0.031603
0.019473
0.030734
0.029018
0.033174
0.030635
0.035556
0.032315
0.031544
0.031358
0.031223
0.031352
0.019498
0.028750
0.032253
0.030972
0.031062
0.031884
0.030946
0.031525
0.030931
0.031050
0.031663
0.030771
0.032702
0.029921
0.032132
0.032097
0.031765
0.032533
0.030805
0.032262
0.033083
0.031181
0.038847
0.034650
0.026826
0.028575
0.033384
0.031177
0.026502
0.030980
0.030735
0.032697
0.039361
0.030753
0.032294
0.029059
0.031340
0.031299
0.031512
0.031315
0.031637
0.031453
0.031244
0.040254
0.025357
0.029714
0.026489
0.031391
0.031031
0.030399
0.030726
0.038694
0.031797
0.031415
0.065792
0.020726
0.026870
0.026734
0.029107
0.024717
0.018805
0.021468
0.032830
0.032142
0.031086
0.033201
0.018845
0.029955
0.027593
0.025111
0.030089
0.029779
0.031630
0.031160
0.030214
0.038253
0.031705
0.020205
0.028710
0.027172
0.031081
0.030973
0.030561
0.031872
0.032255
0.031459
0.042006
0.032222
0.018980
0.024693
0.031461
0.032294
0.030866
0.031020
0.030203
0.030833
0.030637
0.033061
0.030629
0.025147
0.026809
0.032114
0.031422
0.030450
0.031175
0.030313
0.031606
0.039262
0.032610
0.029730
0.030973
0.025164
0.019811
0.018714
0.018953
0.031992
0.029420
0.030166
0.035360
0.029002
0.029243
0.032314
0.027661
0.032476
0.033063
0.030704
0.032315
0.031020
0.040705
0.031455
0.028347
0.025756
0.029101
0.028694
0.031077
0.030742
0.030433
0.039875
0.031155
0.030444
0.031310
0.030896
0.023521
0.028796
0.030076
0.030734
0.030917
0.039529
0.032269
0.031416
0.031394
0.032016
0.031164
0.019401
0.029751
0.031773
0.030328
0.030889
0.034406
0.031127
0.030842
0.030480
0.029940
0.030957
0.030797
0.026578
0.030403
0.022226
0.019729
0.020681
0.030930
0.031149
0.030932
0.031206
0.031308
0.031951
0.031215
0.031454
0.030918
0.040974
0.031874
0.031542
0.032169
0.032407
0.031420
0.026031
0.032580
0.034589
0.040019
0.033171
0.033376
0.031160
0.030277
0.030987
0.030792
0.030273
0.023170
0.028555
0.027873
0.041043
0.031738
0.031643
0.055327
0.033160
0.030136
0.031439
0.029226
0.033185
0.031920
0.040084
0.032640
0.031241
0.032340
0.031382
0.030830
0.031156
0.031538
0.026695
0.029531
0.033516
0.039440
0.032304
0.033132
0.039037
0.032653
0.031287
0.029798
0.029045
0.031099
0.029911
0.041605
0.032960
0.030710
0.031123
0.032317
0.032643
0.031005
0.031623
0.019018
0.026710
0.039440
0.032449
0.030813
0.029699
0.029641
0.031662
0.031133
0.031619
0.031921
0.031363
0.027844
0.033701
0.031840
0.033088
0.031816
0.026373
0.033832
0.032575
0.031213
0.024882
0.031498
0.033799
0.032831
0.032369
0.032320
0.031418
0.031229
0.031980
0.031064
0.031644
0.021358
0.038053
0.032572
0.024590
0.020879
0.023375
0.027795
0.032255
0.029404
0.030021
0.030498
0.021820
0.030525
0.037339
0.030223
0.030898
0.035403
0.034039
0.032157
0.032254
0.033318
0.028791
0.031517
0.028914
0.031503
0.031482
0.030621
0.031076
0.031502
0.031470
0.031320
0.032517
0.018639
0.034963
0.032241
0.032099
0.032050
0.031175
0.040271
0.032257
0.031796
0.031787
0.031527
0.032341
0.027719
0.031409
0.028960
0.028356
0.030407
0.028449
0.029816
0.029347
0.030813
0.026744
0.038731
0.031904
0.031959
0.030853
0.032330
0.030749
0.031462
0.032092
0.032293
0.031992
0.018907
0.027878
0.023407
0.031858
0.031322
0.032017
0.031316
0.030959
0.032230
0.032188
0.033309
0.030604
0.030578
0.033622
0.030549
0.032482
0.032292
0.031810
0.032946
0.033905
0.032340
0.027777
0.029802
0.021582
0.028347
0.027907
0.029890
0.026413
0.030916
0.031360
0.030940
0.031135
0.030215
0.032447
0.028888
0.031065
0.031618
0.032226
0.031591
0.030922
0.031160
0.030619
0.031414
0.024918
0.027868
0.031217
0.031400
0.021836
0.018455
0.024049
0.027207
0.031178
0.036016
0.032596
0.029859
0.024733
0.025401
0.031477
0.031254
0.030678
0.040888
0.031288
0.032361
0.109864
0.021663
0.027285
0.030810
0.031271
0.031876
0.032076
0.030863
0.031423
0.031205
0.039517
0.032444
0.032302
0.028489
0.033664
0.031790
0.031378
0.031242
0.031744
0.031899
0.031832
0.033135
0.019404
0.028117
0.030705
0.032739
0.031888
0.032560
0.031419
0.031564
0.031485
0.039227
0.032426
0.032705
0.029342
0.031544
0.031293
0.021249
0.019778
0.030873
0.032161
0.030857
0.039406
0.027419
0.032042
0.025096
0.033064
0.030839
0.031132
0.030737
0.030893
0.030131
0.038366
0.031904
0.021562
0.029472
0.033302
0.032196
0.031033
0.031567
0.031132
0.031745
0.039300
0.032222
0.032294
0.018766
0.026840
0.032520
0.030991
0.028206
0.029594
0.029486
0.029731
0.030517
0.030015
0.031132
0.015892
0.029382
0.032292
0.030102
0.030890
0.030924
0.031683
0.038997
0.032230
0.031281
0.031133
0.019186
0.028832
0.034971
0.028740
0.024044
0.023260
0.037624
0.032365
0.031856
0.032342
0.031433
0.021814
0.028451
0.031418
0.031970
0.030572
0.039640
0.031993
0.031279
0.031892
0.032117
0.032049
0.032178
0.030928
0.035204
0.034137
0.044895
0.032534
0.031193
0.031124
0.031201
0.032085
0.021683
0.027745
0.030790
0.029408
0.033278
0.032881
0.031423
0.030492
0.031023
0.031003
0.032116
0.031210
0.029293
0.031890
0.040017
0.032028
0.031523
0.031937
0.031418
0.030920
0.030661
0.019518
0.024719
0.033601
0.040950
0.032324
0.032060
0.030973
0.031331
0.030363
0.031360
0.030211
0.022812
0.028455
0.041223
0.030175
0.031499
0.033091
0.034069
0.031439
0.031518
0.031993
0.027030
0.038302
0.033663
0.033112
0.031102
0.031136
0.030861
0.037425
0.032184
0.030836
0.031217
0.018911
0.028094
0.030502
0.030794
0.031565
0.031028
0.031169
0.030654
0.030797
0.031632
0.030907
0.019315
0.028441
0.031704
0.031599
0.031315
0.032527
0.035184
0.033232
0.031978
0.031487
0.031063
0.018472
0.027902
0.032216
0.032368
0.026658
0.018823
0.023961
0.029996
0.031006
0.032468
0.030745
0.031867
0.035091
0.030233
0.032650
0.031579
0.032031
0.032287
0.031816
0.032692
0.031761
0.041770
0.018236
0.023990
0.029369
0.030819
0.031175
0.031556
0.031513
0.033760
0.034035
0.033017
0.031871
0.027750
0.028900
0.032280
0.031437
0.033308
0.031658
0.032066
0.031373
0.041111
0.032614
0.024877
0.033083
0.031368
0.032426
0.032338
0.031861
0.032184
0.040863
0.033433
0.032615
0.032623
0.018785
0.028093
0.031814
0.031780
0.030535
0.030751
0.047539
0.034453
0.032814
0.032112
0.031737
0.031823
0.028826
0.031739
0.032110
0.031553
0.039641
0.032205
0.030455
0.030419
0.030515
0.020555
0.028942
0.030013
0.031795
0.031534
0.041600
0.032763
0.032359
0.033106
0.031835
0.032986
0.025391
0.028697
0.031247
0.030498
0.038400
0.031650
0.029233
0.031832
0.031848
0.036616
0.026120
0.028668
0.029859
0.032458
0.041438
0.032295
0.032042
0.032313
0.032128
0.031842
0.032105
0.025145
0.029443
0.031727
0.035774
0.020928
0.018713
0.029312
0.032365
0.029776
0.031348
0.031029
0.022426
0.038231
0.030773
0.032904
0.032557
0.031963
0.031101
0.032265
0.031589
0.030833
0.030422
0.025798
0.024846
0.030161
0.031070
0.031544
0.031597
0.028241
0.031992
0.031109
0.031951
0.030722
0.030035
0.029148
0.032572
0.032019
0.032485
0.039501
0.082952
0.031554
0.031136
0.032124
0.041843
0.031791
0.032017
0.030649
0.031371
0.028073
0.030735
0.026868
0.027529
0.026779
0.029053
0.035860
0.034842
0.032134
0.030997
0.032363
0.028779
0.024532
0.021847
0.037419
0.033589
0.019016
0.030105
0.025382
0.032917
0.031460
0.032114
0.032067
0.031893
0.031822
0.031109
0.033040
0.020480
0.028369
0.032366
0.032244
0.031717
0.032156
0.031717
0.031910
0.033242
0.031462
0.032498
0.036150
0.032765
0.035237
0.031232
0.030585
0.031644
0.030220
0.031337
0.030931
0.038891
0.019123
0.028276
0.023550
0.031542
0.031294
0.030958
0.030120
0.031047
0.031308
0.039919
0.032118
0.019235
0.027555
0.031504
0.027717
0.021150
0.020243
0.017550
0.020066
0.039542
0.032767
0.031607
0.023695
0.028591
0.030689
0.032964
0.033932
0.031507
0.033325
0.040815
0.032362
0.031870
0.032183
0.029305
0.026620
0.031638
0.033357
0.032836
0.040943
0.032839
0.032471
0.031030
0.030350
0.017165
0.026574
0.029648
0.030674
0.032394
0.040172
0.032892
0.030831
0.031244
0.031327
0.031934
0.025670
0.031075
0.032755
0.040362
0.032416
0.031264
0.031444
0.031883
0.031246
0.031804
0.020143
0.029005
0.023501
0.032313
0.040092
0.032494
0.033760
0.032855
0.031766
0.032677
0.033145
0.027775
0.028011
0.032019
0.040276
0.032163
0.031580
0.031978
0.031965
0.031645
0.031816
0.020013
0.028063
0.031639
0.026530
0.030757
0.032563
0.033126
0.035663
0.030910
0.031667
0.031329
0.018650
0.036012
0.032416
0.032242
0.031677
0.032434
0.031170
0.032601
0.033179
0.031641
0.031817
0.033509
0.032626
0.033222
0.032864
0.032151
0.031846
0.030727
0.094143
0.033526
0.025196
0.037153
0.033034
0.032528
0.022686
0.017916
0.018249
0.030869
0.032789
0.030652
0.031178
0.019279
0.038848
0.028718
0.032339
0.031894
0.032410
0.033078
0.031438
0.032781
0.031922
0.031479
0.032853
0.030107
0.033204
0.032606
0.031658
0.031701
0.032412
0.032070
0.032185
0.031776
0.022364
0.027552
0.033095
0.032489
0.032439
0.031559
0.031626
0.031838
0.033636
0.033461
0.032985
0.034070
0.029789
0.033804
0.032120
0.032064
0.032296
0.031894
0.031717
0.031787
0.039692
0.022959
0.097013
0.032037
0.031382
0.032216
0.032903
0.031470
0.031915
0.032751
0.031775
0.021619
0.024808
0.029734
0.032556
0.031828
0.031336
0.032086
0.032171
0.031355
0.032949
0.034618
0.029851
0.031166
0.035918
0.034453
0.032359
0.031359
0.040231
0.032730
0.032640
0.032184
0.021109
0.027323
0.032473
0.031797
0.031220
0.031427
0.038623
0.032358
0.032175
0.031791
0.032531
0.026364
0.031272
0.031786
0.032385
0.031587
0.040173
0.032205
0.032297
0.031585
0.032271
0.023327
0.029906
0.033321
0.034932
0.021550
0.018041
0.024821
0.031139
0.031805
0.033126
0.031752
0.028114
0.033178
0.030286
0.041012
0.032984
0.032082
0.032029
0.032128
0.032497
0.032002
0.031947
0.021731
0.029871
0.030091
0.063911
0.032385
0.031188
0.032277
0.032343
0.031346
0.031959
0.021316
0.036862
0.031570
0.035164
0.033229
0.030325
0.031163
0.032173
0.032068
0.030878
0.031643
0.030885
0.032750
0.032482
0.028423
0.029042
0.029964
0.031047
0.029585
0.029448
0.030567
0.031694
0.034366
0.037457
0.033997
0.029315
0.039715
0.033052
0.032013
0.030861
0.020852
0.028739
0.021677
0.030256
0.028774
0.034357
0.036900
0.031634
0.031856
0.036239
0.043029
0.033587
0.033031
0.027767
0.029999
0.031388
0.031245
0.031017
0.030233
0.039946
0.033066
0.031953
0.032012
0.020602
0.028120
0.030787
0.034016
0.032851
0.031939
0.033786
0.033200
0.032133
0.032285
0.031736
0.017809
0.024827
0.029940
0.031509
0.041760
0.034822
0.032403
0.032737
0.031824
0.031378
0.031071
0.024871
0.029186
0.031981
0.036554
0.021237
0.020908
0.026530
0.031798
0.031672
0.032073
0.031912
0.024479
0.028575
0.040893
0.032816
0.032305
0.033018
0.032350
0.032254
0.032674
0.032018
0.029225
0.039822
0.032557
0.033353
0.033967
0.032074
0.034006
0.032946
0.031923
0.031918
0.032542
0.019011
0.024517
0.030567
0.032223
0.032154
0.031533
0.031303
0.032138
0.032380
0.032357
0.033025
0.022159
0.029630
0.031984
0.032304
0.033154
0.032833
0.033307
0.032161
0.031192
0.032350
0.024222
0.030493
0.032536
0.031419
0.033012
0.032323
0.036013
0.033194
0.032426
0.032084
0.049090
0.039209
0.032288
0.031865
0.032548
0.031480
0.031425
0.033556
0.032043
0.040443
0.033960
0.020427
0.025694
0.030821
0.031247
0.031403
0.032598
0.031564
0.041718
0.032635
0.032159
0.032202
0.032246
0.027365
0.032337
0.032565
0.033527
0.040442
0.030281
0.031622
0.033533
0.032268
0.027975
0.031552
0.030292
0.031447
0.039662
0.032910
0.031691
0.031269
0.031876
0.030759
0.031684
0.025519
0.030486
0.041852
0.022711
0.018397
0.023703
0.026261
0.028687
0.023716
0.031354
0.032599
0.022054
0.031379
0.032900
0.032757
0.033406
0.032016
0.032230
0.031582
0.031706
0.033768
0.027924
0.030328
0.030333
0.027760
0.028146
0.031834
0.031898
0.031298
0.031380
0.031524
0.031640
0.019245
0.025689
0.032475
0.031743
0.031826
0.031573
0.032327
0.032044
0.031308
0.030766
0.031584
0.037001
0.031290
0.032448
0.032067
0.033278
0.031608
0.031149
0.031227
0.032119
0.032399
0.027785
0.026999
0.031449
0.031622
0.031608
0.034391
0.031935
0.031594
0.031904
0.040459
0.033848
0.024791
0.029698
0.031612
0.032785
0.030629
0.030646
0.030684
0.040644
0.030826
0.031464
0.031870
0.022922
0.030415
0.032097
0.032053
0.042621
0.033635
0.032335
0.031032
0.031070
0.032259
0.031235
0.033068
0.028384
0.041768
0.032105
0.031334
0.030653
0.030889
0.032196
0.031695
0.032049
0.019333
0.030154
0.042266
0.032465
0.032379
0.031866
0.030249
0.032433
0.031526
0.030690
0.030183
0.031853
0.029069
0.031381
0.026257
0.019126
0.022289
0.026191
0.025912
0.028278
0.031617
0.031743
0.034876
0.030925
0.034122
0.031958
0.031949
0.031182
0.031404
0.030347
0.030859
0.031869
0.019712
0.026129
0.029755
0.031121
0.031671
0.031602
0.031594
0.031074
0.030881
0.031123
0.040338
0.020534
0.025357
0.031200
0.031497
0.032818
0.031422
0.031307
0.031698
0.041595
0.032620
0.031931
0.031957
0.028863
0.033352
0.031563
0.031747
0.032294
0.039734
0.033539
0.035676
0.031666
0.021722
0.030652
0.032874
0.032482
0.031592
0.032275
0.041010
0.033056
0.032001
0.031772
0.027477
0.018714
0.020181
0.028293
0.028936
0.027771
0.032971
0.026258
0.026539
0.031860
0.031378
0.032170
0.021577
0.030583
0.039998
0.034412
0.033295
0.032490
0.031804
0.031489
0.031369
0.031459
0.031204
0.030198
0.040970
0.032215
0.031205
0.031256
0.030926
0.031455
0.031799
0.031768
0.032068
0.020477
0.035676
0.031711
0.031726
0.034244
0.029544
0.033414
0.031543
0.031529
0.031830
0.032030
0.030628
0.027478
0.032172
0.026140
0.021256
0.030755
0.032528
0.032359
0.031671
0.032794
0.032389
0.029556
0.030562
0.032378
0.032390
0.032820
0.031994
0.031963
0.032385
0.032570
0.030890
0.033922
0.033097
0.031902
0.031945
0.035137
0.033178
0.032197
0.031154
0.032462
0.040600
0.033822
0.018264
0.029467
0.033251
0.031916
0.032398
0.032839
0.033039
0.041352
0.032658
0.032477
0.032132
0.018321
0.032568
0.031620
0.032340
0.032444
0.041909
0.032278
0.033010
0.031491
0.039592
0.032078
0.033219
0.029592
0.032441
0.035149
0.032661
0.031981
0.031006
0.032193
0.031736
0.032118
0.022427
0.030317
0.031400
0.034438
0.033106
0.032695
0.033727
0.032565
0.032002
0.032590
0.031324
0.021283
0.026942
0.027726
0.031919
0.031265
0.031388
0.031702
0.031011
0.032045
0.031104
0.032158
0.020098
0.029648
0.028539
0.029297
0.027702
0.028000
0.030628
0.031066
0.031578
0.031359
0.031204
0.028725
0.026552
0.031181
0.030763
0.032085
0.030335
0.032736
0.032830
0.031126
0.039831
0.022182
0.029670
0.032598
0.031997
0.023851
0.018703
0.023213
0.027130
0.040872
0.031846
0.030785
0.019747
0.027442
0.023425
0.033710
0.031315
0.040415
0.032198
0.029954
0.031386
0.031887
0.032681
0.019195
0.029886
0.028102
0.041039
0.032609
0.032593
0.031784
0.041966
0.034349
0.031623
0.062128
0.030055
0.040821
0.032784
0.031046
0.035812
0.032640
0.031643
0.031598
0.031859
0.031015
0.032461
0.034016
0.032743
0.032980
0.032286
0.031592
0.031970
0.031810
0.031201
0.031616
0.022983
0.029833
0.031255
0.031772
0.031025
0.030895
0.030755
0.030458
0.032307
0.032075
0.032051
0.033225
0.030349
0.032278
0.031457
0.031787
0.031256
0.032139
0.032421
0.030881
0.031274
0.028433
0.031089
0.031751
0.031248
0.033204
0.031613
0.031302
0.031404
0.031493
0.039873
0.028887
0.032134
0.025687
0.032384
0.096617
0.031260
0.030893
0.031184
0.040321
0.031776
0.023068
0.028686
0.030585
0.029678
0.032738
0.030890
0.031362
0.039406
0.032128
0.030186
0.031817
0.032457
0.029550
0.032437
0.020633
0.018083
0.028166
0.032799
0.031239
0.032538
0.034028
0.032098
0.032935
0.028970
0.032199
0.041493
0.032506
0.032074
0.031568
0.033367
0.032196
0.031619
0.023036
0.023354
0.041078
0.032805
0.033724
0.031761
0.032108
0.031692
0.031784
0.030888
0.031015
0.040693
0.029540
0.031724
0.031160
0.031947
0.032448
0.031581
0.030629
0.032204
0.028913
0.020154
0.029501
0.031203
0.030807
0.032135
0.031685
0.030862
0.030812
0.030593
0.031136
0.031303
0.031556
0.030009
0.031275
0.031764
0.030454
0.030811
0.031261
0.031542
0.031177
0.032556
0.027619
0.030934
0.021451
0.021135
0.020356
0.031913
0.032764
0.030933
0.029253
0.026201
0.039753
0.032137
0.031754
0.023239
0.031695
0.030672
0.031111
0.031405
0.040056
0.031562
0.027671
0.031305
0.019536
0.027069
0.031188
0.031853
0.031185
0.041153
0.033306
0.032605
0.037767
0.032610
0.030708
0.025608
0.027683
0.030629
0.031691
0.039885
0.034243
0.030868
0.030357
0.030405
0.030745
0.027932
0.031066
0.030821
0.039404
0.032348
0.017475
0.020421
0.030547
0.031271
0.030921
0.031811
0.029985
0.030356
0.028630
0.030293
0.031658
0.030750
0.031886
0.031318
0.031607
0.031759
0.031683
0.019244
0.036885
0.029805
0.030754
0.035070
0.033668
0.032701
0.031287
0.031647
0.031826
0.032284
0.020675
0.027710
0.030236
0.030795
0.031532
0.030787
0.029819
0.030372
0.030939
0.031178
0.031323
0.038753
0.026991
0.031559
0.030104
0.030844
0.031350
0.033259
0.032442
0.030762
0.038565
0.022763
0.030343
0.031275
0.030451
0.030924
0.032410
0.031741
0.030175
0.030793
0.040486
0.031358
0.019489
0.028666
0.031631
0.030850
0.030980
0.030002
0.030920
0.048437
0.032355
0.030481
0.032121
0.032758
0.025919
0.031254
0.031579
0.039271
0.032016
0.032642
0.032795
0.030333
0.030912
0.018801
0.027204
0.028282
0.032316
0.041698
0.033503
0.031656
0.031540
0.031011
0.030711
0.030940
0.029828
0.038446
0.031980
0.030730
0.031114
0.030433
0.030451
0.032137
0.030794
0.031096
0.023378
0.037025
0.029236
0.032217
0.031120
0.019001
0.024525
0.025068
0.026502
0.028555
0.026585
0.020181
0.031277
0.032229
0.031587
0.032170
0.033835
0.030623
0.032562
0.035708
0.029970
0.030402
0.028158
0.029407
0.031907
0.031649
0.031970
0.031243
0.030971
0.031550
0.031752
0.040322
0.019486
0.027361
0.028249
0.032600
0.030641
0.029192
0.031802
0.032254
0.031737
0.034909
0.032458
0.019740
0.026705
0.031012
0.031747
0.031655
0.034198
0.041298
0.032671
0.032702
0.031376
0.033195
0.019665
0.026784
0.027509
0.031552
0.031774
0.040503
0.031521
0.032399
0.030932
0.032045
0.031519
0.027949
0.032626
0.026507
0.041161
0.033129
0.031635
0.032384
0.031798
0.032009
0.031720
0.033843
0.022259
0.039485
0.029040
0.032678
0.033193
0.032105
0.032232
0.031549
0.031784
0.032138
0.031980
0.035890
0.033302
0.031999
0.031167
0.030936
0.031681
0.031475
0.031711
0.032329
0.031239
0.018652
0.028561
0.026267
0.028517
0.030949
0.032145
0.031707
0.031677
0.031470
0.093727
0.023108
0.032235
0.031231
0.032632
0.024539
0.019030
0.024079
0.026157
0.031768
0.031162
0.031988
0.029555
0.033643
0.027774
0.031304
0.033293
0.031839
0.031486
0.032481
0.031980
0.041769
0.032384
0.020058
0.034707
0.019096
0.021051
0.031142
0.025087
0.028142
0.031353
0.030384
0.033799
0.033274
0.019592
0.028186
0.033210
0.030693
0.024476
0.066787
0.033366
0.031049
0.028470
0.028028
0.031265
0.038597
0.026643
0.095061
0.082210
0.033567
0.032753
0.032069
0.030477
0.021542
0.021532
0.020827
0.030423
0.025563
0.032597
0.019667
0.031964
0.031367
0.032157
0.031968
0.029417
0.030887
0.032183
0.040267
0.020481
0.020217
0.020381
0.020812
0.029557
0.022461
0.020347
0.033421
0.050201
0.030397
0.032500
0.031570
0.031653
0.031320
0.031016
0.032085
0.031203
0.029887
0.031215
0.032816
0.029854
0.031545
0.031005
0.031236
0.031602
0.031174
0.031264
0.032007
0.031126
0.018449
0.026478
0.028847
0.033318
0.031541
0.034397
0.032793
0.031612
0.031199
0.020602
0.017702
0.020005
0.028666
0.031271
0.031190
0.024348
0.020319
0.022431
0.026294
0.036382
0.029093
0.027217
0.017559
0.025844
0.027889
0.031308
0.028853
0.028169
0.028428
0.028434
0.031637
0.030566
0.031117
0.018251
0.026152
0.031240
0.031949
0.041100
0.032107
0.032654
0.031698
0.030960
0.031165
0.030893
0.030049
0.025414
0.040788
0.032007
0.031951
0.031045
0.031537
0.031110
0.031207
0.031834
0.022728
0.036918
0.033663
0.032446
0.031710
0.030632
0.031467
0.030733
0.033690
0.031924
0.031327
0.019404
0.026557
0.032129
0.031938
0.034795
0.031024
0.031260
0.032127
0.032346
0.031134
0.032283
0.026023
0.032802
0.030489
0.030345
0.030733
0.030365
0.030563
0.031756
0.031951
0.030635
0.031055
0.038886
0.032534
0.025051
0.029742
0.029006
0.030036
0.030904
0.030846
0.038939
0.032937
0.030865
0.020195
0.027742
0.031215
0.033354
0.036087
0.032662
0.032206
0.043206
0.032267
0.032087
0.031538
0.019021
0.023869
0.032152
0.031263
0.031413
0.039311
0.031580
0.036263
0.031453
0.032135
0.032011
0.027017
0.029527
0.029273
0.028415
0.019375
0.019876
0.094079
0.023627
0.030919
0.030862
0.025664
0.030679
0.026924
0.043017
0.032549
0.033197
0.031658
0.031768
0.032727
0.031692
0.030975
0.019076
0.038440
0.032605
0.031207
0.031467
0.031077
0.031608
0.031028
0.031215
0.031879
0.030944
0.031982
0.029787
0.032495
0.031338
0.031779
0.031849
0.031286
0.031836
0.031066
0.032271
0.019027
0.027586
0.031116
0.034140
0.030396
0.031001
0.032329
0.030936
0.033583
0.031147
0.032098
0.040100
0.030841
0.032478
0.031633
0.032215
0.031346
0.031030
0.031363
0.031956
0.033289
0.028158
0.026489
0.032053
0.031415
0.033201
0.031948
0.032304
0.031740
0.032653
0.031257
0.033366
0.032567
0.028654
0.027887
0.032936
0.031156
0.031707
0.031686
0.030018
0.040389
0.033162
0.019491
0.028727
0.032512
0.031847
0.031223
0.031408
0.031157
0.039810
0.032008
0.031616
0.031710
0.020371
0.029827
0.031845
0.031111
0.031225
0.032415
0.039339
0.032478
0.031457
0.026170
0.030461
0.033019
0.031704
0.031491
0.024641
0.021979
0.019825
0.030625
0.032097
0.031562
0.032490
0.032202
0.018783
0.036686
0.032915
0.031985
0.031172
0.030529
0.030732
0.031040
0.025736
0.031954
0.031370
0.018455
0.031401
0.031578
0.030819
0.030652
0.030987
0.031444
0.030403
0.031642
0.031450
0.028006
0.018360
0.029903
0.030101
0.029260
0.027835
0.030580
0.030615
0.031050
0.032153
0.031600
0.030556
0.017783
0.028490
0.026897
0.028000
0.028154
0.031800
0.031065
0.031860
0.031102
0.031362
0.041506
0.019995
0.027505
0.031585
0.030721
0.030671
0.031256
0.030694
0.030212
0.039297
0.032054
0.031279
0.032145
0.031991
0.031385
0.031301
0.031283
0.032701
0.021244
0.031487
0.031522
0.030510
0.027622
0.030681
0.034281
0.032764
0.037638
0.032360
0.040661
0.031894
0.031928
0.032021
0.032096
0.020062
0.030100
0.030766
0.035035
0.040592
0.033726
0.027744
0.031620
0.030601
0.030982
0.031716
0.027774
0.031104
0.040398
0.032651
0.031767
0.031329
0.031235
0.032523
0.031245
0.032712
0.028110
0.032091
0.037946
0.030989
0.024779
0.019254
0.021131
0.031447
0.031783
0.031745
0.031988
0.030938
0.030620
0.025310
0.028029
0.022200
0.024266
0.027349
0.031448
0.030821
0.030393
0.031193
0.031408
0.023262
0.027621
0.033256
0.032883
0.031043
0.031652
0.031027
0.031447
0.032849
0.031492
0.031533
0.033324
0.027950
0.033284
0.031200
0.031186
0.031765
0.031873
0.031233
0.031561
0.039280
0.018963
0.029833
0.030874
0.032045
0.031785
0.032686
0.032043
0.030753
0.031373
0.041084
0.034269
0.022833
0.030277
0.031941
0.032813
0.032331
0.031140
0.030935
0.040609
0.031884
0.032896
0.033690
0.031743
0.023906
0.034022
0.031709
0.031156
0.032560
0.040987
0.032198
0.031617
0.031275
0.019765
0.029262
0.030869
0.031339
0.042561
0.032664
0.034542
0.030883
0.030807
0.030843
0.032146
0.018909
0.029184
0.039818
0.032035
0.031771
0.031860
0.029800
0.030795
0.030857
0.031186
0.031154
0.031511
0.028491
0.031529
0.033748
0.032625
0.031553
0.031394
0.031152
0.031663
0.031679
0.019886
0.032159
0.032556
0.031826
0.020231
0.018006
0.022771
0.023072
0.031177
0.032015
0.032790
0.030503
0.032169
0.029639
0.031913
0.031871
0.030997
0.031442
0.030253
0.030868
0.030542
0.031711
0.035203
0.032127
0.028849
0.035429
0.042780
0.031040
0.032018
0.030060
0.031963
0.031601
0.040302
0.032232
0.029223
0.031055
0.031080
0.031382
0.030897
0.031410
0.030511
0.039614
0.033278
0.021695
0.029167
0.027230
0.031458
0.031826
0.030993
0.030849
0.034221
0.040454
0.032327
0.030501
0.018890
0.028299
0.029749
0.031158
0.031045
0.031011
0.042039
0.031204
0.030198
0.031770
0.031980
0.019850
0.029521
0.032129
0.031588
0.036244
0.032735
0.031370
0.031045
0.032327
0.036537
0.030701
0.030589
0.026904
0.040076
0.031602
0.088672
0.030711
0.032166
0.031271
0.031574
0.031037
0.032525
0.029302
0.031863
0.032581
0.030841
0.030967
0.030804
0.032762
0.032861
0.031163
0.026902
0.032855
0.028480
0.031331
0.030914
0.030556
0.030865
0.030812
0.030687
0.030896
0.032369
0.018698
0.029028
0.031345
0.031670
0.019658
0.017878
0.023937
0.025499
0.031992
0.032300
0.032400
0.034924
0.029113
0.032473
0.031236
0.030515
0.031398
0.031773
0.031013
0.031706
0.039968
0.031664
0.019160
0.027604
0.032007
0.031508
0.031411
0.031635
0.031482
0.040638
0.032379
0.033455
0.031060
0.031913
0.029819
0.032261
0.032262
0.031072
0.032217
0.032120
0.032065
0.031039
0.030922
0.020562
0.027112
0.026458
0.030708
0.033824
0.039182
0.033508
0.031581
0.031670
0.029649
0.032637
0.022233
0.029478
0.031715
0.032646
0.041326
0.029344
0.032636
0.031998
0.032032
0.033676
0.032259
0.018754
0.026192
0.044450
0.032546
0.030247
0.031223
0.032690
0.031386
0.031761
0.030714
0.032340
0.017190
0.023526
0.020874
0.032702
0.032690
0.031670
0.030238
0.031309
0.071408
0.031303
0.030717
0.021471
0.031660
0.030373
0.030255
0.032328
0.035835
0.022185
0.031636
0.032586
0.031444
0.029859
0.031949
0.032487
0.030649
0.031342
0.031543
0.031070
0.031198
0.031557
0.030646
0.039728
0.020896
0.026260
0.030526
0.031171
0.021707
0.018491
0.029664
0.029962
0.041174
0.032963
0.031107
0.018995
0.025102
0.031816
0.030461
0.030653
0.031632
0.040154
0.031282
0.032219
0.031782
0.030478
0.018774
0.026248
0.030102
0.030206
0.032011
0.032288
0.032071
0.031225
0.033850
0.030814
0.031078
0.031113
0.026993
0.031185
0.040730
0.030859
0.031379
0.032601
0.031361
0.030733
0.032071
0.018901
0.027118
0.040015
0.030983
0.030540
0.030523
0.030805
0.029747
0.031864
0.030739
0.031678
0.022121
0.028441
0.031972
0.031207
0.032012
0.035226
0.030869
0.031338
0.032316
0.031901
0.031499
0.038897
0.030576
0.038901
0.033055
0.031921
0.031158
0.032181
0.032677
0.031931
0.032881
0.031086
0.033025
0.032821
0.030707
0.030581
0.029183
0.030120
0.030758
0.030532
0.037189
0.032345
0.021706
0.030160
0.031890
0.030862
0.031023
0.030979
0.031752
0.039393
0.032199
0.031171
0.031219
0.023935
0.029602
0.025180
0.032033
0.032046
0.039573
0.031983
0.031203
0.031519
0.031828
0.031582
0.019017
0.026379
0.032525
0.037051
0.020239
0.019135
0.022254
0.023311
0.021615
0.018505
0.026937
0.031719
0.031600
0.030311
0.032597
0.031735
0.030901
0.030843
0.030463
0.033233
0.030922
0.031936
0.019442
0.038701
0.029648
0.031687
0.031860
0.031505
0.032277
0.031430
0.033439
0.031879
0.032425
0.020249
0.028684
0.032827
0.032015
0.031788
0.031582
0.034055
0.031151
0.031337
0.030203
0.032051
0.039225
0.031742
0.031423
0.030525
0.031632
0.031575
0.030543
0.036451
