0.132594
3.874367
0.088465
4.479490
0.090505
4.616783
0.098115
4.255894
0.123650
4.678270
0.091376
4.069849
0.096924
4.495915
0.096860
4.373966
0.086594
4.021541
0.104333
4.178473
0.104411
4.183159
0.103362
4.735658
0.102087
4.389152
0.091104
4.397629
0.087157
3.524717
0.145944
3.937625
0.115604
4.205131
0.100922
4.438583
0.111456
4.410089
0.113627
3.874047
0.089961
4.376320
0.092344
4.471993
0.084168
4.482789
0.092901
4.030478
0.432187
3.904787
0.128119
4.321908
0.094906
4.201001
0.110669
4.141384
0.104618
4.259173
0.093160
4.355037
0.083190
4.762093
0.095112
4.166349
0.124847
4.416764
0.140663
4.521749
0.099710
4.446397
0.114740
4.136907
0.124311
4.337567
0.086162
4.203592
0.094025
4.476854
0.094782
4.731389
0.091132
4.943890
0.121663
4.810299
0.128252
4.458731
0.090122
4.293678
0.143208
4.423092
0.093598
4.319611
0.083287
3.841009
0.138887
4.643888
0.101681
4.735764
0.144819
4.738669
0.126983
3.838711
0.112942
4.446952
0.117169
4.459722
0.094818
4.360384
0.135087
4.326323
0.124944
4.484732
0.116655
4.193123
0.096272
4.610280
0.141529
4.400505
0.122264
4.387860
0.133130
4.215257
0.104969
4.696876
0.090827
4.558483
0.107407
4.209107
0.116828
4.165083
0.112024
4.203379
0.144302
4.303233
0.091075
4.133642
0.089488
4.547010
0.125910
4.246303
0.156988
4.803793
0.099268
4.748876
0.145447
4.612576
0.119215
4.442888
0.092372
3.830061
0.133991
4.724379
0.139853
4.881132
0.095902
4.335947
0.089166
4.578619
0.101644
4.224648
0.140738
5.750349
0.138636
4.433612
0.105547
4.313034
0.089698
4.530886
0.112635
3.865337
2.971452
0.093375
4.864998
0.115465
4.576147
0.087570
4.266617
0.088371
4.672262
0.092103
5.063628
0.101618
0.250879
0.111654
6.331346
0.084686
0.101209
0.097479
6.953492
0.105470
0.269039
0.096570
7.306808
0.095882
0.085159
0.097550
6.253849
0.082863
0.087817
0.100490
6.040743
3.528100
0.095411
0.095620
0.102605
6.988616
0.122346
0.133569
0.105604
6.172249
3.289684
0.102115
0.081097
0.136920
7.509277
0.089680
0.115309
0.095945
6.150238
0.101875
0.098412
0.124103
7.076320
0.111318
0.234246
0.122654
7.209375
0.100538
0.238146
0.247847
5.908355
3.466746
0.087896
0.084036
0.103230
6.455778
0.087747
0.639431
0.088087
6.568064
0.093058
4.745549
0.099803
0.083168
0.088493
6.937688
0.110793
0.141439
0.135289
6.951516
0.106524
0.204753
0.083895
6.149003
0.097687
5.190921
0.114750
0.225299
0.094095
6.456006
0.088545
0.088502
0.101413
6.720570
0.110201
0.126799
0.096747
6.777497
0.088488
0.139903
5.177566
0.119340
0.213277
0.085723
6.892457
0.087877
0.214425
0.090531
7.092933
0.138529
0.086391
0.108883
6.049879
0.083785
0.085580
0.114898
6.093173
3.331837
0.125448
0.088496
0.146641
7.023240
0.128175
0.151427
0.095625
6.806058
0.088668
0.082465
0.090775
6.512264
0.625777
0.111600
0.093432
6.132707
0.093191
0.187416
0.092289
6.453258
0.090158
0.165872
5.854432
0.126046
0.111820
0.150267
6.589210
0.122473
0.086807
0.098434
7.064081
0.089335
0.088297
0.124467
6.284171
3.750219
0.097103
0.231226
0.060621
6.172068
2.935798
0.096733
0.191452
5.160892
0.133972
0.091907
5.574595
0.085586
0.085455
5.672774
0.106529
0.084115
5.385084
0.088284
0.150060
6.357436
0.099978
0.089619
5.963044
0.103676
0.081872
5.486230
0.101684
0.090603
5.839996
0.096541
0.084789
5.138673
0.101190
0.086814
4.834774
2.920213
0.103765
0.093646
5.471822
0.100116
0.090004
5.675737
0.092250
0.092565
5.577485
0.092964
0.082775
5.362398
0.137600
4.506430
0.090596
0.088294
5.753176
0.099162
0.149151
5.076014
3.117007
0.083859
0.216249
5.473993
0.097030
0.085822
5.436518
0.086120
0.090413
5.700040
0.108682
0.104247
5.708497
2.917524
0.096040
0.088149
5.453297
0.091234
0.134020
5.113166
0.113443
0.169858
5.689036
0.116248
0.122697
5.258939
3.259847
0.122989
0.085365
5.370950
0.110427
0.090936
5.683867
0.094337
0.140979
5.210171
0.111036
0.090302
5.510697
0.116796
0.092474
5.828524
0.090282
0.086767
4.931385
3.046394
0.109871
0.082091
5.094268
0.107805
0.143566
5.285503
0.148217
0.098117
5.399107
0.097081
0.218087
4.694178
3.260120
0.133782
0.168508
5.872770
0.101108
0.101804
6.194774
0.091014
0.179659
5.480666
0.121644
0.083491
5.269353
3.084398
0.096616
0.105225
6.309623
0.090600
0.090382
5.395318
0.087720
0.253385
5.508083
3.131741
0.095408
0.172855
5.484468
0.120622
0.108456
5.426861
0.082452
0.093048
5.553866
0.142815
0.082429
5.942841
0.126687
0.108920
6.050237
0.122858
0.087439
5.472318
0.086780
0.082197
5.356431
2.945118
0.096947
0.256428
5.775541
0.094428
0.086975
6.105012
0.129427
0.185180
0.091570
6.056043
0.100216
0.169977
0.130843
6.996814
0.111314
0.113902
0.166097
7.008398
0.084742
0.295016
0.184911
6.126848
3.679836
0.084244
0.207401
0.088920
7.104476
0.100302
0.143433
0.139134
6.299064
0.091667
0.088979
0.122335
7.408871
0.104635
0.093649
0.122466
6.167218
0.087404
4.534759
0.096628
0.179673
0.111676
5.574552
3.860311
0.104715
0.092777
0.096467
7.454978
0.112572
0.083659
0.087736
6.012464
0.115528
4.604979
0.091665
0.089319
0.166268
6.828760
0.085693
0.138249
5.821732
0.087275
4.227584
0.131100
0.152327
0.100581
7.552346
0.093972
0.345861
0.207917
6.453723
0.106897
0.084278
0.170116
7.043885
0.096258
0.089755
0.137425
6.195540
0.098662
4.313674
0.082803
0.086303
0.111528
6.351632
0.090393
0.080157
0.135870
6.647971
0.088414
0.301968
0.197328
5.945727
0.089056
4.909328
0.088778
0.084213
0.094019
6.521538
0.150388
0.084191
5.465900
0.088433
0.084590
0.086453
7.171848
0.095331
0.089300
0.217743
5.830784
3.758481
0.106762
0.081913
0.107198
6.682246
0.089833
4.690019
0.093771
0.083006
0.091711
6.054352
3.734009
0.090253
0.099754
0.205123
7.793966
0.094754
0.213475
0.138873
6.505277
0.092974
0.080574
0.084955
6.706147
3.321899
0.115752
0.091987
0.105631
6.599624
0.111836
0.090339
0.212135
7.294356
0.099496
0.110759
0.129057
7.290887
0.109869
0.090260
0.083670
6.629646
0.091920
4.560683
0.126309
0.091671
0.191258
