0
0
0
0
0
0
0
0
0
0
0
0
4
4
4
4
4
4
4
4
4
4
4
4
4
54
54
54
54
54
54
54
54
54
54
54
54
54
54
74
74
74
74
74
74
74
74
74
74
74
74
74
74
93
93
93
93
93
93
93
93
93
93
93
93
93
93
119
119
119
119
119
119
119
119
119
119
119
119
119
119
152
152
152
152
152
152
152
152
152
152
152
152
152
152
163
163
163
163
163
163
163
163
163
163
163
163
163
163
177
177
177
177
177
177
177
177
177
177
177
177
177
177
189
189
189
189
189
189
189
189
189
189
189
189
189
189
203
203
203
203
203
203
203
203
203
203
203
203
203
203
223
223
223
223
223
223
223
223
223
223
223
223
223
223
243
243
243
243
243
243
243
243
243
243
243
243
243
243
269
269
269
269
269
269
269
269
269
269
269
269
269
269
296
296
296
296
296
296
296
296
296
296
296
296
296
296
315
315
315
315
315
315
315
315
315
315
315
315
315
315
337
337
337
337
337
337
337
337
337
337
337
337
337
337
361
361
361
361
361
361
361
361
361
361
361
361
361
361
388
388
388
388
388
388
388
388
388
388
388
388
388
388
410
410
410
410
410
410
410
410
410
410
410
410
410
410
437
437
437
437
437
437
437
437
437
437
437
437
437
437
465
465
465
465
465
465
465
465
465
465
465
465
465
465
497
497
497
497
497
497
497
497
497
497
497
497
497
497
529
529
529
529
529
529
529
529
529
529
529
529
529
529
561
561
561
561
561
561
561
561
561
561
561
561
561
561
594
594
594
594
594
594
594
594
594
594
594
594
594
594
624
624
624
624
624
624
624
624
624
624
624
624
624
624
655
655
655
655
655
655
655
655
655
655
655
655
655
655
694
694
694
694
694
694
694
694
694
694
694
694
694
694
694
695
695
695
695
695
695
695
695
695
695
695
695
695
734
734
734
734
734
734
734
734
734
734
734
734
734
734
734
734
734
734
734
734
734
734
734
734
734
734
734
734
734
735
735
735
735
735
735
735
735
735
735
735
735
735
735
735
735
735
735
735
735
735
735
735
735
735
735
735
735
736
736
736
736
736
736
736
736
736
736
736
736
736
736
737
737
737
737
737
737
737
737
737
737
737
737
