0.086368
0.035443
0.036253
0.036154
0.039078
0.036962
0.038632
0.037303
0.037852
0.043049
0.042391
0.040903
0.040060
0.029952
0.032359
0.030862
0.035343
0.037947
0.046434
0.032328
0.040505
0.029261
0.038146
0.039057
0.043451
0.095445
0.052265
0.053393
0.044730
0.049398
0.051838
0.037129
0.042560
0.041056
0.042556
0.039505
0.041086
0.044084
0.040505
0.047956
0.039785
0.040069
0.026825
0.030886
0.029739
0.033762
0.033999
0.034078
0.033895
0.036494
0.033159
0.033275
0.037092
0.044893
0.038596
0.040426
0.051124
0.040902
0.031915
0.039283
0.036646
0.041932
0.040087
0.034967
0.036707
0.036553
0.036961
0.069824
0.039066
0.039948
0.039869
0.039521
0.034465
0.038072
0.037348
0.036789
0.036655
0.036904
0.038036
0.039582
0.040065
0.065243
0.039449
0.036179
0.040759
0.041539
0.036869
0.035533
0.039422
0.039412
0.039417
0.049011
0.039673
0.034987
0.037526
0.037915
0.038931
0.018058
0.016850
0.024887
0.025082
0.026116
0.025880
0.026407
0.026777
0.034184
0.030834
0.026647
0.037176
0.045461
0.040360
0.039430
0.039342
0.041519
0.039570
0.028975
0.031936
0.033580
0.044264
0.039396
0.039829
0.039116
0.040800
0.052167
0.039854
0.059530
0.083270
0.029370
0.041620
0.039921
0.042030
0.042070
0.041789
0.041767
0.041688
0.036149
0.034745
0.045600
0.046428
0.030633
0.034211
0.036447
0.039425
0.039128
0.039463
0.031153
0.033372
0.034273
0.036151
0.036605
0.036688
0.050625
0.039504
0.039309
0.041810
0.025999
0.025651
0.030154
0.035789
0.036400
0.036665
0.039365
0.039278
0.028463
0.037090
0.056193
0.036728
0.039505
0.038084
0.039020
0.039126
0.039208
0.039172
0.039242
0.039635
0.037555
0.038630
0.029147
0.032615
0.062568
0.038234
0.039269
0.039343
0.042483
0.039283
0.039126
0.039167
0.039324
0.025440
0.050289
0.039526
0.029759
0.026880
0.054597
0.038874
0.039438
0.039285
0.039447
0.039572
0.037447
0.034380
0.036174
0.038134
0.025383
0.018669
0.016992
0.030097
0.037626
0.026760
0.026737
0.026449
0.026842
0.031606
0.034961
0.036639
0.039225
0.039210
0.039342
0.038891
0.039084
0.039173
0.057227
0.037495
0.035597
0.038443
0.039013
0.039199
0.039342
0.039373
0.039315
0.039484
0.039112
0.025562
0.037123
0.035183
0.055266
0.039168
0.039587
0.040130
0.039445
0.039377
0.039269
0.044717
0.039767
0.037542
0.040004
0.044426
0.039452
0.039432
0.059531
0.050659
0.041795
0.056599
0.044584
0.063670
0.029578
0.039721
0.039889
0.041809
0.038364
0.028296
0.042726
0.040096
0.051694
0.049774
0.044260
0.030645
0.034335
0.036567
0.038999
0.039310
0.039189
0.039400
0.038766
0.042143
0.039009
0.038667
0.064667
0.038755
0.039295
0.040879
0.039379
0.039032
0.026711
0.029962
0.031936
0.033798
0.030209
0.030121
0.029069
0.029052
0.056645
0.038195
0.037879
0.030917
0.032318
0.029124
0.039398
0.031155
0.029275
0.029905
0.028829
0.028702
0.034160
0.036551
0.055100
0.047966
0.037036
0.039279
0.039104
0.017870
0.018797
0.022622
0.023969
0.025889
0.025135
0.023834
0.025576
0.023809
0.060414
0.037180
0.038760
0.038972
0.039288
0.039238
0.044347
0.039102
0.039164
0.042284
0.039609
0.037718
0.061605
0.038878
0.068331
0.039163
0.039474
0.039898
0.039468
0.035696
0.036380
0.035725
0.038942
0.039418
0.039204
0.039336
0.039223
0.039234
0.064780
0.031579
0.034703
0.036520
0.044210
0.039584
0.039311
0.039152
0.041014
0.039156
0.039448
0.039394
0.039644
0.036512
0.065048
0.040924
0.039322
0.039036
0.039507
0.039084
0.039169
0.039074
0.033021
0.035110
0.036515
0.039334
0.039452
0.039387
0.070119
0.038669
0.040397
0.039239
0.026764
0.031025
0.051280
0.024893
0.033805
0.033361
0.034048
0.033292
0.036391
0.036415
0.072647
0.026717
0.032291
0.037888
0.038560
0.024476
0.036283
0.035945
0.039322
0.039445
0.039321
0.039423
0.026974
0.030430
0.034215
0.037889
0.039487
0.039591
0.039339
0.039275
0.039337
0.039399
0.039489
0.034743
0.034645
0.036337
0.036683
0.018861
0.045282
0.025351
0.027392
0.042359
0.034038
0.032905
0.038087
0.038469
0.048558
0.044313
0.041640
0.041514
0.041479
0.041577
0.034368
0.044571
0.042284
0.028691
0.031701
0.033881
0.036191
0.036189
0.036639
0.036471
0.037180
0.039212
0.025863
0.029910
0.032721
0.036139
0.033640
0.036474
0.039038
0.039078
0.039161
0.029289
0.016478
0.029451
0.029217
0.033889
0.036285
0.036452
0.039061
0.032845
0.038950
0.038985
0.039091
0.037553
0.038563
0.039144
0.035938
0.039038
0.039263
0.039107
0.039088
0.039215
0.039033
0.040288
0.038951
0.030714
0.036517
0.036292
0.039034
0.039105
0.039358
0.041126
0.039013
0.045285
0.039005
0.026421
0.043864
0.031098
0.036187
0.036247
0.036190
0.036653
0.036282
0.038776
0.039081
0.038892
0.028986
0.040144
0.036865
0.042125
0.036939
0.041012
0.039368
0.039191
0.043710
0.038982
0.039125
0.029629
0.034265
0.039421
0.042729
0.038942
0.039787
0.039308
0.038892
0.040104
0.039265
0.034834
0.036731
0.034471
0.036526
0.036611
0.021896
0.018332
0.016535
0.029586
0.031762
0.033464
0.037142
0.030729
0.031983
0.035316
0.036149
0.036342
0.039263
0.052637
0.016129
0.024919
0.037977
0.038927
0.031330
0.032644
0.036457
0.037778
0.039239
0.039136
0.038427
0.036474
0.039240
0.038679
0.040635
0.025454
0.030857
0.033814
0.036242
0.036414
0.037526
0.038814
0.039021
0.039439
0.039513
0.039432
0.030723
0.036426
0.038947
0.038866
0.039062
0.039068
0.039281
0.038964
0.038820
0.040136
0.030047
0.034015
0.018973
0.033592
0.033958
0.038884
0.039541
0.039253
0.039204
0.038774
0.038936
0.025395
0.030229
0.037018
0.039176
0.039309
0.039480
0.037329
0.037518
0.039331
0.038113
0.039994
0.038889
0.036955
0.039227
0.039376
0.039001
0.038255
0.036731
0.036670
0.038518
0.039041
0.029778
0.031740
0.032202
0.036330
0.036499
0.036960
0.039398
0.039452
0.050245
0.040417
0.039494
0.032256
0.037071
0.036644
0.037752
0.038453
0.038625
0.039227
0.039315
0.033976
0.034385
0.033941
0.027149
0.033433
0.035357
0.036646
0.033450
0.017741
0.016054
0.038020
0.030408
0.031262
0.026885
0.031372
0.031125
0.036201
0.031086
0.042610
0.041952
0.040475
0.042151
0.042054
0.042238
0.030057
0.028622
0.032339
0.034643
0.036276
0.038185
0.039041
0.039097
0.037814
0.039191
0.039269
0.036822
0.037886
0.036712
0.038182
0.038653
0.038562
0.039489
0.039255
0.039389
0.039406
0.037250
0.049662
0.015600
0.016194
0.021669
0.024250
0.032470
0.035344
0.036451
0.036595
0.037082
0.036591
0.036452
0.025364
0.029382
0.033601
0.036720
0.037273
0.033294
0.019780
0.029719
0.026836
0.034092
0.036060
0.036663
0.034417
0.035228
0.036555
0.038719
0.037654
0.036224
0.037244
0.036608
0.039345
0.039261
0.039757
0.032206
0.033828
0.036266
0.036342
0.044090
0.038856
0.037979
0.037579
0.039198
0.039311
0.039368
0.032298
0.033843
0.036208
0.036420
0.039175
0.039202
0.039786
0.039321
0.039230
0.047111
0.035245
0.033851
0.032357
0.029732
0.029714
0.030640
0.029104
0.029261
0.028505
0.028939
0.034280
0.036606
0.030472
0.032672
0.036602
0.036570
0.039206
0.018512
0.016498
0.019717
0.025120
0.024766
0.025107
0.024992
0.026695
0.025643
0.025212
0.033819
0.037238
0.038932
0.038849
0.039144
0.038547
0.039063
0.038946
0.034407
0.037085
0.023653
0.035018
0.036243
0.030564
0.034337
0.037456
0.036448
0.039193
0.039013
0.039143
0.036647
0.032719
0.036289
0.038901
0.039089
0.039185
0.039268
0.038946
0.038895
0.040238
0.025283
0.027794
0.034653
0.036242
0.038990
0.039052
0.041084
0.039055
0.038732
0.039028
0.038985
0.036514
0.036706
0.040047
0.037737
0.038248
0.039059
0.038872
0.038925
0.038882
0.039064
0.025101
0.031049
0.018203
0.024272
0.024798
0.027470
0.026499
0.025904
0.025994
0.033782
0.036337
0.036523
0.028538
0.024497
0.034812
0.028696
0.016035
0.016179
0.016178
0.016367
0.017155
0.016516
0.029583
0.022318
0.033589
0.029784
0.032408
0.033943
0.034014
0.034566
0.036447
0.038929
0.039056
0.038659
0.040096
0.038987
0.038586
0.036059
0.036134
0.036269
0.039218
0.036909
0.029273
0.029276
0.029304
0.028096
0.027963
0.026910
0.030878
0.035050
0.036559
0.036187
0.027561
0.016270
0.016754
0.024662
0.025249
0.025493
0.026286
0.021232
0.022786
0.025579
0.026878
0.026051
0.026213
0.025989
0.026439
0.026608
0.025344
0.026091
0.026996
0.026351
0.030233
0.031128
0.030236
0.029415
0.029949
0.033439
0.036186
0.036614
0.033665
0.036348
0.034542
0.036249
0.031206
0.033172
0.038127
0.037264
0.038850
0.038938
0.040302
0.018738
0.036263
0.034044
0.036682
0.036077
0.037230
0.038927
0.039002
0.038913
0.038884
0.039168
0.038864
0.038646
0.026085
0.032370
0.034594
0.036247
0.037380
0.037358
0.038907
0.039312
0.038735
0.039024
0.039074
0.031950
0.033797
0.039237
0.040132
0.039217
0.039022
0.038862
0.039280
0.038949
0.039147
0.028841
0.047172
0.035049
0.039188
0.039154
0.041178
0.032398
0.044649
0.041864
0.041885
0.041736
0.038553
0.040847
0.040364
0.040397
0.029817
0.033076
0.036362
0.038965
0.037870
0.039028
0.033323
0.035609
0.034032
0.036224
0.039022
0.038973
0.038841
0.038993
0.038969
0.038997
0.038957
0.039989
0.030889
0.036202
0.037149
0.020459
0.019462
0.016617
0.016361
0.025150
0.027330
0.033481
0.034141
0.035669
0.034130
0.036338
0.036172
0.036362
0.037882
0.038829
0.039348
0.038878
0.039000
0.038571
0.039615
0.035107
0.039184
0.036632
0.038657
0.036351
0.036478
0.036571
0.037802
0.037774
0.035590
0.037147
0.036458
0.039352
0.039326
0.039499
0.041597
0.039392
0.039557
0.039280
0.039211
0.034812
0.036662
0.037735
0.038978
0.038327
0.038893
0.039342
0.039365
0.039027
0.038942
0.026558
0.028933
0.036628
0.036514
0.038369
0.037548
0.037681
0.038157
0.036315
0.032575
0.036043
0.026523
0.030888
0.029853
0.037176
0.036560
0.036253
0.038941
0.038961
0.040065
0.039200
0.039060
0.034033
0.036116
0.036952
0.036314
0.036365
0.035504
0.038702
0.038711
0.039214
0.039341
0.046992
0.030444
0.034430
0.034989
0.036110
0.039180
0.038038
0.024675
0.036534
0.036621
0.037081
0.039135
0.033297
0.034221
0.035672
0.037382
0.036962
0.036547
0.036461
0.033726
0.036464
0.036526
0.036377
0.034842
0.034654
0.039587
0.036710
0.027293
0.016822
0.025411
0.025262
0.025581
0.025962
0.028455
0.019230
0.031320
0.032567
0.036270
0.037316
0.037355
0.025303
0.035290
0.035454
0.039206
0.038950
0.024471
0.028850
0.036024
0.036286
0.038935
0.036781
0.037901
0.036239
0.039072
0.038919
0.036877
0.025284
0.031393
0.031022
0.030547
0.029814
0.030934
0.031328
0.030968
0.036209
0.026488
0.036347
0.034199
0.042097
0.038961
0.039274
0.040251
0.038962
0.039089
0.038899
0.039182
0.038780
0.038960
0.027046
0.032833
0.036162
0.036364
0.039734
0.036226
0.031917
0.035268
0.036464
0.025336
0.030911
0.025253
0.029726
0.028740
0.029787
0.029838
0.027198
0.029337
0.028982
0.029045
0.028804
0.029572
0.029362
0.029195
0.046355
0.036228
0.034679
0.035726
0.037074
0.036530
0.036309
0.036247
0.036384
0.036404
0.036271
0.030879
0.034018
0.035417
0.036695
0.033917
0.036337
0.036174
0.036333
0.036385
0.036307
0.036343
0.031002
0.034925
0.036278
0.036922
0.039115
0.039014
0.039060
0.038931
0.025780
0.035175
0.036496
0.026618
0.030517
0.033452
0.033672
0.036188
0.018223
0.017472
0.016467
0.024323
0.024518
0.024408
0.024959
0.024342
0.021751
0.027016
0.030089
0.033750
0.036050
0.031128
0.031208
0.030480
0.031024
0.036360
0.035941
0.037605
0.037727
0.028203
0.036303
0.035980
0.036942
0.037730
0.038664
0.039210
0.039094
0.040249
0.026758
0.030717
0.034779
0.036394
0.038973
0.039183
0.039054
0.039088
0.039241
0.039119
0.039106
0.038897
0.036027
0.039882
0.036597
0.039247
0.039244
0.039496
0.039219
0.039233
0.039115
0.025080
0.030364
0.036267
0.037605
0.037391
0.039112
0.040224
0.038876
0.039120
0.039053
0.039037
0.039105
0.036535
0.038868
0.038831
0.039002
0.039105
0.039068
0.051236
0.028350
0.035049
0.026505
0.030312
0.034958
0.036358
0.038298
0.038712
0.038908
0.036931
0.037806
0.038956
0.043884
0.026711
0.028269
0.033156
0.036397
0.036321
0.036709
0.036332
0.030891
0.040061
0.039024
0.037468
0.034800
0.036443
0.031560
0.036165
0.036336
0.037072
0.037899
0.038843
0.038945
0.038908
0.039133
0.028952
0.031823
0.034200
0.036196
0.054568
0.026948
0.022554
0.025577
0.032746
0.032290
0.032072
0.032826
0.033493
0.033594
0.033403
0.033573
0.032992
0.032764
0.023709
0.025241
0.026379
0.026267
0.027534
0.024867
0.031189
0.036177
0.037239
0.037771
0.038648
0.038864
0.038606
0.038696
0.038905
0.038234
0.026298
0.030042
0.036549
0.036363
0.036338
0.039037
0.036660
0.037529
0.038044
0.038434
0.038870
0.025276
0.030798
0.035183
0.036146
0.038974
0.043919
0.038334
0.039092
0.039033
0.039014
0.034909
0.036051
0.035817
0.038165
0.039005
0.038979
0.039006
0.038899
0.038614
0.039998
0.037122
0.023009
0.026722
0.029442
0.029993
0.031424
0.036306
0.036404
0.038948
0.039073
0.037775
0.038445
0.025268
0.032157
0.036168
0.035830
0.038853
0.038812
0.036382
0.038068
0.038436
0.038596
0.038836
0.025265
0.030209
0.038123
0.036168
0.040114
0.038919
0.038914
0.038892
0.039063
0.039001
0.038920
0.036893
0.020359
0.035989
0.036100
0.037287
0.037744
0.038920
0.039950
0.039021
0.038762
0.032665
0.035580
0.033562
0.038655
0.038962
0.017778
0.018004
0.016222
0.023709
0.024574
0.024245
0.025438
0.042162
0.025485
0.026956
0.033468
0.034678
0.036033
0.036321
0.038673
0.036597
0.038797
0.039100
0.039039
0.026163
0.030314
0.033603
0.036176
0.035986
0.036000
0.036077
0.036101
0.036147
0.036161
0.037749
0.038355
0.034972
0.036490
0.035504
0.037327
0.038925
0.038576
0.039020
0.039644
0.039369
0.039053
0.027506
0.031896
0.035675
0.036160
0.039124
0.038932
0.047234
0.034754
0.036211
0.038765
0.038999
0.033655
0.024133
0.036078
0.036209
0.038741
0.039126
0.038908
0.038803
0.038954
0.039057
0.040184
0.038684
0.036593
0.038231
0.038819
0.038840
0.038876
0.038957
0.039148
0.035713
0.038269
0.026695
0.030812
0.036149
0.037075
0.036056
0.035427
0.036200
0.036204
0.036191
0.036617
0.037386
0.025044
0.030210
0.036717
0.042993
0.038759
0.038899
0.035043
0.038688
0.039015
0.038785
0.039067
0.027370
0.034741
0.036026
0.038949
0.038984
0.038905
0.037688
0.039047
0.038917
0.040238
0.038777
0.029679
0.034266
0.036370
0.036184
0.028333
0.018110
0.016047
0.024983
0.025095
0.034701
0.023590
0.031501
0.031188
0.034708
0.036793
0.038435
0.039099
0.039110
0.038989
0.039121
0.038930
0.039004
0.026653
0.028663
0.035990
0.036269
0.052616
0.038541
0.039110
0.038855
0.038927
0.038868
0.039491
0.034903
0.035254
0.039321
0.039210
0.039275
0.039046
0.039001
0.040065
0.038967
0.039156
0.025242
0.030496
0.036138
0.036390
0.038416
0.038892
0.042786
0.036059
0.038768
0.038961
0.038859
0.039645
0.037070
0.038881
0.039077
0.039012
0.039229
0.038981
0.038897
0.038875
0.039108
0.026933
0.033352
0.035927
0.035955
0.037404
0.038152
0.040085
0.038975
0.039089
0.038859
0.038958
0.038714
0.037303
0.038935
0.038877
0.038835
0.029117
0.036096
0.038093
0.038911
0.039341
0.027497
0.032685
0.035804
0.036237
0.039166
0.039037
0.039281
0.038944
0.039046
0.038826
0.038968
0.034780
0.034078
0.038544
0.038133
0.032320
0.035992
0.038911
0.039016
0.038921
0.039222
0.034019
0.035697
0.035122
0.036004
0.037407
0.020376
0.018415
0.023426
0.025193
0.025144
0.026190
0.025795
0.025193
0.026100
0.025680
0.025621
0.026029
0.026042
0.026549
0.025633
0.027175
0.026050
0.025926
0.026168
0.024022
0.029469
0.032158
0.036145
0.038826
0.038566
0.037280
0.038105
0.037353
0.038825
0.038900
0.036551
0.039242
0.036722
0.037544
0.038925
0.039357
0.038493
0.039084
0.038432
0.038883
0.038855
0.027039
0.033922
0.035895
0.038653
0.038828
0.039118
0.039069
0.038951
0.038731
0.038860
0.037526
0.037984
0.035665
0.037275
0.040175
0.039385
0.038793
0.039104
0.038874
0.038764
0.038939
0.033544
0.018068
0.021819
0.030843
0.033689
0.036210
0.036262
0.039885
0.038736
0.046187
0.038717
0.031165
0.035628
0.037742
0.036129
0.038539
0.038755
0.038740
0.039021
0.038825
0.038685
0.040204
0.038265
0.036295
0.038813
0.039044
0.037300
0.038838
0.038720
0.038802
0.038928
0.036956
0.037582
0.038327
0.038171
0.039835
0.038797
0.038739
0.038964
0.038926
0.039073
0.038856
0.038760
0.031385
0.033780
0.033717
0.036299
0.038839
0.018045
0.016765
0.024626
0.025619
0.025645
0.025412
0.025777
0.024845
0.034035
0.035448
0.036234
0.039159
0.039276
0.037577
0.039433
0.040226
0.037812
0.039035
0.027441
0.031061
0.028675
0.030466
0.029943
0.029548
0.029977
0.034995
0.030211
0.029971
0.029118
0.031321
0.025442
0.030643
0.035895
0.036021
0.038149
0.039001
0.056317
0.042445
0.041987
0.041770
0.041686
0.039985
0.034498
0.045182
0.041716
0.041515
0.041684
0.042044
0.041729
0.041930
0.029611
0.027725
0.034701
0.036554
0.039251
0.039097
0.039474
0.076930
0.015598
0.032060
0.016011
0.029859
0.033613
0.033247
0.036043
0.036248
0.036032
0.036263
0.036162
0.038692
0.036531
0.037478
0.039083
0.039582
0.026006
0.036062
0.035708
0.035479
0.036513
0.036392
0.036285
0.035554
0.035575
0.036301
0.029853
0.035106
0.036245
0.036157
0.037302
0.038389
0.038262
0.038457
0.038374
0.038944
0.037025
0.036524
0.034091
0.037038
0.039051
0.040407
0.039544
0.039270
0.039363
0.039350
0.039117
0.032743
0.033266
0.035750
0.036278
0.026281
0.018574
0.015937
0.023924
0.032501
0.034008
0.031464
0.038069
0.033634
0.037690
0.036398
0.037260
0.037640
0.038298
0.039067
0.037016
0.039004
0.039251
0.033222
0.032393
0.036191
0.037197
0.037361
0.038575
0.038821
0.036403
0.036745
0.037175
0.039007
0.027617
0.030780
0.033782
0.037424
0.037951
0.038248
0.038884
0.038832
0.038967
0.039007
0.039168
0.035540
0.036715
0.037727
0.036907
0.037392
0.038873
0.040217
0.039343
0.038939
0.039154
0.031715
0.033850
0.035614
0.036388
0.038904
0.039043
0.039180
0.039160
0.039023
0.039077
0.040409
0.025523
0.030652
0.028991
0.029537
0.029489
0.028570
0.029006
0.029653
0.029439
0.028949
0.029280
0.028665
0.024335
0.028323
0.028548
0.029117
0.028878
0.032429
0.035885
0.036753
0.036401
0.038646
0.039096
0.027322
0.031214
0.034539
0.036326
0.037665
0.039114
0.038941
0.038947
0.038838
0.038948
0.038987
0.024598
0.029438
0.036137
0.036092
0.039459
0.035119
0.039333
0.040540
0.039064
0.039081
0.030184
0.029173
0.031120
0.035817
0.036404
0.029319
0.018584
0.016060
0.024146
0.024480
0.025639
0.025349
0.025398
0.021759
0.023776
0.025702
0.024925
0.033560
0.036188
0.037975
0.039112
0.039099
0.039083
0.038890
0.034847
0.031823
0.033650
0.035876
0.035952
0.035805
0.039134
0.035925
0.037900
0.036130
0.038749
0.027092
0.030804
0.034044
0.036188
0.037079
0.038780
0.039149
0.039126
0.039109
0.038893
0.038910
0.025828
0.030719
0.032691
0.036131
0.036198
0.036702
0.037395
0.036957
0.038061
0.038767
0.039056
0.025165
0.031633
0.035349
0.034662
0.040312
0.036421
0.038905
0.039280
0.039290
0.039200
0.034699
0.035278
0.035376
0.026396
0.023926
0.029658
0.031109
0.031269
0.030223
0.031399
0.031161
0.031538
0.029360
0.032905
0.037417
0.036079
0.036279
0.037682
0.036415
0.036306
0.038940
0.039009
0.038770
0.039117
0.034366
0.036309
0.038656
0.038929
0.040331
0.039001
0.039037
0.039101
0.038883
0.025261
0.029936
0.030206
0.029874
0.028964
0.028899
0.028902
0.029189
0.030317
0.029820
0.029686
0.028918
0.024054
0.025337
0.027865
0.029071
0.029301
0.021476
0.019132
0.016421
0.023664
0.024986
0.025062
0.025639
0.024891
0.022721
0.030731
0.033200
0.036149
0.036111
0.038786
0.038869
0.038633
0.036976
0.038744
0.039095
0.027421
0.031280
0.034241
0.036276
0.038703
0.038656
0.038521
0.036149
0.039069
0.037152
0.039026
0.025404
0.030536
0.035125
0.036331
0.037718
0.038911
0.039178
0.038962
0.038902
0.039059
0.038858
0.039212
0.036912
0.038822
0.038974
0.038814
0.039099
0.039086
0.040224
0.038723
0.038836
0.028573
0.034314
0.036185
0.036261
0.038783
0.038920
0.039050
0.038834
0.039059
0.039085
0.037921
0.040377
0.037144
0.038660
0.039048
0.038787
0.038879
0.056587
0.038508
0.038875
0.038678
0.045202
0.034869
0.038877
0.039073
0.034826
0.038856
0.036146
0.038781
0.038709
0.038860
0.031939
0.037364
0.035030
0.036479
0.038661
0.039098
0.038934
0.038927
0.041652
0.039573
0.039136
0.038208
0.037030
0.036298
0.038871
0.038073
0.038814
0.039073
0.039333
0.039008
0.036186
0.034359
0.037499
0.034750
0.037817
0.036994
0.040637
0.016588
0.025709
0.025440
0.026122
0.026474
0.026224
0.024717
0.032172
0.032805
0.036036
0.036198
0.039029
0.037075
0.039027
0.038793
0.038812
0.038902
0.026657
0.029794
0.033213
0.036272
0.038666
0.038950
0.037516
0.036305
0.036080
0.038927
0.036773
0.036832
0.038761
0.037733
0.039015
0.038932
0.039287
0.036278
0.038957
0.038797
0.040083
0.038844
0.025750
0.030264
0.035083
0.036282
0.039010
0.039402
0.038746
0.038947
0.039082
0.039090
0.038981
0.034469
0.037055
0.037145
0.039204
0.038884
0.038951
0.039206
0.038905
0.038982
0.038807
0.027684
0.030633
0.029157
0.035977
0.036241
0.040048
0.038890
0.039185
0.038378
0.038791
0.039067
0.038503
0.033643
0.031315
0.037490
0.037867
0.039100
0.038896
0.039080
0.040327
0.038781
0.032985
0.036001
0.036071
0.036169
0.036165
0.039167
0.039125
0.039378
0.039030
0.039260
0.038629
0.032503
0.037538
0.031958
0.030440
0.030819
0.027535
0.031634
0.033984
0.037055
0.037118
0.038760
0.028643
0.034141
0.035849
0.036470
0.038243
0.019620
0.026167
0.027383
0.028733
0.028947
0.028886
0.027833
0.036177
0.035110
0.036095
0.036228
0.038781
0.038934
0.040168
0.039060
0.038969
0.038919
0.033437
0.035068
0.033621
0.038861
0.039018
0.038713
0.038821
0.039103
0.037007
0.037956
0.037382
0.037063
0.036376
0.035237
0.033806
0.036101
0.036258
0.038136
0.037761
0.038637
0.039071
0.039054
0.038890
0.041673
0.036316
0.038893
0.038971
0.038800
0.039119
0.039252
0.039017
0.038848
0.038852
0.026538
0.029974
0.035410
0.036163
0.036261
0.040220
0.038993
0.039108
0.039027
0.036110
0.038795
0.038554
0.038000
0.039092
0.038866
0.038293
0.029911
0.030982
0.030872
0.031636
0.031176
0.028467
0.032942
0.031904
0.037653
0.038792
0.038774
0.038773
0.038762
0.039206
0.038964
0.038972
0.025195
0.033855
0.036394
0.038057
0.039131
0.039117
0.038858
0.038902
0.038784
0.038918
0.034741
0.035447
0.037325
0.039014
0.039130
0.040244
0.038829
0.056678
0.042096
0.042095
0.040591
0.040425
0.039506
0.039821
0.039359
0.027870
0.022419
0.022502
0.018980
0.028418
0.037003
0.026417
0.025616
0.027102
0.032621
0.033946
0.036176
0.038447
0.038929
0.038826
0.039439
0.038831
0.038745
0.028060
0.033141
0.036064
0.036442
0.036371
0.037588
0.036196
0.038886
0.039055
0.039086
0.038944
0.032592
0.035366
0.036911
0.038178
0.038825
0.039062
0.039066
0.039211
0.039526
0.039052
0.025340
0.027403
0.030384
0.036382
0.037549
0.038799
0.038995
0.040269
0.038941
0.039645
0.039162
0.039224
0.037661
0.038802
0.039013
0.038951
0.039049
0.039085
0.038995
0.039395
0.039038
0.032589
0.035073
0.036439
0.038998
0.039353
0.038775
0.038786
0.039109
0.038845
0.038794
0.036875
0.037747
0.031966
0.038653
0.037326
0.038776
0.036145
0.036135
0.036168
0.036415
0.036205
0.036239
0.032795
0.034794
0.036340
0.038165
0.039412
0.039029
0.040139
0.039219
0.039016
0.039095
0.026591
0.030911
0.036485
0.037020
0.038920
0.039139
0.039116
0.038965
0.039021
0.038943
0.038337
0.039174
0.037231
0.036824
0.037017
0.018481
0.017121
0.023839
0.024154
0.024711
0.025357
0.025515
0.026791
0.022615
0.030152
0.034000
0.036455
0.036448
0.036455
0.038947
0.036529
0.036651
0.038165
0.039127
0.027059
0.031563
0.025691
0.035636
0.037559
0.035955
0.036022
0.036187
0.036231
0.036092
0.038697
0.036797
0.034039
0.035412
0.036185
0.036132
0.038783
0.038960
0.040118
0.038972
0.038715
0.038844
0.036848
0.033907
0.033779
0.036110
0.035824
0.036045
0.037363
0.038032
0.038507
0.038858
0.040107
0.038661
0.039366
0.036605
0.037382
0.037319
0.039021
0.038617
0.038996
0.038794
0.039215
0.039073
0.025418
0.028604
0.030182
0.029396
0.029768
0.030852
0.030768
0.029210
0.030717
0.030124
0.030365
0.029073
0.034775
0.029439
0.036151
0.038549
0.040089
0.037863
0.036699
0.038804
0.038893
0.039159
0.029662
0.032137
0.031626
0.036337
0.036457
0.038934
0.038550
0.038913
0.040535
0.038997
0.038895
0.025240
0.029935
0.036017
0.036204
0.039442
0.039022
0.039008
0.039025
0.039056
0.039214
0.038864
0.035505
0.036648
0.037762
0.038749
0.019090
0.019282
0.016043
0.023242
0.030348
0.033632
0.036148
0.036026
0.037265
0.036267
0.037597
0.038765
0.039122
0.038965
0.038954
0.039514
0.039029
0.039109
0.026492
0.030413
0.035665
0.036084
0.038803
0.046902
0.035064
0.036229
0.036395
0.038864
0.038969
0.029391
0.034275
0.036471
0.038526
0.038969
0.038904
0.038744
0.038976
0.038773
0.040411
0.038980
0.038361
0.036846
0.039079
0.038816
0.038769
0.038805
0.039007
0.051324
0.032397
0.036166
0.029217
0.034173
0.037486
0.038986
0.038943
0.038809
0.038942
0.038838
0.038929
0.038924
0.031629
0.032150
0.034319
0.035185
0.038842
0.039025
0.040175
0.038159
0.022040
0.034591
0.035460
0.036020
0.031573
0.034397
0.035755
0.037315
0.040619
0.038863
0.038886
0.060041
0.044170
0.033178
0.034623
0.035563
0.036422
0.038598
0.038984
0.038889
0.038905
0.038902
0.038797
0.039335
0.039006
0.026518
0.035341
0.035821
0.036320
0.038682
0.038997
0.038890
0.038757
0.038848
0.039100
0.038959
0.038809
0.036562
0.036692
0.039005
0.019940
0.018143
0.016428
0.016681
0.016520
0.016579
0.016153
0.016907
0.016319
0.016474
0.023818
0.025268
0.025009
0.025200
0.026849
0.026659
0.026251
0.026258
0.025747
0.024985
0.024636
0.026635
0.021672
0.025691
0.025188
0.025898
0.025810
0.025846
0.026551
0.025677
0.026141
0.025414
0.025975
0.027057
0.029608
0.033195
0.038255
0.016077
0.022920
0.016716
0.016554
0.032700
0.017298
0.016398
0.016552
0.032410
0.016461
0.032406
0.016164
0.016225
0.016427
0.016365
0.019166
0.032368
0.016263
0.030179
0.017085
0.032598
0.016458
0.016213
0.023069
0.033144
0.016385
0.020910
0.031806
0.035115
0.036144
0.038614
0.044818
0.039054
0.040257
0.025136
0.030036
0.035893
0.037419
0.038954
0.039260
0.039151
0.039039
0.039085
0.038959
0.034721
0.034281
0.038373
0.040100
0.038758
0.030307
0.028896
0.027546
0.027973
0.028082
0.027310
0.033798
0.025274
0.030806
0.035002
0.036150
0.038628
0.037536
0.038814
0.033315
0.036012
0.036582
0.036062
0.025091
0.029769
0.032286
0.036117
0.038897
0.038996
0.038896
0.039003
0.040081
0.039118
0.039039
0.037644
0.037038
0.038637
0.039209
0.017491
0.019597
0.023291
0.023538
0.024363
0.025606
0.033609
0.025889
0.030251
0.034780
0.036247
0.036665
0.037212
0.038890
0.038480
0.035903
0.038582
0.039017
0.029240
0.034824
0.035701
0.038189
0.037809
0.038719
0.038890
0.038890
0.038710
0.038656
0.039679
0.029466
0.034417
0.034083
0.034974
0.035455
0.036108
0.037359
0.036535
0.038689
0.039239
0.038399
0.037927
0.038214
0.038908
0.039222
0.039069
0.038947
0.035011
0.036103
0.038633
0.037470
0.026545
0.032903
0.038125
0.036572
0.038093
0.039200
0.038886
0.038855
0.038987
0.039020
0.037224
0.037659
0.035863
0.037740
0.038631
0.038828
0.038789
0.038697
0.039068
0.038924
0.038827
0.028759
0.031151
0.033253
0.035799
0.036016
0.038846
0.039831
0.037230
0.038141
0.038242
0.038702
0.029012
0.032422
0.035449
0.036121
0.039223
0.038871
0.038774
0.038789
0.039221
0.040223
0.038867
0.025328
0.030577
0.028483
0.035986
0.036154
0.038674
0.038897
0.038919
0.039008
0.038690
0.039084
0.026463
0.031301
0.035180
0.036091
0.036303
0.018416
0.017540
0.018107
0.018107
0.017764
0.024005
0.024562
0.023859
0.024943
0.028059
0.027468
0.029042
0.033614
0.035717
0.036176
0.039187
0.039286
0.039170
0.038895
0.028567
0.032241
0.027608
0.031655
0.034460
0.037356
0.036236
0.036452
0.036382
0.036546
0.038871
0.038738
0.025677
0.029510
0.033016
0.036059
0.036303
0.039228
0.039158
0.040201
0.038780
0.038808
0.038877
0.025093
0.028789
0.034935
0.036107
0.035926
0.038760
0.038843
0.038677
0.038987
0.038959
0.040017
0.025446
0.033898
0.036310
0.038952
0.039304
0.038808
0.038925
0.039005
0.038916
0.038822
0.033459
0.037074
0.036468
0.037314
0.037231
0.038374
0.036103
0.036183
0.037421
0.038315
0.025230
0.032701
0.027867
0.033589
0.036061
0.036137
0.038529
0.037461
0.036153
0.036208
0.036548
0.039024
0.039187
0.034579
0.035506
0.036100
0.038123
0.038831
0.039122
0.038803
0.038783
0.040439
0.039580
0.026584
0.030548
0.035382
0.036053
0.038674
0.038927
0.039183
0.038594
0.038818
0.038897
0.039123
0.036011
0.036271
0.030734
0.036227
0.019904
0.019452
0.024401
0.025073
0.024967
0.025661
0.025330
0.026001
0.030899
0.031901
0.036125
0.037585
0.038833
0.038994
0.039003
0.038764
0.039021
0.038924
0.025211
0.030478
0.033407
0.036200
0.036031
0.038976
0.038485
0.040175
0.038934
0.038925
0.038995
0.025886
0.030835
0.034743
0.033772
0.036252
0.036301
0.039228
0.038833
0.038995
0.038646
0.040658
0.027493
0.033663
0.036015
0.037053
0.039097
0.039072
0.038803
0.039024
0.032731
0.038903
0.036088
0.038695
0.038616
0.040268
0.039207
0.039218
0.039141
0.039056
0.038910
0.038997
0.039418
0.036079
0.036002
0.038707
0.038732
0.038832
0.039017
0.040202
0.037652
0.038893
0.038829
0.036189
0.036947
0.037274
0.032595
0.035926
0.038564
0.038875
0.037202
0.038892
0.038814
0.040083
0.028998
0.031477
0.035230
0.036221
0.037432
0.039179
0.038814
0.038927
0.038804
0.039032
0.038725
0.031828
0.033208
0.037550
0.037728
0.038796
0.038873
0.038837
0.039012
0.038477
0.038672
0.035275
0.039846
0.035642
0.036231
0.038771
0.019421
0.020405
0.022142
0.024015
0.024642
0.024397
0.025280
0.025324
0.023219
0.025818
0.033595
0.036274
0.036454
0.038888
0.039115
0.040327
0.039002
0.038705
0.038834
0.038809
0.030710
0.032623
0.035724
0.036761
0.036106
0.038485
0.038577
0.038873
0.038644
0.033311
0.036314
0.035980
0.038270
0.038910
0.041367
0.056783
0.041562
0.067630
0.041958
0.036578
0.035049
0.038612
0.032462
0.044563
0.041683
0.041780
0.041655
0.041639
0.041756
0.029083
0.031321
0.034345
0.036154
0.037516
0.038089
0.039010
0.038909
0.040392
0.039071
0.038966
0.025425
0.031164
0.035832
0.036178
0.037739
0.038725
0.038765
0.038955
0.039038
0.038825
0.038938
0.032413
0.033727
0.036060
0.023420
0.035863
0.036152
0.036219
0.036009
0.038942
0.038806
0.038897
0.026710
0.033568
0.035917
0.037654
0.037128
0.037677
0.038255
0.038705
0.038775
0.038605
0.039076
0.032995
0.034331
0.035703
0.036360
0.039023
0.038911
0.040147
0.038801
0.043780
0.028760
0.020787
0.028283
0.032936
0.036040
0.035995
0.026935
0.017983
0.016387
0.016504
0.016081
0.016882
0.031239
0.033688
0.025320
0.031431
0.034228
0.036175
0.039229
0.036975
0.039116
0.039249
0.039309
0.039194
0.039103
0.026378
0.031102
0.036275
0.036296
0.038901
0.036151
0.036196
0.036244
0.036132
0.036155
0.037175
0.033427
0.036836
0.034719
0.037402
0.037231
0.037904
0.038570
0.038860
0.038946
0.038918
0.038854
0.026532
0.031320
0.035023
0.036054
0.038983
0.039201
0.037381
0.038820
0.038850
0.038957
0.038743
0.034266
0.035999
0.038346
0.038747
0.039537
0.052346
0.027969
0.037711
0.035951
0.037417
0.031190
0.032105
0.034216
0.036138
0.036104
0.039054
0.038971
0.038718
0.038774
0.038842
0.038923
0.021734
0.029599
0.033536
0.038250
0.035887
0.035789
0.036224
0.036014
0.036065
0.038183
0.038866
0.039007
0.037873
0.036276
0.035978
0.036125
0.037232
0.038906
0.038817
0.038793
0.038606
0.039058
0.038752
0.038572
0.035155
0.031084
0.031094
0.030235
0.035183
0.036179
0.037521
0.038846
0.038897
0.038899
0.038975
0.036462
0.037423
0.038627
0.019584
0.017324
0.017396
0.025233
0.024993
0.026587
0.026003
0.024921
0.025884
0.025646
0.026006
0.025947
0.025919
0.025941
0.025382
0.026387
0.026665
0.026558
0.027027
0.026200
0.030931
0.031730
0.029575
0.035890
0.035826
0.036410
0.036155
0.036096
0.038906
0.039038
0.039187
0.025141
0.031221
0.031637
0.036472
0.035954
0.038837
0.038795
0.038870
0.042065
0.036097
0.038882
0.034271
0.035007
0.036148
0.035952
0.038755
0.038735
0.040102
0.038827
0.038407
0.038979
0.038514
0.038929
0.035472
0.036024
0.036325
0.036848
0.038818
0.020301
0.036069
0.036083
0.037543
0.038185
0.038895
0.035897
0.038768
0.038769
0.038905
0.038913
0.039025
0.038954
0.038803
0.038960
0.026227
0.030951
0.037583
0.035961
0.038538
0.038317
0.038752
0.036121
0.036844
0.038820
0.038793
0.026251
0.030774
0.034815
0.035917
0.037788
0.040346
0.038853
0.038769
0.038879
0.038726
0.038874
0.032825
0.035314
0.036073
0.038667
0.038788
0.038582
0.039099
0.038809
0.040361
0.038822
0.028377
0.030891
0.035850
0.038627
0.038729
0.018867
0.016507
0.018483
0.024744
0.025069
0.025487
0.025814
0.023814
0.029631
0.032563
0.036332
0.036121
0.038640
0.038808
0.038797
0.039053
0.039057
0.038916
0.026880
0.032496
0.035978
0.037259
0.036087
0.039095
0.038950
0.036128
0.037295
0.037742
0.038721
0.025064
0.029573
0.028902
0.029627
0.029450
0.035429
0.028912
0.028605
0.032955
0.036506
0.050474
0.026278
0.029731
0.034504
0.035924
0.038872
0.038650
0.038828
0.038832
0.038893
0.040377
0.038822
0.035732
0.035981
0.038763
0.038995
0.038805
0.038596
0.024185
0.036047
0.035763
0.038579
0.037064
0.039599
0.037477
0.038990
0.038969
0.038873
0.038660
0.039099
0.038846
0.039386
0.038661
0.034983
0.035786
0.038730
0.038428
0.038644
0.039956
0.038052
0.038556
0.038657
0.039035
0.038870
0.037224
0.036007
0.039221
0.038698
0.038843
0.038752
0.051227
0.038700
0.040375
0.039127
0.030038
0.033187
0.034431
0.036104
0.039144
0.038855
0.038575
0.038744
0.039134
0.038903
0.039206
0.032751
0.036208
0.036060
0.038825
0.024537
0.019389
0.016253
0.023302
0.024413
0.025228
0.025399
0.025985
0.023166
0.024574
0.024720
0.026569
0.025977
0.025712
0.025800
0.033807
0.035939
0.036654
0.038910
0.039161
0.039050
0.034304
0.036306
0.038192
0.038492
0.039953
0.038988
0.038378
0.039010
0.039109
0.029380
0.031315
0.034505
0.035502
0.036201
0.037767
0.038872
0.032006
0.038784
0.039848
0.038959
0.029787
0.035728
0.037031
0.037683
0.038807
0.038820
0.038824
0.038856
0.036822
0.038739
0.038878
0.037027
0.032673
0.030607
0.030235
0.030201
0.030440
0.029605
0.029577
0.030273
0.030182
0.030265
0.029651
0.030503
0.028741
0.029106
0.029994
0.029760
0.030654
0.030460
0.030061
0.030159
0.030598
0.030583
0.025185
0.029760
0.035628
0.038772
0.023634
0.019096
0.025408
0.024881
0.024958
0.024369
0.025102
0.025361
0.024894
0.025983
0.025524
0.025746
0.025477
0.029498
0.031198
0.036135
0.035404
0.038853
0.038831
0.038752
0.030386
0.034694
0.036209
0.038857
0.039156
0.038961
0.039059
0.039096
0.039079
0.036186
0.037944
0.038836
0.052258
0.036373
0.038773
0.043292
0.016069
0.026622
0.025818
0.025979
0.026215
0.026285
0.025216
0.026172
0.026860
0.027023
0.026453
0.026243
0.033618
0.036196
0.038711
0.039019
0.039061
0.031464
0.035985
0.030472
0.036341
0.036285
0.037500
0.036146
0.036464
0.038969
0.039320
0.039499
0.035041
0.037250
0.037795
0.022367
0.022868
0.022843
0.022733
0.022481
0.023751
0.022207
0.033780
0.033510
0.033840
0.036964
0.037961
0.038768
0.038882
0.038784
0.039174
0.038947
0.039007
0.039253
0.033149
0.033331
0.037817
0.038839
0.038812
0.042538
0.038665
0.038620
0.038883
0.038756
0.030762
0.043876
0.022822
0.034976
0.037275
0.036082
0.037749
0.038344
0.038361
0.038981
0.038956
0.027715
0.032147
0.034184
0.036134
0.035867
0.038507
0.038686
0.040260
0.038747
0.039032
0.038825
0.025014
0.030190
0.035871
0.036116
0.038782
0.038433
0.038960
0.038928
0.038682
0.038897
0.040316
0.033720
0.036795
0.039064
0.038708
0.039028
0.038818
0.038567
0.038996
0.043602
0.031749
0.030272
0.033821
0.037785
0.039944
0.038848
0.020631
0.017917
0.016945
0.027983
0.031512
0.035985
0.036105
0.024928
0.030686
0.035685
0.036024
0.038906
0.039896
0.038736
0.040116
0.038610
0.038896
0.038948
0.026307
0.029990
0.034474
0.036177
0.038546
0.036788
0.035960
0.036122
0.038399
0.036233
0.036252
0.035833
0.035904
0.034791
0.036083
0.038915
0.038769
0.036264
0.037195
0.039037
0.038600
0.039273
0.038109
0.037561
0.038087
0.038931
0.037517
0.038900
0.038929
0.038856
0.038843
0.036648
0.037591
0.030261
0.032199
0.035585
0.037520
0.038673
0.038362
0.038898
0.038791
0.038926
0.038700
0.038884
0.028413
0.032591
0.032881
0.035111
0.035964
0.036211
0.037500
0.039055
0.038907
0.038862
0.038669
0.031762
0.034620
0.031947
0.036145
0.035841
0.038815
0.038517
0.038506
0.039136
0.040333
0.038851
0.031254
0.034976
0.033756
0.036057
0.036307
0.039048
0.038684
0.038894
0.039036
0.038983
0.038797
0.027087
0.034201
0.036195
0.036006
0.038569
0.036494
0.038786
0.037927
0.038483
0.038715
0.039074
0.029339
0.034133
0.036182
0.038817
0.026167
0.019793
0.023015
0.024908
0.024524
0.025531
0.025271
0.024527
0.024503
0.025291
0.025628
0.024797
0.025807
0.025228
0.026463
0.025883
0.026021
0.025731
0.024975
0.025744
0.024825
0.026785
0.026194
0.026013
0.025894
0.025953
0.025477
0.025179
0.034884
0.036269
0.038624
0.038812
0.032860
0.034491
0.035334
0.036091
0.038737
0.039038
0.038793
0.038728
0.039250
0.038481
0.040183
0.026452
0.031118
0.035637
0.036120
0.035676
0.038625
0.036517
0.037357
0.037771
0.038455
0.039046
0.029195
0.032748
0.036460
0.036090
0.039007
0.038917
0.038915
0.039149
0.038683
0.038920
0.038826
0.035278
0.029190
0.036122
0.035979
0.038860
0.039986
0.038873
0.039103
0.039029
0.038896
0.038418
0.039755
0.035244
0.039022
0.038737
0.038415
0.038877
0.038449
0.038819
0.040335
0.039207
0.026200
0.030787
0.035014
0.036053
0.038871
0.038869
0.036240
0.036963
0.038735
0.038903
0.038875
0.026375
0.029143
0.034366
0.036229
0.036194
0.039284
0.035696
0.035703
0.036516
0.035902
0.038374
0.031811
0.035825
0.034645
0.035994
0.036800
0.018749
0.018926
0.016141
0.020866
0.022882
0.024889
0.025092
0.025493
0.036339
0.028515
0.031471
0.034503
0.036075
0.037262
0.039043
0.038761
0.038956
0.038783
0.038938
0.038724
0.036256
0.038823
0.038637
0.038669
0.038433
0.038721
0.038765
0.037300
0.037950
0.036648
0.038697
0.037045
0.038962
0.038902
0.039033
0.038887
0.038822
0.039065
0.038946
0.038829
0.024887
0.032938
0.036110
0.036164
0.038103
0.038707
0.038804
0.038667
0.039005
0.038613
0.036763
0.035282
0.035449
0.038720
0.038731
0.040144
0.038813
0.038834
0.038655
0.039179
0.038835
0.038338
0.031230
0.042423
0.036438
0.038881
0.038748
0.038648
0.038876
0.039902
0.039216
0.038850
0.026172
0.030256
0.036040
0.036035
0.036279
0.037200
0.038717
0.038662
0.038031
0.038861
0.038793
0.030416
0.030940
0.034621
0.036112
0.035908
0.038839
0.039012
0.038913
0.038798
0.041658
0.038858
0.036482
0.031966
0.036009
0.037077
0.037101
0.038031
0.038547
0.038608
0.038721
0.036751
0.038888
0.029918
0.034391
0.036159
0.035283
0.038426
0.018041
0.019914
0.022421
0.023220
0.024515
0.024885
0.024567
0.024958
0.029776
0.032779
0.033896
0.036648
0.037847
0.039239
0.039236
0.037551
0.039573
0.039312
0.025312
0.030768
0.034784
0.036315
0.036210
0.039193
0.039026
0.038999
0.039159
0.039289
0.038776
0.027562
0.029888
0.028055
0.035051
0.036365
0.036518
0.037115
0.036220
0.038306
0.034378
0.038827
0.037258
0.033477
0.035008
0.037346
0.036562
0.037433
0.037732
0.038346
0.038942
0.038824
0.038989
0.035683
0.037454
0.036380
0.038970
0.039092
0.038785
0.040488
0.039026
0.038864
0.039076
0.039037
0.025060
0.029509
0.036196
0.038937
0.038909
0.016392
0.025241
0.033548
0.036225
0.040204
0.038892
0.028771
0.030563
0.034524
0.037354
0.037653
0.038675
0.039285
0.038926
0.039191
0.039194
0.037871
0.025250
0.033213
0.036305
0.055402
0.042322
0.042315
0.042047
0.042097
0.042105
0.042363
0.037069
0.037033
0.038634
0.039570
0.032675
0.042972
0.042053
0.029752
0.031755
0.035421
0.036391
0.026955
0.031098
0.033862
0.036104
0.036179
0.018494
0.019154
0.016183
0.025220
0.026350
0.026538
0.026494
0.026116
0.033887
0.035026
0.035866
0.036859
0.037472
0.039006
0.038951
0.038933
0.038998
0.039934
0.027275
0.030629
0.032775
0.036389
0.036308
0.036199
0.036361
0.036268
0.036337
0.039267
0.039028
0.033880
0.033596
0.035792
0.038875
0.039343
0.039000
0.038899
0.038783
0.038826
0.038897
0.038612
0.030515
0.035203
0.036463
0.038879
0.038892
0.040238
0.038816
0.038879
0.038421
0.038842
0.032020
0.034530
0.034614
0.036267
0.038592
0.036393
0.038600
0.038748
0.038955
0.040218
0.039060
0.025205
0.030442
0.034684
0.036201
0.038863
0.038750
0.039031
0.038951
0.038778
0.038733
0.039142
0.027613
0.034956
0.036111
0.035953
0.038744
0.038524
0.038752
0.038757
0.037171
0.033456
0.033347
0.028043
0.034229
0.035391
0.033896
0.037935
0.037168
0.038900
0.039149
0.038914
0.039029
0.032285
0.036147
0.035222
0.038783
0.037025
0.039014
0.039153
0.038978
0.039870
0.039098
0.039191
0.026498
0.030432
0.029913
0.029953
0.029439
0.020520
0.017147
0.017103
0.024699
0.024729
0.025299
0.026436
0.019318
0.025105
0.025567
0.026253
0.026146
0.025867
0.027551
0.025091
0.026401
0.025581
0.033895
0.035252
0.031799
0.034938
0.030541
0.038572
0.039166
0.039062
0.040811
0.036267
0.037061
0.041030
0.036486
0.026904
0.030483
0.035280
0.036125
0.038076
0.037031
0.039270
0.039202
0.039333
0.039385
0.039069
0.026075
0.033098
0.036115
0.036418
0.039240
0.039174
0.039002
0.040267
0.038817
0.038969
0.038661
0.038454
0.036665
0.038705
0.038860
0.038869
0.038784
0.039048
0.039271
0.038985
0.039302
0.026265
0.030395
0.035319
0.035918
0.038796
0.038795
0.038739
0.038961
0.038984
0.039478
0.033955
0.031335
0.034542
0.036336
0.037520
0.038593
0.033416
0.035993
0.036080
0.039169
0.038713
0.038901
0.024974
0.029644
0.035274
0.036174
0.037396
0.038060
0.037423
0.038823
0.038893
0.038801
0.038917
0.031541
0.036920
0.037206
0.038818
0.039086
0.039209
0.039106
0.039115
0.038862
0.039911
0.033147
0.035216
0.036215
0.037611
0.038792
0.017731
0.017059
0.022344
0.024320
0.025745
0.024742
0.025675
0.024527
0.025637
0.031063
0.033635
0.036059
0.036092
0.036113
0.036952
0.038720
0.038906
0.038961
0.038773
0.038945
0.024479
0.035950
0.037163
0.037337
0.038150
0.038636
0.038505
0.039093
0.038757
0.031395
0.032794
0.034143
0.036198
0.038751
0.038902
0.039129
0.040257
0.038951
0.039017
0.039081
0.039173
0.036810
0.038688
0.038904
0.038998
0.039057
0.039100
0.038857
0.038810
0.038683
0.026095
0.031094
0.036184
0.036220
0.037000
0.038992
0.039233
0.039044
0.038709
0.038881
0.039008
0.038314
0.038683
0.038831
0.040265
0.039051
0.039067
0.039079
0.038695
0.038815
0.038694
0.027590
0.033124
0.033018
0.036090
0.038490
0.038885
0.038714
0.037338
0.038795
0.037310
0.038954
0.026442
0.029672
0.036146
0.036074
0.038406
0.038829
0.038761
0.039090
0.038872
0.038917
0.040151
0.038810
0.034676
0.036813
0.038739
0.038803
0.038772
0.038952
0.038795
0.038683
0.038765
0.026413
0.030154
0.036912
0.037311
0.038702
0.018611
0.016102
0.024673
0.026793
0.026277
0.026637
0.026239
0.025994
0.030022
0.035268
0.036178
0.038228
0.040311
0.039004
0.038892
0.038965
0.039034
0.039037
0.038995
0.027043
0.028862
0.029407
0.029679
0.029784
0.028679
0.028843
0.031251
0.033604
0.036120
0.026631
0.030482
0.035536
0.036228
0.038838
0.039063
0.038751
0.038803
0.038717
0.038672
0.038193
0.038506
0.035897
0.039049
0.038791
0.038857
0.039188
0.038811
0.038846
0.038689
0.038899
0.028297
0.033844
0.036061
0.037401
0.037454
0.038963
0.031265
0.036197
0.038855
0.039460
0.038872
0.038730
0.036947
0.038904
0.039018
0.038684
0.039239
0.047478
0.034840
0.037639
0.038232
0.031325
0.029373
0.029469
0.029508
0.029597
0.029332
0.028858
0.028937
0.033707
0.035904
0.036101
0.037527
0.027941
0.022751
0.028360
0.029547
0.030306
0.030722
0.029885
0.030138
0.030582
0.030213
0.036331
0.026409
0.029344
0.035478
0.036187
0.039224
0.036098
0.038890
0.039073
0.038821
0.038789
0.038901
0.039149
0.034025
0.035974
0.038691
0.018953
0.019991
0.016248
0.023053
0.023756
0.025070
0.025621
0.025646
0.031681
0.034643
0.035687
0.037675
0.038918
0.038534
0.038788
0.040049
0.038820
0.038824
0.034539
0.033939
0.030723
0.035956
0.037786
0.038629
0.038471
0.038904
0.038394
0.039036
0.038802
0.026725
0.030111
0.029866
0.030465
0.031789
0.030650
0.036161
0.038736
0.035968
0.038371
0.038875
0.028509
0.030988
0.034994
0.037270
0.038312
0.038844
0.038799
0.038665
0.038958
0.038987
0.039314
0.034058
0.032711
0.029844
0.036234
0.036159
0.038906
0.040207
0.038597
0.038292
0.039033
0.031198
0.032828
0.032255
0.030260
0.030034
0.029483
0.031428
0.036283
0.033713
0.036339
0.037663
0.029445
0.031038
0.033421
0.036436
0.039139
0.038883
0.038948
0.036165
0.036445
0.038236
0.039433
0.025181
0.030435
0.036758
0.036030
0.039462
0.039307
0.038791
0.038974
0.038975
0.038957
0.038832
0.039631
0.037147
0.039186
0.039073
0.039143
0.040505
0.039251
0.039290
0.039051
0.039056
0.036806
0.035134
0.038485
0.039061
0.018460
0.018606
0.018342
0.030770
0.033506
0.036684
0.036260
0.032984
0.029584
0.029819
0.030204
0.030099
0.029339
0.029483
0.029300
0.028642
0.030075
0.029487
0.025669
0.031859
0.035160
0.035270
0.038579
0.038928
0.039019
0.038255
0.039040
0.038845
0.038645
0.025632
0.029600
0.033834
0.035985
0.039929
0.038834
0.039028
0.038926
0.038815
0.038799
0.038714
0.026855
0.030311
0.034919
0.036122
0.038987
0.038973
0.039136
0.040349
0.038999
0.038828
0.038875
0.035378
0.034699
0.038153
0.038182
0.038925
0.038904
0.038566
0.038579
0.038895
0.038958
0.025984
0.029718
0.036416
0.036037
0.038735
0.038731
0.038771
0.038822
0.038705
0.039083
0.038713
0.032607
0.036334
0.038379
0.039759
0.038694
0.038383
0.038632
0.038861
0.038669
0.036726
0.038789
0.030396
0.033575
0.033482
0.036153
0.038473
0.038742
0.040048
0.038896
0.038746
0.039015
0.038641
0.038403
0.036773
0.039297
0.038968
0.038818
0.038969
0.038841
0.039129
0.038967
0.040032
0.030080
0.035955
0.033780
0.036880
0.026473
0.018942
0.016091
0.016356
0.017013
0.016427
0.016427
0.015951
0.016025
0.017257
0.016539
0.016684
0.016423
0.016852
0.016568
0.016496
0.016487
0.017083
0.016749
0.029668
0.033001
0.036069
0.025067
0.031561
0.036434
0.036308
0.039206
0.038956
0.039499
0.037950
0.038489
0.038928
0.039867
0.024885
0.031262
0.035744
0.036196
0.040213
0.039144
0.039616
0.039105
0.039149
0.039263
0.039083
0.028648
0.034971
0.036420
0.036278
0.039025
0.036532
0.037173
0.037631
0.037820
0.039232
0.039251
0.037647
0.036461
0.039052
0.039055
0.038911
0.039088
0.039219
0.039206
0.039102
0.039053
0.026217
0.029608
0.035280
0.036010
0.038956
0.036109
0.039004
0.038900
0.039037
0.039150
0.038719
0.035285
0.027294
0.035782
0.037068
0.038910
0.038620
0.038759
