26
35
44
53
62
71
80
89
98
107
116
125
134
143
152
161
170
179
188
197
206
215
224
233
242
251
260
269
278
287
296
305
314
323
332
341
350
359
368
377
386
395
404
413
422
431
440
449
458
467
476
485
494
503
512
521
530
539
548
557
566
575
584
593
602
611
620
629
638
647
656
665
674
683
692
701
710
719
728
737
746
755
764
773
782
791
800
809
818
827
836
845
854
863
872
881
890
899
908
917
926
935
944
953
962
971
980
989
998
1007
1016
1025
1033
1042
1051
1060
1069
1078
1087
1096
1105
1114
1123
1132
1141
1150
1159
1168
1177
1186
1195
1204
1213
1222
1231
1240
1249
1258
1267
1276
1285
1294
1303
1312
1321
1330
1339
1348
1357
1366
1375
1384
1393
1402
1411
1420
1429
1438
1447
1456
1465
1474
1483
1492
1501
1510
1519
1528
1537
1546
1555
1564
1573
1582
1591
1600
1609
1618
1627
1636
1645
1654
1663
1672
1681
1690
1699
1708
1717
1726
1735
1744
1753
1762
1771
1780
1789
1798
1807
1816
1825
1834
1843
1852
1861
1870
1879
1888
1897
1906
1915
1924
1933
1942
1951
1960
1969
1978
1987
1996
2005
2014
2023
2032
2041
2050
2059
2068
2077
2086
2095
2104
2113
2122
2131
2140
2149
2158
2167
2176
2185
2194
2203
2212
2221
2230
2239
2248
2257
2266
2275
2284
2293
2302
2311
2320
2329
2338
2347
2356
2365
2374
2383
2392
2401
2410
2419
2428
2436
2445
2454
2463
2472
2481
2490
2499
2508
2517
2526
2535
2544
2553
2562
2571
2580
2589
2598
2607
2616
2625
2634
2643
2652
2661
2670
2679
2688
2697
2706
2715
2724
2733
2742
2751
2760
2769
2778
2787
2796
2805
2814
2823
2832
2841
2850
2859
2868
2877
2886
2895
2904
2913
2922
2931
2940
2949
2958
2967
2976
2985
2994
3003
3012
3021
3030
3039
3047
3056
3065
3074
3083
3092
3101
3110
3119
3128
3137
3146
3155
3164
3173
3182
3191
3200
3209
3218
3227
3236
3245
3254
3263
3272
3281
3290
3299
3308
3317
3326
3335
3344
3353
3362
3371
3380
3389
3398
3407
3416
3425
3434
3443
3452
3461
3470
3479
3488
3497
3506
3515
3524
3533
3542
3551
3560
3569
3578
3587
3596
3605
3614
3623
3632
3641
3650
3659
3668
3677
3686
3695
3704
3713
3722
3731
3740
3749
3758
3767
3776
3785
3794
3803
3812
3821
3829
3838
3847
3856
3865
3874
3883
3892
3901
3910
3919
3928
3937
3946
3955
3964
3973
3982
3991
4000
4009
4018
4027
4036
4045
4054
4063
4072
4081
4090
4099
4108
4117
4126
4135
4144
4153
4162
4171
4180
4189
4198
4207
4216
4225
4234
4243
4252
4261
4270
4279
4288
4297
4306
4315
4324
4332
4341
4350
4359
4368
4377
4386
4395
4404
4413
4422
4431
4440
4449
4458
4467
4476
4485
4494
4503
4512
4521
4530
4538
4547
4556
4565
4574
4583
4592
4601
4610
4619
4628
4637
4646
4655
4664
4673
4682
4691
4700
4709
4718
4727
4736
4745
4754
4763
4772
4781
4790
4799
4808
4817
4826
4835
4844
4853
4862
4871
4880
4889
4898
4907
4916
4925
4934
4943
4952
4961
4970
4979
4988
4997
5006
5015
5024
5033
5042
5051
5060
5069
5078
5087
5096
5105
5114
5123
5132
5141
5150
5159
5168
5176
5185
5194
5203
5212
5221
5230
5239
5248
5257
5266
5275
5284
5293
5302
5311
5320
5329
5338
5347
5356
5365
5374
5383
5392
5401
5410
5419
5428
5437
5446
5455
5464
5473
5482
5491
5500
5509
5518
5527
5536
5545
5554
5563
5572
5581
5590
5599
5608
5617
5626
5635
5644
5653
5662
5671
5680
5689
5698
5707
5716
5725
5734
5743
5752
5761
5770
5779
5788
5797
5806
5815
5824
5833
5842
5851
5860
5869
5878
5887
5896
5905
5914
5923
5932
5941
5950
5959
5968
5977
5986
5995
6004
6013
6022
6031
6040
6049
6058
6067
6076
6085
6094
6103
6112
6121
6130
6139
6148
6157
6166
6175
6184
6193
6202
6211
6220
6229
6238
6247
6256
6265
6274
6283
6291
6300
6309
6318
6327
6336
6345
6354
6363
6372
6381
6390
6399
6408
6417
6426
6435
6444
6453
6462
6471
6480
6489
6498
6507
6516
6525
6534
6543
6552
6561
6570
6579
6588
6597
6606
6615
6624
6633
6642
6651
6660
6669
6678
6687
6696
6705
6714
6723
6732
6741
6750
6759
6768
6777
6786
6795
6804
6813
6822
6831
6840
6849
6858
6867
6876
6885
6894
6903
6912
6921
6930
6939
6948
6957
6966
6975
6984
6993
7002
7011
7020
7029
7038
7047
7056
7065
7074
7083
7092
7101
7110
7119
7128
7137
7146
7155
7164
7173
7182
7191
7200
7209
7218
7227
7236
7245
7254
7263
7272
7281
7290
7299
7308
7317
7326
7335
7344
7353
7362
7371
7380
7389
7398
7407
7416
7425
7434
7443
7452
7461
7470
7479
7488
7497
7506
7515
7524
7533
7542
7551
7560
7569
7578
7587
7596
7605
7614
7623
7631
7640
7649
7658
7667
7676
7685
7694
7703
7712
7721
7730
7739
7748
7757
7766
7775
7784
7793
7802
7811
7820
7829
7838
7847
7856
7865
7874
7883
7892
7901
7910
7919
7928
7937
7946
7955
7964
7973
7982
7991
8000
8009
8018
8027
8036
8045
8054
8063
8072
8081
8090
8099
8108
8117
8126
8135
8144
8153
8162
8171
8180
8189
8198
8207
8216
8225
8234
8243
8252
8261
8270
8279
8288
8297
8306
8315
8324
8333
8342
8351
8360
8369
8378
8387
8396
8405
8414
8423
8432
8441
8450
8459
8468
8477
8486
8495
8504
8513
8522
8531
8540
8549
8558
8567
8576
8585
8594
8603
8612
8621
8630
8639
8648
8657
8665
8674
8683
8692
8701
8710
8719
8728
8737
8746
8755
8764
8773
8782
8791
8800
8809
8818
8827
8836
8845
8854
8863
8872
8881
8890
8899
8908
8917
8926
8935
8944
8953
8961
8970
8979
8988
8997
9006
