304
507
717
924
1124
1317
1499
1699
1886
2084
2276
2458
2665
2848
3030
3248
3438
3620
3810
3992
4198
4403
4586
4769
4960
5144
5325
5502
5683
5868
6056
6270
6466
6645
6859
7047
7247
7440
7622
7801
8008
8200
8407
8593
8772
8959
9155
9355
9552
9747
9931
10112
10301
10507
10698
10881
11058
11241
11434
11620
11798
11980
12204
12397
12583
12766
12957
13137
13328
13517
13699
13885
14075
14265
14452
14633
14821
15012
15198
15384
15568
15754
15964
16149
16326
16506
16705
16901
17120
17311
17510
17705
17886
18067
18276
18480
18672
18851
19036
19217
19409
19598
19782
19969
20153
20333
20517
20703
20887
21069
21250
21435
21600
21781
21964
22158
22357
22536
22731
22915
23117
23296
23488
23683
23871
24066
24265
24463
24649
24831
25019
25198
25402
25619
25804
25991
26193
26402
26589
26775
26963
27150
27351
27544
27730
27916
28096
28279
28461
28647
28837
29033
29220
29408
29603
29785
29981
30164
30350
30532
30724
30908
31085
31272
31460
31636
31812
31991
32173
32386
32567
32775
32955
33140
33319
33506
33702
33891
34086
34270
34479
34664
34854
35033
35228
35419
35602
35789
35973
36161
36335
36539
36728
36914
37099
37282
37466
37679
37863
38068
38252
38439
38620
38809
38997
39192
39383
39563
39747
39925
40111
40288
40472
40650
40830
41007
41185
41369
41563
41755
41945
42128
42309
42490
42679
42890
43083
43262
43447
43626
43807
43982
44163
44350
44529
44715
44893
45076
45258
45437
45620
45806
45991
46173
46362
46544
46752
46934
47124
47312
47494
47692
47878
48068
48250
48438
48613
48800
48978
49159
49342
49526
49709
49891
50073
50255
50436
50620
50817
51000
51179
51363
51550
51754
51933
52121
52311
52505
52684
52875
53061
53246
53433
53605
53816
53996
54175
54357
54538
54738
54924
55119
55321
55511
55719
55904
56101
56282
56459
56642
56853
57038
57245
57439
57624
57812
58013
58193
58379
58579
58782
58962
59139
59323
59508
59687
59890
60094
60301
60494
60688
60881
61074
61282
61472
61660
61857
62041
62245
62428
62609
62798
62980
63171
63365
63564
63725
63914
64098
64284
64469
64649
64827
65014
65206
65401
65582
65762
65940
66122
66301
66482
66688
66873
67063
67242
67423
67599
67800
67978
68151
68326
68507
68694
68875
69055
69242
69426
69601
69783
69958
70146
70330
70534
70726
70915
71097
71286
71469
71650
71829
72015
72199
72408
72587
72763
72951
73140
73337
73515
73695
73904
74101
74296
74474
74660
74841
75018
75201
75386
75577
75787
75980
76158
76339
76517
76704
76882
77066
77258
77462
77642
77826
78011
78194
78376
78555
78733
78915
79112
79310
79495
79691
79851
80047
80250
80427
80613
80814
80989
81169
81390
81583
81762
81937
82120
82301
82496
82682
82854
83030
83206
83399
83582
83777
83961
84149
84339
84526
84708
84889
85067
85242
85425
85598
85799
85981
86161
86368
86541
86721
86900
87083
87256
87444
87615
87794
87973
88158
88328
88508
88698
88882
89081
89259
89448
89629
89819
90002
90160
90341
90520
90705
90885
91083
91265
91443
91619
91831
92017
92193
92373
92548
92728
92911
93095
93284
93464
93641
93824
94004
94184
94351
94526
94733
94919
95094
95282
95463
95660
95856
96037
96212
96410
96595
96792
96970
97164
97367
97561
97741
97922
98105
98285
98479
98664
98844
99048
99232
99421
99603
99792
99971
100149
100326
100501
100686
100882
101058
101235
101425
101618
101802
101984
102161
102358
102539
102725
102909
103089
103274
103460
103643
103818
104004
104211
104392
104567
104755
104929
105108
105285
105461
105638
105811
105996
106183
106362
106537
106712
106894
107079
107252
107424
107610
107790
107989
108174
108366
108565
108740
108922
109102
109277
109461
109659
109857
110047
110225
110428
110627
110803
110975
111161
111342
111526
111703
111883
112075
112274
112464
112636
112810
112986
113203
113403
113606
113788
113965
114147
114321
114496
114676
114862
115039
115220
115410
115599
115777
115987
116172
116357
116563
116745
116934
117109
117306
117515
117694
117871
118056
118243
118451
118634
118815
118999
119176
119356
119544
119720
119895
120088
120264
120446
120640
120811
120989
121166
121346
121530
121705
121893
122091
122274
122465
122655
122850
123037
123234
123424
123602
123782
123975
124152
124332
124508
124680
124864
125048
125241
125417
125607
125783
125964
126147
126320
126506
126706
126899
127080
127265
127443
127615
127789
127963
128153
128350
128520
128694
128895
129072
129245
129433
129632
129809
129992
130179
130338
130521
130707
130893
131074
131255
131440
131631
131832
132024
132214
132393
132572
132754
132954
133138
133315
133503
133677
133860
134044
134219
134423
134599
134792
134982
135157
135329
135502
135697
135876
136069
136240
136425
136609
136799
136978
137159
137341
137524
137704
137891
138072
138256
138446
138640
138825
139007
139215
139397
139579
139757
139931
140109
140293
140491
140673
140856
141034
141225
141415
141610
141807
141988
142170
142357
142539
142722
142897
143073
143249
143427
143611
143799
143979
144165
144346
144545
144728
144900
145078
145271
145453
145633
145813
145997
146193
146373
146551
146729
146918
147095
147272
147454
147656
147833
148048
148234
148455
148648
148826
149000
149181
149362
149539
149712
149894
150078
150249
150435
150607
150791
150975
151150
151345
151526
151705
151895
152080
152261
152457
152631
152808
153004
153180
153355
153537
153713
153892
154070
154284
154464
154644
154818
155005
155180
155363
155548
155725
155905
156087
156262
156443
156619
156797
156969
157151
157327
157509
157669
157842
158023
158207
158386
158566
158777
158969
159160
159347
159526
159705
159898
160077
160288
160467
160650
160826
161002
161180
161358
161541
161735
161914
162121
162298
162483
162670
162848
163029
163210
163389
163569
163744
163920
164094
164276
164482
164665
164844
165030
165209
165390
165561
165758
165947
166126
166325
166501
166676
166865
167044
167223
167396
167577
167773
167951
168137
168317
168498
168684
168874
169046
169220
169397
169572
169764
169951
170149
170335
170528
170710
170886
171065
171249
171427
171608
171787
171981
172185
172369
172573
172750
172924
173108
173293
173489
173667
173875
174056
174244
174419
174602
174794
174977
175153
175342
175546
175749
175949
176127
176313
176493
176665
176843
177017
177224
177405
177583
177775
177950
178135
178327
178505
178690
178858
179040
179222
179404
179598
179783
179978
180161
180337
180515
180720
180909
181089
181269
181449
181635
181830
182007
182185
182369
182562
182782
182957
183131
183314
183509
183688
183877
184060
184236
184424
184607
184795
184948
185131
185333
185515
185694
185892
