40
842
1363
2010
2426
2782
3157
3511
4195
4770
5213
5764
6188
6913
7283
7613
8119
8550
8808
9080
9372
9638
9950
10244
10564
10840
11160
11473
11763
12023
12398
12766
13179
13408
13713
14247
14943
15335
15657
16150
16518
16848
17124
17389
17685
18153
18483
18866
19326
19830
20129
20421
20701
21176
21722
22239
22500
22744
23437
23881
24249
24629
25008
25630
25889
26569
26848
27155
27557
28006
28499
28849
29272
29688
30033
30392
30822
31275
31783
32058
32360
32737
33070
33357
33701
33960
34309
34698
34997
35498
36069
36266
36593
36941
37198
37483
37920
38426
38721
39065
39544
40054
40373
40705
41175
41533
41878
42165
42417
42699
43043
43334
43369
43878
44396
44846
45211
45493
45978
46589
46866
47194
47584
47998
48402
48796
49097
49303
49818
50114
50840
51126
51506
51801
52131
52742
53083
53401
53675
54017
54491
54939
55538
56053
56338
56936
57475
57804
58257
58740
59461
59938
60374
60982
61506
61781
62155
62517
62864
63298
63949
64219
64484
64765
65111
65408
65685
66028
66322
66687
66997
67287
67629
68132
68430
68967
69267
69537
69827
70269
70587
71033
71420
71759
72254
72552
73093
73414
73910
74349
74850
74872
75231
75644
76210
76534
76833
77132
77425
77784
78048
78490
78927
79219
79893
80330
80626
80939
81333
81727
82026
82414
83163
83578
83932
84284
84617
84900
85232
85518
86058
86426
86780
87121
87476
87912
88228
88622
88951
89200
89523
89896
90241
90515
90778
91306
91863
92146
92444
92968
93491
93796
94091
94363
94760
95141
95438
95732
96032
96308
96591
97122
97509
97800
98107
98460
98897
99433
99954
100232
100519
100838
101146
101576
101934
102220
102523
102913
102966
103407
103753
104021
104644
105067
105444
105740
106049
106587
106875
107248
107783
108422
109028
109371
109698
109991
110226
110469
111030
111307
111615
112183
112586
112889
113247
113688
114096
114535
114816
115258
115732
116136
116696
116933
117236
117491
117852
118239
118602
119257
119570
119915
120259
120961
121442
121732
122014
122456
122932
123267
123590
123858
124652
125037
125362
125732
126057
126314
126917
127352
127753
128032
128428
128809
129322
129694
129727
130223
130873
131574
132025
132721
133031
133448
133867
134354
134847
135131
135403
135686
136051
136334
136873
137564
137952
138245
138544
138819
139141
139462
139838
140442
140802
141049
141397
141689
141896
142210
142657
142912
143195
143536
143841
144124
144544
144876
145152
145511
145847
146229
146529
147068
147532
148079
148587
148964
149244
149756
150057
150477
150850
151212
151523
151851
152411
152766
153077
153350
154010
154401
154759
155290
155699
156218
156565
157126
157431
157788
158226
158624
159329
159886
160156
160523
160973
161298
161592
162058
162433
163109
163532
163938
164213
164252
164725
165543
166226
166910
167323
167860
168141
168438
169062
169571
169595
169910
170325
170740
171122
171638
172069
172329
172686
173132
173551
174240
174574
175016
175433
175772
176055
176432
176724
177061
177395
177788
178260
178984
179359
179703
180108
180511
181065
181324
181926
182537
182875
183154
183518
183860
184310
184569
185378
185861
186542
186847
187167
187718
188090
188112
188549
189026
189565
189930
190297
190595
191052
191711
192190
192486
192760
193075
193486
193878
194197
194488
194859
195115
195424
195696
196001
196324
196356
196763
197485
197903
198282
198567
198925
199209
199597
200342
200676
201056
201749
202258
202558
202910
203502
203927
204360
204622
204907
205255
205726
206134
206416
206828
207257
207568
208055
208337
208701
208962
209233
209514
209769
210284
210727
211002
211258
211548
211918
212532
212745
213003
213448
213845
214115
214411
214794
215095
215353
215636
216012
216485
216841
217265
217628
217885
218151
218526
218798
219067
219550
219887
220155
220427
220684
220948
221235
221605
221868
221911
222309
222804
223201
223645
224360
224748
225021
225561
225883
226244
226502
226834
227171
227426
227750
228017
228381
228845
229130
229408
229707
230093
230370
230630
231141
231553
231860
232430
232828
233189
233667
234486
235198
235798
236184
236477
236753
237021
237485
237745
238092
238622
238991
239371
239708
239957
240329
240641
240998
241303
241587
241879
242342
242789
243269
243619
243873
244459
244793
245201
245494
245779
246137
246524
246884
247166
247442
247873
248382
248728
249205
249551
249942
250220
250497
250760
251060
251507
251914
252579
253077
253359
253893
254335
254720
254979
255293
255658
256085
256442
256902
257194
257454
257787
258185
258564
258997
259300
259708
260292
260582
260825
261149
261594
261949
262316
262805
263156
263426
263760
264545
264840
265127
265634
265932
266419
266736
266990
267252
267818
268275
268819
269097
269117
269540
270080
270517
271175
271616
272136
272659
273011
273455
274153
274493
274836
275260
275664
276130
276440
276719
277055
277330
277823
278080
278447
278800
279193
279540
279827
280090
280428
280833
281193
281683
282018
282409
282653
283020
283302
283582
283862
284224
284619
284913
285170
285444
285741
286111
286389
286688
287032
287343
287646
288012
288332
288619
288942
289193
289585
290032
290339
290837
291479
291867
292186
292591
292947
293311
293603
293859
294208
294448
294905
295186
295557
296185
296512
296824
297124
297421
297779
298277
298536
299030
299545
299822
300111
300774
301128
301721
302191
302642
302906
303227
303491
303758
304402
304800
305077
305433
305826
306275
306609
306983
307323
307650
307947
308449
308789
309070
309359
309835
310103
310385
310722
311005
311360
311623
311896
312161
312741
313141
313435
313935
314234
314483
314843
315168
315477
315766
316043
316302
316722
316974
317311
317665
318082
318823
319067
319388
319713
320078
320374
320714
320978
321224
321821
322082
322479
322808
323298
323335
323684
324002
324389
324801
325100
325343
325604
325885
326304
326672
327089
327497
327808
328301
328633
329064
329648
330015
330282
330598
330897
331284
331655
332085
332377
332653
333027
333231
333525
333815
334113
334419
334862
335157
335454
335703
335990
336583
336914
337191
337522
337791
338046
338290
338732
339080
339384
339836
340092
340439
340763
341107
341367
341622
341972
342269
342624
342991
343260
343624
344034
344486
344734
345239
345517
345780
346139
346419
346784
347147
347658
347940
348299
348567
348915
349212
349548
349904
350489
350510
350743
351319
351728
352030
352404
352791
353062
353406
353964
354323
354611
355303
355704
356026
356333
356964
357265
357535
357827
358098
358376
358980
359324
359664
359932
360184
360862
361573
362060
362344
362593
363116
363530
364013
364037
364509
365093
365576
365977
366366
366711
367084
367475
367743
368037
368362
368623
368923
369287
369587
369908
370562
370830
371554
372065
372344
372665
372964
373237
373653
373987
374271
374714
375088
375617
375924
376199
376231
376855
377263
377715
378215
378837
