3335471097
3904628596
46553920
85046461
41150943
158918410
40509948
101813240
29294770
142156081
44930670
111716587
31706537
143142160
43078999
89336540
28999787
170248606
63524600
196190755
63596153
177991112
54626486
172848889
54952443
155559658
45665001
140603733
56097156
139785269
45410226
176028850
27905692
115264600
38924262
62426876
27851939
98543317
39738274
56487139
27709998
99794914
47425393
56684338
27947899
99434998
39817912
57628382
28713139
97413608
39481744
56407124
27886822
99765784
39713241
59338116
30114303
102161648
39568213
56026961
27677905
100253542
39698493
56120784
28401200
151399758
41115005
60290478
27626624
98503773
39476964
56343059
31317933
112459484
41309352
55802071
27362297
99096897
39681308
55784070
27515738
100561752
39382300
56382321
27466376
100358456
27560894
96245062
39494502
60373700
32298111
107391580
40690945
55839781
27462996
99579868
45902887
55738869
29841387
160152026
39711758
59934579
23753693
96145322
39016288
55635437
56794965
129085165
41778055
129081703
41870795
56020443
18910557
98684310
29383667
98360461
31950733
99901015
31983599
99772581
31607949
160343692
38793072
56012877
18883378
97694757
29605818
98350688
32645219
99150162
33640695
98162999
43935564
56030375
20992851
102592527
29390781
98343137
31390728
96410000
32017517
99782909
32993869
98849427
33495448
98252969
33273415
102557391
33547665
102246959
33522020
102103430
32953155
98867010
38028294
101732347
38308809
101491104
38137897
165818256
41763448
59653186
41572523
59592512
38628833
55960253
39690328
130668642
38988535
171619262
38806649
63485089
38728726
105702569
38618715
129043802
38585842
129036928
41670804
61282428
20769474
105604651
37959311
97908288
37352275
98286562
38093147
121830406
41724790
56007225
41709801
59416852
38677898
55970774
48475336
56118245
49932346
55917901
31720430
99096843
33840816
97987037
36180215
99654587
126972264
130723440
41609958
67119073
52835331
55958798
33778420
166039705
34028369
97801710
36111798
99715433
38829460
92137132
38791949
59536479
38642598
59197712
38592832
55972034
38636557
55824586
38653337
116494956
38802236
128962841
38993232
56849075
39050165
56428316
39224804
126488129
38810189
58800688
38759922
61201603
38847258
68810049
38850917
98926228
38859274
56062260
38680380
56128328
38515598
57302471
38531539
56050912
39524180
58077127
41863106
56931335
38843911
55961750
38587669
55857885
38521884
56111279
38476210
98119482
38756543
128900039
38653364
56156640
38362038
55757323
38557049
89581833
38504333
129016186
38664597
188228289
41549890
112005753
41533247
59352592
41606233
59195951
38586551
55946160
38455010
55698755
38641364
128868710
38593585
129047806
38614201
55976644
41375050
95838534
38693463
128964004
38624914
129015771
41783700
59717429
20765787
98705051
38025124
97779083
37920676
97830276
38039435
97921657
41800559
55935668
41746770
125593209
38545652
63465138
108030807
55938564
41527750
55833948
41609680
55842535
38611048
55821582
38493399
55975883
38368936
118049531
38700916
128984870
38675946
56083864
38512856
56026739
38789805
128732530
38652484
129019860
38696413
55933370
38422875
56054785
40906744
128839623
38595811
128956972
38673567
55932824
41303481
123632362
38608224
65058692
38565212
56037565
38682223
56023348
38599591
55885627
39770652
128786648
38688123
129001633
38611004
55934557
40953722
58636311
34857725
107616963
38299736
97364093
38116290
97816182
38214887
117602444
42106948
57589480
30820064
97048768
38615308
57821993
38691336
56032538
41879362
56144653
40329583
56198856
36011600
56109548
38538629
55766776
38318632
56003296
39486844
128693134
38526888
128762257
38490280
57900305
38383898
55815569
38504229
95626114
38412910
59360984
38396258
55819119
38440114
55871748
38453774
74578936
38552242
55998635
38554502
55963043
38542522
55765719
38425964
55853775
38457683
214206285
38393554
128670818
38458990
61576972
41337320
91465365
41347809
55747293
115059662
55660421
41508541
60735409
41526087
101510648
41614351
64295608
41566913
59320756
38594932
56039125
38390088
55923484
36011337
163915923
38612744
57905412
38437954
55981272
38459907
55842962
38560912
128734317
38528566
128833942
38659019
174321155
38703783
67904712
41591829
59172821
38536805
55926670
38385628
55780342
38450894
58008424
38810004
57975297
38541425
55792249
38645750
55880760
38594354
56164190
38510347
55882984
39982999
55953517
38423314
55872148
38425200
55961713
41194469
56215948
38803054
55891244
38389138
126925736
41557057
55834355
38452020
120721106
38598907
63436185
40446734
57666868
38548005
55828922
38498661
55976319
41209045
56127837
38660813
56258195
38339048
56003613
36148187
98670283
36201667
99492075
39113450
56436819
38796334
80927222
38494379
128909093
38440850
55802905
38346512
56035645
38213158
56529210
41351892
55976035
38381984
55842428
38282723
79076047
38253577
55813089
38367831
55764657
41217812
57537653
38340062
55734290
38582684
55949209
38608201
55939795
38406321
55531340
72783004
55735203
18399435
98238637
29412513
98382941
32182125
99611482
33587619
98166124
33178265
98662600
33587385
98206551
33559679
98213117
35542477
100250692
33521963
102263345
33773409
105971889
33749630
101902984
33526370
102273428
33491767
102270878
33518569
102286481
33432985
154448791
41165329
59461722
18368249
96584761
29414512
98418778
32290286
99452341
33343083
98462913
33551016
98252108
33437774
98351468
33480541
102305984
33691437
102047165
33669375
102114854
33690730
114081136
37733628
250042745
40922878
69109036
18264611
115297243
36351807
99433758
33562289
98243433
33419245
98387314
33348942
98416891
33461554
102276515
33711890
102207912
33760399
101966792
33698934
102109845
33677791
102087147
33660781
102120196
33671828
150126468
48298333
59413356
18681520
97202790
29431729
98368693
32222214
99534111
33356756
198438601
37717521
106097346
35848539
103920394
34989952
100826861
33655815
102085184
33632614
102024818
33360006
102445925
33443724
102334526
33456547
102332805
33352566
146597290
40990545
59279770
18306233
96994663
57001863
55755165
18319462
104331378
31761151
96096364
31769155
95953203
31896996
95898090
32158646
95789312
32050360
191700490
38686562
65580319
18552762
100874533
32062780
99611184
33711273
98059828
33585859
98232283
33416897
138369018
40349142
55645639
18453028
97154623
29290702
98466841
32138762
107515112
34227732
97555004
31966928
95805646
31937309
95854631
32097406
95853354
32095935
99641430
32672909
99119648
32251986
99566944
32954498
186809401
38735139
66425084
18392582
96103018
29331057
142375922
38240390
97560873
33580468
98183583
33388055
98398892
33628942
102150356
33684977
102091840
33654511
102092596
33625555
114206124
37508541
102286534
34612458
101173561
33656523
102142389
33776262
102000111
33686804
102116440
34029922
101726286
33722376
102116107
33648814
178097019
38654750
67222406
18312986
99400527
30677199
101112042
33668477
98107157
33303395
98503449
33713543
98067901
33262898
102525818
33738320
102075255
33692340
102065323
33656038
102130005
41376198
55629527
38256519
56289343
19019745
100768968
102480215
70624150
41320362
106223712
18390585
96301600
30517268
101328784
33627862
97964229
31813544
99975024
32573328
101452414
33752033
101993038
33290243
146544630
40916163
59257847
18502863
96967069
29290771
98540120
32114736
99495016
33346092
98528377
33533612
98253469
33491470
98329464
33288166
102436247
33602591
98295684
33847611
101915338
33618431
102176920
33570504
102218927
33576951
242144910
40953159
69013380
18220341
99407470
30585679
97172738
32092755
95755218
31990238
103690003
33362395
98419228
33480846
102322430
33263286
102518835
33533159
102375521
33633828
102175456
33487087
102300374
33679123
102125765
33620603
102169331
33567665
102180066
33653521
102185261
33552955
122221282
38579294
60403596
18362619
206234681
37702371
106046747
35567930
104360835
34915983
100781080
33458930
102284744
34788579
101016562
33459700
102335165
33584288
102136540
33638111
102241683
33600958
102029292
18277029
97634075
32097642
99723653
32540285
99258457
33024017
98715671
32102719
99697283
32496476
99302063
32540395
111227303
36290113
99486060
33602121
202212706
44668550
97570568
18187962
99175583
31941574
99805135
32966665
98827691
32048252
99647541
32457326
99277297
32133928
99684524
32044903
99766739
32548259
99262277
32580804
99229391
32121259
99678106
32981325
98822871
32162922
99627688
32818260
98984855
32160604
99559110
32958384
98897566
32036853
99763362
33209073
190512837
38543463
66651888
18251964
96121435
29298091
98517134
32099074
95684498
32047999
95766760
32148195
99547325
33717675
98114322
33359731
102401383
33577681
102233406
33569988
102219325
33483619
102280142
33475519
102298425
33634620
150200806
40802693
66888369
18238774
97610747
30391693
97401594
32065686
95671482
31912648
175894239
37328213
106416414
35986942
103818818
34925329
100779488
33562958
102285578
41221014
59700640
41307952
61002981
38186139
55874806
38362996
57861697
38221679
55707874
18589472
96719545
29989542
97771618
32185524
99381324
19068434
100983213
32068145
99695740
33282909
98490933
33246549
98582707
31955554
99776827
33615321
166211286
37382866
106380821
35933309
103822689
34912309
100878397
51078283
59041817
18635414
98785236
30006007
97808410
32060206
95791239
32049504
99667887
33519765
98283802
33299796
98489292
33637075
102142020
34293919
101519561
33492463
102268914
33622863
102159823
33710539
102119360
33594090
102197032
33511958
102215622
33703398
102169922
33676182
101990495
33601490
102136706
33549334
102343529
33573171
102156153
33531994
102235521
33553825
102260973
33614515
102161125
33701686
126057515
39308972
59129198
18427183
98714893
30513859
97275880
32062349
103602348
34411528
97361117
31777743
96019398
31717148
96065108
31584900
160365756
41081799
205008927
20114826
101334240
33497754
102260601
33496333
102243398
33643439
102216931
33456606
118306896
37326842
102415398
34638950
101274664
33478612
102285602
33548822
102172458
33507598
102350642
33475143
102324489
33456026
102270290
33538539
102302879
33446262
102429119
33402940
102201226
33595573
138276145
40134668
59372928
18269652
205779907
37582921
134175366
40093645
61109913
18278880
96055007
29166066
98727978
31848289
107787401
34589978
97179003
83181986
55311256
18191137
98866999
30484278
97450093
32049841
95781749
31911998
95804725
31941487
95881402
31896145
95919314
31953060
99744087
33611724
102254388
33555733
102246071
33529708
102167072
33587997
202241450
41118796
66824776
18202024
97451708
30276431
97502157
31949697
95865797
31765843
96057372
31854472
95811658
32036229
95844031
31965544
99811610
32943283
98799610
32112010
99718449
32852207
98958711
32066605
99659365
33014223
110815445
36201034
99534244
33646780
102169388
33535204
102228434
33754345
102091534
33523098
190230548
38499256
67359124
18257872
123505771
38465764
56943491
18386445
97781370
29253497
98530710
31984900
99621436
32896615
98925065
33148241
98628879
33318368
98466688
33147707
146799137
40982850
61371171
18506592
98683181
30538053
97286367
32039935
95734017
31958723
95757760
31950196
95843841
31936303
95806109
32270875
183487837
39501368
64844440
18231697
97067925
29222738
118546767
38512978
56814223
18193950
98070948
30055480
97711935
32027869
99646858
31557237
96262783
31741434
96000994
31729570
96047640
34906739
129021531
39297235
59038176
18190118
99068978
30554562
97243775
31957749
103655912
33480088
98346860
32940937
98837027
33024718
174892250
38495264
65695384
18198623
97224343
30238047
97512069
32087000
95762878
31945184
95746795
31841871
95944072
31935577
95872506
31841418
103820474
34611660
101134282
33369197
102441135
33464352
102331270
33551169
150212909
40695548
59317175
18109675
97485949
29323923
98444954
32040808
95730512
31901246
95902296
31959547
151764716
35472125
108410063
36303409
99467478
33456791
102308973
33488527
102330411
33602559
102175788
33479582
102291285
33516714
102296284
33462286
102343134
33481301
102275905
43035246
59195300
18163578
99083757
30087040
97830596
31611922
96173245
31571816
96229895
31879044
95840496
31974146
95944387
31814484
95917196
31892447
123818170
36221011
103611437
34835896
136906015
40159930
59182420
18231863
97935446
29207021
98658370
32442269
107178909
34554324
97315176
31732643
95976891
31666367
96120123
31968910
99977971
33097871
102731843
33441342
102293302
33473292
102282159
47916886
58827998
18038863
98524859
19005893
100791803
19069743
96871106
30727143
97047043
31795882
99947674
32803997
98989528
32424229
99401718
32956450
98755485
32038135
99710394
33068278
102683056
33581086
102099836
33291312
102390213
33240858
102548944
33264549
102582693
33197203
142660340
40153333
59200109
18316548
98022834
29954789
97723541
32046908
95697818
31909590
95839507
31910017
231777027
40820086
66959779
18218573
97652013
30367842
97412104
31962913
95815983
31911300
95855749
31878461
95885627
31888769
95857871
32004629
99814664
32582429
99226990
32494444
99335906
32483685
99323685
32791203
99039550
32417529
99270400
32025625
99827908
33069982
102695927
33461335
102318408
33445985
102358237
33351065
214503485
40046214
88092692
18116605
97299482
30416784
97338360
31860232
95988067
31774062
103791059
33164420
98640840
31760970
100043269
31704162
100074859
32027969
99894906
33044645
102753402
33430629
102314887
33508841
102366008
33389389
102364795
33450365
102326929
33493668
102299805
33469670
102329183
33426569
102323713
76473800
161592001
20661381
108830977
35059128
96730311
32515114
99287055
32490831
99248076
32464498
139414066
40105676
59202350
18285508
97928748
29903383
97888786
31992432
95712524
31946150
95824134
31897767
95899057
31881855
95857662
32083054
95759155
32003061
99825343
32668558
99116524
32504137
99296089
32935256
98844790
32067923
195689604
38700377
67325542
18200800
103366352
31958629
95828045
32015885
95734947
31876144
95947126
32131740
95558395
32011248
95817005
31922896
99895396
33062825
102705810
33555549
102221059
33448070
102346779
33569597
102218131
33539997
102170343
33238684
102505753
33119202
98656455
31870470
99897225
31942013
127960455
39447415
144136693
21518073
102517670
32722814
99080009
33046470
98720928
33443259
98348059
33364607
102365332
33597359
134253352
39843310
59073160
18108125
98535617
30423788
97383179
31864284
107779070
34529274
97236773
31770624
96019871
31626088
96113194
31921609
99986778
32928405
98881792
33034038
98762953
31987699
99749938
32851288
174909900
37433153
106528073
35876066
103812262
96035437
59155469
18885785
97550899
29126441
98528121
32066714
95781296
31948788
95753559
31894944
95918933
31933029
95864517
31902158
99879205
32691924
99065032
32473034
99316247
32913167
98853825
32092707
127620537
39447501
59006171
18208813
98926855
30399550
97426205
32019185
155704446
37030196
102815697
34953369
100736496
33557879
102322936
33450954
102283510
33523533
102267940
33540179
102242420
33569300
126283733
36166774
107528345
36309337
115445228
33500620
98133047
31792145
96042377
31667551
96057120
31764041
95958303
31696706
108215199
38000017
101805329
33475794
102328035
33544526
102198737
33722234
102102732
33525484
102274498
33480067
102295449
33449651
102340396
33498009
102302642
33411345
102356385
33501397
102298309
33518534
118235622
37924938
101882319
34193319
101603907
33489497
102253560
33628235
102215000
33429421
102362989
33624558
102102819
33569473
102251549
33489137
102276265
33543869
102233432
33501913
250276136
41038415
69055863
18051832
99388082
30463027
97375529
31942599
143825649
40117096
55380247
18218843
97949939
105275990
56850343
41244841
128345688
41198717
128388324
41077186
126301836
33199129
144961604
37728383
102067637
34967407
100805546
33593768
106062748
33219258
102565838
33262043
102458688
33254178
98751537
32469187
259154518
40183346
68490951
18213116
100665472
30232016
97521216
32058450
95679583
31916342
95920162
31929546
95852564
31998341
95707222
31941452
99813928
33155603
102656017
33499536
122220806
38499222
59135410
18220622
95632017
29121927
98712024
32501636
103077685
34331304
97376868
31822307
95894194
31697409
96126505
31738601
232103508
39346922
66562391
18119817
95555924
29075077
130702978
39248455
55409063
18130607
98822478
30354069
97254187
31885221
103790969
34328691
97388767
31803001
96010240
31652007
96113439
31643213
152267413
40699763
59259300
18195293
97382894
29286452
98508680
32038017
95707705
31915839
95804780
31929295
95850652
31908670
191803457
38422834
65864135
18265869
96958945
30405590
97453634
31989924
147668551
40732399
55514818
18245685
97025378
29311962
98414946
32031167
95722444
31956975
95735307
31927395
95921205
37674375
97989351
33567990
102270680
33472011
102399712
33476617
102202052
33605348
102197656
33541593
102237632
33502047
102236435
33548756
186232750
38617226
67119582
18267665
95574168
29289679
98524232
32477643
99329905
33525277
98200694
33185445
98564555
33645141
102214106
33494696
102272585
33514673
102233123
33583709
102280817
33468574
102263135
33530783
138244843
40107509
59293446
18218126
97905413
30078982
97678816
31890876
107745698
34527480
97161620
31796334
172008106
37132153
126764178
39463530
60993884
18238045
96816876
29161404
98634586
32343578
103117612
33173028
98716574
33244377
98495231
33040668
98715312
33496593
102426815
33540506
102205392
33480643
102272809
33474137
102290962
33433264
102330340
33472483
102192885
33465107
102352669
33469421
118321265
37854398
101904150
34220192
161571383
37643282
110172781
36116507
103635384
34967035
104823041
34851977
100933552
33540376
102217661
33544386
102233582
33575162
102230597
33440998
102343253
33485543
102299887
33478317
102322336
33436822
102334232
33479970
122349019
38349894
59238099
26211669
95695607
29165687
98614623
32468090
103221119
34201112
97559270
31834751
99947644
33162872
98644086
32080390
99868913
33120862
102594162
33551199
102231585
33542223
102292256
33440604
102314732
33518366
102249161
33521749
102321989
33437228
102288280
33538659
102252997
33431974
102357386
33439894
102345185
33573009
158190291
40827490
59163227
18216595
97400223
29139471
98640605
32404431
243291307
41037657
67027742
18070662
97471908
30349088
97428836
31960255
95826738
31780591
96057142
31916866
95885304
31920989
95810875
31854093
99948178
32473413
103298383
34235314
101536471
33481776
102295643
33420011
102354538
33513936
102311652
33461763
142292589
40116414
59183890
18170737
98116461
30127808
97615369
31973544
211733025
40114834
64926613
17993970
96614495
29013370
122755995
38250192
97547786
33339279
98442455
33422151
98371483
33626594
102171745
33416257
102324786
33467437
102328959
33509653
102287636
33456107
102295629
33446570
102307992
33490820
102294616
33484846
130328651
39294772
59028702
18263032
98954513
30480786
97281478
70732084
160657663
19376517
100799860
31952764
95811498
31878806
111866576
36498463
99261345
33586164
102323429
33507249
102254459
33593328
102243407
33483256
102260417
33464900
102332968
33543388
102220897
33403765
102389937
33505426
102208060
33513012
102254472
33570979
118206509
37676621
102123020
34642055
101119875
33512900
102304900
33599414
194149281
38881861
66373822
18171364
96090371
29218682
134604117
37846495
97908577
33492346
98206859
39045415
56367893
18226432
105919433
31340097
96406371
31798051
96159159
31629960
95986808
31941265
95981241
31854126
95972302
31941258
95829927
31934055
99819867
32972588
98833692
32013710
99747287
33060957
102723952
33463840
190336598
38361225
65585439
18247342
97353790
30307861
97529580
32072535
99628868
33541696
98256037
33473602
98334217
33452287
102348817
33443991
102274676
33435144
102347657
33492779
102350038
33555414
102052389
33222803
98563617
31812014
99999363
31740585
100027412
31803999
124121025
38448849
59177469
18176980
95765824
29042466
170718327
37273771
102542998
34648321
105099104
92942118
59222142
19106214
116312292
36135970
95661986
32066940
99674165
35221511
96601974
32134861
99664278
31927829
99819278
33152975
102655007
33515776
102287085
33457223
102315538
33530731
102236525
33570345
102210196
33548795
102244325
33502226
102289922
33437710
102314330
33605531
166180960
38213579
105593091
35027169
100746303
33468316
102291241
33522649
130261721
39414128
59068225
18169173
98933021
30606766
97165143
31898138
103775059
34272527
97489516
31769321
96044113
31598070
96155485
32040372
99885982
33116082
102710581
33406054
102338661
33419737
102367394
33446027
102311241
33506519
102308324
33520456
102246252
33537648
102266689
33484825
102294630
33423137
102379147
33449407
102304781
33530402
158285099
40724451
59281074
18209023
97340095
29084198
98754291
32700763
98974518
33529159
98207994
33591097
98196308
33290956
118427707
30252250
97463379
31778564
95987260
31538515
96219970
31550298
116289265
37410724
246379265
39153333
69866244
18274675
112296583
35583585
96175283
31992574
95816752
31817563
95947125
31971138
95862156
105211199
59213345
19292604
95864084
29197687
98603452
32453466
99318819
33493986
98252125
33554055
98213844
33522423
110319185
37306550
102416601
34518113
101294236
33554051
102238995
33632347
102128202
33611041
214198467
40022359
67065946
18054714
106376868
33348248
98456135
33439504
99909546
34121732
95795173
31901289
95780047
31893725
99839007
33143035
102617351
33474183
102293911
33487906
102260608
33568211
102228511
33567842
102126385
33535368
118299419
37901863
101882828
34197238
101528162
33462100
102311830
33646033
102127210
33474105
206297525
40041815
66692809
18035931
114723448
36037494
95743770
31947385
95815579
31780185
95906659
31859525
95906782
31996843
99772548
32811946
98943953
32004827
99788715
33069006
102704130
33472889
102248723
33434787
102355612
33457017
118354794
37865153
101858730
34000474
101766248
33480216
102281244
33620659
102178486
33407040
194327051
39130223
66467596
18250062
95705548
29137450
98665376
32368627
99378568
33456366
98288366
33630640
98086473
33308352
102499042
33378431
102399842
33479993
102226658
33455436
102355655
35793965
99896602
33453649
102300939
33505526
102244933
33506676
102310852
33436108
102317952
33454537
102311298
33407298
158299639
40884852
146951725
21591157
102158653
32195246
95595836
31961457
95813459
31942027
95801846
41241428
58496579
18152826
101490109
29936483
97785300
31251925
96438819
31370977
96432629
31642349
148275223
38009795
97721826
33186865
110478939
31946944
99800233
33203317
98447912
41917284
55146311
17956580
96688214
28922827
99021196
31613246
172237301
34279151
105411676
34401263
105404676
34310165
101489207
33164063
102583059
33499185
102300020
33529314
102135238
33268869
102516267
33160511
98626432
31851879
99977034
31755627
132119312
39302947
59057223
18164359
99055499
30381577
97395959
31801031
107858510
34531528
97256113
31727333
96048729
31655799
96152903
32027803
163886838
37403570
106344990
35755293
103985240
34870291
100878249
33472587
102295018
33461559
102280703
33461695
102413672
33396907
102264689
33466235
102300386
32389314
99364786
32639726
99045433
31822212
99924207
31764967
99967197
32160560
99605610
39387261
94254668
18149019
95888857
30507354
97209411
32041259
99777600
33116742
106468224
34538414
101230387
33174286
102593011
33196802
98583713
32084024
99769748
33139424
102670353
33504181
102267412
33531444
102189430
33092838
102689736
33798467
101922772
33463320
102350222
33361497
130297893
39361630
59125175
18281727
98730981
30523087
97243692
31993046
103602963
32834080
98939014
33317918
218390937
40427382
66850743
17962003
98433018
30334784
97367441
31958394
95853041
31782533
103816414
33247436
98573652
33143361
98545318
31784624
100004043
31985226
99890894
33077071
102673443
33507955
102169156
33475895
102375284
33500548
102236526
33497251
102253116
33449169
102299544
33472645
114267536
37307259
102464842
34661517
217049638
40244059
68460070
18033352
96796824
30300272
97404240
31805899
95962168
31946424
103743444
21281189
98462273
21309768
98610858
21281116
98478734
21258169
130492956
41169469
59147632
40990649
59001541
38033091
55546883
38017392
55872461
40402422
55884016
37976855
55551150
38049207
55700944
38033006
55468945
70918609
169377087
40993621
65506010
41072577
58962497
41133614
55430162
38180779
55673685
38048987
55497128
38118739
55810905
38189351
55561090
38118749
55661858
38091509
55519301
39063146
128246980
38157437
128498780
38241057
55578954
41055255
55689421
41265531
128299502
38128637
55638403
40976569
55779349
38106202
55585847
38199234
160700904
38181547
63281485
38149228
59031190
38096666
55571403
38237657
105612636
38166252
128387187
38243827
55619273
40958346
55592506
38001367
106386695
38123996
55527491
38228840
55560259
38007367
55724332
38043443
55815786
38496906
128389095
41177616
128231589
38154021
55622209
40992788
55560856
40818178
127218829
38040417
143826730
38192884
65161060
41210250
115004787
41198489
56044049
19561660
95631194
38316522
97480416
38128479
161662001
38109895
97692311
35491312
96290656
38112389
121695945
38112106
101663972
38101158
101669851
41086867
59163583
41123337
125393778
38028268
55632598
41032065
58895728
38045503
55453986
37985198
65427729
38205886
151519589
38081981
63033594
41041208
55474016
94059364
55460309
40988699
55715884
41099910
57490882
38082860
97661757
38230923
97576445
38191594
97581828
41146780
55584950
41083690
58945914
38040871
55441978
38125752
116151626
38290010
55496263
37956207
55632990
38081869
55519557
38056627
55620822
39698335
128218194
38200500
134202198
38232286
64892390
41187912
84120071
38165651
128382296
41179498
57429076
40997332
58948970
38103219
67349170
38080038
55492106
38147464
55583061
38183311
57604676
38134805
55612805
38025553
55576649
40921370
57462251
38069713
97667653
38189565
97576887
38188925
97688868
38104476
97603260
41211686
59180683
41037783
60188997
38025707
55572844
38003600
129946088
38180225
97581977
38178745
97610478
41113280
55564376
41165977
58981870
38026631
55575549
38003364
55648899
38036134
55542390
38039333
55556826
38030677
107364927
38176332
128440851
38093912
55623005
41005752
55607179
38002631
108851308
38012281
55759313
37991394
200087821
38149732
87075995
41187205
61080006
41055341
58864941
37960271
55334893
38088597
55361936
38030154
104101570
110222157
55417812
41003721
55517991
40882406
55557033
37974631
149933270
38158995
97601820
38173315
97608970
32872961
98954194
33453069
102307683
33530597
102254924
33546077
102240462
33511504
134276475
39882204
173161076
20139279
102351242
33538020
138200048
49749412
59066005
38109319
58988186
38057536
55510081
38083123
113687809
38160638
97644665
38160054
97647352
38143885
97604564
41261340
59494212
41085987
58964453
38198271
55444044
38445626
55619252
38108738
55790252
38276539
128221142
38084828
128517350
38150303
55399978
41178346
167539910
38013874
101908078
41083155
59048310
40958073
59006735
38032877
101700177
38106625
128282242
38076584
55671614
40955066
55473124
37983031
96984567
37803710
55463904
38063352
55580056
37950391
97675362
38121198
97683992
38114205
97631727
38024126
97682649
41059907
59079438
40777478
59103308
37910049
97444240
38023086
193839735
38175733
109577505
41076439
61229400
41021624
61021776
37991347
55492184
38238700
55587225
37899388
62045417
37997100
128231998
38049660
128357178
38089383
55696417
40898193
103339342
41361228
55578950
40816177
55693540
37962969
55722849
37998640
97910400
38186530
97564417
38124669
97685608
38138585
97621322
41225314
153465867
41123776
67242879
41059306
55621351
40942946
55638814
37975788
62778450
38224204
55568296
38059653
97599230
38237389
97577050
38169838
97626020
38151034
101600013
41153111
59216603
40982211
58988689
38131935
55429761
38179953
116136039
38088249
128408413
38114509
55524826
40876807
57468390
38347148
57481919
37994610
173578056
38316669
63693442
38240189
60950784
39187027
128342002
38157574
128489334
38108321
128336394
43252024
59167850
40924396
60862708
37986557
55537996
37904765
55438635
37990297
55471787
37968057
128464157
38030202
128385514
38053438
55821935
40900989
55601371
40039873
55525782
37887119
97516365
38172110
97619602
38097742
173629891
38115387
109757278
41069495
61291186
41042337
60916301
37971415
68075087
38080896
55852697
38093132
55640639
37912831
55690618
37986910
55473824
38006150
55721230
40738790
128282189
38078393
128448356
38030443
55736789
41022611
80802822
49326180
55677134
41080603
55660081
38255213
55687223
38182607
55562702
38064701
97105181
38212583
128432221
38170476
55737123
41133788
55670983
38194454
84966496
38224320
97438247
38248853
97567307
38282588
97462655
41386467
55579022
41016397
58878775
38238606
55545376
38012662
55697750
37997245
55628027
38296342
100167677
38264635
128420887
38225159
55431581
40995421
55722416
38160904
227240989
37948120
55535269
37914532
60572000
38037801
55488503
40326962
128155891
41003131
128247858
41135268
55620617
41173287
81218724
40960046
57533085
38123188
97577253
38180174
97548096
38249050
109531023
41203975
55808511
40901338
59057395
38070225
55915726
38105811
55455687
38049295
114478398
38118410
128558168
38132428
170251888
50098367
67781205
38083815
101829266
38197165
97523834
38213952
97590720
38213307
101527320
41129988
59230037
40932682
59111416
38037873
55540028
37983563
104809706
38129945
128492867
38089958
128422783
38070393
57246914
20375085
100447495
37518885
98264537
37517961
98284584
37519168
98384785
41030028
55658397
57684743
160719882
40916549
65388890
41026324
126436405
40910880
55547115
41079691
58916892
38239877
55565935
37906886
79836591
38150614
128434235
38174967
128372514
41005630
55539491
41077173
129080781
38059537
128366788
41048293
55461026
41054787
59329576
37708218
55499849
37133747
97880888
37631879
98173753
37593079
98326576
38173311
193586082
41166811
65808756
40990174
61054024
40889346
122920706
38196117
55628451
40846909
55538926
38005230
97660225
38157192
141646733
38079008
97748852
41130842
55587391
40932169
58990622
37932341
123747260
38124305
55611267
37889447
55575275
38343157
55723999
37767270
55541222
40535628
55551698
37992864
55648726
37870475
141506092
37928249
105596094
38109352
97706548
41086712
55626537
40806050
59056464
37898108
55539232
38045233
88050822
38107193
128361961
37998388
55571861
40879586
57575132
38011179
109630624
38023115
97856671
38060084
97652883
41194058
55836582
40702452
94490852
40823910
55525798
40877749
55513618
37954037
55727349
39839232
158496762
38088197
63477272
37920515
101865703
38073397
97711460
38094304
133698833
41083156
56453896
41092346
59083959
38028512
55587032
37869671
97960198
38020979
97734126
38173701
97549661
41170294
55481999
40813437
55597074
41219180
57348291
38070272
117496520
38129477
97645366
38062730
97714860
41180874
55475646
40827016
118779693
37991188
62807066
41053048
57267267
39630757
128115213
37929717
97697165
38029378
97794564
41083885
82674521
41161087
128357370
40983051
60905566
40983410
58986396
40765971
71001420
38110811
169680918
38196642
97614627
41125366
59161097
41093936
125324806
37904204
55707296
40831586
55483442
38095867
55637060
37898948
69350462
38028128
76688761
37987080
55687705
37938177
55549599
37756606
55643653
37959510
82944762
41044084
128346706
38020359
128452458
41027054
55641512
41133988
57568954
37984086
55555845
38031719
55770695
37911994
101719624
38128883
97677976
38056326
169717622
38143524
97642036
41024173
59221771
41077309
273474211
38028117
70699201
40917983
71906011
40957045
55649031
41066619
55516519
40322455
56660176
35467781
96322648
50341767
55777747
40993940
55660189
38089855
55711236
37886195
55632190
38039255
55623330
37927608
90838545
37999116
128426938
38122397
57518499
40949331
55608621
37991843
73407461
37956620
55610272
38331046
153293505
38114081
65449112
38058055
78611249
38073114
55575077
40753123
55539048
37989826
55572753
38145021
55643336
38038891
68534391
38143091
169700251
38090405
97691600
38207928
97612950
41256419
59021021
40965090
58959925
41047336
55624238
37961642
55781434
37996016
55538458
40505374
128204909
38115963
55484637
37911709
201886142
40561489
65914848
40911582
61126963
40868195
55649173
37907037
55739951
37888967
55607574
40064325
128248054
38052162
128501989
38008181
55655702
40745850
68619690
38157701
169628523
38046429
97705899
41148399
59177861
40977293
55989938
37950308
56310373
37879337
97668525
38035159
97758444
38083031
129668064
38045112
193754239
41029912
68255206
40947858
108199551
40932840
55626400
40883658
59069784
38000965
55440783
37858237
55570867
39418429
57307015
38036108
97708738
38163117
97667202
72346274
55654493
40955301
128446477
38153522
128503653
41036899
128262920
41247802
59165991
41027197
59027037
37947527
55590513
37932627
55467058
37990900
143505982
37894005
105658974
38224011
97575948
41121735
55581458
40906481
83437810
38262327
55752984
38015122
55504692
37966153
55547021
38010573
55509087
37972749
79279177
38164400
55667388
38001470
55595942
38168638
55541799
38057688
97576200
38202229
169602227
38236566
97499027
41259772
55680239
40821065
60387034
38075245
130340997
38156339
63004178
41042329
55614050
40974377
57417446
38638189
128198752
37980154
128543447
38126692
55674227
40984473
59071647
41100427
55587064
38180830
55672415
38635480
68188142
19050993
98460319
19150178
100872257
32338125
99387483
33155992
98625878
33172208
98587846
33432770
114369203
38094638
101705421
34354343
169403515
38373483
113457062
37268738
102512905
34611630
105157458
33432327
102379675
34674683
101183362
33385960
102311530
33480712
102347886
33452436
102351138
33451220
102222106
33475580
102344328
33377605
102412884
33475367
130303905
98146490
59208750
18975138
99261832
39539716
55540590
18188688
166339259
33243517
98524727
32608161
99133415
31904579
103775301
32782931
98996364
31705185
100051079
31661296
100170778
31561364
144355094
40421909
59116118
18213984
97807384
29759560
98040318
32974316
98708851
33580638
98229146
33503736
98278798
33302528
98507564
33458153
102382531
33491790
102319886
33454036
122285027
31931411
103694389
34552571
217275852
40252788
66601048
18033120
98807289
30245082
97522328
31907492
95849089
31793776
96068824
31844279
111937467
36844434
98887312
33454867
102376274
33466696
102338205
35887052
99861785
33517789
102347851
33418938
102329823
33462036
102317095
33454403
102334878
33434201
102178376
34958338
101010451
41100816
95924645
40890904
223015983
40900504
69992306
40835904
112709580
40776776
55489304
40943050
58816103
37900253
55441986
37851461
97728890
38194552
97620077
38134973
97584884
38019295
97822921
41091938
97636175
41124106
59131872
40894611
59031689
37867721
55620766
37916369
55705464
37985262
127450115
38105307
128423479
112789148
55445998
40923517
164644089
40893735
67077538
40969831
59054582
38006624
55756979
38618565
128208266
38084612
128514607
38191231
55494137
40972710
58949341
41074321
128185470
38158112
128312075
41118089
55611025
40988055
89878534
37932593
97543979
38086369
97722336
41243795
55627125
41036674
87812669
38072511
55727523
38004718
97630779
38246594
193575980
38148346
109589169
41094194
61244879
41056641
61020900
38044868
55443668
38508600
128200982
38086957
128246828
40971549
55579463
40957713
58962714
22155806
108581672
37594491
98135292
37551843
98259693
40457444
55450291
41059161
55599043
38105453
55484737
37976706
55551770
38125016
55509413
38017885
55724048
38557263
168159278
38098536
63221730
37934969
57439845
38017692
97496329
38177118
97631467
38132990
97629807
41139805
55566612
41040421
59051562
39474340
128272943
38062231
128737973
41104877
55765996
41012785
59933097
37550745
55568639
37564523
98304430
37606635
98197545
37696363
98227358
38099580
97669351
41095073
55756217
40921730
133221882
40989749
75030476
40991976
55557910
48377888
55680528
40834601
55620182
38057074
55557420
38012741
82536713
38151872
169704845
38110170
97672891
41112860
55561155
41224282
58885987
38031181
55398002
38018768
55516087
38024822
57268001
38038855
97624544
38161159
97622004
38058670
97718302
38181295
97592805
41030554
123533815
41039752
64971205
41086497
55623842
41110658
55434125
38122869
55384605
39207164
128190181
38136132
128302001
38191785
55455624
41011165
59329577
37567955
55343919
23201982
96207464
35200058
96583117
37639440
98151629
38430794
97464487
38325366
97490803
38202352
97580042
41080920
59121554
41236975
125313778
37941322
56731489
40942010
60869485
37932762
97773705
40801411
55643541
18205024
96928145
29144524
98617545
31912455
95860270
31918468
107713828
34501192
97268623
37010952
98763818
31241076
96558261
32176558
99761119
32757454
99009421
31984880
99793135
32529154
99330468
32827987
98896166
33140787
102186175
33466482
274245897
41067048
68982915
18056706
99405388
30462323
97417230
31952565
147802258
40585126
55510500
18167684
97370424
68794175
55547799
18360372
104696981
31584014
96260579
31469972
96261232
31621217
96143905
32854043
99115316
33479513
98264513
33514335
98321179
33533185
102206028
33601670
102184598
33546891
102308890
33490812
214234045
40114800
66905316
18165597
98260572
41311907
55599742
18127236
96663079
29060055
170770176
39891930
55640695
18315479
97702132
29145494
98655116
32345191
99373218
33494825
98300742
33519202
98229413
33458313
98349538
33576247
102186228
33434760
102365749
33499069
102262657
33522385
134325323
40158903
59038785
18227830
198079206
36937669
114810374
37200534
102653087
34740108
105069534
34700735
101067047
33377628
102522446
33298162
102352599
33496135
102335776
33402293
102392559
33428410
102306666
33444629
102311280
33436670
102425633
33478022
138288430
40057200
59252378
18138165
98150031
30453922
97325648
31878155
107787116
34462953
97321719
31666468
192087481
37962665
150014404
40571282
61136408
18160028
95635646
29160807
98644415
33536131
98238053
33487572
98253277
31857771
95975360
31833339
96031460
31774717
99973125
91933525
59077081
18853156
97774951
30047469
97691142
31970690
95761194
31928087
95843640
31893178
95907371
31876325
103858397
34876863
96848582
32481895
187294294
38392422
68524515
18184834
98450216
30555557
97235256
31950901
95849987
31923708
95843396
31902032
95891158
31923768
99812170
33062236
102685166
33494839
106748125
34701419
100634477
33497152
102245996
33439306
102311499
33465356
158339893
40764602
59243305
18212303
97283052
29396356
98582186
33226667
98368855
33502388
174248783
37424318
106409075
36749359
102987248
34638566
101116688
33440140
102331279
33480059
102229975
33487079
102352335
33479859
102300573
33501048
102287230
33370364
130350583
39253890
59043017
18128431
99144786
30349477
97428647
31934151
103673617
33900185
97900868
32723754
99027966
33161531
98594306
34250716
101676227
33440136
166336467
38083007
105716387
35451283
152249289
40636531
59179229
18188481
97558853
29849702
97921201
32262783
99439386
33594443
98232838
33471420
98287682
33514835
98285601
33468832
102293379
33543051
102194810
33421633
102342345
107691657
59201332
19109229
97560084
30371993
97404570
32027433
95762483
32084595
95677211
31877232
99872887
33452016
102314499
33519101
102347905
33457426
102219503
33496032
102314926
33487616
102270960
33555147
102140501
33201097
102552143
33119335
98686935
31749644
100019232
31755370
128220139
39296646
61860634
18143321
96232677
28954623
98839186
31934364
103730239
34182357
97616675
32102375
95715146
31627256
224206071
40681778
68951798
18180327
95647049
29087558
98790973
38306265
161497313
41000888
55515336
41046614
58942045
37914786
55645643
37988061
104606404
38120449
128422108
38095792
57557612
41214087
56477225
18424364
123357722
36389351
99425556
33195086
98536168
33456186
98315236
34072509
101744369
33544244
102368741
33409183
214268884
40075183
68813253
18186541
96461248
29730827
98035486
31960304
95919724
32255349
99488698
33511714
98264878
33453762
102317108
33504722
102301411
33487458
102253670
33488529
102403397
33449063
102294441
33503908
118293967
37878590
101877277
34467660
101319888
33483505
102312494
33588263
102198101
33504755
102288168
40688407
165220851
20769235
124878170
38372764
57094626
18315268
97783822
29214595
98575215
31954601
107708273
33941375
97835269
33002757
98790562
33220216
98571542
33565863
102342551
33547851
102249812
33511444
102280762
33533557
102271331
33455229
102303732
33597299
102241170
33446298
102305318
33484635
138302625
40228254
59213041
18434703
193690699
37105015
118661035
38401541
62058598
18383124
96770392
29189349
98552079
31904155
99770924
33294166
98513175
33225223
98581622
33139735
98617814
33245922
150694368
40730415
59238141
19096529
96551606
29164856
98570465
32576097
99181656
33210409
98587925
33494148
98283718
33490441
98371579
33418712
102366450
33526517
186211515
38542901
67229929
18367767
115495483
36191885
99570360
33490871
98247931
33554176
98287024
33528671
98260417
33458472
102299722
33498505
102299828
33496515
106267655
34885748
100877211
33514634
102204353
33498428
102356319
33502501
158271095
40749272
59289812
18306472
97259824
29152506
118659278
30619918
97143608
31916181
171849515
37363968
106432878
35851086
103921312
70464138
59179992
18201697
95713663
29046791
98762569
32487699
99217651
33522648
98279713
33441453
98351646
33435665
98317339
33541447
102191818
33579907
122249672
31892399
95851234
31962794
155816638
40777228
55579994
18292945
96847223
29197349
98531652
32696302
98964041
33683699
162152507
37522825
106260646
35585210
148194671
40821800
59200024
18295775
97287579
29112564
98600066
32625338
99101797
33620316
98157162
33511921
98274724
33564456
98254440
33562324
102197819
33522778
102252054
33553300
102219242
33549773
102229046
33523424
102233257
34653813
101113583
33449722
102303227
33580140
158191186
41128635
60467036
18834843
97604129
29804832
97965268
32062685
95683562
31913034
95828916
31946408
95851857
31864742
95897669
31910790
99858596
42621842
58456867
18311462
96092160
29063155
98793691
32361826
99340745
32596904
99138763
33230368
98553742
31875959
95978554
31828793
95796491
31909711
99938649
33008232
246705611
41044814
69032292
18185381
99266747
30390536
97326797
31820565
99801951
33042672
98650674
32980376
98845414
66171189
58906336
18103075
104493987
32908934
98759954
33210670
98556112
33471765
98251250
33526107
150276401
40708891
55585960
18294311
96865376
29182763
98537446
32995740
98780671
47455411
55598717
18124241
210361479
37578790
130269303
39253223
61000471
18052626
97215597
29024788
98777955
32175310
103429588
33375860
98327976
33003373
98789005
33160869
98525132
33852758
102068144
33563793
102246504
33545954
102228538
33472545
102267094
33601113
102153929
33477755
102302873
33495515
102203731
33583186
122256622
38480021
59031160
18240576
199711297
39382171
69277124
18248756
96747217
30342150
97359381
32001346
95799603
31854235
95877802
31844738
95944354
31807103
99931974
33079263
102723852
33875303
105847095
35059748
100709438
33402547
102271099
33610155
102220901
33498701
154221163
40716382
59463752
18172944
97215279
29118864
98602357
33581243
98143917
33236865
190555347
38540818
65651711
18101235
133211404
39516578
55558103
18241847
98302961
30334793
97393444
31834915
103780311
34274865
97448456
32067851
95692217
31664317
96073123
100781688
59238479
19100115
96607202
29138801
98643662
32582287
99151043
33460628
98246920
33539367
98280962
33401935
98402947
33465438
102275823
33538934
186180053
38403803
67212457
18310309
95615125
32311502
99484400
33510504
98229887
33464371
98302157
33507323
98278496
33566420
102182918
33381100
102354135
33511584
102297869
33551144
102075637
33152003
98594080
31758473
100015037
31714073
100081156
31745633
128102277
39398543
58962001
18224393
99122808
30356382
97256804
31927394
171807339
37344264
106472723
35770014
103993141
34930797
120815627
38428255
60434427
18254060
98496712
30394028
97367050
31967722
103575172
34298044
97428527
31774295
96075078
31495897
96259134
31652123
148237009
40633846
59179724
18343440
97383627
29161699
98565000
32511374
99218111
33462658
98304103
33418138
98346014
33499874
194316517
40484012
65106409
18221000
95645876
29037161
98797327
32696334
106990183
34407112
97284964
32495924
99259749
33146720
98569625
32423709
99483196
32831478
98994298
32357446
99417354
33011005
102738019
33694531
102024694
33428629
102384938
35653515
100046553
33507914
118318048
37883699
101895863
34394786
101318561
33519897
102282266
33540194
102254109
33390666
102354877
33540598
102244013
33462801
102360226
33441175
102288786
33524331
102268256
33499551
102287583
33420949
138302361
40070103
59066475
18271952
98190330
30310367
97439422
31897740
107760982
34571903
97216470
31792538
95956123
31645688
96192960
32227579
99617036
32820029
242835575
40668599
73254416
18239582
95366843
29103550
98730111
32274851
95446092
31856631
96047556
31871733
95836052
31821484
99988821
33406356
102321708
33490575
102245283
33372436
102443809
33567183
102196308
33404417
102368815
33478091
142276003
40111801
59271686
18233517
97945480
29732756
98053732
32330000
99385636
33357490
210435265
39896520
66637625
17940723
135147629
39184680
55448644
18087316
98829689
30238968
97541222
31724464
103925919
33360023
98427863
33178765
98612847
33084005
98618370
34009973
101912754
33541125
102312625
33368062
102384788
33479271
102271915
33492132
102303402
33460387
102364129
33447523
102241986
33456658
118389716
48177323
161701932
20702098
100836849
32095128
99758365
33485661
98229448
33523463
102302142
33410671
102376644
33464161
142318452
40174751
59190143
18302622
97812993
30238478
97561010
32243768
99392762
33457005
98350420
33409088
98367257
33419508
98535674
33497577
102185033
33360833
102434578
33450718
102284621
33635582
102017876
33236122
194589868
38102008
109661550
35795296
108143818
36267080
103470096
34950070
100818562
33443045
102403257
36061812
99656064
33272980
102558881
33392265
102378587
33534296
102261677
33490886
102373379
33302762
102464028
33449703
102235495
33468326
114379801
37337319
102426086
34644147
101124470
33416546
102397341
34690850
101094014
33410400
190340323
38399529
67312019
18235282
135699598
39307651
55474277
18137777
98619678
30389321
97347415
31894261
103762262
32779576
99050825
33114477
98596242
33159350
98693825
33916869
101993027
33420090
102371264
33444601
102292703
33415893
102438302
33383068
102382744
33460772
102341474
33401214
102454532
33434376
118293425
37896228
177863117
38409196
67173019
18241649
95818802
69853888
55668100
