131967549
107232660
169679064
149596914
490337471
471791099
301526604
340105384
428060044
475673540
396172888
381475958
317391599
370773094
452880023
364306986
358265944
360599233
625053324
625814086
81563378
72303084
211488443
212137152
637705189
692129432
77056659
77586634
298495863
253975185
130362428
124882847
170435888
195829855
705975500
628658830
74265096
79159871
306483374
305625952
120217555
110781846
324641808
197177517
104183956
647183144
219044312
72743860
792511488
310763324
55779260
123527162
301131212
260765050
118255544
119281726
201541924
219416279
727997631
738410906
72152142
53484737
318095520
307557515
120940684
110080992
199309117
161289632
791975580
764180477
69361372
76819346
332596382
281761051
119228516
128899080
200815343
197737509
748177990
601566097
61619385
70174250
267087345
283900702
105472577
88526269
195160414
166928415
664304481
676758969
70685568
74446042
306254247
308755327
126942051
99894753
219627766
195259543
720185415
705267883
67026882
47039161
312402554
283011264
98485060
96301828
176110304
171426334
674254693
647573074
67360197
85963302
302441969
296473026
107105996
120382972
161923625
182879619
713173797
678626980
75548668
76434254
307334100
279964618
95519377
117532460
198924907
200265046
763752721
680984244
66972425
65806800
340706716
269732027
101902545
113584382
179343980
188426602
702376164
671590029
78674777
67478360
338316533
262413839
131539743
91975017
193499491
204055153
763931086
685165960
84654473
82796546
344200531
335137528
111542802
85239423
181722305
202401468
782280663
892005574
78902756
66032819
332778177
299897720
123451468
116963117
215802837
221559952
697912818
789658464
78380722
82275239
334759422
308327608
124189626
116946193
195196336
217273507
653707467
799263990
82596863
79629871
356289538
312076165
100370474
120152415
188576199
206318318
686433046
617750124
48668217
55175925
309899094
329988500
102141143
84650335
195324778
184333509
638095742
747420818
68119033
77175832
209895590
194637659
108832241
685215323
190422862
71488149
738111821
295915873
49267429
127971394
188059911
195342875
700328032
691032845
70963336
89620784
307141486
273583016
108803754
114231630
155034609
190155376
647700403
729859133
83256012
78571400
343273602
270897034
115018802
104552810
171345061
186952784
646308093
640827589
49983110
71421975
282087821
282847681
110003017
102299129
150251316
150339015
662785225
683197056
78436247
81644225
343717967
314277486
109050821
105315564
171125010
182823614
657699580
721967687
79909128
83267398
319035520
292137401
106907590
129587547
198222625
191236427
683089937
653256234
76807110
86240404
344419729
248287145
112092116
101466904
180972720
195441020
699001978
665282238
70886985
72136477
348101763
310663401
108830500
104953206
197848695
203540975
677210492
669726517
74791772
63351115
306984779
301722451
118293538
95362571
182529066
174375259
661763992
686729583
64625640
48487835
298225705
263476866
98767655
114145915
163975930
175166470
668985675
656362726
76574342
75704393
323001244
267583702
109747493
79437702
200196383
203126308
676890735
676867128
74623415
65165226
334386372
277317577
99538514
103851642
200989939
194441460
725111722
699077709
80310268
63811593
305954750
304184521
97579555
107668889
202640504
188936832
657349319
668160194
75054333
74199928
313130485
273415476
106628383
118257024
185828986
181775685
677069193
722502707
74664833
59573861
316189592
278570074
96121435
120324582
183393685
211783770
687941684
800710838
74687127
72092873
337257965
265580823
93185302
111735662
198850638
208534582
645151242
646717985
67478874
78801343
320463365
296528189
84417585
97133281
194444480
214385245
814133142
728239740
76427447
84746151
344060042
228142707
100913252
95444979
186819938
193597283
710206200
727740215
61394036
80926529
172061160
150514654
90804101
116906873
217895401
222475622
684176364
676633807
71328125
52154852
199462018
194542987
625637739
657496770
77448297
80987777
309075271
289352760
117670911
111760336
178407766
189470738
689914797
679988022
85450783
65815381
295876497
271074742
100208210
121942151
175838717
192331030
676521228
647671509
78577051
79039534
302587213
300890888
109045579
122200205
158716677
194982500
635752849
664188664
77779745
79576318
323496110
306870323
121345076
108946199
172485715
183509981
699995981
674512096
71433286
81696642
305356135
268162533
114019793
112680419
186792573
205236485
706013405
769303376
90693715
79464076
320172679
325541026
101152053
118358466
186784563
202411571
677860865
637363453
76179691
65904785
333097677
257304237
112282157
103843597
158600254
171684482
715581823
679809971
88050678
74224741
355611358
294081333
98394640
107877292
172853626
200010621
623994903
677685115
67398783
58467836
341746447
269329433
93270377
102749346
158525423
186092108
669598321
774002066
71936799
83047499
363889135
299192787
122231627
99115074
181847733
188108511
670794364
816808324
70638393
65949175
315291726
314472515
118486688
103258868
197740141
205120611
680117249
700198127
75515251
79220959
335862170
256985762
106190751
113112948
167635889
199148087
797565844
674104385
77568796
68886858
329715726
274494126
102821765
112796414
192852145
192186128
683669204
639127898
67396005
80514211
322641208
319288684
87199107
107552357
170661313
171712897
626973100
742616186
58247711
68017399
317759940
328238028
119248208
127094340
205377509
213311334
752530861
770551615
67017800
83195315
345437768
310662245
112158043
122683773
204916337
210342639
637271783
693977675
56167809
74651222
339512212
296297060
98793870
108688299
187505986
191780447
700980605
752430461
86831570
71822328
206442538
324755607
117813303
110110181
194942002
196714376
652121012
708474636
79475454
67567353
216435368
199722223
637048684
675973500
73733881
73910866
324586126
266836713
132732020
96597773
168240565
165097057
716860351
705186210
91516738
70160735
320779449
270909254
118307352
94579736
166570006
171623853
739216456
119840802
62525424
218494685
334369235
703092759
112013767
60730327
200498226
205949123
701675578
697216199
80218611
77861136
343819971
271448890
95623634
111707575
204766480
190503245
673301204
665695950
76750122
82609898
337252316
248231728
99833054
120377230
188077597
181918422
738248661
695443839
81153049
83634771
354411422
295398935
131391613
109984654
145184169
151658830
677383695
682113754
56154516
50661061
314986987
308884435
109849117
112392669
161608854
194859632
681022005
711352251
53821590
67540256
347486393
285280357
114653129
102004853
136901486
165069561
641009209
639680582
72878520
76116404
305894413
280548853
113650685
126080460
204771885
185410170
669802993
642458735
72085633
73931723
311580638
238673757
124061997
103620161
197814047
174606976
681587986
647864174
62404398
58600376
337668282
259408672
98122899
103346303
141480181
169980781
656763575
717728876
68518922
71010420
338766731
350483879
96520774
117653650
183632685
200412834
648837518
669747636
51275002
78980478
347867587
322421841
125353355
115060092
165379310
182136040
726887634
633933561
52053228
75244127
320414579
276572520
126014037
110958527
202921601
197458127
748334595
645160197
75430853
70440476
327845408
307481391
119771174
121569492
197151822
162179821
817534880
736740481
74039600
78328917
318854601
289914925
106978257
94703290
188552543
207934427
689990081
635237097
69885633
86529416
211743225
278389000
99999365
113739569
193384435
199641697
695170267
744750466
63476121
67975330
205497276
308973664
694891796
103059451
60082431
186329506
289743447
756362640
94109197
75589105
170184142
304637079
694925131
117699739
65494714
194472117
288167024
675364777
121765460
54548392
200287389
345885948
682482869
102923092
50691717
201606411
277226800
678380657
105165961
62001011
190410052
215813216
700895964
710056299
69886599
70146477
325444727
270828286
102899841
109488746
184677616
196980554
684745937
630098865
64395572
75974791
339828813
263225175
108764165
107182352
182765271
191238023
707720318
721623954
76912216
78005074
335548958
300684610
122788345
115472477
186409125
188144119
665830021
674885044
75767119
76042192
323231492
241554838
115794354
125530169
198222440
161789778
666964351
703720030
70728856
79404914
354840132
309990865
114865655
123503577
195112354
200637392
658714972
666996613
79097466
82664725
331686198
311016939
118574836
131005802
204925356
200385894
735326779
714895002
78241268
82878034
332693794
281255706
94078496
110508520
190019344
206134049
786260857
702001878
75068287
79417671
362427892
273393332
75353006
91898803
144740256
189084965
667240197
818138065
67441526
81082000
300343337
327059557
113773639
110524062
153717256
191111967
713670642
665392269
73958780
61591698
340212821
308413053
118073207
102452462
163224463
178088071
680358564
751883724
77458876
68553050
421778939
355951641
110222785
101239634
190109103
213419317
756677098
714772423
80690783
78255864
338097440
306986436
107849767
95707384
205178214
224007434
685176818
672303845
76305332
80513934
341861143
296317820
94154952
99166901
218946238
219542513
735694332
689923505
63137077
81300816
193436686
309833008
94969531
97037634
168553403
185331348
695289367
708390207
79149225
81875922
194652386
318241041
678326617
102523425
75170717
223733797
302976781
718222103
103878815
65063161
196742190
334697650
639851694
100230965
57125792
187013718
298651052
704080254
114013690
63615405
195781489
201033201
721880468
98637914
58742721
212741589
313081177
701787542
113207037
58501994
179100588
208821129
694294970
654858039
78158118
75150242
322316475
255597058
120191310
115890709
193982153
132013550
625596443
742780243
74468990
81733230
319150057
256734632
106169863
111218874
155525927
184055560
671810669
718751957
70360805
74306347
325936693
268706709
117295005
114686389
169274470
199365143
692430867
712829847
