138952814
131257365
97301665
146528875
129973847
143878772
144192577
144491248
138053339
124369196
169986213
123537253
144330488
144684409
122209528
137379680
125161877
143734778
137215124
108783897
144106106
148293851
144499616
142949003
123761982
144449374
144218645
143403574
143567980
143846043
145213779
142352582
144781368
137353158
144700036
123583250
136233222
144573318
123662889
144721355
144089421
125215436
109292239
146529831
145062294
143879346
146081479
142116378
124928821
144147651
142579194
137032864
144930066
139353649
144555639
137390830
144190232
144925862
143936007
144635319
146403999
144637707
144638954
168928682
144922441
145140787
124748757
143668298
120538502
137767699
162411931
144792403
137686153
142946912
145207198
124027616
125042032
159006958
138501755
145088442
141988859
145086019
144444082
142538478
141031663
140043989
138357058
123941081
144576231
123732804
141569021
157622564
133497285
133714191
145351788
144565265
124791973
144324759
152726172
145257016
137565903
145319360
134403058
133083947
136387849
150876872
122240543
133795716
118989070
107244884
136248132
133147608
108892166
148768888
124561441
123006724
122783959
145359928
144620640
143862088
142263087
145018602
145508782
142917953
121813524
143589133
144482588
123780926
145549403
145182382
144829367
139439613
145010209
144222621
145113226
137542846
143598636
119777181
143080481
143655012
145098579
144887799
144299077
137562082
141101402
127436685
142614410
120695480
134517936
145675188
144074565
144516983
123766276
144723569
144808757
143653755
144746747
139217517
144804080
147995163
116027549
143063664
144694504
144646576
144747525
143815113
146190499
122062889
144569553
134815580
135274204
120011620
144097952
137078261
147480008
144756066
143563492
142967056
144370851
144466651
159008868
137618178
140771129
142091783
142423452
143792446
143913773
109574986
144934210
143961706
144539770
136111306
136750973
122329422
124643937
110953510
144814813
142976642
164422893
136831107
143740992
143364448
144441152
140788992
121456776
148725583
143537415
145138614
119902057
142789248
144592052
141651042
140746570
143815902
140365562
144274788
127565059
144584060
144841931
145539514
120416948
105461495
137333296
148936159
135251311
136063869
143662303
144499812
121223035
141348701
144471090
136358163
144888101
145019391
144168767
145274279
114756022
99427284
141416862
144944759
142161550
144049351
143742054
123958366
144180757
144093235
124497396
109062741
144094107
120551528
145113062
142881976
138729206
143114660
144824962
143971974
145083068
144201742
142485439
125160472
142573655
121571067
144910844
145015362
137084861
144261224
153156363
143257871
145418646
144200610
145117636
145256274
144397198
160439451
137386293
125284282
157202396
144099588
145144550
144943518
144206165
122558177
145229705
125031181
143600538
144573892
145406585
144573206
124671569
143976389
151874571
126382990
141795072
144552492
144741098
137765297
137456447
153259463
136867756
144700285
143965478
144432675
141603432
135597983
147217431
132890099
140151826
144309613
141128311
144725441
137439989
155172958
141207948
118021250
141688889
145098241
144419020
144728162
160914198
137240624
141497931
144680479
144973928
124835033
123859069
169352362
145093558
132212260
139396142
145605648
143518797
144656213
147528670
124912648
144442921
145043081
141911459
145230033
120355160
104155703
97913650
144470104
115478291
147247288
124543552
144333449
145201191
143627865
144568301
144917370
158169107
144459002
136825764
145737778
143967459
144881414
121910136
105572452
142565014
144724469
144617957
146407459
144399013
144364353
121784963
141640613
124798653
136421555
146406461
144314838
145313824
123729580
142514038
145299368
144832528
146093817
144886662
144521506
137310790
142748996
137392449
110446859
164438113
135825590
142177095
109093501
145690807
143827678
142031194
169081998
95168819
141733931
145012734
124077900
143957910
143928333
145009371
122180737
144279378
142215493
141292766
144732555
119186449
137653136
118171118
97284010
97569933
97360265
144468033
110810363
118475874
118086265
167359924
144095687
141143648
118013113
144567492
144842407
121647153
161178695
123716890
108214644
136946597
145051886
142414769
141053516
143996900
144779311
144982237
144891868
144303434
137658662
135449710
144296990
143923733
124351519
108923545
143893476
141460809
143945048
145007354
141846654
141277586
139714474
147650160
144239938
124264927
140812968
141908685
109056252
141403601
109379876
133907048
144277308
144124739
156821173
121591620
145464011
123254256
145143205
145067457
144154641
123777421
144221092
124776817
144492463
137255992
145118692
144976266
143516092
144355262
141766630
136377581
126041109
141362321
124115333
144444742
144432426
144513214
145139761
145915950
145295799
143329332
139443698
144644523
124907880
144199885
146123088
143129872
144241233
122431026
107295250
99594439
144033583
144487879
120712186
141948524
121708139
150268254
136202970
142580227
145296480
136053790
123628893
143640315
169682024
144993036
144838403
123750227
144897089
120368924
136710608
168255000
143996947
120053293
104346018
98355748
113671043
118949258
117236796
114414804
142947468
137777301
122538963
146350771
145036140
145308222
142662348
143166539
118992917
97444134
137300137
144308168
144493666
117878295
139158262
144968074
119713992
145087965
142060929
145185969
144828689
146534772
143808317
144786498
141621430
140524253
144724306
133001761
146140331
144569377
120683083
105269953
145354365
131660357
131971755
131979877
135718216
133282292
144786594
146070038
143605933
119827287
144492815
142269114
144942597
124371804
169673241
144793380
137821855
115196464
137640714
145002956
141424771
119934117
108771387
143939724
143242516
127416225
142458432
137949635
144975596
141548044
144414263
97077985
97367292
144276607
123648165
123698663
121871894
143581439
144876542
125123670
148297392
144353909
137228656
144848578
139817744
144969115
123901393
146901281
144516411
144835624
144222918
139151371
142291277
144131008
146729538
144882506
145044805
143353994
123197842
144731967
143057862
145719770
118191280
143178881
142972397
144160238
122061675
144915705
146844665
142037297
145014189
144473014
144806104
136828524
144863040
125124135
108880036
144613219
120405841
147769860
143864118
144829822
143323086
142457947
133292081
124669333
127564644
144639889
144490347
144691143
142021464
145020234
144490983
129697000
145020461
145409652
141071017
143513418
121922469
144796565
147729788
137357564
142596885
145219980
144478594
144672484
109007991
145990882
144488832
136215407
142543414
145161999
144455238
135461955
145223000
138416022
144344812
133599174
142277715
144724000
136357971
146349976
121753117
144917092
137933755
145510020
138419102
144983555
150187024
122770958
141386031
144358555
144978245
96569576
144270067
141826021
145219957
145263250
142742110
143581501
145237160
123738808
142527725
144407572
145189043
144684786
123499454
144174725
129068923
139807921
140774375
144730757
142503592
146275641
124803595
141424637
143779404
143226546
123673537
144321690
164901804
131373763
136045680
143789914
144893205
142948029
144758432
163358018
144719433
145053232
141396484
123903428
134490509
143842184
146941967
144886839
142748351
147071338
137473000
144117757
120745154
127368030
144934403
143020421
144804645
144617670
136304005
145112169
146449808
137641676
138105029
145090931
142292529
120072534
144019505
136440547
115531843
97585607
143271506
146312869
124851409
123664061
145415655
144933279
143917203
142724439
146075720
121837075
137956921
144684765
141835337
142936503
145147256
143374904
142697690
142799605
144665221
144378942
144678008
145176520
142418920
144788929
122617202
145134785
123192712
137316281
144189004
151281012
144473502
144973669
143458661
141272304
144979648
120363031
172650577
137263925
136720420
144617747
144899127
144845148
122563491
142969652
136681111
144075561
123351685
140463571
143582317
121174551
156754870
143945204
141937251
142138110
144978894
123399065
137751982
145130571
137007011
142019590
136294274
109670858
145049945
144165718
142278098
145694027
144789063
140808399
127228403
123918681
142641871
144304439
141261668
143288011
144724231
146158909
137649210
141464039
117464496
182122801
139851681
145533833
139738959
144346317
143832940
151764588
141592417
144325290
137468569
120954354
144128742
142163736
132935185
115152680
144555565
144331860
148262168
122163788
105995362
143253906
122756541
144857956
136355229
143673256
145277938
143703436
144910144
143062619
140885445
123712937
143000068
141614490
124856114
141478904
145952081
137526652
109763286
144395141
137905718
125098209
144212963
120634593
144519905
144770049
121837226
105561046
135790037
143985534
144967653
146491892
144504113
144849084
150509792
137016626
138019280
138144524
145665566
144464629
120368999
146665604
145062341
137736118
116875375
126162461
144113402
137329780
141131543
142971109
124054411
139886872
143346470
145186825
144416776
136044845
132358408
145028719
145032201
141745159
138244554
124382300
144621846
143287368
139289216
144017322
146609161
144717875
143858611
144804520
145158149
143720676
142411037
138438741
144605704
145111378
142903421
144241644
144895428
124109955
143534116
144620141
143116075
144399932
142003253
145021727
113273175
101486086
143463383
135566303
144359451
146185185
145339861
142294393
151328719
132838926
141219078
123741393
143064168
115624438
145054315
143548205
145129001
118177169
143916386
148607692
143470270
137203549
143820924
144935668
144199151
136437802
137435261
143940936
123815888
144477125
127213824
143461801
142581816
165278324
140230245
150226801
139728004
144708855
141839721
145323231
143790904
141557333
144240568
142619875
119489838
140319598
145130116
141205904
144173316
145188545
144535125
144310312
145431237
144096924
144762738
144903607
143237632
157508363
125202383
144720988
144276489
145449440
144916966
123820259
140986918
