17
22
25
27
29
31
33
35
37
39
41
43
46
48
50
52
54
57
59
61
63
65
67
70
72
74
76
78
80
82
85
87
89
92
95
97
99
101
104
106
108
110
112
114
117
119
121
123
125
128
130
132
134
136
138
140
142
143
145
147
149
150
152
154
155
156
157
159
161
163
164
165
167
168
169
171
172
174
175
177
178
179
181
183
185
186
187
189
190
192
193
193
195
196
197
198
199
201
203
205
207
209
211
212
214
215
216
217
218
220
221
222
224
225
226
227
229
231
233
234
236
236
238
239
240
242
244
246
248
250
252
253
254
255
256
258
259
260
261
262
263
264
265
266
267
268
269
270
271
272
274
276
277
279
280
281
282
283
285
286
288
288
290
291
293
294
296
297
298
300
301
301
303
304
305
306
308
309
311
312
313
314
316
317
318
319
321
322
323
324
326
327
328
329
330
331
332
333
335
336
337
338
340
341
342
343
345
346
347
348
350
351
352
354
355
356
357
358
360
361
361
363
364
365
367
369
370
371
372
374
376
377
379
380
382
383
385
386
387
388
389
391
392
394
395
397
398
399
401
403
405
406
407
409
410
411
413
414
415
416
418
419
419
420
421
423
425
427
428
430
431
432
434
435
436
437
438
439
441
442
444
445
446
447
448
450
451
452
453
455
457
459
461
463
464
465
467
468
468
470
471
472
474
475
475
477
478
479
480
482
483
484
486
487
488
490
491
492
493
494
495
497
499
499
500
501
502
503
504
505
506
507
508
510
512
514
515
516
518
519
521
522
523
524
525
526
527
528
529
531
533
534
536
537
539
540
541
543
544
544
546
547
548
550
551
553
554
554
556
557
558
560
561
562
564
565
566
568
569
570
571
572
574
575
576
578
579
580
582
583
585
586
588
589
590
592
594
596
598
600
601
603
604
606
607
608
610
611
612
613
614
615
616
618
619
620
622
623
624
625
626
628
629
630
631
633
634
636
637
639
641
643
644
646
648
650
652
654
656
657
659
660
662
664
666
668
671
673
675
677
679
681
683
685
687
689
691
693
696
698
700
702
704
705
707
709
711
713
715
717
719
721
724
726
728
730
732
734
736
739
742
744
746
748
750
752
754
756
758
760
762
764
766
768
770
772
774
776
778
780
782
784
786
788
790
792
794
796
798
800
802
804
805
807
809
810
812
813
815
816
818
820
821
822
823
825
826
827
828
829
831
833
836
838
840
842
844
846
848
850
852
854
856
858
860
862
864
866
868
870
871
873
875
876
878
880
882
884
885
887
888
890
891
892
894
895
896
897
899
900
902
904
905
906
908
910
911
912
914
916
917
918
920
921
923
925
927
928
929
930
931
933
935
936
937
938
940
941
942
943
944
946
947
948
950
951
952
954
955
955
957
958
959
960
962
963
964
965
967
968
969
971
972
973
974
976
977
978
980
981
983
984
986
987
988
990
992
994
995
997
999
1001
1003
1005
1007
1009
1011
1013
1015
1016
1017
1019
1020
1021
1023
1024
1025
1027
1028
1029
1030
1032
1033
1034
1035
1037
1038
1039
1041
1042
1043
1045
1046
1047
1048
1049
1051
1052
1052
1054
1055
1056
1058
1059
1059
1060
1061
1062
1063
1064
1065
1066
1067
1068
1070
1071
1073
1075
1076
1077
1079
1080
1082
1083
1085
1085
1086
1088
1090
1092
1094
1096
1097
1098
1099
1101
1102
1103
1105
1106
1106
1108
1109
1111
1112
1113
1114
1116
1117
1118
1119
1120
1122
1123
1124
1126
1127
1129
1130
1132
1132
1134
1136
1138
1140
1142
1143
1144
1145
1147
1148
1149
1150
1152
1154
1156
1158
1160
1163
1165
1167
1169
1171
1173
1175
1177
1179
1181
1183
1185
1187
1189
1191
1193
1195
1197
1199
1201
1202
1204
1206
1208
1210
1212
1214
1216
1218
1220
1222
1223
1225
1227
1229
1231
1233
1235
1237
1238
1240
1242
1244
1246
1248
1250
1252
1253
1255
1257
1258
1259
1261
1262
1263
1265
1266
1266
1268
1270
1271
1272
1273
1275
1276
1277
1279
1280
1281
1283
1285
1285
1287
1289
1291
1293
1294
1295
1297
1298
1299
1300
1302
1303
1304
1305
1307
1308
1309
1310
1312
1313
1314
1315
1316
1318
1319
1320
1322
1323
1324
1326
1327
1328
1329
1330
1332
1333
1334
1335
1336
1337
1338
1339
1340
1341
1343
1345
1346
1348
1349
1350
1352
1353
1355
1356
1358
1358
1360
1361
1363
1365
1367
1368
1369
1371
1372
1373
1375
1376
1377
1378
1379
1380
1382
1383
1383
1384
1386
1387
1388
1390
1392
1392
1393
1395
1396
1396
1397
1398
1400
1401
1402
1404
1405
1406
1408
1409
1409
1411
1412
1413
1414
1416
1417
1418
1420
1422
1423
1424
1426
1427
1427
1428
1429
1431
1432
1433
1435
1436
1436
1438
1439
1440
1441
1443
1444
1446
1447
1448
1449
1450
1452
1453
1453
1455
1456
1458
1459
1460
1461
1463
1464
1465
1466
1468
1469
1470
1472
1473
1475
1477
1478
1479
1481
1482
1483
1485
1486
1487
1489
1490
1490
1492
1493
1495
1496
1497
1499
1500
1501
1502
