4
5
6
7
10
12
12
14
15
16
17
17
20
20
21
22
22
25
26
26
28
28
29
29
30
32
32
34
34
35
35
36
36
37
38
40
40
41
41
42
42
43
43
44
45
45
46
47
47
51
51
52
52
54
54
55
55
56
56
58
59
60
61
62
63
64
65
66
67
68
69
70
71
72
73
74
75
76
77
78
79
80
81
82
83
85
87
88
90
91
93
95
95
97
98
99
100
100
101
102
104
105
106
108
109
111
113
115
117
118
121
122
122
124
126
128
129
131
132
134
135
137
137
139
141
142
144
146
147
148
149
151
153
155
157
159
162
163
164
165
166
167
168
169
170
171
172
173
174
175
176
177
179
180
182
184
186
188
188
190
190
192
193
195
196
198
199
201
203
204
206
208
209
211
213
215
216
218
219
221
223
225
226
228
230
232
233
235
237
239
240
242
244
246
248
250
252
253
253
255
257
259
260
262
264
266
267
269
271
273
274
276
278
279
281
283
285
287
288
290
292
293
295
296
297
298
299
300
301
302
304
306
307
309
310
312
313
315
317
319
321
322
325
326
327
327
329
331
332
334
335
337
339
340
342
344
345
347
349
351
352
354
356
358
360
362
363
364
366
367
369
371
372
374
376
378
380
382
384
386
387
389
391
393
395
395
397
398
399
399
400
401
402
403
405
407
408
410
412
413
415
417
418
420
422
423
425
427
429
430
432
434
435
437
439
440
442
444
446
448
450
451
452
454
455
456
457
458
459
460
461
462
463
464
465
466
468
470
471
473
475
476
477
478
479
480
481
482
483
483
484
486
487
489
490
492
494
495
497
499
500
502
504
505
507
508
510
512
513
515
517
518
520
522
523
526
527
527
529
530
532
534
535
537
539
540
542
544
545
548
549
550
550
552
554
555
556
557
558
559
561
562
564
565
567
569
570
572
574
576
578
580
582
583
585
587
588
590
592
594
596
596
598
599
600
600
602
603
605
605
606
607
609
609
610
611
613
614
615
617
618
620
621
622
624
624
627
630
631
633
635
636
637
638
639
640
641
641
644
646
646
647
647
648
648
649
650
651
652
653
654
654
656
659
660
661
662
663
664
667
669
670
672
673
674
675
677
679
680
681
683
685
686
688
690
691
693
695
696
698
700
701
703
705
706
708
710
711
714
715
716
716
717
717
719
720
721
722
723
724
725
726
727
728
729
730
731
732
733
734
735
735
738
740
742
743
744
745
746
747
747
749
750
750
752
753
756
757
758
758
759
759
761
762
763
764
766
768
770
771
773
774
776
778
779
782
785
786
787
789
791
792
794
796
797
798
800
802
802
803
805
806
807
809
811
813
814
816
818
820
822
823
824
826
828
830
831
833
835
837
839
840
842
844
845
847
849
850
852
854
855
857
859
861
863
865
867
869
870
872
874
875
877
879
881
882
884
886
887
890
891
892
892
894
896
897
898
899
901
902
903
904
905
907
908
909
910
912
913
915
917
918
920
922
923
925
927
928
930
932
934
935
937
939
941
942
944
946
947
949
951
952
954
956
958
960
961
963
965
966
968
970
971
973
975
977
979
981
983
984
985
986
987
988
988
990
991
992
994
996
997
999
1000
1002
1002
1004
1006
1007
1008
1009
1010
1011
1013
1015
1017
1018
1020
1022
1023
1025
1027
1028
1030
1031
1033
1035
1037
1038
1040
1042
1044
1046
1047
1049
1051
1052
1055
1056
1057
1057
1059
1060
1061
1062
1063
1064
1066
1068
1069
1069
1071
1072
1073
1074
1075
1076
1077
1077
1080
1082
1084
1085
1086
1087
1089
1090
1093
1094
1094
1096
1097
1097
1099
1100
1103
1104
1105
1105
1106
1106
1107
1108
1109
1110
1111
1112
1113
1114
1115
1117
1118
1119
1120
1121
1122
1123
1124
1126
1128
1129
1131
1132
1133
1134
1135
1137
1138
1139
1141
1143
1144
1146
1148
1149
1151
1153
1154
1156
1158
1160
1162
1163
1165
1167
1168
1170
1172
1173
1174
1176
1177
1179
1180
1181
1183
1185
1186
1188
1190
1192
1193
1195
1197
1199
1200
1202
1204
1206
1207
1209
1211
1213
1215
1217
1219
1221
1222
1224
1226
1227
1229
1231
1233
1235
1236
1237
1238
1239
1240
1241
1242
1243
1244
1245
1245
1246
1248
1249
1251
1253
1254
1256
1258
1259
1259
1261
1262
1264
1265
1266
1267
1269
1271
1272
1274
1276
1277
1279
1281
1283
1285
1287
1288
1290
1292
1294
1295
1297
1299
1300
1301
1303
1305
1306
1308
1310
1312
1314
1315
1317
1319
1320
1322
1324
1325
1327
1329
1330
1332
1334
1336
1337
1339
1341
1342
1343
1345
1347
1348
1350
1352
1354
1356
1357
1359
1361
1362
1364
1366
1367
1369
1371
1373
1374
1376
1377
1379
1381
1383
1385
1386
1388
1390
1391
1393
1394
1396
1398
1400
1401
1403
1405
1407
1408
1410
1412
1413
1415
1416
1418
1420
1422
1424
1426
1428
1429
1431
1433
1434
1436
1438
1439
1441
1442
1444
1446
1447
1449
1451
1453
