4.156796
0.136729
0.140114
0.128835
0.130785
0.122879
0.126805
0.128613
0.114750
0.092659
0.086031
0.088016
0.129760
0.102191
0.102465
0.112665
0.114634
0.150253
0.099072
0.103359
0.110820
0.107518
0.589752
0.102159
0.107080
0.106609
0.100477
0.131908
0.104644
0.092702
0.151221
0.104562
0.100013
0.111470
0.117141
0.106098
0.102762
0.101642
0.109096
0.097343
0.111185
0.112827
0.124183
0.134697
0.116180
0.100610
0.095792
0.094547
0.110742
0.152861
0.098137
0.094535
0.105737
0.113303
0.105972
0.097831
0.110675
0.084186
0.117550
0.117012
0.105442
0.087793
0.099559
0.126988
0.073000
0.071764
0.086674
0.108396
0.101446
0.102420
0.090167
0.076189
0.110073
0.116934
0.086213
0.100837
0.093238
0.108380
0.080609
0.104596
0.080362
0.100268
0.102147
0.101003
0.137049
0.097969
0.115934
0.138200
0.127152
0.265948
0.108644
0.092533
0.118987
0.081624
0.128613
0.094382
0.088551
0.189491
0.115980
0.146343
0.143671
0.157444
0.122011
0.089606
0.126803
0.138182
0.106421
0.106588
0.099741
0.229473
0.115058
0.088236
0.119242
0.109894
0.100461
0.105369
0.190404
0.130581
0.247719
0.103121
0.109933
0.073674
0.105715
0.096488
0.114311
0.130638
0.110931
0.164753
0.138523
0.128327
0.123603
0.091797
0.097525
0.096525
0.101598
0.257149
0.112516
0.080686
0.092100
0.093122
0.093375
0.110182
0.091581
0.090576
0.097455
0.091401
0.092150
0.091869
0.088103
0.076290
0.106126
0.126610
0.098009
0.130376
0.096827
0.099172
0.213118
0.122894
0.140606
0.095085
0.104265
0.076050
0.158785
0.132707
0.143335
0.088919
0.133005
0.089710
0.110488
0.125835
0.093643
0.071367
0.134432
0.092583
0.100038
0.092626
0.124762
0.092624
0.138356
0.091725
0.108465
0.100127
0.121718
0.125507
0.114363
0.097703
0.193213
0.097697
0.104715
0.096907
0.128748
0.093294
0.110026
0.094728
0.092618
0.215840
0.100559
0.089657
0.139243
0.100494
0.150830
0.113308
0.130456
0.091500
0.097821
0.088270
0.134104
0.089716
0.098348
0.111998
0.127027
0.094726
0.132342
0.124519
0.092887
0.101611
0.135521
0.122335
0.169140
0.089329
0.085985
0.276757
0.089336
0.113641
0.124752
0.109521
0.086778
0.079327
0.083044
0.135606
0.121011
0.099253
0.136083
0.089042
0.125484
0.091930
0.136112
0.088588
0.100893
0.093404
0.095030
0.263052
0.115879
0.150511
0.106210
0.131929
0.087900
0.100407
0.120745
0.144071
0.126715
0.091620
0.095614
0.127786
0.090466
0.095008
0.128085
0.093391
0.095733
0.218827
0.140228
0.098865
0.089910
0.115279
0.087054
0.108454
0.157463
0.122599
0.097321
0.143550
0.088628
0.097976
0.161105
0.128152
0.081360
0.103157
0.095623
0.093331
0.156889
0.107413
0.138928
0.093715
0.090722
0.253560
0.108197
0.135631
0.089758
0.095615
0.071699
0.128710
0.133794
0.121640
0.134907
0.122362
0.081282
0.107428
0.127101
0.097697
0.093146
0.140299
0.086963
0.096105
0.131345
0.094522
0.112537
0.132641
0.089896
0.147096
0.102985
0.127655
0.093500
0.097255
0.123543
0.099204
0.097955
0.284045
0.103903
0.093106
0.108583
0.098683
0.230278
0.129618
0.112604
0.081682
0.091775
0.084851
0.091163
0.089493
0.070596
0.087529
0.087911
0.094837
0.100986
0.103665
0.123451
0.117076
0.090708
0.088341
0.240304
0.101248
0.110957
0.077700
0.083705
0.090673
0.090449
0.110665
0.091341
0.091727
0.082620
0.128379
0.122504
0.088329
0.126309
0.087471
0.116386
0.091346
0.101098
0.126172
0.098083
0.068215
0.138759
0.096793
0.106400
0.126685
0.102399
0.125562
0.097823
0.074438
0.138049
0.089045
0.103080
0.126563
0.095110
0.091931
0.264994
0.127132
0.084108
0.123627
0.097383
0.088157
0.101071
0.103764
0.129489
0.084390
0.096384
0.131612
0.094278
0.094252
0.252368
0.110239
0.125058
0.094785
0.113006
0.096908
0.102261
0.125208
0.130230
0.127033
0.124945
0.126736
0.082223
0.127811
0.100065
0.130584
0.091136
0.099549
0.128797
0.093252
0.100035
0.242601
0.131255
0.096107
0.091309
0.173222
0.128509
0.157224
0.132242
0.089358
0.085555
0.251745
0.110555
0.133271
0.080074
0.083109
0.083330
0.124050
0.096848
0.306436
0.098457
0.122379
0.106665
0.108138
0.092562
0.117894
0.121370
0.121258
0.107133
0.125795
0.115359
0.092822
0.114381
0.094722
0.125438
0.129620
0.115870
0.107178
0.122951
0.142388
0.116108
0.098412
0.119545
0.133661
0.207901
0.112311
0.095082
0.131714
0.084120
0.111736
0.147141
0.094062
0.101492
0.098864
0.108223
0.077972
0.119858
0.123676
0.097702
0.130552
0.125999
0.116022
0.124699
0.113484
0.124255
0.106521
0.083577
0.090797
0.090890
0.105150
0.121736
0.254058
0.114243
0.098283
0.107546
0.118073
0.123843
0.092565
0.105587
0.147497
0.134292
0.102637
0.122214
0.103709
0.118949
0.104519
0.105636
0.122992
0.106940
0.106243
0.107051
0.115836
0.108850
0.113545
0.111040
0.107196
0.112808
0.112046
0.120689
0.126321
0.107352
0.091459
0.087113
0.148344
0.084666
0.126127
0.112755
0.077643
0.097001
0.077647
0.098121
0.075685
0.105322
0.098706
0.084653
0.085011
0.096724
0.115716
0.076951
0.111574
0.073489
0.069022
0.089033
0.116208
0.125238
0.105357
0.102305
0.126159
0.089891
0.102786
0.103035
0.097878
0.145583
0.098199
0.082500
0.097794
0.123081
0.131827
0.107356
0.094392
0.124415
0.150475
0.083188
0.129269
0.111157
0.074728
0.096525
0.131375
0.112012
0.114290
0.096385
0.134125
0.083328
0.126388
0.093679
0.094469
0.256176
0.110499
0.149717
0.090321
0.143301
0.126786
0.115362
0.127953
0.104228
0.093429
0.121285
0.128351
0.213216
0.131722
0.123046
0.112988
0.092078
0.085221
0.134677
0.093927
0.116589
0.111774
0.132565
0.106768
0.087566
0.100013
0.092496
0.127427
0.121893
0.107261
0.087662
0.232126
0.144456
0.120798
0.101372
0.087544
0.100274
0.132196
0.092445
0.126950
0.126636
0.096825
0.104311
0.120714
0.098932
0.102024
0.154671
0.092868
0.107408
0.103912
0.122237
0.095746
0.227144
0.092383
0.120883
0.096717
0.104126
0.127108
0.098916
0.087082
0.108533
0.164046
0.109952
0.090501
0.267679
0.115511
0.116097
0.085856
0.113459
0.082796
0.093413
0.123929
0.126715
0.157267
0.104603
0.124208
0.125984
0.124666
0.121917
0.108092
0.127233
0.109809
0.119602
0.110610
0.128731
0.093919
0.088356
0.126020
0.092936
0.099864
0.124391
0.098438
0.093342
0.123952
0.092617
0.093035
0.100285
0.148800
0.097076
0.100754
0.132498
0.138735
0.096289
0.095436
0.126170
0.099146
0.089092
0.133457
0.097151
0.110607
0.081554
0.090227
0.175836
0.102292
0.072198
0.135920
0.111788
0.098172
0.160414
0.131308
0.061677
0.096666
0.125828
0.093415
0.097803
0.083584
0.088811
0.102086
0.090043
0.084494
0.112754
0.092185
0.132231
0.137061
0.109863
0.099367
0.269029
0.104085
0.111904
0.101268
0.092437
0.062330
0.104028
0.129796
0.123335
0.127200
0.127668
0.123504
0.092879
0.110324
0.124432
0.148247
0.092644
0.116099
0.123815
0.092839
0.085329
0.145476
0.095297
0.184010
0.092660
0.091626
0.095006
0.130074
0.096522
0.102723
0.101208
0.120146
0.134651
0.091630
0.079364
0.289920
0.109186
0.115489
0.077584
0.094916
0.075499
0.152013
0.152568
0.162516
0.118976
0.125142
0.221061
0.089683
0.091882
0.109869
0.087332
0.110684
0.100780
0.140439
0.124848
0.126459
0.128202
0.114956
0.132803
0.100241
0.103170
0.110446
0.084860
0.095990
0.109829
0.120680
0.109631
0.081315
0.103582
0.099647
0.086193
0.099465
0.136349
0.126422
0.104717
0.095787
0.091243
0.103141
0.076754
0.117028
0.120794
0.099026
0.128103
0.127298
0.121078
0.122345
0.123200
0.125521
0.124620
0.104410
0.129843
0.220415
0.127812
0.125087
0.116637
0.132975
0.097098
0.107937
0.157101
0.145581
0.116282
0.120628
0.121051
0.195262
0.148519
0.094348
0.139616
0.121431
0.094225
0.092000
0.123223
0.091542
0.103385
0.123861
0.094838
0.076218
0.175846
0.131710
0.093009
0.086416
0.091347
0.124877
0.097963
0.094214
0.254940
0.113387
0.078088
0.114502
0.188826
0.071865
0.129002
0.127679
0.123043
0.123764
0.090336
0.096886
0.120254
0.090454
0.096575
0.099752
0.176272
0.089602
0.097318
0.094189
0.125417
0.094146
0.152131
0.101085
0.120021
0.095976
0.100848
0.088783
0.139831
0.120626
0.094558
0.120987
0.155358
0.090348
0.098184
0.132391
0.096457
0.090918
0.254221
0.133523
0.132851
0.077450
0.086520
0.082488
0.090519
0.092643
0.089167
0.092444
0.091542
0.092987
0.119339
0.126168
0.090986
0.136856
0.084870
0.093666
0.261857
0.103224
0.128926
0.077239
0.115484
0.075220
0.142250
0.095652
0.126425
0.121703
0.120211
0.087413
0.100270
0.210308
0.088131
0.091459
0.125941
0.093753
0.101724
0.089916
0.093663
0.126951
0.135903
0.101029
0.077710
0.158211
0.127217
0.081465
0.099363
0.128301
0.112218
0.072378
0.104927
0.124898
0.116591
0.126492
0.084644
0.106253
0.129664
0.087959
0.100499
0.124983
0.092148
0.163448
0.116753
0.096101
0.084882
0.150059
0.094724
0.097132
0.101211
0.127545
0.098576
0.085639
0.122727
0.122526
0.070747
0.093330
0.170341
0.100583
0.096580
0.171123
0.085179
0.125977
0.096401
0.101947
0.112406
0.101014
0.076487
0.133995
0.095145
0.096672
0.085748
0.162764
0.101403
0.128287
0.100132
0.098553
0.097341
0.121894
0.131953
0.096250
0.073253
0.125036
0.087335
0.132518
0.084803
0.099981
0.103941
0.180671
0.128613
0.099987
0.092148
0.124681
0.095121
0.130187
0.119340
0.097913
0.126505
0.128709
0.101785
0.112074
0.114188
0.098837
0.091586
0.120581
0.091881
0.097554
0.122988
0.096749
0.080554
0.133685
0.148958
0.150984
0.095448
0.098734
0.133340
0.086620
0.102192
0.101385
