1315922
86563
127665
122630
129788
122644
130813
103425
136948
138613
134404
131687
137556
122934
132280
128987
137815
136891
114189
132059
135989
133699
131223
132902
116633
105739
131996
124333
106368
130350
136604
117613
110439
132348
135944
137476
135793
132498
133328
115959
135897
129098
135752
131895
135053
136066
132679
115841
109981
105631
137524
137081
133685
132274
108403
129306
135507
110800
135823
136980
103775
126573
132740
132073
133628
109740
108300
132307
137156
110414
132303
146358
131459
131704
80693
137306
80654
125585
131994
125740
96637
133072
132266
97331
131471
135097
135254
132794
125086
137632
137604
125289
132879
133221
134268
132794
98039
137739
101348
127665
105817
120120
137540
105800
137374
130899
135680
137735
136871
133313
131928
130245
132888
106042
137136
117567
132562
134967
135927
136325
117853
132779
135411
136475
116733
125848
133378
133193
118014
127595
94982
83990
123949
124741
134870
135447
135880
106206
127543
135145
137376
133039
137183
128963
137742
136420
134762
112313
128324
107171
134577
133349
122603
119914
108641
129995
132986
130209
135235
132526
108572
91348
127150
118044
132531
131870
103202
129188
135533
131425
132966
132098
131915
110086
100047
128846
136999
133791
137613
130723
119607
133394
136481
132118
138279
94306
131430
135344
147556
129799
126875
119499
140973
135418
109902
106807
135443
133983
135159
133580
137016
117098
135343
128183
130930
124179
124771
109474
133918
136608
136509
133807
127717
105849
136016
137211
123641
125534
133933
131060
136636
106283
132602
135097
117327
131357
135775
106422
133142
130686
100937
132714
137553
132021
134761
132188
131738
135339
130537
133791
136934
111170
94612
137675
137264
134662
132521
132871
137544
137456
132790
107169
132488
108653
125450
136534
132867
134142
135096
114445
113239
135861
138146
114089
137004
136771
135887
140456
121840
122979
135245
138484
131593
127072
106240
96941
132288
110345
119489
135909
132918
93877
136951
114796
135618
134413
107098
140831
114560
108611
137344
136319
126581
132819
135623
119604
117214
136950
136659
123355
133208
133750
104862
137122
137910
105862
133524
115910
132759
112090
124644
125645
133040
134890
133033
132409
100484
131841
135193
95154
106017
123961
137260
131740
114479
134969
137582
132424
136755
105174
106641
131945
138343
133213
96297
132393
118670
95043
132376
111676
132510
137865
133184
132041
133181
137052
134667
133673
133737
123011
133074
132099
124669
135975
108723
132089
135203
131041
132631
132565
120190
132124
131162
109397
133387
116607
129714
132091
102553
132629
118561
135925
133200
131727
132996
95814
132217
145298
129496
133518
135395
147388
132421
125675
88531
136530
127931
132466
135457
125382
137879
114822
134179
136639
131815
100407
131653
126471
108627
132382
105701
89133
133577
105749
131681
127837
123356
103819
134911
119180
122412
135196
131664
135235
132778
113255
132084
131375
132164
134019
126257
134703
109643
128096
134999
132495
135468
137030
111068
126363
135611
134161
130398
102431
133039
108335
130892
124455
97193
135471
136261
137270
132011
126494
125858
137052
130828
112442
131863
135446
132001
132106
108950
135077
134710
116925
117045
129917
105738
138262
114084
95323
132435
124334
132774
132891
108817
131515
131358
131065
103937
136763
111115
131045
108478
145476
130885
108360
137119
109280
134969
126980
135325
97781
130205
129566
135460
130730
133155
129090
132709
105782
125868
124481
131725
132300
135116
132464
122169
120420
124425
133307
129688
132039
94351
129633
133375
131612
137217
135266
133014
123354
132430
107355
113853
129542
132467
132239
133450
134845
134507
131045
132602
125762
125234
125566
135562
127425
134396
134749
132189
131244
132438
133425
131832
134180
135157
133057
103628
130558
134586
134845
130894
134065
135003
135468
131746
125711
130926
128171
135748
132092
133918
132000
134929
135197
135060
97090
135096
131399
122830
107117
124286
127052
124745
134344
134827
93955
134406
132519
131349
106931
139855
130051
122424
129611
125013
135758
128143
132089
125265
104486
134397
105823
131064
134020
94053
130927
109197
93649
134718
106861
107710
132495
96104
135045
130675
102311
134797
135984
111671
132628
134048
104915
135064
133180
108706
135457
134612
132046
130184
133340
134697
135544
135264
133960
108912
131812
117402
100175
132604
135742
110051
134824
135528
131179
130269
128353
131673
132231
134447
135163
132217
112149
96231
128734
131332
131802
135656
132790
122967
125254
123586
132484
132362
103518
131759
133443
132900
134562
102910
135499
125464
132442
134904
119545
110605
134709
137730
133177
137076
135325
132587
93256
129528
136211
131457
133789
132266
141426
94317
129542
136179
132611
134876
124950
137085
120528
132101
133293
132894
131386
108027
123312
98558
132300
94609
108552
132166
132241
132301
130505
132961
131819
102931
105653
132259
133918
131887
132785
135424
132415
132339
121786
132823
127964
119386
105678
132286
131083
119493
132747
135293
124835
132479
132374
131743
132056
135137
132275
133017
132111
125265
132931
135841
131928
132837
98082
105897
133308
136081
134416
106810
132835
95255
132407
113689
105761
134202
132228
103775
119793
131223
122908
119746
105110
132056
135861
109843
132250
105121
124940
135758
95121
131595
133167
132786
131802
129896
93934
93921
135546
113538
132909
135496
144431
136339
131070
106942
133744
127580
132525
132037
132050
135192
104754
119783
132490
134931
132335
105538
132177
105687
88317
130236
120520
131129
132052
137987
135931
132361
132505
106036
109981
114913
135659
137124
120752
130869
132532
98648
114652
130163
127860
135928
123063
131072
132410
123301
126916
124416
134967
124377
117774
133025
137227
124110
134867
135867
132214
110825
94930
134854
127685
130976
135052
132172
132006
104767
122520
135185
122064
131807
134686
97396
134393
134928
130022
134504
118908
128635
128676
97560
131976
104910
125715
135099
122853
110730
131614
134873
135476
127393
134414
135091
125145
134687
143492
134982
134668
131689
143928
110934
94183
131595
127916
135835
135142
135080
105549
143605
108413
135551
135167
132014
132164
108718
132872
131295
132502
132201
127133
131844
134806
125292
132096
135133
132148
135429
105867
128024
130297
133325
134619
131980
111869
118159
99894
132317
119521
132048
134743
124214
135371
110355
127115
134318
133515
133364
130697
111227
105718
134425
135070
134840
112170
134622
131585
135218
122044
133775
131071
135472
125083
133675
135040
134599
134262
134637
117036
131528
123737
135036
135828
100617
132182
106071
90604
83652
134857
134021
134839
134952
128012
132728
133737
117945
133949
135287
95893
132059
134661
112195
131152
131029
138118
131613
133449
133899
144044
133270
134990
124484
134277
129697
132894
139337
133644
113029
134063
144521
111337
128742
106203
135400
80954
133248
125247
102315
125365
107685
131243
135630
110981
105368
129891
107080
134663
128096
110800
94784
134210
107678
135716
106152
106668
132182
134813
136609
134794
116526
132650
136343
132719
118502
105686
131927
131492
132059
132106
101984
132448
129615
131724
136382
120627
133077
132510
135517
131792
137127
132358
135805
119999
130001
125779
136743
132226
118125
133140
121814
97317
132272
98675
128490
126302
128175
105835
132232
130474
125898
132320
101271
106817
124651
106050
105571
105925
127979
135607
134565
93541
134392
134885
130602
133371
127476
143901
131808
125473
131281
107972
131011
94222
128057
132266
135032
105571
143338
131744
134711
111270
128681
132459
94770
105640
131702
104234
133990
131082
104125
128790
95113
106136
85722
80956
95084
133829
132344
131722
119668
119442
131007
133222
116287
131988
132530
131907
132146
132711
134665
115780
132154
132277
80645
126855
132434
118830
132448
132792
132843
95571
132052
132088
119798
95660
132314
131572
94838
128616
100866
131924
119521
132117
133927
132952
104888
132057
131811
129995
120107
97601
130730
120810
120481
103585
132444
134652
132128
132816
132358
134347
105377
134896
104379
132737
132828
132368
119567
89319
132232
93491
125120
136721
131174
93751
134599
136627
134666
134397
132970
125399
132364
127470
119715
91963
132289
132286
93660
132690
136667
131831
133987
94714
135404
132530
135579
135567
132021
132513
129147
115818
120117
96342
121719
94940
132914
134544
106542
103426
136158
105514
132450
135264
100884
133135
133168
131248
132760
132200
127598
123544
125611
100561
122142
132918
94832
84488
111412
133994
120854
129887
135461
132711
132672
132246
132063
80762
131080
103696
131658
132110
132265
126592
131557
122756
133116
108479
132995
135081
108702
132914
134813
116699
132023
132142
108807
131817
135050
135281
132010
132054
80511
105394
81544
131392
132339
135561
112540
132401
137514
115745
132568
104355
132811
94040
94010
85450
134217
133604
92882
143019
124215
132538
132386
132252
132208
109494
132413
103298
130997
121583
88385
131019
114123
132031
134583
131953
124558
131995
135430
131867
131914
132407
104274
118549
122440
119543
130588
130372
121411
132412
132634
129284
109805
106886
87442
129333
132823
105527
120920
93350
132203
132501
131847
132149
105688
131429
106011
129423
125758
125478
130820
98951
134887
116911
122295
132409
108447
120823
135410
134652
131702
132484
112565
123663
132294
124257
131918
108248
131930
107406
135263
108552
109902
122875
97240
123054
134165
105739
131819
134503
109939
131853
135183
94847
124989
125009
99976
131771
129724
119470
91130
130406
131736
132349
132164
134940
122011
135071
132386
116843
132165
131733
134472
99822
131960
132499
93426
118235
93821
135073
119784
132286
134888
131946
137643
104927
121943
111222
130742
131453
122346
127737
135157
122853
133795
127253
123282
131601
135098
125097
130981
134851
135483
135661
129951
125095
131895
134837
132166
131781
134936
133843
134978
132291
135243
105739
133324
135605
130832
134382
124378
135223
121904
102999
111129
87860
132235
130707
132793
104886
134791
134587
122349
132762
132536
125168
98066
95089
110969
115041
96086
108122
134969
133571
134360
135035
135506
135406
132041
116801
135314
126473
131885
134525
95932
132986
107976
132513
134707
129425
102693
132151
132834
120388
134662
135151
124567
131113
134576
142480
135303
134031
124834
144938
134378
135042
130910
135488
112868
130924
132393
131476
144791
124344
135648
115700
132622
105447
134865
128610
108880
135227
130605
135778
121792
125110
134876
109770
135812
131235
133270
135359
134496
134659
135264
132761
102217
134544
124893
121014
134795
134748
108478
132245
107563
131808
132946
134110
132109
102724
134571
134986
132537
124486
134958
93945
134531
135353
135517
125326
99033
123519
94337
108317
131169
135179
134840
110837
134369
131289
109177
131520
135530
132304
132336
125134
133250
134173
134622
135427
134342
104065
90886
130648
134256
135081
130485
130942
131934
143204
108605
134240
124296
137857
134662
134887
135614
135762
108447
135422
134623
125016
133009
135979
94219
83884
134039
129205
137050
116501
98736
129108
104429
130258
110013
131980
134622
135138
135262
106015
124506
125885
122108
134553
107449
134896
132373
121055
132194
134269
134460
134939
109001
89512
134205
133890
135458
135755
134526
134878
133262
134522
134830
105280
105840
131900
134883
132296
135013
135268
125754
135134
111066
132429
135200
107092
122631
116763
131452
102666
135777
118750
132838
101361
131803
131048
134623
120507
133803
124085
135551
125613
127573
131949
134876
135509
134167
131576
131186
93960
134506
133245
131660
123974
103837
140048
108792
134423
135124
143813
135699
134872
132619
135648
131151
134212
135625
132550
134923
134180
101271
134696
137789
132469
135527
134390
134192
124570
131063
130873
125381
133619
134376
135167
133242
134687
134686
105161
91196
133005
135584
134528
134860
135553
134448
131532
95328
107439
127889
135451
135309
132396
135368
125237
103883
135750
105637
135052
128461
132179
123853
135198
109557
133301
134753
131579
132261
111176
132320
107644
135189
130529
133046
135462
134408
134858
134542
131249
105949
90365
131442
134960
135245
135360
91046
124410
108926
132033
133570
115375
132199
108242
108154
135139
134879
110273
107086
130759
135698
131598
106422
135803
111163
129678
134864
143832
132096
130065
135253
110748
125259
130094
135269
132587
131465
134905
136815
130361
106305
133144
130638
130386
114390
107448
134887
134305
144061
134792
135166
135733
110047
131970
134864
135542
131904
132490
135291
136803
105808
91166
123268
135239
132402
131144
132188
132488
129519
135133
110656
129238
134960
134023
132160
134755
108721
124928
97484
103325
109882
130904
135875
132450
132460
132499
132546
131791
124834
109665
122456
136150
132501
132451
128402
125399
134982
134098
104658
134450
125357
125911
132240
107819
107906
128090
125496
134473
131513
134493
134136
82534
100240
80770
133594
80401
132779
98508
134973
130680
132366
143768
125012
111388
94821
136050
109087
94758
134365
134886
131985
132548
101325
134156
133447
134509
132451
134982
111342
109122
135061
133155
132139
108539
130511
135694
120536
108317
135051
123114
144266
134959
131839
134865
113560
134725
132225
133001
135249
129485
134310
122331
121061
132501
135785
117804
94633
131872
107362
122043
131593
105791
116232
134923
133952
130314
134508
133069
103916
95192
134230
122124
135168
117750
92545
124947
113607
133762
132218
100148
120135
135081
133076
110353
125455
135317
131601
135569
95335
80763
135519
132731
119082
132238
131643
124807
95202
134121
135050
94687
134255
122058
132130
132611
135324
135844
135708
131311
134598
143619
135158
126033
134410
143803
123023
131304
133110
125730
132148
131900
135022
135466
125527
132108
135182
131038
124869
135656
135150
108986
132236
132364
135114
135498
131416
125322
125361
133445
131315
134753
136411
131725
100608
88270
112988
134528
132282
94800
119310
133443
134703
135377
124628
133712
125101
102262
131507
135789
131005
108454
132214
135508
112000
132490
135313
128803
108633
132436
134641
94986
134652
109773
112337
131447
133591
108722
132018
122943
124750
132237
134774
108670
132516
134440
132151
131335
129331
94555
125696
98793
132564
121995
131162
134566
131277
135352
134734
135692
132423
131680
96893
101577
89550
131935
135060
131583
124002
135527
105825
106632
131038
96993
108370
135439
135457
132741
135404
133985
135216
133815
103787
134736
131668
133413
110344
111534
108175
135166
132487
121525
133843
135950
131046
132817
132539
132325
130927
122872
143011
134740
111362
95164
144538
132722
135787
132396
111698
110725
134744
108164
108240
134783
135555
135702
132329
106358
134250
123795
133591
110142
132256
135378
132585
112456
128379
95427
121270
118041
131807
132037
135701
110697
132948
134231
134885
94010
134776
134892
100878
135155
107727
121710
132286
134098
132386
107657
135151
136148
134168
130340
135915
120370
135166
128959
124379
122990
128373
129349
131392
130778
132868
132914
119964
131680
134550
125403
135339
122345
123730
131428
134581
125020
131511
135067
111196
133635
134542
132972
134970
134242
131336
132332
135192
116669
97497
132942
135415
123271
123038
122749
135527
130662
135097
135142
131003
132619
143083
134608
134660
132423
120455
134935
109929
134222
134822
100432
131224
136029
106068
133719
134285
134924
81803
108270
133153
135574
132674
124371
131969
106242
133341
136408
135614
137320
126256
80763
132953
133092
134875
134811
132532
125249
133041
108538
124443
133535
134825
109039
132521
108553
120502
123014
134761
132673
120207
135121
109580
134728
132547
134722
115861
92378
134610
125283
120298
124187
102312
132706
111234
134740
131396
131868
122400
103181
131118
131371
132143
97428
133355
135393
124630
131512
130714
140825
125991
135068
135349
135691
134671
131533
102809
134862
135646
123310
133285
95036
125540
135643
122870
112810
135306
132806
93960
113614
125896
135678
103767
86789
130829
133607
132982
96919
87543
135152
109936
132935
133361
134954
132141
133534
94556
135647
110339
132878
134650
109814
132709
135543
135535
134671
134770
123898
131561
135182
108910
134075
108401
132325
128024
108577
132033
135519
112338
132748
134723
131337
134608
108867
132016
135077
110683
135101
134816
131846
134879
129700
134422
124469
133690
108887
106093
134759
122169
132928
123307
130334
130941
124048
131426
135700
111247
132984
133945
111885
127431
111257
110483
129457
135510
134044
134754
93909
82091
142720
122100
131949
135757
144163
105623
134279
125272
133555
109236
135433
116911
131214
80616
132210
134907
132776
127113
124460
130893
135768
117986
110821
134356
134683
131667
97341
134793
131929
121935
95023
133515
94169
95424
135151
94684
104907
130544
135107
130516
108282
127135
135282
136192
134150
109288
94766
80978
95094
134787
135279
135482
135943
132694
134261
123028
132337
134992
110869
132689
135208
112838
132887
125398
121473
94903
129536
122120
133169
122890
109932
130481
109169
128411
129930
132303
132911
133787
132260
133954
130180
106004
135845
135545
132393
94963
94776
134943
94532
96993
133812
134800
132454
135341
124192
132754
135199
121169
130764
134595
119693
133440
110787
106179
131720
134873
115213
132794
130071
134686
132452
134754
131230
124400
130885
125254
131021
134738
135051
111671
133665
131611
132100
131795
122339
136761
134669
134607
117613
135767
134195
135962
132541
94636
87086
85409
132098
134108
120386
132692
110583
134351
125785
132721
132413
131244
135533
109581
132537
104745
110111
130507
134188
135040
101928
134660
131465
132717
131753
132225
132356
110994
110569
131295
134426
107730
130592
134815
134403
108494
135222
105999
133893
127901
95076
127805
124697
129145
94440
131830
135224
104744
133149
134429
127752
121684
134553
135035
132006
134981
135466
127347
119644
137297
91780
135801
109255
124487
131517
132362
134479
115978
132684
81231
80500
132045
134428
133916
134257
106257
136720
103131
134697
120387
133342
121900
98432
125495
133363
132108
104238
93722
119363
135593
132421
134763
133802
136841
131860
122729
117940
105441
131563
128612
131702
131820
132236
115880
132154
117656
131477
134603
95818
130813
115261
130603
132485
133171
130612
111033
131825
133194
132241
120979
106347
132061
133361
134184
132229
130805
111367
134264
132279
131622
108128
130373
130652
134636
132322
117602
132413
132491
130872
131508
111552
81070
105636
134774
128284
122235
111160
131548
132054
110944
133067
107686
122479
133157
132476
110371
131171
123080
128198
133391
135916
135905
132698
132078
135196
108618
133108
134969
135755
134297
93396
134121
136099
132332
134739
119383
144827
135069
135915
135214
132166
108745
91081
135944
131266
134230
131983
131785
110340
133230
133491
124806
133443
140646
135423
111966
132591
144104
132012
135319
132546
102714
134518
131065
108479
132059
134543
112034
133054
132263
132057
137771
132863
134554
110379
133256
133149
127795
134355
132634
133464
131480
132546
109577
94797
103325
120313
96592
130243
132949
106321
135700
132275
132312
115199
111374
132489
132183
109032
131517
129326
134568
132178
131817
120113
118925
132258
131829
131412
133396
134010
128138
119342
132471
131892
115603
134809
134893
95580
122097
133060
137000
134770
132757
116499
134984
132476
135919
132135
109216
120405
137775
93919
131853
124268
109872
132354
130819
134733
132061
125338
137664
133109
133184
132080
94142
107476
128870
131975
106345
132288
112901
109371
137050
132568
132534
121845
135383
131817
108683
133003
136355
132523
132666
131375
135046
132638
131996
132077
135966
104154
128810
119661
132216
105680
133252
132642
94002
114760
130753
132985
104883
131360
132125
108844
131086
132033
120832
132775
115168
133301
132716
104655
134837
131706
129684
131827
131054
132213
131886
131897
131640
105792
117760
106009
131921
131301
131993
132363
132167
117700
130530
111433
131690
132470
131987
131039
132436
118444
125786
131907
119529
98849
115194
104910
130669
131716
131936
131751
132426
132096
105046
94167
94393
136858
128877
130140
132204
144131
132488
135343
93850
132395
135577
120154
134199
132445
106060
114730
135372
104523
114503
119470
130086
132397
105053
117068
125605
105681
126774
131412
102109
130804
132727
120273
120573
119550
95603
94785
107681
131995
98828
132308
132154
132953
132373
133190
120310
80928
105000
131830
131940
132123
131699
132194
105091
134007
103581
132860
129956
109633
130993
132470
132691
132086
131786
132085
119589
131849
132419
132037
103936
131405
119046
94374
105244
132750
130929
135200
108877
105724
134979
135692
122826
135202
134918
132830
131626
132172
104949
131844
130597
132598
130850
134083
132495
108590
133088
109257
110192
117919
130942
135740
134481
135596
127277
134577
131401
132471
133679
122976
127557
135353
136895
80809
134861
132386
122241
131673
133686
120452
124997
132224
133196
133827
124325
135023
136011
134122
109956
134177
100842
134365
134418
132475
132477
132366
125206
125774
132727
132176
132209
135003
131288
132714
111882
135567
134404
133215
134523
104705
127004
106649
108402
135111
135802
134302
131741
107895
135114
132306
134669
132369
131037
125590
124636
131882
134021
108168
125800
135349
135115
132323
124755
135596
135274
132552
135232
125307
134504
134505
131793
132127
133028
133940
134950
103729
127260
134760
135158
132887
134747
132155
133599
131917
131502
134848
131464
133409
131518
144787
105107
134090
124309
132075
130546
132085
136382
135531
135652
135484
137402
133720
125433
113517
125731
134785
131135
94826
134132
132030
94116
94893
105279
135583
128794
135815
122611
129762
122696
136036
110734
133191
132206
132456
135235
135861
134574
120361
132061
131820
135035
132469
133866
131518
134379
122898
131128
134904
127190
132151
134315
135711
135669
133462
132015
134818
131140
108329
130236
134300
136039
132117
132367
124272
108797
87928
80511
81103
129847
135070
132451
113859
130436
132452
134987
103521
105205
94789
135938
109627
116493
132133
134802
132682
134993
132285
134756
130747
107879
114124
108812
124686
134964
134839
135714
111365
135199
135279
108901
106867
134905
134186
133442
131946
134194
123263
131424
135471
101808
134999
136718
107386
105784
135025
134867
132186
132277
135271
135584
135008
134547
131652
134980
134066
134622
135326
104966
132325
122416
132645
106744
130618
108505
135053
133289
134681
128040
132461
134351
135476
80499
84698
135195
135774
126984
133006
132385
132137
119650
132198
116579
116582
126858
134330
134561
132357
130868
135328
116821
125864
108449
125441
131528
130830
132827
135411
114909
135187
135401
135306
109723
125155
118910
96242
127031
135072
135189
134410
134989
93801
134818
145892
132491
108509
131619
142124
124623
103407
131090
106286
109065
135270
135638
134137
133505
111138
133182
134820
95962
84280
133173
130720
134611
134830
135813
134055
93627
132473
117301
135221
133273
124981
118896
134966
128467
132229
103866
135251
131949
134946
125044
132496
134642
83074
133114
109544
134867
109885
135094
105133
134925
102944
127660
109154
123183
133880
122500
133083
134110
135569
132239
135728
90841
131582
132308
108951
135950
136207
108687
132138
135516
135654
134371
132011
135314
103071
132436
135115
135262
127044
131922
134930
134362
134600
133219
134169
135329
135411
135184
132814
132352
135190
135745
93985
108210
116462
134754
135591
132223
103861
135308
132570
135401
107551
134491
132107
134763
132334
111125
108474
132575
135105
132848
132054
124544
102559
124863
135310
135031
129888
134871
106260
131310
106882
123592
103818
140443
135084
135540
130405
138003
140062
113196
132010
123930
116697
134748
112392
126104
134789
135056
122195
132688
132186
109376
130740
80665
121829
131780
125192
136074
129126
134836
112165
132523
135645
135306
132825
135414
135618
134393
134625
119727
135909
134242
133125
134732
108393
125266
130716
135120
108639
133390
110738
125560
136034
131953
135734
133952
131889
107279
123990
108124
134845
135778
110072
135041
124060
134944
131175
134789
136102
131331
130740
121625
114726
135393
135502
133000
124065
128205
131237
130306
133408
116234
91646
128382
135145
133173
132492
131660
135087
132146
135447
122499
134860
135300
135783
127129
125511
131413
125543
132422
134877
133889
134890
134855
132433
104339
105720
132905
132140
107846
134476
131654
131851
130889
134940
132437
135729
112091
91371
84896
131230
134268
134726
105386
134943
134986
123159
133736
132194
134748
134265
134582
130111
134091
134922
134208
133196
132699
115586
111158
134599
135037
130828
106330
116905
95736
121937
135434
131026
130237
135310
110177
131940
132021
106298
135476
135208
134971
132127
135048
131762
135427
139069
133188
124899
103172
142961
134017
134669
132793
135282
132343
104366
127209
131042
134614
125565
131021
132707
134459
131901
131357
124645
108543
134651
135182
135586
105592
108353
106163
119161
134729
133977
135549
134624
124890
125641
141213
133840
135555
134950
143663
133312
134480
119468
110332
109284
107689
133624
134844
132179
131758
135401
109756
94808
135044
133893
127154
132590
135260
103019
132672
124845
122538
130695
131790
132982
117021
111550
134018
132203
134989
126831
104316
130560
124836
135227
134837
134701
111142
127829
135769
123870
97493
108082
124428
135484
132344
105254
125418
95071
132883
134276
133210
134410
111151
87930
133253
117355
122380
108250
93012
142489
134732
130152
105470
135381
130551
135150
132270
105720
95157
134414
134633
134736
112981
131381
119332
132183
122098
135314
81299
135285
132262
132353
132123
134438
124608
125933
135456
103158
122966
132438
131345
132547
132666
135145
145538
134780
127745
132737
129692
125288
134653
132134
132598
111231
137151
136035
98008
117122
134966
135447
131935
132565
105919
134314
131695
130996
135544
132134
124955
134867
131425
134280
132403
132155
110376
112500
134831
109453
135094
135173
112192
95939
135482
112729
129155
135324
135491
94100
107671
131126
135362
109606
132129
111092
111241
132978
133338
110867
122149
107280
130795
135452
135112
93278
131615
141902
134185
107455
124678
143678
110944
133430
135268
135302
121798
135133
134642
108790
135298
135682
132368
125122
135669
132361
131346
96459
135328
114373
134679
135265
132456
80815
135222
94074
134765
97086
118065
133060
93675
108638
129165
132136
141825
132312
132628
135125
112065
133444
130787
124468
131712
108707
120508
134987
93938
118513
133420
134860
122302
105750
135145
130234
119126
122646
135730
92625
117271
135052
132133
134937
129696
127121
128953
131354
134933
135142
130438
133213
135266
108323
94602
134870
122169
115927
134543
132738
134640
132154
124460
135427
108408
130704
134384
134903
103853
122171
126984
109074
122064
108551
116089
134940
135089
93961
130814
143737
99868
108482
130481
134506
107646
109680
129047
131910
135141
130014
134713
132276
124948
103202
132530
116610
135136
135276
130744
100042
134817
134811
122111
134828
135476
132262
115173
126899
130778
119863
123861
131777
80553
106408
136763
134201
109834
128524
143071
106013
134617
125210
111658
134949
134846
105759
121878
132612
108818
93943
95097
135085
132552
133188
132720
107887
119344
134265
119643
134817
119719
126107
122906
110705
123086
134622
132222
134662
132272
115841
135490
102481
108601
119316
134429
130666
134805
127463
110921
131789
135506
135728
131266
135010
109830
132717
132149
132201
120928
132470
96179
83348
134840
127163
134070
134740
133076
131571
122961
142020
133843
103611
132404
133102
92098
130807
135440
134499
110557
96855
107495
133468
134988
132013
119621
134937
127264
135803
114604
125090
93037
132447
107637
135283
134693
135621
94695
105874
132141
134702
134987
132324
128390
133788
111634
137630
131358
134677
142959
93532
81289
137169
143936
135217
134881
133015
132575
103506
94679
131190
124181
115208
114215
130026
106607
132228
129334
117736
130183
119816
131499
111228
112568
127267
135391
106291
127673
132308
134824
135026
125431
131117
120128
95094
132084
129676
126983
131597
129263
134804
134050
131662
116939
133095
105350
131671
132524
133738
132854
119174
103477
93687
127576
136334
131698
132169
127232
123933
132439
134332
120740
115254
124782
126582
101371
119466
133114
104220
132513
135682
132609
131463
102424
133596
132514
132659
132687
119776
121051
134617
117036
108553
126519
134539
131502
129197
135165
104501
87280
125572
135537
122039
126663
135096
130797
135766
111224
134506
131199
132295
139254
105600
124322
132552
114848
131568
135304
120166
124492
135019
131155
125751
127671
108047
130834
134820
122014
132724
108708
94694
135707
123106
126416
93650
131177
135211
132288
94666
135461
131015
130606
121645
134515
123580
135017
135495
100347
115139
134304
108644
133306
110393
117267
130532
134254
132429
132562
135246
133179
104211
131340
120032
110769
132617
108696
128239
135343
132455
105848
130670
134225
130550
134962
108043
132025
143117
135113
135533
111838
132828
135651
136003
133881
103912
135464
129517
132250
132727
134442
133197
133767
124769
127420
135098
130818
134643
134719
110416
134897
134679
106153
121589
130763
130176
107648
131734
130759
110742
137686
109505
134918
122067
142638
133653
135000
131896
131597
134857
135192
134694
117386
132664
109562
107165
135022
127787
112315
93976
134948
134328
103948
134243
109108
129190
100235
125207
135109
108067
135463
123050
110861
131365
134638
122142
135190
130764
107243
132791
135868
136086
122067
132973
134653
132358
133367
134511
94859
125378
97400
127865
133894
110364
131531
132792
135642
123363
134771
89776
132755
112099
134989
129877
127448
114084
111194
135071
135265
135411
106147
131927
134880
108085
106525
132599
122611
104638
135617
133492
125032
132745
134081
132534
135387
135173
122135
127026
134836
132110
132434
135741
97973
80765
81696
92125
91982
92373
136047
108041
135179
134614
143273
109847
90934
125255
81060
128019
130913
132415
132136
132044
121456
133244
124747
99266
135739
132299
112207
103491
134842
130409
130836
110223
97129
134184
134757
134481
132226
134427
134711
134493
135130
123241
105779
122414
132579
105974
116929
115648
129450
108614
133481
131182
105437
129928
130132
135883
111923
91150
134741
103782
130503
116868
131984
135287
132357
131844
135209
117307
132078
134685
133413
132960
133308
130480
127118
141227
106500
127329
110163
96768
134477
108138
87285
81462
133269
124793
120355
131204
127871
135198
131444
134658
133469
108801
134449
134470
124566
94008
104678
135326
130980
132925
136314
134121
130538
131937
143886
135755
120740
132467
132299
111043
127586
135377
128864
122476
134683
132882
124905
131258
125431
108635
108466
92672
135216
121843
133016
125711
127065
114228
134142
132718
132390
134737
111225
135273
134431
132206
103249
135122
125995
122068
131558
111981
132314
130577
134857
108707
134488
134548
125648
132576
110931
94425
134251
132232
134593
135256
134527
112948
133019
125231
111139
135482
135450
134814
134749
132024
133653
131372
133394
96592
122296
131725
134829
142911
126238
134015
134259
137040
108859
135408
136289
124889
132453
132429
132026
125095
133843
108788
126921
132490
134546
121145
130743
134677
128426
131772
131776
134704
119607
110170
131066
131716
143290
135373
96935
132223
108246
120238
134859
135310
134156
110888
126971
135422
131778
108059
122572
135400
108729
116878
136272
135696
132961
135525
132519
122574
110911
87838
134480
132240
135564
130153
94783
94801
129691
137155
111082
126313
132514
105669
94747
121236
122495
106979
131496
135193
94474
132112
135337
117415
132066
134523
134246
120727
131666
134897
135322
131795
132561
119912
110827
132659
134782
134143
134996
109450
134716
102656
119430
126811
134481
131323
132611
136126
130678
134856
132963
141371
135520
134478
135134
125741
100544
131738
129460
111039
133047
108429
134840
135771
122825
105188
132818
132171
130972
121916
135013
110753
109284
135297
131675
128028
135997
131160
108607
131773
134349
120486
131590
131838
119726
126971
133501
134822
135168
132331
124618
119620
132531
122039
133326
122333
135056
110922
115120
135868
132678
135277
131114
132966
133936
134804
134822
135623
125186
99111
134379
132163
129347
128572
106553
125481
109187
128798
106138
122847
130532
134878
130798
112025
136067
132062
133737
127173
132364
131035
133519
106380
125626
135209
135212
127376
134045
132439
130861
134731
103484
125591
119908
94110
122124
107958
122158
134888
135225
114679
129975
135218
114379
134617
133448
125688
110320
132380
108091
130675
97135
80466
135852
122297
131535
105220
135270
133226
135828
111596
130569
99922
132181
134900
127333
135564
108542
135909
134268
133055
131155
125221
136179
135473
136072
111689
134618
134603
131052
123273
131539
111080
134549
131364
122351
122369
105682
121579
135084
132067
118420
106430
124938
135840
135218
94940
134266
132651
135316
131535
131993
109505
127165
80932
134913
131816
110575
132766
135484
134481
103414
135203
135373
132183
135387
134514
131337
132427
135078
121669
133206
136299
127432
134524
131729
125184
134554
110654
123074
136067
108152
93150
133735
140455
131672
134458
133617
142326
111171
135509
131756
123729
132528
129596
110687
135812
135706
100546
131259
130809
149769
135563
132948
111922
114191
134907
132960
122298
130745
134657
134400
135357
135809
125316
134216
126355
134951
110906
111151
134714
132038
110390
135663
94966
132760
136099
136058
94137
112619
134910
130418
129559
131168
108480
135423
133822
133763
128252
135901
133714
108919
108893
130482
135126
131095
94897
108769
135553
134354
131681
132240
105001
134427
130895
121714
135373
134637
131597
134204
104598
121729
119708
132601
109120
130497
135784
122866
118375
131719
112344
107095
89807
134515
134820
134842
133095
126665
132001
129863
131275
110304
110013
134725
116205
133113
131986
131391
108000
128034
134346
131949
110381
129110
96626
132338
135210
130855
113876
136047
135046
107908
132082
144081
95789
134896
136060
135611
134540
135301
135075
122379
118390
130207
134058
110415
127399
107354
110041
128071
135011
132057
108527
109253
134818
135303
132708
120796
130550
134156
125392
132446
133984
110377
135700
112472
118936
134354
108920
134697
130090
129166
130530
104981
94035
122310
135297
131351
134209
133962
121729
131291
118720
122678
131957
123911
134122
135925
135529
134683
132215
104839
115986
133879
127890
134858
125473
131506
135173
130531
115749
124934
115932
134006
130767
130546
118505
131519
135603
135454
136114
117242
130748
133932
125441
95658
118497
134860
135617
132425
135393
134517
94775
127075
135392
133503
132380
131697
131669
80946
105828
116587
135554
132339
112205
134771
133060
121559
135045
135325
135608
112282
131790
135683
134529
134782
130654
130441
131406
134818
134152
135028
134440
112089
111336
108524
131029
133872
97688
108014
134712
135113
133642
104666
127096
132468
131866
134807
131929
124436
135233
109778
125097
134823
132114
134313
111244
134456
131480
111126
125877
126042
135265
135671
127780
125685
134887
135624
132460
130658
80568
126196
134666
135140
132513
134262
125194
133073
124190
135241
131335
106101
134742
133785
120083
134677
131255
135776
135712
135304
109514
91337
143998
122923
134821
93595
106219
132643
126700
132837
134979
104070
135218
135697
131234
110213
124976
132425
132341
109713
112606
110202
134496
115699
121786
134781
134665
128987
135465
124610
134908
133207
111354
125091
133505
111445
134620
134199
110623
135042
135415
132048
132544
122512
110775
134087
97457
134803
108252
110339
137205
97357
132965
135650
132930
122013
133438
132636
109152
124458
103192
135136
106208
133071
107829
86760
134953
134829
121608
131688
135107
110581
113439
108185
132060
135392
127398
95084
132498
134129
115391
108467
134154
134046
134862
109898
133037
122317
131776
124578
113079
133000
135662
121919
87918
130587
140819
135210
118946
84686
85702
134814
135215
134118
131549
134740
112200
109257
135108
113554
92163
133297
132687
93781
131616
137343
133199
135106
108318
144009
134426
134930
132382
107202
132110
132117
131155
111334
135591
135936
122236
131504
132280
135136
121529
135193
133044
109979
108584
110065
131537
134957
107114
135020
134569
108358
134835
125246
135374
109175
132733
133577
134666
132743
112373
125528
132969
125423
121435
80317
134315
131518
134699
130590
135139
131985
132629
134346
121717
132108
134870
135168
135329
109012
132326
106123
106320
131157
128124
94862
128975
133917
103718
134343
135288
129625
106861
131419
125057
134634
106776
126485
139048
132264
112118
132530
139507
132552
135323
132133
115811
108516
106028
133595
109178
129640
135149
132123
94637
127554
134734
121934
122302
126018
111210
140776
132283
97593
133199
144072
108768
135240
135466
100097
135466
125666
114680
135460
126367
93661
134560
119403
110958
91029
134175
135005
121918
134644
135379
131140
116398
131742
129249
121813
119490
100388
134213
110371
134204
134600
133188
105551
133123
132129
132462
132440
125483
108121
133795
126888
136260
130504
133261
131496
132221
103842
108037
132988
135454
106693
133249
108276
94045
130832
103781
135197
97531
132973
125407
108586
108480
127753
135311
135647
132554
115751
111850
125987
134686
131356
93914
128568
134996
132235
131991
130634
126894
134089
134152
134327
131642
131677
127371
135468
111966
123000
131358
131879
134779
134914
108594
93798
134510
113853
133137
135831
135406
123085
134901
130657
135739
109433
127323
132931
106406
132389
102415
134866
126993
131735
105553
135075
108347
132426
131047
132524
134561
103923
134080
121455
110923
133482
135604
133334
135064
111023
132896
134334
128047
135230
135044
133999
111225
130113
133838
135104
135377
124783
132391
133285
125251
134042
108213
134594
133426
134706
132579
102929
85390
131172
132208
121887
133730
132076
132289
125510
125396
135649
110603
122374
135417
135292
133056
105066
87696
133182
108154
95058
87503
120575
88266
134865
140473
132840
102653
135334
144335
132791
134748
110820
126805
132184
134477
135508
131785
124781
98712
94269
119970
141665
109139
135007
134370
143590
132288
121073
125225
132416
132097
108559
134270
134909
133027
130657
124974
134707
131900
134481
133106
123875
132694
109091
130903
135388
134753
124272
132368
124558
124746
108914
131309
127552
132234
105616
135635
133852
134121
123543
131343
131522
98568
135006
133517
135020
134062
100741
134618
135139
133975
132941
94979
104885
134363
134893
134543
134817
105247
133088
124325
108630
124461
131641
101599
134198
124014
102204
133102
108735
84877
134759
97686
133405
124930
123608
100488
117301
131789
135254
93549
131340
114533
110434
134556
132140
138941
105839
134543
131780
116916
94167
135453
130727
133058
140554
129771
134553
131648
130760
135115
125021
94016
123651
135323
135447
121913
132712
134578
133663
134854
100454
134822
107824
130976
130741
117303
90452
130484
135422
131161
134008
135164
125436
125172
134347
135075
117111
135292
107781
132842
135187
125163
134831
101252
125322
132724
110682
121120
106830
132936
134659
138213
103427
135127
106211
120126
130871
131636
98950
115772
129911
132689
122804
137304
81740
126232
132715
108465
126796
95264
102647
134621
130651
135339
127372
111693
134731
135102
116333
117793
100352
134155
132379
134979
122175
131580
134355
136483
131100
132944
99635
139290
126488
121273
124623
106309
134175
132157
131720
122168
132759
109293
88607
125962
133679
100001
88372
131034
119309
131380
132453
135065
130986
105772
130818
134999
134800
124514
132003
132627
100669
134707
135217
131724
105752
92389
134421
122880
135695
132618
131528
130897
105792
135097
132638
133971
106887
132680
130469
132057
132464
111288
132829
134829
134598
134949
134676
127286
134345
135255
131899
132862
134606
104993
134947
117123
117111
132064
134584
131639
133676
131782
131002
134195
131102
131294
134997
102757
89920
130072
108715
86366
133700
130724
130990
134946
124497
134428
127368
108599
87774
135547
145304
125361
122728
131088
133374
142894
135351
134051
134067
113686
122664
122746
129034
132942
124451
132413
125679
134487
134804
130949
134575
133199
121095
95430
128075
125622
120340
134497
100211
131876
135413
81052
132315
107671
134934
111345
106088
134576
135464
136061
128273
132360
135589
108706
88684
108470
117233
131224
134030
132543
133573
107012
134930
94924
123808
134736
131819
103921
132297
134172
122671
134699
119249
95519
127116
114900
121752
96108
122707
122666
135082
132315
124362
135272
135046
135704
134562
124169
124802
125080
135982
123924
130168
133188
128457
132450
106944
132739
132763
132229
130338
133896
130427
132737
142784
125305
136655
110985
110904
134303
135026
134958
132978
131038
133474
133969
123311
132156
134822
135779
135450
108536
108567
135052
131805
135278
109781
127011
135131
132561
132626
132492
108744
124941
130432
134823
110305
130861
106191
120750
107736
135532
134659
133422
132761
135589
130935
125337
108749
132634
125614
133812
132696
134996
104559
131936
126002
134517
134884
135312
111529
87498
83217
133114
134353
131605
135016
106748
134761
125202
108686
132553
135324
112300
94961
135591
83511
131715
135086
105513
131757
135306
134483
109325
132052
105820
134750
89620
116301
132553
134420
105096
125987
118329
92827
135176
143936
121799
134401
132349
139483
119709
135303
134273
134887
134835
132687
109070
135119
93769
134324
136221
130827
108374
106447
138344
108415
110816
135733
135965
132441
135121
108314
134324
134809
135198
132758
131815
135399
134141
135153
135008
135345
109579
127082
133697
133849
132508
111262
134351
134600
134648
110507
134515
135265
111947
134588
135039
108587
130064
106065
135079
127617
131908
131980
108728
127541
121965
109544
91301
133988
134390
135470
135672
112673
131302
131334
134918
111076
135324
135987
132508
132757
94982
127937
121800
131387
135044
135218
109846
91739
135298
109502
88782
132973
134259
93727
135349
141982
90485
130846
97162
144068
133904
131847
110925
88279
135221
135615
129800
118907
100825
134410
134292
132017
105906
105595
127432
131899
130946
110378
150980
131883
134613
128235
142194
120008
99493
94718
105643
133373
105456
131019
130230
130575
108198
131735
115873
115217
132235
128635
113676
105334
135719
130672
133792
132373
132697
98547
132527
117780
133427
132912
132110
132148
103515
131985
131823
119963
105261
109898
120165
133631
133309
133492
135714
132795
132374
116165
131072
132588
135001
105128
132235
124991
135499
131903
134279
131162
130764
131581
136830
132356
106184
124525
135471
132357
132597
132417
117119
129581
106208
94272
137184
123614
132191
134491
137511
136272
109892
80680
132316
132369
135746
132032
132328
125099
103718
134425
136813
133523
94213
126048
139782
130561
134108
130412
139366
132040
134006
94035
137812
134472
136682
131608
135543
105909
90146
134287
137943
133068
132593
132450
134887
135573
105590
131655
134898
134549
120913
106188
133804
130904
132263
131985
134012
133297
137221
132894
115994
132178
128253
80191
135559
131894
135066
132972
135024
133053
132184
132555
111811
132763
137163
125221
111800
90291
124484
135652
135887
128754
133540
134231
111783
133359
132563
112085
136827
107607
132453
105795
93018
132533
132105
106005
138684
93722
132739
134245
137183
131943
134824
139485
108467
134142
137322
132499
114918
135119
105873
132557
137303
95131
84192
82922
123801
134615
136992
132775
135640
105536
119595
97218
132232
135709
136661
132294
123062
133889
138060
131757
136117
119662
132428
132661
119904
105378
134630
131543
124368
129361
105704
132019
124098
94958
90037
119925
132067
132775
136693
99506
136327
130192
108258
119963
131154
130234
100592
106014
137049
130491
95045
118514
136250
105223
122615
98951
129043
103138
136293
132619
127017
131751
136406
128621
132496
132190
114357
126076
105233
130513
133195
135658
137589
131355
117085
95438
101818
132681
105933
128130
108184
134081
132116
94667
90522
132554
132089
93529
137254
135269
105524
134663
132442
122492
89585
135604
81356
132598
131922
124337
137823
131616
132575
119700
105975
131594
134556
131443
128260
121256
94015
134420
135984
122624
133113
135320
136931
131064
129679
131443
131884
110404
94838
103855
132735
134592
110768
128366
132141
132483
131937
129848
102160
130517
90145
134669
132312
131857
103022
116897
120306
134148
131994
124556
132212
94913
131760
95173
129756
108223
135029
131153
134406
117076
125310
136115
132387
103072
130944
110802
120266
134358
135657
135371
131146
110862
132424
135684
109122
126140
122836
128714
132667
132123
132537
134655
112036
132378
135552
93248
121780
143470
134004
135496
135415
144335
100373
135621
131809
105102
106178
134412
94554
136070
135625
123266
125284
108199
105679
128505
121030
106205
105908
88661
132360
105831
122187
125775
134103
133140
135190
132686
132235
132355
105432
94164
146528
101976
134761
122485
122943
133460
133987
131162
134132
126371
132276
131956
124892
124021
133154
133894
131832
134375
135595
130769
133179
112474
94788
134787
105422
122377
122148
132292
132346
108725
135018
135606
95491
129384
132792
135114
135382
108831
132554
135085
132846
133066
134883
110772
135805
134106
131376
131813
132085
111186
132117
135080
135820
134589
120732
130332
133065
111369
94657
125395
132048
131911
109082
116591
133870
122190
131905
135358
125766
119511
132449
130861
105493
132488
135070
113669
133442
134772
125353
128970
96771
134735
135190
108670
132077
131245
134405
131390
133152
106803
135422
116114
133094
134649
93989
134544
135928
108704
107337
105961
106899
96929
134549
135018
132267
130023
134728
134667
132735
121687
133065
125524
108221
135199
111588
135497
128810
130837
135633
108153
132321
131170
134479
116435
134273
135074
132401
133941
132671
131311
107510
125884
132926
132467
132453
129708
81021
135947
122858
99564
134625
132329
108753
127058
134856
134623
135091
131095
103775
135447
132501
132165
135305
130443
132121
134826
104187
133250
107804
93903
132460
143609
122695
134823
134818
139815
132877
130249
134538
96579
134608
135110
135232
133823
113126
133408
134098
122269
135164
106395
134611
133020
135248
135526
108416
132512
124572
122308
135613
94933
94191
104799
135466
134877
135584
134376
143700
109824
135720
132912
132681
129828
111395
106906
134951
129423
134828
122015
133668
135437
135832
134680
134390
129847
134841
135220
135155
135480
134124
135331
135170
132205
132436
135359
135465
104309
132150
134202
117203
98573
94831
135097
104296
132311
135681
122873
134653
134886
132949
135149
132051
108732
134943
135588
135800
108683
135643
134986
133063
135479
132553
125648
121824
117087
134836
130825
100417
125514
135458
131645
134572
119660
124021
108892
125272
136128
135761
132469
130747
108690
132611
133568
97252
121280
135476
132327
132434
109850
122585
134583
135597
109048
130455
133017
131279
105028
97284
135028
95059
135974
144260
135440
132827
135713
111028
135126
134755
132066
135575
124708
110277
132649
109195
130606
136148
130084
131900
106326
132732
131405
131765
130008
100554
97220
135526
135640
134463
127364
134703
135859
135266
111622
134864
134580
132420
129545
132038
131471
134040
135574
134574
135288
134752
121949
134457
122350
135159
106192
132713
131850
134657
126893
109735
132185
135750
131162
131230
99381
132450
122373
113670
144983
131192
122426
132401
135498
121082
132139
93631
122728
125238
105775
132092
132513
132074
130335
125508
122591
120092
124557
106218
132593
110329
133305
137277
109703
91751
135422
120556
131746
101171
134577
112914
131382
103557
134082
136901
135156
135435
125501
95423
129951
134783
130768
135409
125780
103704
134912
108370
135231
133881
132506
104950
135120
134808
128145
106496
129322
131782
135537
135410
132693
132192
125399
134731
109290
121777
134780
103900
127359
134203
131516
116400
130763
134395
133324
134224
135524
125179
120039
99643
133314
130256
110566
132938
109361
134922
135274
112010
134603
108472
130988
131948
133257
108029
134282
134819
143910
131967
127998
131900
124560
121467
131418
134624
135744
94104
134848
134691
112399
135686
134192
132455
135277
125235
108355
132861
135757
123008
120128
132995
112070
132438
135089
109226
135232
135384
134046
131955
132854
110763
135048
130753
133258
104901
135116
135447
132892
119375
95071
134646
124980
135211
122616
135375
128825
125915
133353
125487
130484
135092
100932
134627
134710
108749
110845
134374
134693
80524
92329
135144
134381
132636
131044
125525
125025
102388
133417
133422
112389
129287
129145
132853
135850
135592
95095
108216
134510
134990
80471
90608
142417
128059
121842
134232
120411
135025
135248
135531
135511
108746
123735
115812
106404
133111
130876
105848
135668
107516
122533
135347
132322
132023
132163
118643
135551
135468
133960
132616
97475
134141
134761
135492
130787
125235
121147
113970
131230
122975
109994
132867
131116
133853
135022
135141
132656
135959
94195
87905
135228
134527
131828
95641
106814
135222
132369
132406
133116
120819
135507
109429
135229
135366
125833
108841
105670
135244
130850
135235
131209
135317
131388
132698
129215
133124
134219
130760
134619
108525
132679
134946
131980
133111
134668
122665
133396
111264
108160
135319
135025
134200
132206
133213
93903
94681
144240
132924
130830
133882
121626
134516
135118
122691
108587
135655
132269
132086
133300
134547
135457
128509
133862
108412
134588
116873
111506
134900
108877
132441
134608
94807
121708
122192
109670
105998
132806
134130
133098
100939
122718
130989
108559
94666
135194
97024
108586
134824
135216
135319
134435
131542
124146
125607
103431
134596
118590
132167
135548
134574
111250
132479
135531
135339
132624
108851
135150
130995
109296
136461
131937
133697
106164
143590
134822
111903
132429
135374
135431
123264
133270
132494
127558
135695
134427
131691
111015
108261
134464
135971
132991
113953
80984
132452
129304
119281
130875
131716
130944
131544
139265
80913
131855
132180
142607
135594
132142
108728
132358
108401
94737
135406
135444
132790
109767
121719
134688
134950
132392
135328
129078
134996
134971
129684
109793
115437
134558
134942
130487
111171
123150
130674
101856
123777
130867
124190
132442
131861
133322
134100
111047
134631
134943
121588
134783
124748
134455
123775
132660
131434
135268
131908
132880
132309
124485
111708
123877
134701
135434
134643
133304
132776
109946
135086
113156
134262
135276
135449
133137
131251
121251
127300
126640
133587
97795
141367
135656
134626
117701
125395
135328
135331
104392
135529
132598
132628
134874
135182
107657
132851
127163
131314
133685
134339
134908
135237
133311
132396
131972
117833
136256
135627
109516
135019
144092
122524
128827
105667
130686
128959
135024
135692
131455
132561
135895
135541
134626
134482
128012
133325
135388
125281
134538
108615
131321
135446
135316
129318
112058
134609
135542
134829
80549
130290
134755
135359
100568
113485
97278
86599
121703
134275
134933
136682
132554
127323
132260
135688
124510
105882
134295
135286
121997
133097
134126
122107
135788
135711
103780
134506
134940
130686
129917
134426
107004
133310
135164
134463
108167
131689
108739
142953
131024
134991
115495
136786
125989
108848
131422
134947
132101
100207
130909
135729
111724
134565
134298
135171
134580
124932
132893
132188
130683
109247
140813
132219
106724
135488
121648
134660
135044
125548
135177
132294
135753
120704
121772
126942
130629
132311
106770
131133
134894
109120
134214
143702
112260
131784
134517
134665
129944
137523
135857
131154
97606
128980
110345
132130
135570
124697
132565
132295
133313
133987
111707
132460
146830
109029
108462
132091
94756
132037
111353
136938
132261
103962
136638
117327
130448
106471
132797
115284
119289
96606
115058
137651
113873
134664
135902
137230
136289
105306
137059
95687
136850
133503
136506
108496
137392
132008
132164
123274
132877
106515
136260
108506
106186
87445
134426
131913
113873
132769
136989
120131
93682
131787
100013
130476
108591
134543
102299
133291
132682
131965
131617
132090
108360
135834
131547
132528
122801
132487
136453
130808
136857
105517
117292
125302
125157
127386
106063
132789
138060
135050
134306
132487
111075
119214
134699
132044
132357
132486
134547
101517
109246
134649
135797
132146
134532
115576
132712
131718
108880
116424
136983
134621
131647
131967
106566
131239
131769
133001
126025
100632
135626
134926
124299
130938
136387
130692
103435
118448
128275
130756
103033
130318
123901
102412
124445
132487
132008
120482
132495
131816
134634
104798
135386
124902
131624
131448
132619
105187
130658
129732
108621
129006
126234
131912
134027
136565
80089
134723
134834
141301
131065
103451
143206
134826
122871
93030
132345
124265
131170
128397
124596
93523
126584
104919
131617
132241
95898
115241
135359
135341
132506
105968
132005
135554
133071
132909
118141
131865
118591
131977
132886
132318
134755
107746
94696
134660
108716
131701
135089
135295
132074
135364
131820
102118
134852
134617
134380
131966
122946
103163
88034
133776
134938
135242
108769
135270
134279
135016
134701
115597
131549
132512
132451
134147
135173
131987
126903
133034
132666
134756
132742
105370
131792
95419
133410
134404
103374
134171
103062
132605
134539
131426
113108
133031
131550
133044
98877
134619
130976
133369
129937
94008
131814
137374
106344
107224
133703
131714
135180
128527
132762
133534
135416
140938
131261
125223
129288
131908
121835
135472
123624
134657
110059
134578
137749
124961
127405
135249
122839
134629
132106
120814
134559
132228
134881
134355
132208
133210
115284
134924
124724
132690
80475
131205
108389
124829
105602
134642
132641
134372
116728
122480
134452
135416
135372
105671
134431
135407
111782
91396
134427
132413
129927
108587
132877
134602
132523
132517
130679
110592
134468
135517
135513
116584
89665
84183
134950
134595
112201
123004
135620
108627
129543
135061
97333
130263
135858
122181
134390
111843
130965
134999
124305
134973
131048
131630
133122
127974
131645
133590
143862
110986
132711
132680
131657
133240
121958
122733
136011
131382
130918
143068
121727
134728
111160
118118
110949
135490
108574
133413
135029
118872
132052
125367
131848
132514
134612
135306
130840
125880
135627
135150
132934
134443
135267
129372
125637
135071
124670
132056
134715
121917
134352
111147
133541
107782
96706
134983
135138
105642
124319
106768
128635
134233
135779
135655
83360
134516
132642
134271
105208
135100
126845
135561
132621
135618
135751
134861
133081
133850
135024
120285
135110
131143
134864
135243
124442
135653
133363
110789
132484
135140
94827
134545
108285
133099
131187
111416
138175
109731
91851
135274
144069
132542
121972
125572
130574
125903
122290
135761
108305
135566
134579
131345
134320
131354
111544
136285
134580
122092
133850
136624
125140
81768
134998
122493
135046
108835
125280
124856
111013
105607
131900
127103
132229
121895
94634
131228
94779
122838
133458
109801
132089
131985
134624
135856
124674
126578
105212
124480
132815
135086
122583
111225
134535
134676
103627
134679
134636
132592
134297
97418
130653
134061
111101
135536
135212
111343
133502
135162
132681
133925
105629
106232
131802
135029
131889
131896
133385
134006
135402
134432
134811
135822
134343
108463
80576
105660
131960
135100
138487
134468
134068
135320
135846
112199
111347
134398
106266
136370
111536
132809
135046
103357
132868
135840
134429
130972
122963
112217
132882
108538
132570
134271
135548
135815
135527
92948
86548
131074
111692
142840
134615
122487
135525
143882
132490
135273
121588
134977
132409
132276
135133
125232
123430
134910
130674
132630
109258
122529
132577
132520
132336
123037
135544
112039
134260
135061
117140
118632
123121
136043
97122
132034
134906
132324
133262
134756
135485
132507
110275
125303
132418
133902
134829
132246
121086
94725
131819
105547
121924
130842
135341
132190
130675
132016
131871
121807
109318
86446
131231
129048
94029
132091
137605
108717
94621
134964
143613
131199
133986
125716
135218
126353
110312
133386
108512
93123
135197
110881
132181
135106
121815
119662
94499
132154
134566
131253
132983
112858
122270
134645
105442
122090
124115
120783
131780
104908
133099
93907
131818
135493
135235
135467
122774
131414
111003
134870
121154
130795
109608
132505
135673
132200
94789
122652
130063
134879
133491
132141
135110
125237
113367
105960
105785
133094
135426
135920
135505
132683
103861
135742
135767
134316
80541
112547
125370
110794
108251
134685
133387
132650
132239
132506
130826
132497
132356
135362
125618
103597
87117
124093
135042
134746
133268
135675
93686
131822
130154
110034
143561
135184
135612
112366
144462
109834
134800
122880
135902
104297
132790
80437
134375
132304
133739
132378
133563
134645
135200
125249
130266
135509
132148
127010
132993
106330
133003
123123
120319
122700
124529
127583
112735
89175
132269
135507
133697
93682
123676
143280
123981
124206
125483
136650
130805
124202
134587
131655
133228
131697
134507
135090
131748
104145
130553
129457
134161
134755
132097
131962
135121
124468
132320
135059
135410
132510
127433
125347
118048
132488
135733
122674
131938
131472
132125
108897
121342
134292
134994
121707
132488
109174
94051
127195
103909
114407
90996
132296
122345
109116
135302
134593
136612
134298
131123
133224
140144
109479
123620
135485
130935
132654
124477
121906
125725
135462
107768
92345
135349
135513
108466
132285
130534
134724
135039
122383
134007
130632
112305
133019
134969
99633
128046
133835
132188
131945
132258
109249
125230
106166
133234
134550
109814
111181
131049
132050
108364
134669
135358
111059
132423
121881
100093
93691
134324
137942
135643
132095
132309
123523
135681
134661
131867
125827
119144
96398
99122
134382
122056
134661
103931
94701
135542
131609
134504
133874
107826
130327
132038
134681
119836
124831
134480
108455
133303
134784
135598
135201
132592
97307
97232
129781
135494
105578
106468
96112
132726
116575
130195
106164
138015
124698
135123
126543
139846
120229
133740
127494
98254
134536
119619
132370
108535
132082
135177
132188
112175
135087
134432
134054
132327
134730
122094
124896
134568
132366
130397
108431
134399
134430
135681
80509
96083
135274
133101
131077
135066
133667
133091
134266
133392
134445
124433
113114
131914
131801
131930
118750
124297
134517
125186
108731
133317
134663
134985
80640
130702
131049
112894
133207
134605
93983
132144
143276
111195
131606
130302
143353
121510
125525
135292
132542
135412
131135
125276
110485
130122
135124
132673
135280
112064
132221
136040
135924
132395
132723
132277
117191
126486
134268
131233
134944
114073
125315
134434
95057
138071
124326
135005
110880
134561
130583
135834
125961
131780
131609
111010
131240
106168
94711
135274
135039
131729
131214
134968
129589
123622
135022
111131
124412
96053
127632
121819
108857
120110
122224
132704
108669
126418
134507
134034
132488
111420
130883
135072
81252
122154
134154
132465
116744
126936
105198
134159
135468
135328
118497
133986
108636
135376
135746
133790
130505
125058
107648
133664
137828
122424
130097
134774
119336
121876
133314
132219
93706
122636
113457
135394
132511
108691
117582
128179
120956
128424
94259
122543
133340
131984
135107
130811
104858
131360
129318
104999
85836
137157
101910
88620
83343
135118
134756
131678
108416
91561
131168
135812
132670
132645
105703
91595
135057
131161
134913
128819
133386
131928
134701
131515
94923
117070
133977
93969
132334
131149
116869
131729
135090
126806
135142
112242
131476
109254
133997
135340
105239
132442
132031
134413
110674
130172
124433
134597
110029
135151
135070
132449
132220
132065
130847
120490
130856
124187
134538
132283
134279
132768
106575
132401
135319
123404
134811
132715
135144
135238
131818
97841
134628
125295
135375
132345
133133
116618
132201
111047
133738
133293
134125
122716
94112
124199
139606
134454
134631
110968
112587
132005
119950
141639
134574
108233
134508
144095
135177
125811
133280
134861
134571
94892
132595
121789
132101
133358
124700
124927
135001
135563
131207
125467
135132
134248
134929
105934
127475
133293
110229
121162
131492
134711
109449
130148
132639
135443
132176
95563
131544
114151
132437
109719
134795
134447
105264
125550
135127
108099
130718
133762
135631
132803
132637
132567
125026
125728
110011
122371
135437
110804
87501
134226
134502
134536
121452
133009
96544
131657
134616
134520
132021
110852
106473
97084
121642
134998
104084
131817
135085
119128
135005
123542
115906
94378
133696
132205
131390
132848
133361
134314
134634
109332
131729
131749
140901
135281
134151
96816
143518
144225
135579
129083
116486
131991
135095
132287
130844
118649
126019
124320
132008
102728
135745
117229
117454
134828
108944
134127
135949
134511
133040
132048
108434
135863
135409
116281
134604
135108
135336
131054
101708
132442
133847
122615
133206
125006
119971
100855
135118
135305
117879
131854
135000
122355
132978
135347
132586
134260
132239
125501
95252
104875
127901
134223
133923
132962
104091
120164
132284
122375
116606
132047
135208
135714
112143
132632
135022
108727
87491
133736
97323
106642
128291
134618
135703
109746
132161
132002
105693
119951
121588
108013
134699
134239
133573
135554
121694
131935
134827
133607
117097
131731
134712
140999
106721
130777
113512
130838
136739
132525
94850
87381
127186
132926
127303
131204
131500
110973
128811
108335
134412
130980
132461
81072
121202
80545
80866
80619
132552
135402
107542
134198
132401
125032
132411
132459
93289
132020
134197
112608
134034
134643
135113
95042
134229
132005
102128
130818
133092
134300
131971
134833
130407
105277
129555
134871
103889
135103
107292
96913
108411
129834
131453
135020
131604
122985
124853
94157
134602
131510
119010
134378
94481
128643
132852
134879
130694
133698
135040
132230
124965
102567
135725
131321
122717
134845
115732
112557
135485
118035
134364
135459
135677
108308
132282
131158
135602
136846
130704
118820
125952
116554
135358
134764
133776
104649
135309
120286
121750
132115
134851
132658
132032
131796
93743
128144
117196
135324
134272
134452
122779
134182
108235
135006
125816
126898
134961
129326
134844
119090
106201
131743
108719
134778
134598
135625
135550
120835
129107
130726
101351
124310
127951
123042
132771
132494
90755
119498
135448
109879
135047
132917
134760
107705
132036
131383
108445
132685
135437
131064
134198
107113
132328
133423
130403
135349
130330
134834
132859
103793
134544
135433
128064
135523
122981
131148
134837
111323
107584
105299
133652
135495
132549
104642
131256
135182
119484
99312
132480
132649
132918
93770
133929
142819
104163
106185
128145
127545
132538
134670
110947
127728
134805
106298
131292
122363
121071
133309
132165
131006
131495
108590
120208
131471
107255
135342
125560
132076
132417
134672
93725
112733
142350
124798
108876
133585
144268
116344
97565
134560
108310
124595
126189
110187
106352
107262
135236
136640
110034
111020
130789
135471
123213
122544
101651
80702
134265
134637
121236
134938
135198
110947
133826
135272
135350
122322
132015
125002
124979
134474
134506
134628
132707
125388
120227
95722
108160
134926
135851
111475
131399
134300
131737
134421
135877
114297
122239
124873
135698
127448
108517
131855
135194
94866
106477
134345
134302
130898
108477
135646
135198
121997
130637
144171
135139
108366
130603
131319
131135
132324
111006
121105
105538
128361
134246
134600
113579
135024
108042
130309
105841
130671
132345
132705
132154
116289
118547
111245
126709
133042
130711
95609
123390
132114
103919
134314
130889
133502
113923
124962
132641
134492
135217
99034
97902
131912
131336
98256
127960
132429
123083
80722
134210
131071
134688
124114
135769
132580
111428
116236
132334
135720
135488
80863
105416
80558
134377
131900
118866
131140
132890
96737
83777
135116
121539
110501
132633
135618
123014
132681
110786
135154
108394
132228
106091
135254
105799
132184
131857
130597
120399
135760
123073
129305
94823
131628
132708
133906
107554
138287
133783
127939
111222
131298
131969
133920
131796
134576
131525
130878
133586
133730
124840
134708
111009
127848
135378
134162
132085
95614
134725
119886
132030
135299
130513
134845
130547
134574
134808
117405
132835
101995
126718
119669
129587
128816
127013
133106
131745
110849
130909
125388
125254
133117
140982
124287
134936
124811
135381
125528
134976
135407
134469
104793
125766
108358
134401
125763
135335
127410
134258
119043
133241
133231
100221
135320
131383
122015
131472
108437
119076
134332
125797
133012
131008
108067
127456
125238
122218
130506
125723
132575
116486
133562
130538
125936
122589
140332
130987
130735
80416
136319
118372
110575
95380
124431
135229
134507
124632
96219
133869
135201
129902
134064
131413
125076
135333
131061
132905
80637
107551
132169
108435
104307
132294
134877
132430
135282
130744
132893
122288
127000
124360
125004
135280
134770
124733
135145
132108
127104
134336
134161
131740
135280
132382
125433
122738
131451
122433
123365
130462
121391
112190
127951
130445
111166
112051
134574
132174
134078
134155
129208
134094
134957
125732
133195
114774
122637
130230
134912
134722
123035
130638
131282
134918
133828
129718
132609
114655
118669
131228
134881
133652
132189
131456
110559
110086
131460
135664
135831
108576
134167
107392
93096
130893
134856
131300
116428
97504
134062
114460
97618
134361
133190
107123
132291
122146
123381
102093
132328
131498
135486
134508
94498
102919
134382
122305
133115
134511
135150
130523
123764
95617
132104
134329
122304
131792
134874
121888
134771
134830
135245
132586
107229
89347
135643
133908
132076
108577
119832
95857
134333
109731
122033
135332
134377
134720
131981
131941
136054
133021
127832
134917
126633
96865
104790
134585
121958
127046
132146
130810
132910
141317
124091
134797
133597
128998
134195
135232
132445
128934
133204
133703
134589
123161
125147
136003
132415
122476
130872
134429
119418
132502
97985
122947
144109
130746
135391
130865
122399
130604
134111
131718
135391
125458
109927
90750
131475
94592
130924
135397
128473
134108
134789
132134
135387
108327
81214
125748
128686
135718
132378
135457
132604
125681
99955
132331
134748
122013
131227
110491
135390
135618
122511
110947
132095
135170
121677
133903
115699
132854
135218
125422
134578
108320
135089
121144
135467
135408
134424
134630
133510
134493
135146
134397
134530
135085
134611
127241
124246
119988
134816
135309
111950
131585
134579
131490
132346
124193
126637
81290
107715
131546
135583
121859
133315
108180
117017
131022
121934
137555
124099
104762
143192
128167
95836
135148
136148
132604
125422
135044
122941
131203
109590
121749
134922
132249
134944
108504
126938
134189
110928
130060
108673
134082
135038
135757
105416
132187
131621
96011
134374
108024
127050
131376
134503
105538
106573
92642
134401
132023
129658
89482
133980
135418
131943
94674
134163
105679
109183
131346
134862
137187
130098
131309
134860
112547
129717
131488
106747
127542
111225
130052
134652
135342
134136
131870
134889
121900
135135
135296
119905
132620
132861
122712
129982
110742
89730
133568
133426
135226
132491
131753
119472
132342
131739
126888
134685
108982
125562
103970
132669
133490
130821
130842
136495
117149
96253
83066
143535
110850
130881
109310
133015
131578
134708
143457
135847
131145
132553
143002
134638
135519
131977
132302
135289
135394
134342
131833
131468
119435
135434
130322
126780
131363
134932
123056
134337
134563
134107
134549
132358
129557
134942
131370
122973
128715
125178
125621
134812
131652
134993
96772
132950
101030
134536
135013
135342
132579
108323
132391
127678
134923
135438
121385
108328
132791
132350
134508
133372
134613
125419
134867
124810
94636
132009
134696
122209
110642
125562
134919
125332
135391
103995
131157
134809
80832
98058
122959
102624
132705
106584
105609
135330
135604
130829
132472
136910
135432
104540
128128
144330
134982
134058
105187
134840
125093
111086
126779
135463
135550
132802
106033
121990
124430
130729
130333
134606
132230
131988
108439
128634
124227
134504
93751
130773
126539
134407
132122
133147
144103
111192
131525
134091
132248
135302
121657
134600
121145
127622
93866
118752
134696
127299
133283
134191
126646
132432
134886
135089
130283
121121
119082
97297
134305
131622
133319
95802
122048
134949
125230
95356
132403
132597
93645
115158
134467
130862
133383
134936
125045
124408
127198
122475
123424
98405
130859
133631
132390
131592
116810
95141
134477
134049
109501
126354
134529
100938
134765
141825
109992
134101
135185
126438
124761
135159
130670
134742
124864
134632
132296
132266
120671
112314
120867
134395
134994
104203
86653
120592
133819
119959
132289
134724
105950
130583
94667
135333
132003
134604
131569
124668
133779
111828
125347
135569
134995
135427
108361
134160
119261
134699
130834
134619
134378
135580
133926
134561
134418
134582
111054
135693
135682
134436
133289
108800
130044
134487
112023
119700
135037
131501
131324
123823
134683
135235
108527
132234
100165
131083
135521
129586
123757
135049
133405
132345
132073
119721
120962
125068
132271
135778
134435
132117
134830
134783
125870
102826
135109
131060
127101
113777
132793
135483
135863
143179
106614
133062
126827
93318
134192
134989
129972
132097
131539
124522
127224
135010
112103
125442
131471
130507
95983
134725
134119
131448
133597
132117
131863
107027
130903
133388
108481
132053
135044
133529
123319
124122
134593
133185
108693
128116
134672
135177
135445
134823
134425
132678
130656
108547
144587
134855
122646
135516
137553
108845
135388
122868
127111
99911
132614
119003
122784
99663
125095
127603
120685
132374
108027
133826
136169
135834
130081
97598
128402
134003
122294
131330
98255
124330
126130
122312
135018
119457
126766
131614
134804
134591
108695
127101
129585
133961
129305
89641
122602
138414
135448
112311
105520
140595
122181
130706
97299
101228
134515
131127
133628
134844
117297
130456
119280
134695
134185
127501
108514
131048
129722
132055
119272
134198
132149
111102
127071
108202
133537
108732
105841
131097
131367
129208
132299
130645
131120
131405
133954
134775
127269
133166
131448
130734
135074
128786
132258
133114
124915
117016
108436
135144
80775
121913
135417
134824
129677
131392
141330
135757
134839
107120
135152
135577
135945
108675
135441
109892
123495
106603
132629
131005
123234
134082
132364
138358
123161
131681
133510
134219
132883
