0, 5627
1, 5568
2, 5624
3, 5591
4, 7334
5, 5839
6, 5923
7, 5844
8, 5810
9, 5859
10, 5887
11, 5850
12, 5970
13, 5991
14, 6077
15, 6085
16, 6031
17, 5938
18, 6061
19, 5987
20, 5829
21, 5717
22, 5947
23, 5804
24, 5790
25, 5612
26, 5720
27, 5293
28, 5342
29, 5235
30, 5654
31, 5449
32, 5597
33, 5549
34, 5548
35, 5276
36, 5258
37, 5258
38, 5261
39, 5145
40, 5160
41, 5138
42, 5254
43, 5298
44, 5171
45, 5169
46, 5434
47, 4612
48, 4846
49, 4964
50, 4907
51, 4814
52, 4937
53, 4832
54, 4825
55, 4848
56, 4898
57, 5074
58, 4888
59, 4969
60, 4857
61, 4846
62, 4821
63, 4700
64, 4589
65, 4633
66, 4810
67, 4749
68, 4770
69, 4844
70, 4726
71, 4728
72, 4867
73, 4780
74, 4764
75, 4687
76, 4814
77, 4734
78, 4784
79, 4612
80, 4609
81, 4672
82, 4790
83, 4672
84, 4803
85, 4613
86, 4642
87, 4540
88, 4602
89, 4806
90, 4559
91, 4583
92, 4654
93, 4797
94, 4647
95, 4810
96, 4723
97, 4484
98, 4446
99, 4441
