40591360
14942208
56434688
30834688
72335360
46718976
88219648
62619648
37003264

40509440
14860288
56352768
30752768
72253440
46637056
88137728
62537728
36921344

40509440
14860288
56352768
30752768
72253440
46637056
88137728
62537728
36921344

40591360
14942208
56434688
30834688
72335360
46710784
88219648
62619648
37003264

40591360
14942208
56434688
30834688
72335360
46710784
88219648
62619648
37003264

40476672
14835712
56328192
30728192
72228864
46612480
88113152
62513152
36896768

40509440
14860288
56352768
30752768
72253440
46637056
88137728
62537728
36921344

40476672
14835712
56328192
30728192
72228864
46612480
88113152
62513152
36896768

40476672
14835712
56328192
30728192
72228864
46612480
88113152
62513152
36896768

40509440
14860288
56352768
30752768
72253440
46637056
88137728
62537728
36921344

40435712
14794752
56287232
30687232
72187904
46571520
88072192
62472192
36855808

40591360
14942208
56434688
30834688
72335360
46718976
88219648
62619648
37003264

40591360
14942208
56434688
30834688
72335360
46718976
88219648
62619648
37003264

40476672
14835712
56328192
30728192
72228864
46604288
88113152
62513152
36896768

40476672
14827520
56320000
30720000
72220672
46596096
88104960
62504960
36888576

40558592
14909440
56401920
30801920
72302592
46686208
88186880
62586880
36970496

40509440
14860288
56352768
30752768
72253440
46637056
88137728
62537728
36921344

40476672
14835712
56328192
30728192
72228864
46612480
88113152
62513152
36896768

40591360
14942208
56434688
30834688
72335360
46718976
88219648
62619648
37003264

40411136
14770176
56279040
30679040
72179712
46563328
88064000
62464000
36847616

40435712
14794752
56287232
30687232
72187904
46571520
88072192
62472192
36855808

40591360
14942208
56434688
30834688
72335360
46718976
88219648
62619648
37003264

40476672
14835712
56328192
30728192
72228864
46612480
88113152
62513152
36896768

40591360
14942208
56434688
30834688
72335360
46718976
88219648
62619648
37003264

40558592
14909440
56401920
30801920
72302592
46686208
88186880
62586880
36970496

40509440
14860288
56352768
30752768
72253440
46637056
88137728
62537728
36921344

40509440
14860288
56352768
30752768
72253440
46637056
88137728
62537728
36921344

40476672
14835712
56328192
30728192
72228864
46612480
88113152
62513152
36896768

40476672
14835712
56328192
30728192
72228864
46612480
88113152
62513152
36896768

40476672
14835712
56328192
30728192
72228864
46604288
88113152
62513152
36896768

40476672
14835712
56328192
30728192
72228864
46612480
88113152
62513152
36896768

40550400
14901248
56393728
30793728
72294400
46678016
88178688
62578688
36962304

40476672
14835712
56328192
30728192
72228864
46612480
88113152
62513152
36896768

40591360
14942208
56434688
30834688
72335360
46718976
88219648
62619648
37003264

40591360
14942208
56434688
30834688
72335360
46718976
88219648
62619648
37003264

40509440
14860288
56352768
30752768
72253440
46637056
88137728
62537728
36921344

40476672
14835712
56328192
30728192
72228864
46604288
88113152
62513152
36896768

40591360
14942208
56434688
30834688
72335360
46718976
88219648
62619648
37003264

40509440
14860288
56352768
30752768
72228864
46612480
88121344
62521344
36904960

40476672
14827520
56320000
30720000
72220672
46604288
88104960
62504960
36888576

40591360
14942208
56434688
30834688
72335360
46718976
88219648
62619648
37003264

40435712
14794752
56287232
30687232
72187904
46571520
88072192
62472192
36855808

40591360
14942208
56434688
30834688
72335360
46718976
88219648
62619648
37003264

40591360
14942208
56434688
30834688
72335360
46718976
88219648
62619648
37003264

40591360
14942208
56434688
30834688
72335360
46718976
88219648
62619648
37003264

40591360
14942208
56434688
30834688
72335360
46718976
88219648
62619648
37003264

40591360
14942208
56434688
30834688
72335360
46718976
88219648
62619648
37003264

40591360
14942208
56434688
30834688
72335360
46718976
88219648
62619648
37003264

40509440
14860288
56352768
30752768
72253440
46637056
88137728
62537728
36921344

40476672
14835712
56328192
30728192
72228864
46612480
88113152
62513152
36896768

40591360
14942208
56434688
30834688
72335360
46718976
88219648
62619648
37003264

40591360
14942208
56434688
30834688
72335360
46710784
88219648
62619648
37003264

40591360
14942208
56434688
30834688
72335360
46718976
88219648
62619648
37003264

40558592
14909440
56401920
30801920
72302592
46686208
88186880
62586880
36970496

40583168
14934016
56426496
30826496
72327168
46710784
88211456
62611456
36995072

40591360
14942208
56434688
30834688
72335360
46718976
88219648
62619648
37003264

40591360
14942208
56434688
30834688
72335360
46710784
88219648
62619648
37003264

40591360
14942208
56434688
30834688
72335360
46718976
88219648
62619648
37003264

40509440
14860288
56352768
30752768
72253440
46637056
88113152
62513152
36896768

40476672
14835712
56328192
30728192
72228864
46612480
88113152
62513152
36896768

40558592
14909440
56401920
30801920
72302592
46686208
88186880
62586880
36970496

40591360
14942208
56434688
30834688
72335360
46718976
88219648
62619648
37003264

40476672
14835712
56328192
30728192
72228864
46612480
88113152
62513152
36896768

40476672
14835712
56328192
30728192
72228864
46612480
88113152
62513152
36896768

40476672
14835712
56328192
30728192
72228864
46612480
88113152
62513152
36896768

40591360
14942208
56434688
30834688
72335360
46718976
88219648
62619648
37003264

40476672
14835712
56328192
30728192
72228864
46612480
88113152
62513152
36896768

40591360
14942208
56434688
30834688
72335360
46710784
88219648
62619648
37003264

40509440
14860288
56352768
30752768
72253440
46637056
88137728
62537728
36921344

40591360
14942208
56434688
30834688
72335360
46718976
88219648
62619648
37003264

40591360
14942208
56434688
30834688
72335360
46718976
88219648
62619648
37003264

40509440
14860288
56352768
30752768
72253440
46637056
88137728
62537728
36921344

40550400
14901248
56393728
30793728
72294400
46678016
88178688
62578688
36962304

40509440
14860288
56352768
30752768
72253440
46637056
88137728
62537728
36921344

40509440
14860288
56352768
30752768
72253440
46637056
88137728
62537728
36921344

40484864
14843904
56336384
30736384
72237056
46612480
88121344
62521344
36904960

40591360
14942208
56434688
30834688
72335360
46718976
88219648
62619648
37003264

40591360
14942208
56434688
30834688
72335360
46710784
88219648
62619648
37003264

40591360
14942208
56434688
30834688
72335360
46718976
88219648
62619648
37003264

40591360
14942208
56434688
30834688
72335360
46718976
88219648
62619648
37003264

40509440
14860288
56352768
30752768
72253440
46637056
88137728
62537728
36921344

40509440
14860288
56352768
30752768
72253440
46637056
88137728
62537728
36921344

40591360
14942208
56434688
30834688
72335360
46710784
88219648
62619648
37003264

40591360
14942208
56434688
30834688
72335360
46718976
88219648
62619648
37003264

40452096
14811136
56303616
30703616
72204288
46587904
88088576
62488576
36872192

40558592
14909440
56401920
30801920
72302592
46686208
88186880
62586880
36970496

40476672
14835712
56328192
30728192
72228864
46612480
88113152
62513152
36896768

40558592
14909440
56401920
30801920
72302592
46686208
88186880
62586880
36970496

40509440
14860288
56352768
30752768
72253440
46637056
88137728
62537728
36921344

40591360
14942208
56434688
30834688
72335360
46718976
88219648
62619648
37003264

40501248
14852096
56344576
30744576
72245248
46620672
88129536
62529536
36913152

40509440
14860288
56352768
30752768
72253440
46628864
88137728
62537728
36921344

40591360
14942208
56434688
30834688
72335360
46710784
88219648
62619648
37003264

40443904
14802944
56311808
30711808
72212480
46596096
88096768
62496768
36880384

40591360
14942208
56434688
30834688
72335360
46718976
88219648
62619648
37003264

40591360
14942208
56434688
30834688
72335360
46718976
88219648
62619648
37003264

40591360
14942208
56434688
30834688
72335360
46718976
88219648
62619648
37003264

40591360
14942208
56434688
30834688
72335360
46718976
88219648
62619648
37003264

40550400
14901248
56393728
30793728
72294400
46678016
88178688
62578688
36962304

40509440
14860288
56352768
30752768
72253440
46637056
88137728
62537728
36921344

40509440
14860288
56352768
30752768
72253440
46637056
88137728
62537728
36921344

40476672
14835712
56328192
30728192
72228864
46612480
88113152
62513152
36880384

40591360
14942208
56434688
30834688
72335360
46718976
88219648
62619648
37003264

40591360
14942208
56434688
30834688
72335360
46718976
88219648
62619648
37003264

40591360
14942208
56434688
30834688
72335360
46718976
88219648
62619648
37003264

40509440
14860288
56352768
30752768
72253440
46637056
88137728
62537728
36921344

40591360
14942208
56434688
30834688
72335360
46718976
88219648
62619648
37003264

40591360
14942208
56434688
30834688
72335360
46718976
88219648
62619648
37003264

40591360
14942208
56434688
30834688
72335360
46710784
88219648
62619648
37003264

40509440
14860288
56352768
30752768
72253440
46637056
88137728
62537728
36921344

40591360
14942208
56434688
30834688
72335360
46718976
88219648
62619648
37003264

40591360
14942208
56434688
30834688
72335360
46718976
88219648
62619648
37003264

40591360
14942208
56434688
30834688
72335360
46718976
88219648
62619648
37003264

40550400
14901248
56393728
30793728
72294400
46678016
88178688
62578688
36962304

40591360
14942208
56434688
30834688
72335360
46718976
88219648
62619648
37003264

40509440
14860288
56352768
30752768
72253440
46628864
88137728
62537728
36921344

40509440
14860288
56352768
30752768
72253440
46628864
88137728
62537728
36921344

40591360
14942208
56434688
30834688
72335360
46718976
88219648
62619648
37003264

40591360
14942208
56434688
30834688
72335360
46718976
88219648
62619648
37003264

40476672
14835712
56328192
30728192
72228864
46612480
88113152
62513152
36896768

40509440
14860288
56352768
30752768
72253440
46637056
88137728
62537728
36921344

40550400
14901248
56393728
30793728
72294400
46678016
88178688
62578688
36962304

40591360
14942208
56434688
30834688
72335360
46718976
88219648
62619648
37003264

40435712
14794752
56287232
30687232
72187904
46571520
88072192
62472192
36855808

40591360
14942208
56434688
30834688
72335360
46718976
88219648
62619648
37003264

40591360
14942208
56434688
30834688
72335360
46718976
88219648
62619648
37003264

40591360
14942208
56434688
30834688
72335360
46718976
88219648
62619648
37003264

40591360
14942208
56434688
30834688
72335360
46718976
88219648
62619648
37003264

40476672
14835712
56328192
30728192
72228864
46612480
88113152
62513152
36896768

40591360
14942208
56434688
30834688
72335360
46718976
88219648
62619648
37003264

40476672
14835712
56328192
30728192
72228864
46612480
88113152
62513152
36896768

40476672
14835712
56328192
30728192
72228864
46612480
88113152
62513152
36896768

40591360
14942208
56434688
30834688
72335360
46710784
88219648
62619648
37003264

40509440
14860288
56352768
30752768
72253440
46637056
88137728
62537728
36921344

40591360
14942208
56434688
30834688
72335360
46718976
88219648
62619648
37003264

40591360
14942208
56434688
30834688
72335360
46718976
88219648
62619648
37003264

40435712
14794752
56287232
30687232
72187904
46571520
88072192
62472192
36855808

40591360
14942208
56434688
30834688
72335360
46718976
88219648
62619648
37003264

40501248
14852096
56360960
30760960
72261632
46645248
88145920
62545920
36929536

40591360
14942208
56434688
30834688
72335360
46718976
88219648
62619648
37003264

40476672
14835712
56328192
30728192
72228864
46612480
88113152
62513152
36896768

40591360
14942208
56434688
30834688
72335360
46718976
88219648
62619648
37003264

40435712
14794752
56287232
30687232
72187904
46571520
88072192
62472192
36855808

40591360
14942208
56434688
30834688
72335360
46718976
88219648
62619648
37003264

40591360
14942208
56434688
30834688
72335360
46718976
88219648
62619648
37003264

40591360
14942208
56434688
30834688
72335360
46718976
88219648
62619648
37003264

40476672
14835712
56328192
30728192
72228864
46604288
88113152
62513152
36896768

40476672
14835712
56328192
30728192
72228864
46612480
88113152
62513152
36896768

40591360
14942208
56434688
30834688
72335360
46710784
88219648
62619648
37003264

40509440
14860288
56352768
30752768
72253440
46637056
88137728
62537728
36921344

40591360
14942208
56434688
30834688
72335360
46710784
88219648
62619648
37003264

40509440
14860288
56352768
30752768
72253440
46628864
88137728
62537728
36921344

40509440
14860288
56352768
30752768
72253440
46637056
88137728
62537728
36921344

40591360
14942208
56434688
30834688
72335360
46718976
88219648
62619648
37003264

40509440
14860288
56352768
30752768
72253440
46637056
88137728
62537728
36921344

40591360
14942208
56434688
30834688
72335360
46718976
88219648
62619648
37003264

40476672
14835712
56328192
30728192
72228864
46612480
88113152
62513152
36896768

40476672
14835712
56328192
30728192
72228864
46612480
88113152
62513152
36896768

40476672
14835712
56328192
30728192
72228864
46612480
88113152
62513152
36896768

40476672
14835712
56328192
30728192
72228864
46612480
88113152
62513152
36896768

40591360
14942208
56434688
30834688
72335360
46718976
88219648
62619648
37003264

40476672
14835712
56328192
30728192
72228864
46612480
88113152
62513152
36896768

40476672
14835712
56328192
30728192
72228864
46612480
88113152
62513152
36896768

40509440
14860288
56352768
30752768
72253440
46637056
88137728
62537728
36921344

40509440
14860288
56352768
30752768
72253440
46637056
88137728
62537728
36921344

40476672
14835712
56328192
30728192
72228864
46612480
88113152
62513152
36896768

40591360
14942208
56434688
30834688
72335360
46718976
88219648
62619648
37003264

40476672
14835712
56328192
30728192
72212480
46587904
88096768
62496768
36880384

40509440
14860288
56352768
30752768
72253440
46628864
88137728
62537728
36921344

40476672
14835712
56328192
30728192
72228864
46612480
88113152
62513152
36896768

40476672
14835712
56328192
30728192
72228864
46612480
88113152
62513152
36896768

40591360
14942208
56434688
30834688
72335360
46718976
88219648
62619648
37003264

40591360
14942208
56434688
30834688
72335360
46718976
88219648
62619648
37003264

40435712
14794752
56287232
30687232
72187904
46563328
88072192
62472192
36855808

40591360
14942208
56434688
30834688
72335360
46710784
88219648
62619648
37003264

40525824
14876672
56385536
30785536
72286208
46669824
88170496
62570496
36954112

40591360
14942208
56434688
30834688
72335360
46718976
88219648
62619648
37003264

40542208
14893056
56385536
30785536
72286208
46669824
88170496
62570496
36954112

40550400
14901248
56393728
30793728
72294400
46678016
88178688
62578688
36962304

40476672
14835712
56328192
30728192
72228864
46612480
88113152
62513152
36896768

40591360
14942208
56434688
30834688
72335360
46718976
88219648
62619648
37003264

40509440
14860288
56352768
30752768
72253440
46637056
88137728
62537728
36921344

40476672
14835712
56328192
30728192
72228864
46612480
88113152
62513152
36896768

40435712
14794752
56287232
30687232
72187904
46571520
88072192
62472192
36855808

40583168
14934016
56426496
30826496
72327168
46710784
88211456
62611456
36995072

40509440
14860288
56352768
30752768
72253440
46637056
88137728
62537728
36921344

40525824
14876672
56385536
30785536
72286208
46669824
88170496
62570496
36954112

40591360
14942208
56434688
30834688
72335360
46718976
88219648
62619648
37003264

40435712
14794752
56287232
30687232
72187904
46563328
88072192
62472192
36855808

40591360
14942208
56434688
30834688
72335360
46718976
88219648
62619648
37003264

40476672
14827520
56320000
30720000
72220672
46604288
88104960
62504960
36888576

40591360
14942208
56434688
30834688
72335360
46718976
88219648
62619648
37003264

40476672
14835712
56328192
30728192
72228864
46612480
88113152
62513152
36896768

40591360
14942208
56434688
30834688
72335360
46718976
88219648
62619648
37003264

40476672
14835712
56328192
30728192
72228864
46612480
88113152
62513152
36896768

40591360
14942208
56434688
30834688
72335360
46710784
88219648
62619648
37003264

40476672
14835712
56328192
30728192
72228864
46612480
88113152
62513152
36896768

40591360
14942208
56434688
30834688
72335360
46718976
88219648
62619648
37003264

40435712
14794752
56287232
30687232
72187904
46571520
88072192
62472192
36855808

40509440
14860288
56352768
30752768
72253440
46637056
88137728
62537728
36921344

40591360
14942208
56434688
30834688
72335360
46718976
88219648
62619648
37003264

40591360
14942208
56434688
30834688
72335360
46718976
88219648
62619648
37003264

40509440
14860288
56352768
30752768
72253440
46637056
88137728
62537728
36921344

40476672
14835712
56328192
30728192
72228864
46612480
88113152
62513152
36896768

40591360
14942208
56434688
30834688
72335360
46718976
88219648
62619648
37003264

40591360
14942208
56434688
30834688
72335360
46718976
88219648
62619648
37003264

40591360
14942208
56434688
30834688
72335360
46718976
88219648
62619648
37003264

40509440
14868480
56360960
30760960
72261632
46645248
88145920
62545920
36929536

40435712
14794752
56287232
30687232
72187904
46563328
88072192
62472192
36855808

40591360
14942208
56434688
30834688
72335360
46718976
88219648
62619648
37003264

40402944
14761984
56254464
30654464
72155136
46538752
88039424
62439424
36823040

40476672
14835712
56328192
30728192
72228864
46612480
88113152
62513152
36896768

40591360
14942208
56434688
30834688
72335360
46718976
88219648
62619648
37003264

40591360
14942208
56434688
30834688
72335360
46718976
88219648
62619648
37003264

40591360
14942208
56434688
30834688
72335360
46718976
88219648
62619648
37003264

40452096
14811136
56303616
30703616
72204288
46587904
88088576
62488576
36872192

40509440
14860288
56352768
30752768
72253440
46637056
88137728
62537728
36921344

40591360
14942208
56434688
30834688
72335360
46718976
88219648
62619648
37003264

40476672
14835712
56328192
30728192
72228864
46604288
88113152
62513152
36896768

40591360
14942208
56434688
30834688
72335360
46718976
88219648
62619648
37003264

40591360
14942208
56434688
30834688
72335360
46718976
88219648
62619648
37003264

40591360
14942208
56434688
30834688
72335360
46718976
88219648
62619648
37003264

40476672
14835712
56328192
30728192
72228864
46612480
88113152
62513152
36896768

40591360
14942208
56434688
30834688
72335360
46718976
88219648
62619648
37003264

40591360
14942208
56434688
30834688
72335360
46718976
88219648
62619648
37003264

40591360
14942208
56434688
30834688
72335360
46718976
88219648
62619648
37003264

40509440
14860288
56352768
30752768
72253440
46637056
88137728
62537728
36921344

40476672
14835712
56328192
30728192
72228864
46604288
88113152
62513152
36896768

40591360
14942208
56434688
30834688
72335360
46718976
88219648
62619648
37003264

40509440
14860288
56352768
30752768
72253440
46637056
88137728
62537728
36921344

40476672
14835712
56328192
30728192
72228864
46612480
88113152
62513152
36896768

40509440
14860288
56352768
30752768
72253440
46637056
88137728
62537728
36921344

40591360
14942208
56434688
30834688
72335360
46718976
88219648
62619648
37003264

40591360
14942208
56434688
30834688
72335360
46718976
88219648
62619648
37003264

40591360
14942208
56434688
30834688
72335360
46710784
88219648
62619648
37003264

40558592
14909440
56401920
30801920
72302592
46686208
88186880
62586880
36970496

40591360
14942208
56434688
30834688
72335360
46718976
88219648
62619648
37003264

40591360
14942208
56434688
30834688
72335360
46710784
88219648
62619648
37003264

40476672
14835712
56328192
30728192
72228864
46612480
88113152
62513152
36896768

40591360
14942208
56434688
30834688
72335360
46718976
88219648
62619648
37003264

40476672
14835712
56328192
30728192
72228864
46612480
88113152
62513152
36896768

40476672
14835712
56328192
30728192
72228864
46612480
88113152
62513152
36896768

40501248
14852096
56344576
30744576
72245248
46620672
88129536
62529536
36913152

40591360
14942208
56434688
30834688
72335360
46718976
88219648
62619648
37003264

40591360
14942208
56434688
30834688
72335360
46718976
88219648
62619648
37003264

40509440
14860288
56352768
30752768
72253440
46637056
88137728
62537728
36921344

40411136
14770176
56262656
30662656
72163328
46546944
88047616
62447616
36831232

40591360
14942208
56434688
30834688
72335360
46718976
88219648
62619648
37003264

40591360
14942208
56434688
30834688
72335360
46718976
88219648
62619648
37003264

40591360
14942208
56434688
30834688
72335360
46718976
88219648
62619648
37003264

40435712
14794752
56287232
30687232
72187904
46563328
88072192
62472192
36855808

40591360
14942208
56434688
30834688
72335360
46718976
88219648
62619648
37003264

40591360
14942208
56434688
30834688
72335360
46718976
88219648
62619648
37003264

40591360
14942208
56434688
30834688
72335360
46718976
88219648
62619648
37003264

40419328
14778368
56270848
30670848
72171520
46555136
88055808
62455808
36839424

40509440
14860288
56352768
30752768
72253440
46637056
88137728
62537728
36921344

40583168
14934016
56426496
30826496
72327168
46710784
88211456
62611456
36995072

40509440
14860288
56352768
30752768
72253440
46637056
88137728
62537728
36921344

40509440
14860288
56352768
30752768
72253440
46637056
88137728
62537728
36921344

40435712
14794752
56287232
30687232
72187904
46571520
88072192
62472192
36855808

40476672
14835712
56328192
30728192
72228864
46612480
88113152
62513152
36896768

40591360
14942208
56434688
30834688
72335360
46718976
88219648
62619648
37003264

40591360
14942208
56434688
30834688
72335360
46718976
88219648
62619648
37003264

40591360
14942208
56434688
30834688
72335360
46718976
88219648
62619648
37003264

40591360
14942208
56434688
30834688
72335360
46718976
88219648
62619648
37003264

40591360
14942208
56434688
30834688
72335360
46718976
88219648
62619648
37003264

40435712
14794752
56287232
30687232
72187904
46571520
88072192
62472192
36855808

40591360
14942208
56434688
30785536
72278016
46661632
88170496
62570496
36954112

40591360
14942208
56434688
30834688
72335360
46710784
88219648
62619648
37003264

40509440
14860288
56352768
30752768
72253440
46637056
88137728
62537728
36921344

40591360
14942208
56434688
30834688
72335360
46718976
88219648
62619648
37003264

40591360
14942208
56434688
30834688
72335360
46718976
88219648
62619648
37003264

40591360
14942208
56434688
30834688
72335360
46718976
88219648
62619648
37003264

40476672
14827520
56320000
30720000
72220672
46604288
88104960
62504960
36888576

40591360
14942208
56434688
30834688
72335360
46718976
88219648
62619648
37003264

40509440
14860288
56352768
30752768
72253440
46637056
88137728
62537728
36921344

40591360
14942208
56434688
30834688
72335360
46718976
88219648
62619648
37003264

40591360
14942208
56434688
30834688
72335360
46718976
88219648
62619648
37003264

40476672
14835712
56328192
30728192
72228864
46612480
88113152
62513152
36896768

40591360
14942208
56434688
30834688
72335360
46718976
88219648
62619648
37003264

40476672
14835712
56328192
30728192
72228864
46612480
88113152
62513152
36896768

40591360
14942208
56434688
30834688
72335360
46718976
88219648
62619648
37003264

40591360
14942208
56434688
30834688
72335360
46718976
88219648
62619648
37003264

40509440
14860288
56352768
30752768
72253440
46637056
88137728
62537728
36921344

40509440
14860288
56352768
30752768
72253440
46637056
88137728
62537728
36896768

40591360
14942208
56434688
30834688
72335360
46710784
88219648
62619648
37003264

40435712
14794752
56287232
30687232
72187904
46571520
88072192
62472192
36855808

40476672
14835712
56328192
30728192
72228864
46612480
88113152
62513152
36896768

40476672
14835712
56328192
30728192
72228864
46612480
88113152
62496768
36872192

40591360
14942208
56434688
30834688
72335360
46710784
88219648
62619648
37003264

40591360
14942208
56434688
30834688
72335360
46718976
88219648
62619648
37003264

40591360
14942208
56434688
30834688
72335360
46718976
88219648
62619648
37003264

40591360
14942208
56434688
30834688
72335360
46718976
88219648
62619648
37003264

40591360
14942208
56434688
30834688
72335360
46718976
88219648
62619648
37003264

40476672
14835712
56328192
30728192
72228864
46612480
88113152
62513152
36896768

40591360
14942208
56434688
30834688
72335360
46718976
88219648
62619648
37003264

40509440
14860288
56352768
30752768
72253440
46637056
88137728
62537728
36921344

40591360
14942208
56434688
30834688
72335360
46718976
88219648
62619648
37003264

40452096
14811136
56303616
30703616
72204288
46587904
88088576
62488576
36872192

40509440
14860288
56352768
30752768
72253440
46637056
88137728
62537728
36921344

40591360
14942208
56434688
30834688
72335360
46718976
88219648
62619648
37003264

40591360
14942208
56434688
30834688
72335360
46718976
88219648
62619648
37003264

40476672
14835712
56328192
30728192
72228864
46612480
88113152
62513152
36896768

40558592
14909440
56401920
30801920
72302592
46686208
88186880
62586880
36970496

40509440
14860288
56352768
30752768
72253440
46637056
88137728
62537728
36921344

40476672
14835712
56328192
30728192
72228864
46612480
88113152
62513152
36896768

40435712
14794752
56287232
30687232
72187904
46571520
88072192
62472192
36855808

40435712
14794752
56287232
30687232
72187904
46563328
88072192
62472192
36855808

40591360
14942208
56434688
30834688
72335360
46718976
88219648
62619648
37003264

40550400
14901248
56393728
30793728
72294400
46678016
88178688
62578688
36962304

40509440
14860288
56352768
30752768
72253440
46637056
88137728
62537728
36921344

40558592
14909440
56401920
30801920
72302592
46678016
88186880
62586880
36970496

40591360
14942208
56434688
30834688
72335360
46718976
88219648
62619648
37003264

40591360
14942208
56434688
30834688
72335360
46710784
88219648
62619648
37003264

40476672
14835712
56328192
30728192
72228864
46612480
88113152
62513152
36896768

40509440
14860288
56352768
30752768
72253440
46637056
88137728
62537728
36921344

40591360
14942208
56434688
30834688
72335360
46718976
88219648
62619648
37003264

40435712
14794752
56287232
30687232
72187904
46571520
88072192
62472192
36855808

40591360
14942208
56434688
30834688
72335360
46718976
88219648
62619648
37003264

40591360
14942208
56434688
30834688
72335360
46718976
88219648
62619648
37003264

40591360
14942208
56434688
30834688
72335360
46718976
88219648
62619648
37003264

40476672
14835712
56328192
30728192
72228864
46612480
88113152
62513152
36896768

40591360
14942208
56434688
30834688
72335360
46718976
88219648
62619648
37003264

40591360
14942208
56434688
30834688
72335360
46718976
88219648
62619648
37003264

40591360
14942208
56434688
30834688
72335360
46718976
88219648
62619648
37003264

40509440
14860288
56369152
30769152
72269824
46653440
88154112
62554112
36937728

40509440
14860288
56352768
30752768
72253440
46637056
88137728
62537728
36921344

40591360
14942208
56434688
30834688
72335360
46718976
88219648
62619648
37003264

40591360
14942208
56434688
30834688
72335360
46710784
88219648
62619648
37003264

40591360
14942208
56434688
30834688
72335360
46718976
88219648
62619648
37003264

40591360
14942208
56434688
30834688
72335360
46718976
88219648
62619648
37003264

40591360
14942208
56434688
30834688
72335360
46718976
88219648
62619648
37003264

40509440
14860288
56352768
30752768
72253440
46637056
88137728
62537728
36921344

40591360
14942208
56434688
30834688
72335360
46710784
88219648
62619648
37003264

40591360
14942208
56434688
30834688
72335360
46718976
88219648
62619648
37003264

40591360
14942208
56434688
30834688
72335360
46718976
88219648
62619648
37003264

40591360
14942208
56434688
30834688
72335360
46718976
88219648
62619648
37003264

40591360
14942208
56434688
30834688
72335360
46718976
88219648
62619648
37003264

40550400
14901248
56393728
30793728
72294400
46678016
88178688
62578688
36962304

40591360
14942208
56434688
30834688
72335360
46718976
88219648
62619648
37003264

40591360
14942208
56434688
30834688
72335360
46718976
88219648
62619648
37003264

40476672
14835712
56328192
30728192
72228864
46612480
88113152
62513152
36896768

40591360
14942208
56434688
30834688
72335360
46718976
88219648
62619648
37003264

40476672
14835712
56328192
30728192
72228864
46612480
88113152
62513152
36896768

40591360
14942208
56434688
30834688
72335360
46718976
88219648
62619648
37003264

40476672
14835712
56328192
30728192
72228864
46612480
88113152
62513152
36896768

40476672
14835712
56328192
30728192
72228864
46612480
88113152
62513152
36896768

40509440
14860288
56352768
30752768
72253440
46637056
88137728
62537728
36921344

40591360
14942208
56434688
30834688
72335360
46718976
88219648
62619648
37003264

40591360
14942208
56434688
30834688
72335360
46718976
88219648
62619648
37003264

40591360
14942208
56434688
30834688
72335360
46718976
88219648
62619648
37003264

40468480
14819328
56311808
30711808
72212480
46587904
88096768
62496768
36880384

40591360
14942208
56434688
30834688
72335360
46718976
88219648
62619648
37003264

40435712
14794752
56287232
30687232
72187904
46571520
88072192
62472192
36855808

40591360
14942208
56434688
30834688
72335360
46718976
88219648
62619648
37003264

40591360
14942208
56434688
30834688
72335360
46718976
88219648
62619648
37003264

40476672
14835712
56328192
30728192
72228864
46612480
88113152
62513152
36896768

40435712
14794752
56287232
30687232
72187904
46571520
88072192
62472192
36855808

40591360
14942208
56434688
30834688
72335360
46718976
88219648
62619648
37003264

40476672
14835712
56328192
30728192
72228864
46612480
88113152
62513152
36896768

40591360
14942208
56434688
30834688
72335360
46718976
88219648
62619648
37003264

40509440
14860288
56352768
30752768
72253440
46637056
88137728
62537728
36921344

40591360
14942208
56434688
30834688
72335360
46718976
88219648
62619648
37003264

40591360
14942208
56434688
30834688
72335360
46718976
88219648
62619648
37003264

40509440
14860288
56352768
30752768
72253440
46637056
88137728
62537728
36921344

40591360
14942208
56434688
30834688
72335360
46718976
88219648
62619648
37003264

40591360
14942208
56434688
30834688
72335360
46710784
88219648
62619648
37003264

40591360
14942208
56434688
30834688
72335360
46718976
88219648
62619648
37003264

40509440
14860288
56352768
30752768
72253440
46637056
88137728
62537728
36921344

40591360
14942208
56434688
30834688
72335360
46718976
88219648
62619648
37003264

40591360
14942208
56434688
30834688
72335360
46718976
88219648
62619648
37003264

40591360
14942208
56434688
30834688
72335360
46710784
88219648
62619648
37003264

40591360
14942208
56434688
30834688
72335360
46718976
88219648
62619648
37003264

40509440
14860288
56352768
30752768
72253440
46637056
88137728
62537728
36921344

40591360
14942208
56434688
30834688
72335360
46718976
88219648
62619648
37003264

40591360
14942208
56434688
30834688
72335360
46718976
88219648
62619648
37003264

40591360
14942208
56434688
30834688
72335360
46718976
88219648
62619648
37003264

40591360
14942208
56434688
30834688
72335360
46718976
88219648
62619648
37003264

40476672
14835712
56328192
30728192
72228864
46604288
88113152
62513152
36896768

40591360
14942208
56434688
30834688
72335360
46718976
88219648
62619648
37003264

40476672
14835712
56328192
30728192
72228864
46612480
88113152
62513152
36896768

40591360
14942208
56434688
30834688
72335360
46718976
88219648
62619648
37003264

40509440
14860288
56352768
30752768
72253440
46628864
88137728
62537728
36921344

40435712
14794752
56287232
30687232
72187904
46571520
88072192
62472192
36855808

40591360
14942208
56434688
30834688
72335360
46718976
88219648
62619648
37003264

40509440
14860288
56352768
30752768
72253440
46637056
88137728
62537728
36921344

40435712
14794752
56287232
30687232
72187904
46571520
88072192
62472192
36855808

40591360
14942208
56434688
30834688
72335360
46718976
88219648
62619648
37003264

40591360
14942208
56434688
30834688
72335360
46718976
88219648
62619648
37003264

40591360
14942208
56434688
30834688
72335360
46718976
88219648
62619648
37003264

40591360
14942208
56434688
30834688
72335360
46718976
88219648
62619648
37003264

40476672
14835712
56328192
30728192
72228864
46612480
88113152
62513152
36896768

40591360
14942208
56434688
30834688
72335360
46718976
88219648
62619648
37003264

40591360
14942208
56434688
30834688
72335360
46718976
88219648
62619648
37003264

40591360
14942208
56434688
30834688
72335360
46718976
88219648
62619648
37003264

40476672
14835712
56328192
30728192
72228864
46612480
88113152
62513152
36896768

40591360
14942208
56434688
30834688
72335360
46718976
88219648
62619648
37003264

40591360
14942208
56434688
30834688
72335360
46718976
88219648
62619648
37003264

40591360
14942208
56434688
30834688
72335360
46718976
88219648
62619648
37003264

40476672
14835712
56328192
30728192
72228864
46612480
88113152
62513152
36896768

40476672
14835712
56328192
30728192
72228864
46612480
88113152
62513152
36896768

40591360
14942208
56434688
30834688
72335360
46718976
88219648
62619648
37003264

40591360
14942208
56434688
30834688
72335360
46718976
88219648
62619648
37003264

40509440
14860288
56352768
30752768
72253440
46637056
88137728
62537728
36921344

40591360
14942208
56434688
30834688
72335360
46710784
88219648
62619648
37003264

40591360
14942208
56434688
30834688
72335360
46718976
88219648
62619648
37003264

40591360
14942208
56434688
30834688
72335360
46718976
88219648
62619648
37003264

40591360
14942208
56434688
30834688
72335360
46718976
88219648
62619648
37003264

40591360
14942208
56434688
30834688
72335360
46718976
88219648
62619648
37003264

40591360
14942208
56434688
30834688
72335360
46718976
88219648
62619648
37003264

40591360
14942208
56434688
30834688
72335360
46718976
88219648
62619648
37003264

40591360
14942208
56434688
30834688
72335360
46718976
88219648
62619648
37003264

40591360
14942208
56434688
30834688
72335360
46718976
88219648
62619648
37003264

40591360
14942208
56434688
30834688
72335360
46718976
88219648
62619648
37003264

40583168
14934016
56426496
30826496
72327168
46710784
88211456
62611456
36995072

40591360
14942208
56434688
30834688
72335360
46718976
88219648
62619648
37003264

40591360
14942208
56434688
30834688
72335360
46718976
88219648
62619648
37003264

40558592
14909440
56401920
30801920
72302592
46686208
88186880
62586880
36970496

40509440
14860288
56352768
30752768
72253440
46637056
88137728
62537728
36921344

40509440
14860288
56352768
30752768
72253440
46628864
88137728
62537728
36921344

40591360
14942208
56434688
30834688
72335360
46718976
88219648
62619648
37003264

40583168
14934016
56426496
30826496
72327168
46710784
88211456
62611456
36995072

40452096
14811136
56303616
30703616
72204288
46579712
88088576
62488576
36872192

40550400
14901248
56393728
30793728
72294400
46669824
88178688
62578688
36962304

40591360
14942208
56434688
30834688
72335360
46718976
88219648
62619648
37003264

40509440
14860288
56352768
30752768
72253440
46637056
88137728
62537728
36921344

40509440
14860288
56352768
30752768
72253440
46628864
88137728
62537728
36921344

40591360
14942208
56434688
30834688
72335360
46718976
88219648
62619648
37003264

40435712
14794752
56287232
30687232
72187904
46571520
88072192
62472192
36855808

40509440
14860288
56352768
30752768
72253440
46637056
88137728
62537728
36921344

40591360
14942208
56434688
30785536
72278016
46661632
88170496
62570496
36954112

40476672
14835712
56328192
30728192
72228864
46604288
88113152
62513152
36896768

40476672
14835712
56328192
30728192
72228864
46612480
88113152
62513152
36896768

40591360
14942208
56434688
30834688
72335360
46718976
88219648
62619648
37003264

40591360
14942208
56434688
30834688
72335360
46718976
88219648
62619648
37003264

40591360
14942208
56434688
30834688
72335360
46718976
88219648
62619648
37003264

40591360
14942208
56434688
30834688
72335360
46718976
88219648
62619648
37003264

40591360
14942208
56434688
30834688
72335360
46710784
88219648
62619648
37003264

40591360
14942208
56434688
30834688
72335360
46710784
88219648
62619648
37003264

40476672
14835712
56328192
30728192
72228864
46612480
88113152
62513152
36896768

40452096
14811136
56303616
30703616
72204288
46587904
88088576
62488576
36872192

40501248
14852096
56344576
30744576
72245248
46628864
88129536
62529536
36913152

40509440
14860288
56352768
30752768
72253440
46637056
88137728
62537728
36921344

40591360
14942208
56434688
30834688
72335360
46718976
88219648
62619648
37003264

40591360
14942208
56434688
30834688
72335360
46718976
88219648
62619648
37003264

40476672
14835712
56328192
30728192
72228864
46612480
88113152
62513152
36896768

40558592
14909440
56401920
30801920
72302592
46686208
88186880
62586880
36970496

40476672
14835712
56328192
30728192
72228864
46612480
88113152
62513152
36896768

40591360
14942208
56434688
30834688
72335360
46718976
88219648
62619648
37003264

40591360
14942208
56434688
30834688
72335360
46718976
88219648
62619648
37003264

40476672
14835712
56328192
30728192
72228864
46612480
88113152
62513152
36896768

40591360
14942208
56434688
30834688
72335360
46718976
88219648
62619648
37003264

40591360
14942208
56434688
30834688
72335360
46718976
88219648
62619648
37003264

40452096
14811136
56303616
30703616
72204288
46587904
88088576
62488576
36872192

40509440
14860288
56352768
30752768
72253440
46637056
88137728
62537728
36921344

40591360
14942208
56434688
30834688
72335360
46718976
88219648
62619648
37003264

40509440
14860288
56352768
30752768
72253440
46637056
88137728
62537728
36921344

40591360
14942208
56434688
30834688
72335360
46718976
88219648
62619648
37003264

40509440
14860288
56352768
30752768
72253440
46637056
88137728
62537728
36921344

40550400
14901248
56393728
30793728
72253440
46628864
88137728
62537728
36921344

40591360
14942208
56434688
30834688
72335360
46718976
88219648
62619648
37003264

40591360
14942208
56434688
30834688
72335360
46710784
88219648
62619648
37003264

40591360
14942208
56434688
30834688
72335360
46718976
88219648
62619648
37003264

40509440
14860288
56352768
30752768
72253440
46628864
88137728
62537728
36921344

40501248
14852096
56344576
30744576
72245248
46628864
88129536
62529536
36913152

40435712
14794752
56287232
30687232
72187904
46571520
88072192
62472192
36855808

40591360
14942208
56434688
30834688
72335360
46718976
88219648
62619648
37003264

40591360
14942208
56434688
30834688
72335360
46718976
88219648
62619648
37003264

40509440
14860288
56352768
30752768
72253440
46637056
88137728
62537728
36921344

40591360
14942208
56434688
30834688
72335360
46718976
88219648
62619648
37003264

40591360
14942208
56434688
30834688
72335360
46718976
88219648
62619648
37003264

40509440
14860288
56352768
30752768
72253440
46637056
88137728
62537728
36921344

40558592
14909440
56401920
30801920
72302592
46686208
88186880
62586880
36970496

40591360
14942208
56434688
30834688
72335360
46718976
88219648
62619648
37003264

40509440
14860288
56352768
30752768
72253440
46637056
88137728
62537728
36921344

40591360
14942208
56434688
30785536
72278016
46661632
88170496
62570496
36954112

40558592
14909440
56401920
30801920
72302592
46686208
88186880
62586880
36970496

40591360
14942208
56434688
30834688
72335360
46718976
88219648
62619648
37003264

40476672
14835712
56328192
30728192
72228864
46612480
88113152
62513152
36896768

40476672
14835712
56328192
30728192
72228864
46612480
88113152
62513152
36896768

40558592
14909440
56401920
30801920
72302592
46686208
88186880
62586880
36970496

40476672
14827520
56320000
30720000
72220672
46604288
88104960
62504960
36888576

40591360
14942208
56434688
30834688
72335360
46718976
88219648
62619648
37003264

40591360
14942208
56434688
30834688
72335360
46718976
88219648
62619648
37003264

40591360
14942208
56434688
30834688
72335360
46718976
88219648
62619648
37003264

40476672
14835712
56328192
30728192
72228864
46612480
88113152
62513152
36896768

40509440
14860288
56352768
30752768
72253440
46637056
88137728
62537728
36921344

40476672
14835712
56328192
30728192
72228864
46612480
88113152
62513152
36896768

40591360
14942208
56434688
30834688
72335360
46718976
88219648
62619648
37003264

40509440
14860288
56352768
30752768
72253440
46628864
88137728
62537728
36921344

40558592
14909440
56401920
30801920
72302592
46678016
88186880
62586880
36970496

40476672
14835712
56328192
30728192
72228864
46604288
88113152
62513152
36896768

40509440
14860288
56352768
30752768
72253440
46628864
88137728
62537728
36921344

40591360
14942208
56434688
30834688
72335360
46718976
88170496
62562304
36945920

40476672
14835712
56328192
30728192
72228864
46612480
88113152
62513152
36896768

40591360
14942208
56434688
30834688
72335360
46718976
88219648
62619648
37003264

40558592
14909440
56401920
30801920
72302592
46686208
88186880
62586880
36970496

40476672
14835712
56328192
30728192
72228864
46612480
88113152
62513152
36896768

40591360
14942208
56434688
30834688
72335360
46718976
88219648
62619648
37003264

40476672
14835712
56328192
30728192
72228864
46612480
88113152
62513152
36896768

