0, 1521
1, 1585
2, 1533
3, 1479
4, 1524
5, 1671
6, 1655
7, 1614
8, 1613
9, 1734
10, 1638
11, 1634
12, 1709
13, 1724
14, 912
15, 1515
16, 1394
17, 1527
18, 1419
19, 1478
20, 1733
21, 1727
22, 1762
23, 1733
24, 1765
25, 1690
26, 1653
27, 1515
28, 1628
29, 1672
30, 1635
31, 1710
32, 1652
33, 1738
34, 1616
35, 1618
36, 1762
37, 1613
38, 1931
39, 1781
40, 1649
41, 1678
42, 1651
43, 1786
44, 1751
45, 1615
46, 1698
47, 1438
48, 1492
49, 1469
50, 1627
51, 1660
52, 1626
53, 1645
54, 1590
55, 1642
56, 1508
57, 1513
58, 1514
59, 1512
60, 1523
61, 1604
62, 1499
63, 1463
64, 1626
65, 1594
66, 1532
67, 1625
68, 1516
69, 1663
70, 1480
71, 1629
72, 1518
73, 1624
74, 1521
75, 1606
76, 1627
77, 1573
78, 1619
79, 1478
80, 1513
81, 1589
82, 1489
83, 1597
84, 1510
85, 1522
86, 1374
87, 1629
88, 1472
89, 1619
90, 1475
91, 1605
92, 1417
93, 1449
94, 1332
95, 1442
96, 1495
97, 1380
98, 1529
99, 1338
100, 1331
101, 1352
102, 1348
103, 1500
104, 1394
105, 1520
106, 1355
107, 1507
108, 1443
109, 1415
110, 1356
111, 1455
112, 1364
113, 1395
114, 1220
115, 1452
116, 1384
117, 1393
118, 1475
119, 1360
120, 1404
121, 1365
122, 1461
123, 1467
124, 1460
125, 1437
126, 1438
127, 1393
128, 1345
129, 1525
130, 1378
131, 1419
132, 1412
133, 1344
134, 1480
135, 1412
136, 1374
137, 1277
138, 1406
139, 1491
140, 1410
141, 1503
142, 1453
143, 1342
144, 1394
145, 1477
146, 1585
147, 1367
148, 1364
149, 1461
150, 1408
151, 1500
152, 1425
153, 1372
154, 1499
155, 1385
156, 1485
157, 1409
158, 1351
159, 1497
160, 1369
161, 1453
162, 1601
163, 1482
164, 1448
165, 1382
166, 1458
167, 1381
168, 1480
169, 1382
170, 1380
171, 1486
172, 1430
173, 1517
174, 1329
175, 1528
176, 1384
177, 1332
178, 1443
179, 1302
180, 1415
181, 1506
182, 1376
183, 1452
184, 1374
185, 1553
186, 1331
187, 1473
188, 1481
189, 1360
190, 1389
191, 1574
192, 1646
193, 1604
194, 1516
195, 1520
196, 1619
197, 1577
198, 1555
199, 1558
200, 1541
201, 1618
202, 1608
203, 1563
204, 1508
205, 1583
206, 1544
207, 1638
208, 1523
209, 1521
210, 1564
211, 1510
212, 1550
213, 1531
214, 1507
215, 2708
216, 1735
217, 1660
218, 1689
219, 1665
220, 1543
221, 1569
222, 1560
223, 1577
224, 1576
225, 1560
226, 1516
227, 1532
228, 1512
229, 1574
230, 1510
231, 1575
232, 1530
233, 1532
234, 1471
235, 1580
236, 1635
237, 1568
238, 1566
239, 1616
240, 1531
241, 1664
242, 1639
243, 1644
244, 1690
245, 1645
246, 1589
247, 1709
248, 1770
249, 1678
250, 1705
251, 1619
252, 1546
253, 1519
254, 1605
255, 1522
256, 1510
257, 1534
258, 1535
259, 1545
260, 1535
261, 1542
262, 1579
263, 1581
264, 1601
265, 1652
266, 1572
267, 1680
268, 1687
269, 1654
270, 1619
271, 1619
272, 1660
273, 1622
274, 1588
275, 1525
276, 1643
277, 1648
278, 1759
279, 1748
280, 1684
281, 1737
282, 1734
283, 1851
284, 1823
285, 1774
286, 1679
287, 1689
288, 1759
289, 1668
290, 1674
291, 1635
292, 1653
293, 1674
294, 1674
295, 1694
296, 1660
297, 1698
298, 1691
299, 1679
300, 1734
301, 1644
302, 1639
303, 1521
304, 1689
305, 1704
306, 1757
307, 1722
308, 1780
309, 1800
310, 1713
311, 1851
312, 1745
313, 1728
314, 1797
315, 1819
316, 1874
317, 1867
318, 1823
319, 1765
320, 1799
321, 1688
322, 1775
323, 1642
324, 1633
325, 1721
326, 1646
327, 1705
328, 1652
329, 1661
330, 1664
331, 1669
332, 1554
333, 1691
334, 1667
335, 1664
336, 1674
337, 1720
338, 1623
339, 1677
340, 1652
341, 1792
342, 1747
343, 1670
344, 1707
345, 1709
346, 1773
347, 1829
348, 1741
349, 1761
350, 1816
351, 1825
352, 1812
353, 1788
354, 1824
355, 1914
356, 1972
357, 1910
358, 2680
359, 1811
360, 6705
361, 1520
362, 1533
363, 1553
364, 1701
365, 1719
366, 1750
367, 1699
368, 1766
369, 1767
370, 1798
371, 1793
372, 1798
373, 1794
374, 1813
375, 1820
376, 1785
377, 1818
378, 1580
379, 1587
380, 1575
381, 1591
382, 1573
383, 1831
384, 1830
385, 1859
386, 1840
387, 1816
388, 1902
389, 1905
390, 1778
391, 1883
392, 1771
393, 1892
394, 1740
395, 1796
396, 1936
397, 1764
398, 1731
399, 1879
400, 1822
401, 1854
402, 1811
403, 1799
404, 1806
405, 1788
406, 1818
407, 1776
408, 1981
409, 1825
410, 1824
411, 1668
412, 1829
413, 1792
414, 1828
415, 1927
416, 1575
417, 1812
418, 1785
419, 1821
420, 1837
421, 1728
422, 1751
423, 1848
424, 1739
425, 1802
426, 1730
427, 1777
428, 1785
429, 1694
430, 1741
431, 1756
432, 1783
433, 1763
434, 1776
435, 1781
436, 1762
437, 1784
438, 1685
439, 1811
440, 1766
441, 1769
442, 1704
443, 1747
444, 1783
445, 1680
446, 1714
447, 1790
448, 1849
449, 1669
450, 1757
451, 1758
452, 1740
453, 1928
454, 1732
455, 1843
456, 1749
457, 1943
458, 1759
459, 1869
460, 1702
461, 1675
462, 1725
463, 1763
464, 1803
465, 1808
466, 1725
467, 1748
468, 1683
469, 1761
470, 1751
471, 1772
472, 1687
473, 1743
474, 1689
475, 1731
476, 1771
477, 1676
478, 1759
479, 1754
480, 1756
481, 1850
482, 1780
483, 1756
484, 1878
485, 1740
486, 1917
487, 1706
488, 1623
489, 1682
490, 1667
491, 1676
492, 1668
493, 1650
494, 1651
495, 1658
496, 1682
497, 1654
498, 1700
499, 1619
500, 1761
501, 1742
502, 1766
503, 1760
504, 1758
505, 1783
506, 1699
507, 1741
508, 1750
509, 1677
510, 1757
511, 1655
512, 1820
513, 1723
514, 1761
515, 1686
516, 1787
517, 1723
518, 1731
519, 1765
520, 1732
521, 1789
522, 1704
523, 1710
524, 1696
525, 2576
526, 1920
527, 1808
528, 1940
529, 1770
530, 1808
531, 1785
532, 1780
533, 1689
534, 1732
535, 1729
536, 1693
537, 1854
538, 1716
539, 1847
540, 1796
541, 1700
542, 1816
543, 1635
544, 1791
545, 1643
546, 1790
547, 1739
548, 1641
549, 1636
550, 1785
551, 1721
552, 1776
553, 1638
554, 1775
555, 1763
556, 1710
557, 1786
558, 1723
559, 1761
560, 1711
561, 1677
562, 1705
563, 1723
564, 1824
565, 1674
566, 1731
567, 1725
568, 1702
569, 1685
570, 1727
571, 1799
572, 1679
573, 1727
574, 1639
575, 1623
576, 1709
577, 1637
578, 1734
579, 1681
580, 1709
581, 1645
582, 1700
583, 1706
584, 1654
585, 1698
586, 1697
587, 1755
588, 1677
589, 1642
590, 1673
591, 1657
592, 1673
593, 1667
594, 1722
595, 1669
596, 1620
597, 1752
598, 1681
599, 1660
600, 1672
601, 1645
602, 1664
603, 1622
604, 1673
605, 1672
606, 1645
607, 1574
608, 1681
609, 1755
610, 1656
611, 1755
612, 1709
613, 1714
614, 1672
615, 1669
616, 1795
617, 1718
618, 1682
619, 1683
620, 1742
621, 1662
622, 1605
623, 1645
624, 1657
625, 1732
626, 1703
627, 1663
628, 2529
629, 2642
630, 5326
631, 1958
632, 1540
633, 1489
634, 1670
635, 1581
636, 1543
637, 1573
638, 1601
639, 1684
640, 1859
641, 1893
642, 1899
643, 1995
644, 1827
645, 1992
646, 1874
647, 1896
648, 1889
649, 1923
650, 1768
651, 1645
652, 1732
653, 1593
654, 1714
655, 1863
656, 2012
657, 1895
658, 1937
659, 1896
660, 1942
661, 1968
662, 1710
663, 1852
664, 1831
665, 1895
666, 1810
667, 1839
668, 1839
669, 1817
670, 1856
671, 1897
672, 1849
673, 1838
674, 1848
675, 1929
676, 1812
677, 1901
678, 1936
679, 1826
680, 1901
681, 1850
682, 1869
683, 1908
684, 1858
685, 1858
686, 1892
687, 1915
688, 1855
689, 1847
690, 1871
691, 1838
692, 1644
693, 1598
694, 1657
695, 1613
696, 1756
697, 1952
698, 2057
699, 2063
700, 2017
701, 1937
702, 1984
703, 1784
704, 1872
705, 1845
706, 1905
707, 1836
708, 1882
709, 1601
710, 1705
711, 1631
712, 1642
713, 1602
714, 1841
715, 1868
716, 1879
717, 1886
718, 1907
719, 1875
720, 1842
721, 1857
722, 1842
723, 1935
724, 1821
725, 1873
726, 1820
727, 1834
728, 1734
729, 1744
730, 1843
731, 1607
732, 1861
733, 1825
734, 1835
735, 1810
736, 1870
737, 1806
738, 1815
739, 1838
740, 1864
741, 1851
742, 1924
743, 1813
744, 1926
745, 1856
746, 1788
747, 1853
748, 1875
749, 1880
750, 2832
751, 2285
752, 1955
753, 1842
754, 1947
755, 1795
756, 2057
757, 1875
758, 1973
759, 1910
760, 1971
761, 1955
762, 1910
763, 1868
764, 1841
765, 2028
766, 1739
767, 1896
768, 1856
769, 1929
770, 1538
771, 1619
772, 1597
773, 1609
774, 1613
775, 1812
776, 1847
777, 1822
778, 1856
779, 1847
780, 1803
781, 1836
782, 1915
783, 1876
784, 1816
785, 1808
786, 1847
787, 1954
788, 1843
789, 1837
790, 1842
791, 1577
792, 1606
793, 1882
794, 1820
795, 1826
796, 1870
797, 1841
798, 1902
799, 1872
800, 1938
801, 1872
802, 1891
803, 1849
804, 1949
805, 1850
806, 1790
807, 1849
808, 1782
809, 1862
810, 1872
811, 1905
812, 1831
813, 1963
814, 1869
815, 1862
816, 1917
817, 1751
818, 1820
819, 1849
820, 1807
821, 1784
822, 1843
823, 1891
824, 1921
825, 1877
826, 1928
827, 1880
828, 1815
829, 1846
830, 1923
831, 1838
832, 1842
833, 1853
834, 1859
835, 1938
836, 2478
837, 1931
838, 1806
839, 1795
840, 1754
841, 1719
842, 1814
843, 1877
844, 1967
845, 1847
846, 1916
847, 1859
848, 1777
849, 1816
850, 1858
851, 1909
852, 1836
853, 1644
854, 1701
855, 1699
856, 1706
857, 1583
858, 1873
859, 1854
860, 1811
861, 1901
862, 1870
863, 1786
864, 1805
865, 1836
866, 1876
867, 1831
868, 1860
869, 1875
870, 1774
871, 1826
872, 1843
873, 1819
874, 1819
875, 1858
876, 1827
877, 1834
878, 1823
879, 1845
880, 1845
881, 1577
882, 1607
883, 1595
884, 1583
885, 1606
886, 1810
887, 1846
888, 1810
889, 1914
890, 1775
891, 1845
892, 1826
893, 1817
894, 1901
895, 1812
896, 1827
897, 1808
898, 1897
899, 1791
900, 1826
901, 1825
902, 1905
903, 1849
904, 1866
905, 1855
906, 1841
907, 1860
908, 1646
909, 1615
910, 1634
911, 1635
912, 1634
913, 1861
914, 2046
915, 2017
916, 2006
917, 1988
918, 1983
919, 1967
920, 1985
921, 1996
922, 1945
923, 1999
924, 2034
925, 1976
926, 1918
927, 1989
928, 1952
929, 1980
930, 1970
931, 1834
932, 2002
933, 1980
934, 1978
935, 1974
936, 1976
937, 1980
938, 2030
939, 1949
940, 1984
941, 1978
942, 2029
943, 1817
944, 2022
945, 1974
946, 2007
947, 2070
948, 1976
949, 1973
950, 2033
951, 1975
952, 1990
953, 1985
954, 1982
955, 1992
956, 2054
957, 2014
958, 2056
959, 1977
960, 2018
961, 1940
962, 2047
963, 2038
964, 2174
965, 2029
966, 2108
967, 2051
968, 2131
969, 2064
970, 2086
971, 2075
972, 2029
973, 2155
974, 1988
975, 1997
976, 1983
977, 2011
978, 1984
979, 2052
980, 2111
981, 1785
982, 1808
983, 1907
984, 1783
985, 1814
986, 2024
987, 2020
988, 2086
989, 2022
990, 1923
991, 2039
992, 1991
993, 2893
994, 7460
995, 1613
996, 1547
997, 1584
998, 1910
999, 1825
1000, 1841
1001, 1927
1002, 1844
1003, 1827
1004, 1844
1005, 1681
1006, 1678
1007, 1652
1008, 1602
1009, 1634
1010, 1838
1011, 1812
1012, 1852
1013, 1817
1014, 1881
1015, 1823
1016, 1798
1017, 1832
1018, 1796
1019, 1822
1020, 1790
1021, 1830
1022, 1857
1023, 1896
1024, 1836
1025, 1888
1026, 1857
1027, 1848
1028, 1849
1029, 1822
1030, 1895
1031, 1847
1032, 1911
1033, 1831
1034, 1863
1035, 1671
1036, 1855
1037, 1839
1038, 1943
1039, 1967
1040, 1845
1041, 1804
1042, 1807
1043, 1822
1044, 1824
1045, 1809
1046, 1821
1047, 1856
1048, 1814
1049, 1715
1050, 1801
1051, 1769
1052, 1811
1053, 1793
1054, 1840
1055, 1834
1056, 1825
1057, 1805
1058, 1810
1059, 1794
1060, 1832
1061, 1799
1062, 1822
1063, 1796
1064, 1765
1065, 1821
1066, 1813
1067, 1824
1068, 1842
1069, 1827
1070, 1813
1071, 1806
1072, 1834
1073, 1827
1074, 1598
1075, 1569
1076, 1598
1077, 1568
1078, 1610
1079, 1795
1080, 1795
1081, 1805
1082, 1789
1083, 1833
1084, 1840
1085, 1958
1086, 1833
1087, 1670
1088, 1639
1089, 1869
1090, 1804
1091, 1980
1092, 1857
1093, 1966
1094, 1834
1095, 1962
1096, 1880
1097, 1907
1098, 1875
1099, 1872
1100, 1857
1101, 1809
1102, 1837
1103, 1827
1104, 1878
1105, 1796
1106, 1630
1107, 1808
1108, 1828
1109, 1858
1110, 1835
1111, 1808
1112, 1811
1113, 1845
1114, 1859
1115, 1825
1116, 1773
1117, 1808
1118, 1818
1119, 1592
1120, 1681
1121, 1679
1122, 1722
1123, 1624
1124, 1884
1125, 1854
1126, 1874
1127, 1847
1128, 1864
1129, 1889
1130, 1655
1131, 1613
1132, 1833
1133, 1970
1134, 1838
1135, 1999
1136, 1867
1137, 2063
1138, 1878
1139, 1883
1140, 1847
1141, 1855
1142, 1885
1143, 1798
1144, 2256
1145, 1933
1146, 1879
1147, 1937
1148, 1853
1149, 1954
1150, 1934
1151, 1826
1152, 1871
1153, 1892
1154, 1879
1155, 1809
1156, 1822
1157, 1831
1158, 1857
1159, 1841
1160, 1987
1161, 1797
1162, 1820
1163, 1846
1164, 1840
1165, 1814
1166, 1634
1167, 1702
1168, 1595
1169, 1719
1170, 1641
1171, 1986
1172, 1847
1173, 1928
1174, 1886
1175, 1820
1176, 1818
1177, 1830
1178, 1871
1179, 1848
1180, 1850
1181, 1841
1182, 1946
1183, 1823
1184, 1846
1185, 1714
1186, 1810
1187, 1734
1188, 1730
1189, 1726
1190, 1691
1191, 1676
1192, 1796
1193, 1804
1194, 1859
1195, 1700
1196, 1685
1197, 1694
1198, 1779
1199, 1681
1200, 1884
1201, 1686
1202, 1816
1203, 1668
1204, 1938
1205, 1834
1206, 1829
1207, 1943
1208, 1808
1209, 1865
1210, 1829
1211, 1872
1212, 1838
1213, 1861
1214, 1850
1215, 1840
1216, 1857
1217, 1538
1218, 1574
1219, 1440
1220, 1490
1221, 1535
1222, 1556
1223, 1707
1224, 1712
1225, 1655
1226, 1688
1227, 1673
1228, 1705
1229, 1672
1230, 1675
1231, 1681
1232, 1638
1233, 1742
1234, 1643
1235, 1738
1236, 1710
1237, 1692
1238, 1680
1239, 1708
1240, 1698
1241, 1664
1242, 1777
1243, 1718
1244, 1742
1245, 1707
1246, 1795
1247, 1706
1248, 1764
1249, 1714
1250, 1778
1251, 1759
1252, 1656
1253, 1687
1254, 1717
1255, 1644
1256, 1743
1257, 1685
1258, 1756
1259, 1652
1260, 1668
1261, 1699
1262, 2440
1263, 2701
1264, 6609
1265, 1510
1266, 1566
1267, 1508
1268, 1563
1269, 1529
1270, 1498
1271, 1507
1272, 1495
1273, 1537
1274, 1748
1275, 1708
1276, 1699
1277, 1736
1278, 1686
1279, 1803
1280, 1701
1281, 1730
1282, 1676
1283, 1709
1284, 1716
1285, 1708
1286, 1766
1287, 1671
1288, 1746
1289, 1727
1290, 1700
1291, 1702
1292, 1736
1293, 1722
1294, 1780
1295, 1718
1296, 1826
1297, 1752
1298, 1829
1299, 1743
1300, 1817
1301, 1684
1302, 1733
1303, 1668
1304, 1697
1305, 1682
1306, 1734
1307, 1732
1308, 1708
1309, 1695
1310, 1671
1311, 1785
1312, 1693
1313, 1730
1314, 1692
1315, 1632
1316, 1688
1317, 1737
1318, 1761
1319, 1747
1320, 1765
1321, 1684
1322, 1713
1323, 1734
1324, 1654
1325, 1747
1326, 1696
1327, 1637
1328, 1748
1329, 1667
1330, 1694
1331, 1669
1332, 1655
1333, 1702
1334, 1810
1335, 1799
1336, 1687
1337, 1790
1338, 1734
1339, 1731
1340, 1766
1341, 1689
1342, 1770
1343, 1712
1344, 1673
1345, 1739
1346, 1734
1347, 1704
1348, 1733
1349, 1694
1350, 1734
1351, 1671
1352, 1679
1353, 1682
1354, 1669
1355, 1701
1356, 1671
1357, 1678
1358, 1711
1359, 1668
1360, 1664
1361, 1670
1362, 1757
1363, 1724
1364, 1770
1365, 1828
1366, 1789
1367, 1841
1368, 1651
1369, 1777
1370, 1699
1371, 1792
1372, 1580
1373, 1698
1374, 1689
1375, 1657
1376, 1711
1377, 1703
1378, 1725
1379, 1754
1380, 1696
1381, 1664
1382, 1845
1383, 1693
1384, 1807
1385, 1771
1386, 1811
1387, 1692
1388, 1677
1389, 1637
1390, 1716
1391, 1666
1392, 1717
1393, 1664
1394, 1742
1395, 1698
1396, 1717
1397, 1750
1398, 1763
1399, 1757
1400, 1691
1401, 1680
1402, 1682
1403, 1673
1404, 1727
1405, 1709
1406, 1763
1407, 1753
1408, 1747
1409, 1677
1410, 1670
1411, 1710
1412, 1715
1413, 1815
1414, 1703
1415, 1749
1416, 1680
1417, 1682
1418, 1679
1419, 1682
1420, 1722
1421, 1673
1422, 1718
1423, 1703
1424, 1682
1425, 1672
1426, 1698
1427, 1720
1428, 1669
1429, 1737
1430, 1707
1431, 1693
1432, 1690
1433, 1679
1434, 1592
1435, 1679
1436, 1692
1437, 1689
1438, 1674
1439, 1697
1440, 1666
1441, 1744
1442, 1666
1443, 1706
1444, 1712
1445, 1657
1446, 1747
1447, 1703
1448, 1684
1449, 1672
1450, 1681
1451, 1694
1452, 1662
1453, 1702
1454, 1679
1455, 1815
1456, 1785
1457, 1789
1458, 1741
1459, 1661
1460, 1694
1461, 1659
1462, 1797
1463, 1681
1464, 1720
1465, 1704
1466, 1657
1467, 1743
1468, 2460
1469, 1969
1470, 1944
1471, 1906
1472, 1774
1473, 1824
1474, 1835
1475, 1815
1476, 1870
1477, 1852
1478, 1865
1479, 1786
1480, 1874
1481, 1747
1482, 1890
1483, 1738
1484, 1787
1485, 1728
1486, 1805
1487, 1768
1488, 1814
1489, 1724
1490, 1759
1491, 1787
1492, 1769
1493, 1785
1494, 1609
1495, 1684
1496, 1790
1497, 1711
1498, 1738
1499, 1659
1500, 1733
1501, 1784
1502, 1736
1503, 1787
1504, 1796
1505, 1762
1506, 1847
1507, 1732
1508, 1766
1509, 1734
1510, 1687
1511, 1784
1512, 1565
1513, 1749
1514, 1687
1515, 1685
1516, 1690
1517, 1742
1518, 1780
1519, 1763
1520, 1726
1521, 1776
1522, 1765
1523, 1708
1524, 1752
1525, 1787
1526, 1686
1527, 1799
1528, 1766
1529, 1893
1530, 1768
1531, 1707
1532, 1763
1533, 1769
1534, 1773
1535, 1670
1536, 1667
1537, 1632
1538, 1658
1539, 1655
1540, 1653
1541, 1641
1542, 1596
1543, 1732
1544, 1757
1545, 1754
1546, 1767
1547, 1777
1548, 1980
1549, 1896
1550, 1946
1551, 1883
1552, 1980
1553, 1909
1554, 1887
1555, 1906
1556, 1955
1557, 1933
1558, 1919
1559, 1858
1560, 1762
1561, 1855
1562, 1881
1563, 1836
1564, 1792
1565, 1929
1566, 1852
1567, 1943
1568, 1889
1569, 1893
1570, 1944
1571, 1862
1572, 1870
1573, 1890
1574, 1878
1575, 1961
1576, 1946
1577, 1941
1578, 2088
1579, 2001
1580, 1969
1581, 1981
1582, 1927
1583, 1982
1584, 1909
1585, 1918
1586, 1884
1587, 1985
1588, 1897
1589, 2011
1590, 1826
1591, 1837
1592, 1889
1593, 1795
1594, 1976
1595, 1934
1596, 1991
1597, 1957
1598, 1950
1599, 1833
1600, 1922
1601, 1867
1602, 1863
1603, 1801
1604, 1920
1605, 1799
1606, 1787
1607, 1837
1608, 1817
1609, 1814
1610, 1860
1611, 1768
1612, 1839
1613, 1966
1614, 1988
1615, 1990
1616, 2036
1617, 1959
1618, 1993
1619, 1927
1620, 1909
1621, 1985
1622, 1825
1623, 1871
1624, 1815
1625, 1899
1626, 1796
1627, 2658
1628, 7680
1629, 1918
1630, 2403
1631, 2572
1632, 1752
1633, 1760
1634, 1775
1635, 1769
1636, 1876
1637, 1726
1638, 1788
1639, 1726
1640, 1693
1641, 1788
1642, 1732
1643, 1836
1644, 1815
1645, 1846
1646, 1776
1647, 1816
1648, 1779
1649, 1724
1650, 1740
1651, 1764
1652, 1819
1653, 1747
1654, 1797
1655, 1816
1656, 1842
1657, 1741
1658, 1720
1659, 1727
1660, 1718
1661, 1780
1662, 1711
1663, 1848
1664, 1687
1665, 1814
1666, 1771
1667, 1798
1668, 1743
1669, 1756
1670, 1791
1671, 1771
1672, 1787
1673, 1756
1674, 1784
1675, 1732
1676, 1779
1677, 1758
1678, 1758
1679, 1813
1680, 1754
1681, 1802
1682, 1780
1683, 1722
1684, 1837
1685, 1693
1686, 1760
1687, 1717
1688, 1781
1689, 1716
1690, 1749
1691, 1761
1692, 1762
1693, 1804
1694, 1828
1695, 1780
1696, 1802
1697, 1757
1698, 1714
1699, 1787
1700, 1827
1701, 1786
1702, 1769
1703, 1752
1704, 1766
1705, 1739
1706, 1811
1707, 1767
1708, 1801
1709, 1801
1710, 1771
1711, 1712
1712, 1681
1713, 1772
1714, 1715
1715, 1784
1716, 1729
1717, 1784
1718, 1757
1719, 1688
1720, 1747
1721, 1746
1722, 1758
1723, 1761
1724, 1843
1725, 1731
1726, 1800
1727, 1747
1728, 1792
1729, 1726
1730, 1768
1731, 1780
1732, 1795
1733, 1771
1734, 1750
1735, 1814
1736, 1749
1737, 1743
1738, 1761
1739, 1627
1740, 1782
1741, 1772
1742, 1657
1743, 1739
1744, 1691
1745, 1705
1746, 1688
1747, 1770
1748, 1774
1749, 1796
1750, 1767
1751, 1809
1752, 1740
1753, 1697
1754, 1789
1755, 1607
1756, 1833
1757, 1715
1758, 1956
1759, 1864
1760, 1732
1761, 1741
1762, 1660
1763, 1898
1764, 1645
1765, 1714
1766, 1679
1767, 1822
1768, 1793
1769, 1859
1770, 1769
1771, 1728
1772, 1756
1773, 1762
1774, 1818
1775, 2503
1776, 1857
1777, 1735
1778, 1861
1779, 1746
1780, 1836
1781, 1700
1782, 1783
1783, 1702
1784, 1648
1785, 1739
1786, 1673
1787, 1721
1788, 1651
1789, 1690
1790, 1664
1791, 1698
1792, 1592
1793, 1660
1794, 1690
1795, 1673
1796, 1644
1797, 1677
1798, 1674
1799, 1705
1800, 1628
1801, 1660
1802, 1690
1803, 1673
1804, 1578
1805, 1662
1806, 1669
1807, 1713
1808, 1667
1809, 1661
1810, 1652
1811, 1665
1812, 1762
1813, 1702
1814, 1828
1815, 1686
1816, 1754
1817, 1663
1818, 1673
1819, 1724
1820, 1660
1821, 1682
1822, 1665
1823, 1738
1824, 1545
1825, 1661
1826, 1686
1827, 1701
1828, 1735
1829, 1667
1830, 1703
1831, 1688
1832, 1711
1833, 1660
1834, 1673
1835, 1675
1836, 1641
1837, 1655
1838, 1690
1839, 1738
1840, 1713
1841, 1635
1842, 1655
1843, 1576
1844, 1710
1845, 1663
1846, 1669
1847, 1817
1848, 1667
1849, 1650
1850, 1680
1851, 1700
1852, 1594
1853, 1631
1854, 1789
1855, 1655
1856, 1709
1857, 1635
1858, 1676
1859, 1609
1860, 1637
1861, 1677
1862, 1652
1863, 1658
1864, 1624
1865, 1650
1866, 1629
1867, 1629
1868, 1655
1869, 1674
1870, 1688
1871, 1649
1872, 1719
1873, 1686
1874, 1680
1875, 1698
1876, 1660
1877, 1681
1878, 1663
1879, 1641
1880, 1728
1881, 1569
1882, 1697
1883, 1646
1884, 1614
1885, 1621
1886, 1634
1887, 1625
1888, 1616
1889, 1653
1890, 1682
1891, 1639
1892, 1659
1893, 1649
1894, 1659
1895, 1663
1896, 1660
1897, 1687
1898, 1703
1899, 1726
1900, 1662
1901, 1678
1902, 1665
1903, 1632
1904, 1696
1905, 1683
1906, 1705
1907, 1662
1908, 1733
1909, 1670
1910, 1622
1911, 1767
1912, 1639
1913, 1686
1914, 1780
1915, 1634
1916, 1767
1917, 1639
1918, 1735
1919, 1644
1920, 1662
1921, 1652
1922, 1640
1923, 1635
1924, 1542
1925, 1684
1926, 1619
1927, 1630
1928, 1687
1929, 1734
1930, 1731
1931, 1669
1932, 1705
1933, 1646
1934, 1655
1935, 1661
1936, 1688
1937, 1685
1938, 1642
1939, 1776
1940, 1751
1941, 1644
1942, 1680
1943, 1660
1944, 1688
1945, 1627
1946, 1562
1947, 1715
1948, 1849
1949, 1687
1950, 1799
1951, 1709
1952, 1652
1953, 1681
1954, 1711
1955, 1670
1956, 1695
1957, 1652
1958, 1767
1959, 1690
1960, 1637
1961, 1741
1962, 1644
1963, 1686
1964, 1724
1965, 1690
1966, 1651
1967, 1629
1968, 1651
1969, 1680
1970, 1676
1971, 1652
1972, 1683
1973, 1641
1974, 1629
1975, 1653
1976, 1634
1977, 1660
1978, 1678
1979, 1664
1980, 1683
1981, 1680
1982, 1720
1983, 1602
1984, 1683
1985, 1690
1986, 1646
1987, 1738
1988, 1683
1989, 1764
1990, 1663
1991, 1701
1992, 1676
1993, 2779
1994, 7588
1995, 1499
1996, 1685
1997, 1691
1998, 1561
1999, 1671
2000, 1666
2001, 1850
2002, 1850
2003, 1620
2004, 1624
2005, 1573
2006, 1607
2007, 1651
2008, 1969
2009, 1875
2010, 1964
2011, 1915
2012, 1903
2013, 1805
2014, 1922
2015, 1936
2016, 1852
2017, 1896
2018, 1917
2019, 1768
2020, 1839
2021, 1773
2022, 1805
2023, 1811
2024, 1868
2025, 1859
2026, 1838
2027, 1709
2028, 1820
2029, 1662
2030, 1840
2031, 1636
2032, 1737
2033, 1665
2034, 1752
2035, 1695
2036, 1710
2037, 1726
2038, 1670
2039, 1801
2040, 1673
2041, 1650
2042, 1682
2043, 1681
2044, 1685
2045, 1667
2046, 1657
2047, 1684
2048, 1633
2049, 1737
2050, 1592
2051, 1652
2052, 1691
2053, 1653
2054, 1678
2055, 1641
2056, 1761
2057, 1652
2058, 1692
2059, 1666
2060, 1659
2061, 1672
2062, 1573
2063, 1703
2064, 1647
2065, 1710
2066, 1666
2067, 1725
2068, 1659
2069, 1758
2070, 1671
2071, 1724
2072, 1666
2073, 1737
2074, 1697
2075, 1798
2076, 1713
2077, 1681
2078, 1712
2079, 1689
2080, 1709
2081, 1687
2082, 1730
2083, 1677
2084, 1754
2085, 1740
2086, 1721
2087, 1735
2088, 1704
2089, 1686
2090, 1756
2091, 1739
2092, 1704
2093, 2167
2094, 1920
2095, 1861
2096, 1710
2097, 1774
2098, 1749
2099, 1779
2100, 1807
2101, 1710
2102, 1737
2103, 1695
2104, 1650
2105, 1658
2106, 1656
2107, 1675
2108, 1652
2109, 1670
2110, 1687
2111, 1629
2112, 1725
2113, 1719
2114, 1735
2115, 1666
2116, 1706
2117, 1675
2118, 1772
2119, 1716
2120, 1685
2121, 1704
2122, 1680
2123, 1695
2124, 1691
2125, 1714
2126, 1729
2127, 1851
2128, 1749
2129, 1771
2130, 1793
2131, 1684
2132, 1665
2133, 1742
2134, 1710
2135, 1718
2136, 1699
2137, 1741
2138, 1665
2139, 1684
2140, 1665
2141, 1681
2142, 1701
2143, 1807
2144, 1710
2145, 1658
2146, 1679
2147, 1680
2148, 1671
2149, 1681
2150, 1713
2151, 1700
2152, 1665
2153, 1662
2154, 1669
2155, 1709
2156, 1699
2157, 1679
2158, 1712
2159, 1680
2160, 1665
2161, 1673
2162, 1659
2163, 1702
2164, 1791
2165, 1756
2166, 1783
2167, 1677
2168, 1763
2169, 1687
2170, 1784
2171, 1683
2172, 1700
2173, 1665
2174, 1655
2175, 1682
2176, 1669
2177, 1697
2178, 1641
2179, 1688
2180, 1666
2181, 1647
2182, 1647
2183, 1668
2184, 1659
2185, 1647
2186, 1625
2187, 1651
2188, 1664
2189, 1632
2190, 1658
2191, 1643
2192, 1676
2193, 1658
2194, 1665
2195, 1655
2196, 1648
2197, 1575
2198, 1527
2199, 1632
2200, 1514
2201, 1522
2202, 1548
2203, 1410
2204, 1547
2205, 1535
2206, 1553
2207, 1511
2208, 1521
2209, 1582
2210, 1526
2211, 1504
2212, 1548
2213, 1503
2214, 1563
2215, 1571
2216, 1680
2217, 1573
2218, 1566
2219, 1563
2220, 1553
2221, 1535
2222, 1521
2223, 1521
2224, 1551
2225, 1519
2226, 1515
2227, 1540
2228, 1511
2229, 1541
2230, 1507
2231, 1547
2232, 1593
2233, 1518
2234, 1522
2235, 1542
2236, 1483
2237, 1591
2238, 1562
2239, 1531
2240, 1566
2241, 1618
2242, 1551
2243, 1578
2244, 1620
2245, 1588
2246, 1551
2247, 1604
2248, 1620
2249, 1567
2250, 1593
2251, 1557
2252, 1569
2253, 1550
2254, 1545
2255, 1535
2256, 1534
2257, 1533
2258, 1555
2259, 1554
2260, 1582
2261, 1547
2262, 1533
2263, 1552
2264, 1561
2265, 1646
2266, 1653
2267, 1534
2268, 1618
2269, 1548
2270, 1575
2271, 1514
2272, 1519
2273, 1542
2274, 1555
2275, 1570
2276, 1439
2277, 1543
2278, 1567
2279, 1536
2280, 1543
2281, 1627
2282, 1589
2283, 1575
2284, 1673
2285, 1545
2286, 1689
2287, 1570
2288, 1676
2289, 1570
2290, 1635
2291, 1582
2292, 1574
2293, 1613
2294, 1516
2295, 1601
2296, 1532
2297, 1637
2298, 1612
2299, 1692
2300, 1618
2301, 1548
2302, 1531
2303, 1561
2304, 1591
2305, 1559
2306, 1557
2307, 1548
2308, 1637
2309, 1543
2310, 1518
2311, 1543
2312, 1584
2313, 1550
2314, 1566
2315, 1499
2316, 1507
2317, 1535
2318, 1531
2319, 1512
2320, 1561
2321, 1562
2322, 1539
2323, 1643
2324, 1561
2325, 1540
2326, 1563
2327, 1560
2328, 1540
2329, 1519
2330, 1545
2331, 1541
2332, 1527
2333, 1504
2334, 1553
2335, 1504
2336, 1553
2337, 1504
2338, 1530
2339, 1549
2340, 1518
2341, 1557
2342, 1558
2343, 1590
2344, 1550
2345, 1563
2346, 1526
2347, 1594
2348, 1559
2349, 1570
2350, 1531
2351, 1510
2352, 1539
2353, 1438
2354, 1551
2355, 1537
2356, 1404
2357, 1593
2358, 1512
2359, 2655
2360, 7260
2361, 1594
2362, 1543
2363, 1581
2364, 1519
2365, 1587
2366, 1532
2367, 1504
2368, 1541
2369, 1500
2370, 1558
2371, 1541
2372, 1544
2373, 1539
2374, 1487
2375, 1531
2376, 1514
2377, 1524
2378, 1508
2379, 1550
2380, 1557
2381, 1612
2382, 1526
2383, 1626
2384, 1528
2385, 1530
2386, 1594
2387, 1541
2388, 1548
2389, 1498
2390, 1529
2391, 1535
2392, 1582
2393, 1539
2394, 1583
2395, 1578
2396, 1635
2397, 1557
2398, 1569
2399, 1560
2400, 1547
2401, 1585
2402, 1554
2403, 1435
2404, 1578
2405, 1559
2406, 1551
2407, 1534
2408, 1533
2409, 1533
2410, 1544
2411, 1558
2412, 1567
2413, 1595
2414, 1556
2415, 2082
2416, 1692
2417, 1565
2418, 1575
2419, 1532
2420, 1610
2421, 1599
2422, 1443
2423, 1495
2424, 1575
2425, 1455
2426, 1572
2427, 1481
2428, 1593
2429, 1511
2430, 1615
2431, 1501
2432, 2435
2433, 1778
2434, 1522
2435, 1544
2436, 1508
2437, 1479
2438, 1507
2439, 1473
2440, 1513
2441, 1502
2442, 1547
2443, 1483
2444, 1537
2445, 1791
2446, 1523
2447, 1582
2448, 1458
2449, 1550
2450, 1538
2451, 1575
2452, 1570
2453, 1538
2454, 1560
2455, 1541
2456, 1511
2457, 1544
2458, 1417
2459, 1625
2460, 1555
2461, 1535
2462, 1534
2463, 1527
2464, 1531
2465, 1511
2466, 1487
2467, 1539
2468, 1533
2469, 1511
2470, 1563
2471, 1517
2472, 1561
2473, 1517
2474, 1513
2475, 1567
2476, 1604
2477, 1619
2478, 1613
2479, 1498
2480, 1637
2481, 1505
2482, 1630
2483, 1510
2484, 1545
2485, 1507
2486, 1538
2487, 1497
2488, 1550
2489, 1501
2490, 1593
2491, 1518
2492, 1539
2493, 1563
2494, 1542
2495, 1582
2496, 1510
2497, 1488
2498, 1544
2499, 1507
2500, 1539
2501, 1516
2502, 1519
2503, 1551
2504, 1528
2505, 1564
2506, 1580
2507, 1541
2508, 1560
2509, 1421
2510, 1567
2511, 1554
2512, 1559
2513, 1545
2514, 1518
2515, 1512
2516, 1558
2517, 1538
2518, 1537
2519, 1534
2520, 1594
2521, 1589
2522, 1532
2523, 1599
2524, 1553
2525, 1549
2526, 1578
2527, 1467
2528, 1444
2529, 1515
2530, 1559
2531, 1566
2532, 1535
2533, 1556
2534, 1678
2535, 1573
2536, 1545
2537, 1594
2538, 1544
2539, 1585
2540, 1555
2541, 1516
2542, 1595
2543, 1525
2544, 1624
2545, 1531
2546, 1569
2547, 1545
2548, 1599
2549, 1571
2550, 1526
2551, 1571
2552, 1561
2553, 1629
2554, 1575
2555, 1542
2556, 1555
2557, 1540
2558, 1602
2559, 1627
2560, 1552
2561, 1617
2562, 1511
2563, 1409
2564, 1574
2565, 1521
2566, 1565
2567, 1539
2568, 1557
2569, 1520
2570, 1548
2571, 2113
2572, 1494
2573, 1435
2574, 1503
2575, 1490
2576, 1505
2577, 1443
2578, 1346
2579, 1364
2580, 1342
2581, 1389
2582, 1343
2583, 1449
2584, 1470
2585, 1470
2586, 1314
2587, 1432
2588, 1429
2589, 1494
2590, 1393
2591, 1502
2592, 1465
2593, 1364
2594, 1407
2595, 1538
2596, 1601
2597, 1456
2598, 1413
2599, 1450
2600, 1422
2601, 1496
2602, 1437
2603, 1449
2604, 1372
2605, 1368
2606, 1325
2607, 1392
2608, 1350
2609, 1377
2610, 1439
2611, 1440
2612, 1416
2613, 1473
2614, 1369
2615, 1429
2616, 1378
2617, 1502
2618, 1476
2619, 1507
2620, 1506
2621, 1453
2622, 1472
2623, 1556
2624, 1491
2625, 1472
2626, 1502
2627, 1519
2628, 1496
2629, 1564
2630, 1519
2631, 1512
2632, 1471
2633, 1524
2634, 1455
2635, 1453
2636, 1484
2637, 1497
2638, 1487
2639, 1514
2640, 1541
2641, 1511
2642, 1372
2643, 1507
2644, 1493
2645, 1537
2646, 1475
2647, 1506
2648, 1540
2649, 1514
2650, 1505
2651, 1493
2652, 1509
2653, 1554
2654, 1495
2655, 1479
2656, 1460
2657, 1489
2658, 1524
2659, 1512
2660, 1518
2661, 1538
2662, 1487
2663, 1536
2664, 1525
2665, 1497
2666, 1547
2667, 1508
2668, 1608
2669, 1523
2670, 1507
2671, 1530
2672, 1509
2673, 1549
2674, 1518
2675, 1531
2676, 1505
2677, 1511
2678, 1500
2679, 1547
2680, 1480
2681, 1492
2682, 1502
2683, 1506
2684, 1522
2685, 1513
2686, 1489
2687, 1551
2688, 1490
2689, 1526
2690, 1566
2691, 1408
2692, 1587
2693, 1516
2694, 1604
2695, 1529
2696, 1532
2697, 1483
2698, 1494
2699, 1491
2700, 1534
2701, 1485
2702, 1489
2703, 1516
2704, 1503
2705, 1517
2706, 1546
2707, 1560
2708, 1524
2709, 1506
2710, 1532
2711, 1526
2712, 1495
2713, 1517
2714, 1476
2715, 1493
2716, 1432
2717, 1496
2718, 1500
2719, 1620
2720, 1553
2721, 1563
2722, 1623
2723, 1523
2724, 1555
2725, 2719
2726, 7502
2727, 1451
2728, 1552
2729, 1643
2730, 1575
2731, 1585
2732, 1559
2733, 1525
2734, 1543
2735, 1510
2736, 1505
2737, 1491
2738, 2817
2739, 1703
2740, 1461
2741, 1757
2742, 1509
2743, 1604
2744, 1566
2745, 1498
2746, 1528
2747, 1538
2748, 1625
2749, 1595
2750, 1564
2751, 1638
2752, 1585
2753, 1620
2754, 1635
2755, 1538
2756, 1582
2757, 1616
2758, 1535
2759, 1586
2760, 1572
2761, 1605
2762, 1571
2763, 1593
2764, 1661
2765, 1563
2766, 1541
2767, 1756
2768, 1814
2769, 1698
2770, 1735
2771, 1717
2772, 1821
2773, 1616
2774, 1658
2775, 1689
2776, 1657
2777, 1661
2778, 1709
2779, 1632
2780, 1650
2781, 1685
2782, 1671
2783, 1800
2784, 1724
2785, 1816
2786, 1752
2787, 1725
2788, 1749
2789, 1715
2790, 1763
2791, 1674
2792, 1792
2793, 1666
2794, 1704
2795, 1655
2796, 1648
2797, 1672
2798, 1703
2799, 1684
2800, 1651
2801, 1667
2802, 1669
2803, 1697
2804, 1661
2805, 1671
2806, 1679
2807, 1649
2808, 1628
2809, 1641
2810, 1638
2811, 1685
2812, 1673
2813, 1684
2814, 1660
2815, 1652
2816, 1654
2817, 1665
2818, 1721
2819, 1680
2820, 1645
2821, 1653
2822, 1641
2823, 1668
2824, 1648
2825, 1679
2826, 1737
2827, 1713
2828, 1756
2829, 1740
2830, 1750
2831, 1693
2832, 1737
2833, 1649
2834, 1636
2835, 1756
2836, 1719
2837, 1684
2838, 1613
2839, 1672
2840, 1668
2841, 1777
2842, 1751
2843, 1686
2844, 1698
2845, 1707
2846, 1690
2847, 1740
2848, 1759
2849, 1751
2850, 1714
2851, 1783
2852, 1771
2853, 1797
2854, 1714
2855, 1774
2856, 1726
2857, 1741
2858, 1702
2859, 1642
2860, 1693
2861, 1618
2862, 1529
2863, 1645
2864, 1659
2865, 1700
2866, 1755
2867, 1767
2868, 1781
2869, 1668
2870, 1712
2871, 1736
2872, 1742
2873, 1657
2874, 1657
2875, 1608
2876, 1614
2877, 1634
2878, 1644
2879, 1681
2880, 1641
2881, 1598
2882, 1621
2883, 1646
2884, 1770
2885, 1642
2886, 1663
2887, 1608
2888, 1662
2889, 1690
2890, 1753
2891, 1676
2892, 1761
2893, 1723
2894, 1746
2895, 1648
2896, 1649
2897, 1549
2898, 1664
2899, 1617
2900, 1654
2901, 1632
2902, 1615
2903, 1717
2904, 1710
2905, 1691
2906, 1725
2907, 1637
2908, 1761
2909, 1751
2910, 1661
2911, 1630
2912, 1638
2913, 1759
2914, 1647
2915, 1665
2916, 1750
2917, 1702
2918, 1715
2919, 1615
2920, 1683
2921, 1615
2922, 1682
2923, 1623
2924, 1550
2925, 1629
2926, 1632
2927, 1685
2928, 1642
2929, 1644
2930, 1602
2931, 1783
2932, 1638
2933, 1793
2934, 1563
2935, 1758
2936, 1644
2937, 1706
2938, 1658
2939, 1664
2940, 1606
2941, 1660
2942, 1615
2943, 1648
2944, 1626
2945, 1593
2946, 1656
2947, 1626
2948, 1652
2949, 1673
2950, 1572
2951, 1653
2952, 1632
2953, 1635
2954, 1631
2955, 1678
2956, 1605
2957, 1643
2958, 1664
2959, 1627
2960, 1538
2961, 1654
2962, 1646
2963, 1631
2964, 1620
2965, 1668
2966, 1615
2967, 1619
2968, 1658
2969, 1611
2970, 1627
2971, 1630
2972, 1592
2973, 1630
2974, 1740
2975, 1667
2976, 1808
2977, 1639
2978, 1783
2979, 1615
2980, 1652
2981, 1655
2982, 1712
2983, 1631
2984, 1638
2985, 1625
2986, 1641
2987, 1623
2988, 1642
2989, 1606
2990, 1633
2991, 1657
2992, 1701
2993, 1641
2994, 1659
2995, 1650
2996, 1616
2997, 1650
2998, 1808
2999, 1554
3000, 1632
3001, 1609
3002, 1638
3003, 1635
3004, 1621
3005, 1639
3006, 1625
3007, 1654
3008, 1762
3009, 1625
3010, 1640
3011, 1685
3012, 1670
3013, 1651
3014, 1676
3015, 1661
3016, 1669
3017, 1625
3018, 1655
3019, 1617
3020, 1627
3021, 1664
3022, 1613
3023, 1670
3024, 1644
3025, 1612
3026, 1638
3027, 1804
3028, 1678
3029, 1639
3030, 1803
3031, 1751
3032, 1734
3033, 1634
3034, 1801
3035, 1649
3036, 1746
3037, 1715
3038, 1670
3039, 1616
3040, 1667
3041, 1629
3042, 1715
3043, 1620
3044, 1651
3045, 1644
3046, 1720
3047, 1739
3048, 1613
3049, 1703
3050, 1628
3051, 1615
3052, 1648
3053, 1666
3054, 1693
3055, 1620
3056, 1603
3057, 1603
3058, 1609
3059, 1994
3060, 1732
3061, 1686
3062, 1619
3063, 1680
3064, 1662
3065, 1643
3066, 1694
3067, 1643
3068, 1687
3069, 1774
3070, 1728
3071, 1687
3072, 1662
3073, 1695
3074, 1682
3075, 1677
3076, 1642
3077, 1647
3078, 1685
3079, 1706
3080, 1678
3081, 1657
3082, 1713
3083, 1654
3084, 1641
3085, 1679
3086, 1746
3087, 1670
3088, 1755
3089, 1621
3090, 2619
3091, 7763
3092, 1571
3093, 1662
3094, 1687
3095, 1732
3096, 1718
3097, 1742
3098, 1835
3099, 1860
3100, 1832
3101, 1848
3102, 1630
3103, 1642
3104, 1689
3105, 1702
3106, 1592
3107, 1917
3108, 1782
3109, 1808
3110, 1798
3111, 1968
3112, 1924
3113, 1877
3114, 1838
3115, 1828
3116, 1840
3117, 1854
3118, 1614
3119, 1621
3120, 1608
3121, 1574
3122, 1612
3123, 1872
3124, 1798
3125, 1804
3126, 1817
3127, 1807
3128, 1831
3129, 1807
3130, 1779
3131, 1844
3132, 1856
3133, 1911
3134, 1709
3135, 1819
3136, 1841
3137, 1875
3138, 1934
3139, 1918
3140, 1907
3141, 1848
3142, 1903
3143, 1884
3144, 1879
3145, 1792
3146, 1871
3147, 1888
3148, 1887
3149, 1925
3150, 1877
3151, 1876
3152, 2582
3153, 2640
3154, 2236
3155, 1871
3156, 1854
3157, 1937
3158, 1871
3159, 1979
3160, 1872
3161, 1865
3162, 1975
3163, 1907
3164, 1980
3165, 1882
3166, 1888
3167, 1651
3168, 1698
3169, 1669
3170, 1587
3171, 1900
3172, 1868
3173, 1909
3174, 1663
3175, 1836
3176, 1940
3177, 1899
3178, 1985
3179, 1876
3180, 1938
3181, 1879
3182, 1959
3183, 1885
3184, 1972
3185, 1898
3186, 1894
3187, 1817
3188, 1873
3189, 1857
3190, 1896
3191, 1789
3192, 1877
3193, 1853
3194, 1839
3195, 1868
3196, 1859
3197, 1840
3198, 1863
3199, 1856
3200, 1892
3201, 1880
3202, 1876
3203, 1821
3204, 1848
3205, 1835
3206, 1852
3207, 1853
3208, 1659
3209, 1628
3210, 1667
3211, 1639
3212, 1862
3213, 1818
3214, 1865
3215, 1805
3216, 1944
3217, 1863
3218, 1848
3219, 1895
3220, 1866
3221, 1848
3222, 1836
3223, 1626
3224, 1877
3225, 1919
3226, 1917
3227, 1812
3228, 1846
3229, 1852
3230, 1829
3231, 1853
3232, 1859
3233, 1868
3234, 1843
3235, 1886
3236, 1832
3237, 1865
3238, 1826
3239, 1844
3240, 1828
3241, 1834
3242, 1876
3243, 1891
3244, 1906
3245, 1901
3246, 1929
3247, 1927
3248, 1864
3249, 1870
3250, 1833
3251, 1845
3252, 1841
3253, 1834
3254, 1868
3255, 1835
3256, 1840
3257, 1894
3258, 1625
3259, 1669
3260, 1637
3261, 1724
3262, 1699
3263, 1861
3264, 1832
3265, 1816
3266, 1840
3267, 1844
3268, 1904
3269, 1876
3270, 1898
3271, 1876
3272, 1911
3273, 1843
3274, 1865
3275, 1875
3276, 1839
3277, 1854
3278, 1830
3279, 1840
3280, 1883
3281, 1854
3282, 1850
3283, 1840
3284, 1852
3285, 1860
3286, 1631
3287, 1684
3288, 1606
3289, 1601
3290, 1637
3291, 1839
3292, 1855
3293, 1863
3294, 1825
3295, 1835
3296, 1823
3297, 1781
3298, 1873
3299, 1822
3300, 1845
3301, 1903
3302, 1896
3303, 1920
3304, 1899
3305, 1848
3306, 1913
3307, 1882
3308, 1844
3309, 1829
3310, 1793
3311, 1850
3312, 1853
3313, 1871
3314, 1630
3315, 1600
3316, 1625
3317, 1591
3318, 1678
3319, 1851
3320, 1836
3321, 1822
3322, 1824
3323, 1828
3324, 1872
3325, 1887
3326, 1817
3327, 1868
3328, 1850
3329, 1853
3330, 1843
3331, 1879
3332, 1827
3333, 1841
3334, 1853
3335, 1879
3336, 1819
3337, 1858
3338, 1992
3339, 1841
3340, 1872
3341, 1837
3342, 1830
3343, 1876
3344, 1852
3345, 1828
3346, 1863
3347, 1788
3348, 1881
3349, 1815
3350, 1846
3351, 1801
3352, 1853
3353, 1945
3354, 1810
3355, 1871
3356, 1690
3357, 1735
3358, 1583
3359, 1705
3360, 1684
3361, 1713
3362, 1885
3363, 1826
3364, 1820
3365, 2620
3366, 1980
3367, 1954
3368, 1819
3369, 1905
3370, 1949
3371, 1874
3372, 1795
3373, 1789
3374, 1749
3375, 1755
3376, 1659
3377, 1708
3378, 1686
3379, 1709
3380, 1672
3381, 1741
3382, 1645
3383, 1606
3384, 1661
3385, 1677
3386, 1697
3387, 1665
3388, 1710
3389, 1698
3390, 1656
3391, 1603
3392, 1718
3393, 1704
3394, 1654
3395, 1685
3396, 1583
3397, 1658
3398, 1697
3399, 1662
3400, 1744
3401, 1652
3402, 1632
3403, 1669
3404, 1570
3405, 1728
3406, 1653
3407, 1683
3408, 1693
3409, 1655
3410, 1744
3411, 1704
3412, 1872
3413, 1585
3414, 1752
3415, 1667
3416, 1690
3417, 1690
3418, 1730
3419, 1693
3420, 1809
3421, 1747
3422, 1794
3423, 1672
3424, 1862
3425, 1657
3426, 1747
3427, 1691
3428, 1647
3429, 1709
3430, 1671
3431, 1670
3432, 1641
3433, 1700
3434, 1678
3435, 1692
3436, 1676
3437, 1664
3438, 1729
3439, 1715
3440, 1717
3441, 1652
3442, 1666
3443, 1677
3444, 1670
3445, 1709
3446, 1602
3447, 1785
3448, 1679
3449, 1605
3450, 1672
3451, 1692
3452, 1703
3453, 1675
3454, 1725
3455, 1719
3456, 2628
3457, 7062
3458, 1793
3459, 1604
3460, 1717
3461, 1624
3462, 1748
3463, 1591
3464, 1727
3465, 1678
3466, 1740
3467, 1687
3468, 1654
3469, 1675
3470, 1667
3471, 1577
3472, 1701
3473, 1668
3474, 1736
3475, 1658
3476, 1689
3477, 1665
3478, 1630
3479, 1687
3480, 1552
3481, 1671
3482, 1655
3483, 1632
3484, 1696
3485, 1652
3486, 1713
3487, 1669
3488, 1642
3489, 1658
3490, 1762
3491, 1661
3492, 1650
3493, 1647
3494, 1642
3495, 1626
3496, 1641
3497, 1644
3498, 1645
3499, 1608
3500, 1621
3501, 1618
3502, 1569
3503, 1695
3504, 1624
3505, 1793
3506, 1637
3507, 1638
3508, 1782
3509, 1641
3510, 1672
3511, 1625
3512, 1624
3513, 1643
3514, 1619
3515, 1551
3516, 1633
3517, 1645
3518, 1629
3519, 1653
3520, 1661
3521, 1571
3522, 1676
3523, 1626
3524, 1674
3525, 1637
3526, 1655
3527, 1629
3528, 1641
3529, 1516
3530, 1664
3531, 1640
3532, 1663
3533, 1619
3534, 1615
3535, 1644
3536, 1645
3537, 1771
3538, 1633
3539, 1766
3540, 1630
3541, 1697
3542, 1633
3543, 1657
3544, 1730
3545, 1631
3546, 1698
3547, 1649
3548, 1667
3549, 1665
3550, 1669
3551, 1689
3552, 1706
3553, 1642
3554, 1559
3555, 1630
3556, 1696
3557, 1638
3558, 1654
3559, 1622
3560, 1616
3561, 1636
3562, 1631
3563, 1655
3564, 1627
3565, 1609
3566, 1640
3567, 1611
3568, 1703
3569, 1600
3570, 1538
3571, 1637
3572, 1649
3573, 1628
3574, 1622
3575, 1611
3576, 1645
3577, 1629
3578, 1676
3579, 1627
3580, 1653
3581, 1636
3582, 1635
3583, 1663
3584, 1649
3585, 1581
3586, 1632
3587, 1625
3588, 1635
3589, 1712
3590, 1696
3591, 1666
3592, 1650
3593, 1638
3594, 1630
3595, 1667
3596, 1620
3597, 1687
3598, 1633
3599, 1627
3600, 1654
3601, 1662
3602, 1640
3603, 1621
3604, 1622
3605, 1651
3606, 1618
3607, 1641
3608, 1623
3609, 1650
3610, 1620
3611, 1630
3612, 1641
3613, 1605
3614, 1667
3615, 1612
3616, 1635
3617, 1661
3618, 1664
3619, 1665
3620, 1610
3621, 1607
3622, 1619
3623, 1610
3624, 1646
3625, 1610
3626, 1641
3627, 1615
3628, 1629
3629, 1627
3630, 1760
3631, 1641
3632, 1649
3633, 1649
3634, 1637
3635, 1634
3636, 1696
3637, 1623
3638, 1611
3639, 1633
3640, 1612
3641, 1684
3642, 1619
3643, 1648
3644, 1608
3645, 1610
3646, 1630
3647, 1665
3648, 1809
3649, 1660
3650, 1753
3651, 1681
3652, 1744
3653, 1677
3654, 1765
3655, 1781
3656, 1649
3657, 1615
3658, 1653
3659, 1614
3660, 1676
3661, 1608
3662, 1645
3663, 1615
3664, 1737
3665, 1634
3666, 1574
3667, 1608
3668, 1617
3669, 1606
3670, 1618
3671, 1635
3672, 1648
3673, 1631
3674, 1645
3675, 1769
3676, 1616
3677, 1662
3678, 1647
3679, 1613
3680, 1643
3681, 1627
3682, 1686
3683, 1772
3684, 1650
3685, 2255
3686, 1819
3687, 1797
3688, 1735
3689, 1759
3690, 1646
3691, 1711
3692, 1557
3693, 1686
3694, 1626
3695, 1630
3696, 1647
3697, 1619
3698, 1673
3699, 1612
3700, 1640
3701, 1616
3702, 1624
3703, 1635
3704, 1617
3705, 1624
3706, 1613
3707, 1625
3708, 1725
3709, 1646
3710, 1681
3711, 1632
3712, 1666
3713, 1639
3714, 1672
3715, 1635
3716, 1653
3717, 1645
3718, 1636
3719, 1597
3720, 1640
3721, 1598
3722, 1690
3723, 1608
3724, 1620
3725, 1616
3726, 1649
3727, 1665
3728, 1635
3729, 1617
3730, 1626
3731, 1593
3732, 1645
3733, 1604
3734, 1637
3735, 1614
3736, 1613
3737, 1626
3738, 1632
3739, 1616
3740, 1628
3741, 1598
3742, 1653
3743, 1608
3744, 1606
3745, 1606
3746, 1648
3747, 1645
3748, 1667
3749, 1628
3750, 1624
3751, 1620
3752, 1659
3753, 1645
3754, 1666
3755, 1646
3756, 1684
3757, 1643
3758, 1627
3759, 1642
3760, 1632
3761, 1688
3762, 1638
3763, 1641
3764, 1658
3765, 1609
3766, 1645
3767, 1593
3768, 1624
3769, 1629
3770, 1626
3771, 1645
3772, 1507
3773, 1657
3774, 1614
3775, 1623
3776, 1643
3777, 1618
3778, 1632
3779, 1634
3780, 1652
3781, 1643
3782, 1600
3783, 1667
3784, 1630
3785, 1606
3786, 1626
3787, 1649
3788, 1619
3789, 1609
3790, 1629
3791, 1651
3792, 1659
3793, 1657
3794, 3167
3795, 2504
3796, 2077
3797, 1597
3798, 1660
3799, 1630
3800, 1618
3801, 1669
3802, 1628
3803, 1643
3804, 1637
3805, 1628
3806, 1643
3807, 1621
3808, 1660
3809, 1635
3810, 1649
3811, 1639
3812, 1654
3813, 1647
3814, 1646
3815, 1645
3816, 1617
3817, 1630
3818, 1654
3819, 1601
3820, 1605
3821, 1618
3822, 2551
3823, 7237
3824, 1654
3825, 1636
3826, 1689
3827, 1640
3828, 1642
3829, 1683
3830, 1933
3831, 1770
3832, 1950
3833, 1836
3834, 1746
3835, 1610
3836, 1612
3837, 1602
3838, 1602
3839, 1812
3840, 1819
3841, 1779
3842, 1840
3843, 1849
3844, 1826
3845, 1872
3846, 1842
3847, 1934
3848, 1814
3849, 1989
3850, 1840
3851, 1946
3852, 1808
3853, 1921
3854, 1826
3855, 1928
3856, 1852
3857, 1859
3858, 1861
3859, 1812
3860, 1814
3861, 1879
3862, 1576
3863, 1600
3864, 1588
3865, 1594
3866, 1601
3867, 1744
3868, 1787
3869, 1822
3870, 1779
3871, 1852
3872, 1762
3873, 1820
3874, 1831
3875, 1840
3876, 1819
3877, 1826
3878, 1838
3879, 1840
3880, 1825
3881, 1812
3882, 1853
3883, 1856
3884, 1826
3885, 1829
3886, 1860
3887, 1817
3888, 1815
3889, 1828
3890, 1891
3891, 1821
3892, 1752
3893, 1822
3894, 1834
3895, 1825
3896, 1811
3897, 1837
3898, 1807
3899, 1817
3900, 1795
3901, 1806
3902, 1798
3903, 1829
3904, 1810
3905, 1821
3906, 1788
3907, 1813
3908, 1788
3909, 1846
3910, 1840
3911, 1829
3912, 1804
3913, 1793
3914, 1828
3915, 1792
3916, 1775
3917, 1810
3918, 1817
3919, 1861
3920, 1862
3921, 1781
3922, 1817
3923, 1812
3924, 1791
3925, 1824
3926, 1838
3927, 1800
3928, 1787
3929, 1811
3930, 1768
3931, 1829
3932, 1786
3933, 1824
3934, 1814
3935, 1821
3936, 1996
3937, 1816
3938, 1987
3939, 1899
3940, 1796
3941, 1802
3942, 1878
3943, 1847
3944, 1777
3945, 1795
3946, 1833
3947, 1876
3948, 1843
3949, 1600
3950, 1585
3951, 1802
3952, 1813
3953, 1775
3954, 1868
3955, 1824
3956, 1842
3957, 1806
3958, 1826
3959, 1835
3960, 1806
3961, 1791
3962, 1745
3963, 1807
3964, 1808
3965, 1800
3966, 1811
3967, 1832
3968, 1800
3969, 1689
3970, 1807
3971, 1788
3972, 1837
3973, 1973
3974, 1606
3975, 1655
3976, 1598
3977, 1921
3978, 1892
3979, 1849
3980, 1664
3981, 1803
3982, 1822
3983, 1847
3984, 1841
3985, 1833
3986, 1857
3987, 1824
3988, 1813
3989, 1839
3990, 2360
3991, 2003
3992, 1912
3993, 1966
3994, 1831
3995, 1951
3996, 1847
3997, 1944
3998, 1614
3999, 1651
4000, 1602
4001, 1631
4002, 1644
4003, 1810
4004, 1844
4005, 1825
4006, 1831
4007, 1824
4008, 1960
4009, 1810
4010, 1817
4011, 1832
4012, 1850
4013, 1806
4014, 1817
4015, 1826
4016, 1803
4017, 1905
4018, 1833
4019, 1866
4020, 1827
4021, 1692
4022, 1611
4023, 1826
4024, 1881
4025, 1782
4026, 1793
4027, 1840
4028, 1855
4029, 1906
4030, 1815
4031, 1825
4032, 1860
4033, 1879
4034, 1820
4035, 1817
4036, 1775
4037, 1697
4038, 1810
4039, 1922
4040, 1877
4041, 1853
4042, 1823
4043, 1938
4044, 1964
4045, 1929
4046, 1972
4047, 1893
4048, 1988
4049, 1931
4050, 1848
4051, 1911
4052, 1902
4053, 1833
4054, 1994
4055, 1842
4056, 1933
4057, 1690
4058, 1888
4059, 1942
4060, 1878
4061, 1812
4062, 1676
4063, 1739
4064, 1719
4065, 1693
4066, 1659
4067, 1740
4068, 1688
4069, 1722
4070, 1727
4071, 1652
4072, 1705
4073, 1687
4074, 1690
4075, 1687
4076, 1639
4077, 1695
4078, 1683
4079, 1684
4080, 1682
4081, 1583
4082, 1686
4083, 1664
4084, 1696
4085, 1714
4086, 1701
4087, 1872
4088, 1672
4089, 1905
4090, 1676
4091, 1679
4092, 1682
4093, 1725
4094, 1681
4095, 1659
4096, 1662
4097, 1650
4098, 1708
4099, 1814
4100, 1679
4101, 1801
4102, 1700
4103, 1754
4104, 1673
4105, 1680
4106, 1685
4107, 1723
4108, 1688
4109, 1764
4110, 1657
4111, 1685
4112, 1675
4113, 1697
4114, 1720
4115, 1679
4116, 1739
4117, 1676
4118, 1670
4119, 1645
4120, 1685
4121, 1752
4122, 1686
4123, 1669
4124, 1687
4125, 1642
4126, 1678
4127, 1752
4128, 1677
4129, 1674
4130, 1678
4131, 1677
4132, 1671
4133, 1679
4134, 1684
4135, 1745
4136, 1774
4137, 1684
4138, 1836
4139, 1762
4140, 1647
4141, 1685
4142, 1755
4143, 1633
4144, 1678
4145, 1654
4146, 1667
4147, 1682
4148, 1676
4149, 1814
4150, 1659
4151, 1762
4152, 1661
4153, 1711
4154, 1740
4155, 1688
4156, 1740
4157, 1668
4158, 1688
4159, 1691
4160, 1704
4161, 1849
4162, 1722
4163, 1764
4164, 1690
4165, 1765
4166, 1676
4167, 1792
4168, 1655
4169, 1713
4170, 1761
4171, 1700
4172, 1735
4173, 1660
4174, 1692
4175, 1706
4176, 1803
4177, 1710
4178, 1697
4179, 1741
4180, 1662
4181, 1633
4182, 1691
4183, 1663
4184, 1707
4185, 1677
4186, 1667
4187, 2505
4188, 7767
4189, 1517
4190, 1702
4191, 1670
4192, 1684
4193, 1644
4194, 1667
4195, 1818
4196, 1658
4197, 1674
4198, 1660
4199, 1667
4200, 1681
4201, 1707
4202, 1667
4203, 1745
4204, 1768
4205, 1681
4206, 1749
4207, 1687
4208, 1682
4209, 1784
4210, 1673
4211, 1669
4212, 1731
4213, 1661
4214, 1657
4215, 1680
4216, 1659
4217, 1672
4218, 1700
4219, 1666
4220, 1741
4221, 1639
4222, 1686
4223, 1641
4224, 1654
4225, 1705
4226, 1676
4227, 1725
4228, 1660
4229, 1644
4230, 1662
4231, 1672
4232, 1717
4233, 1650
4234, 1553
4235, 1479
4236, 1524
4237, 1508
4238, 1457
4239, 1476
4240, 1486
4241, 1673
4242, 1742
4243, 1642
4244, 1658
4245, 1643
4246, 1615
4247, 1716
4248, 1639
4249, 1687
4250, 1642
4251, 1634
4252, 1758
4253, 1733
4254, 1653
4255, 1642
4256, 1645
4257, 1683
4258, 1649
4259, 1686
4260, 1663
4261, 1711
4262, 1651
4263, 1659
4264, 1668
4265, 1652
4266, 1679
4267, 1645
4268, 1842
4269, 1647
4270, 1549
4271, 1693
4272, 1662
4273, 1906
4274, 1747
4275, 1817
4276, 1698
4277, 1672
4278, 1663
4279, 1680
4280, 1742
4281, 1691
4282, 1695
4283, 1592
4284, 1667
4285, 1732
4286, 1726
4287, 1727
4288, 1675
4289, 1697
4290, 1692
4291, 1692
4292, 1699
4293, 1705
4294, 1742
4295, 1663
4296, 1709
4297, 1673
4298, 1673
4299, 1706
4300, 1660
4301, 1734
4302, 1667
4303, 1652
4304, 1668
4305, 1677
4306, 1702
4307, 1690
4308, 1750
4309, 2348
4310, 1876
4311, 1706
4312, 1820
4313, 1760
4314, 1754
4315, 1750
4316, 1706
4317, 1745
4318, 1806
4319, 1716
4320, 1787
4321, 1698
4322, 1725
4323, 1671
4324, 1689
4325, 1663
4326, 1760
4327, 1658
4328, 1729
4329, 1717
4330, 1695
4331, 1688
4332, 1673
4333, 1711
4334, 1701
4335, 1720
4336, 1676
4337, 1687
4338, 1692
4339, 1670
4340, 1724
4341, 1698
4342, 1675
4343, 1708
4344, 1667
4345, 1728
4346, 1686
4347, 1708
4348, 1687
4349, 1674
4350, 1711
4351, 1705
4352, 1709
4353, 1665
4354, 1737
4355, 1708
4356, 1589
4357, 1690
4358, 1693
4359, 1725
4360, 1671
4361, 1684
4362, 1707
4363, 1682
4364, 1697
4365, 1688
4366, 1738
4367, 1688
4368, 1636
4369, 1687
4370, 1659
4371, 1688
4372, 1666
4373, 1752
4374, 1697
4375, 1644
4376, 1684
4377, 1692
4378, 1741
4379, 1642
4380, 1711
4381, 1802
4382, 1767
4383, 1811
4384, 1673
4385, 1760
4386, 1796
4387, 1680
4388, 1653
4389, 3082
4390, 2298
4391, 1606
4392, 1567
4393, 1732
4394, 1820
4395, 1668
4396, 1811
4397, 1674
4398, 1659
4399, 1740
4400, 1771
4401, 1702
4402, 1739
4403, 1684
4404, 1667
4405, 1696
4406, 1667
4407, 1736
4408, 1696
4409, 1722
4410, 1668
4411, 1656
4412, 1680
4413, 1613
4414, 1722
4415, 1699
4416, 1716
4417, 1752
4418, 1682
4419, 1690
4420, 1798
4421, 1762
4422, 1798
4423, 1824
4424, 1670
4425, 1674
4426, 1700
4427, 1777
4428, 1688
4429, 1702
4430, 1709
4431, 1707
4432, 1665
4433, 1727
4434, 1675
4435, 1673
4436, 1691
4437, 1762
4438, 1711
4439, 1647
4440, 1708
4441, 1663
4442, 1725
4443, 1696
4444, 1740
4445, 1706
4446, 1675
4447, 1744
4448, 1678
4449, 1679
4450, 1713
4451, 1798
4452, 1695
4453, 1679
4454, 1676
4455, 1665
4456, 1706
4457, 1699
4458, 1699
4459, 1652
4460, 1674
4461, 1700
4462, 1701
4463, 1749
4464, 1715
4465, 1739
4466, 1676
4467, 1779
4468, 1662
4469, 1807
4470, 1691
4471, 1771
4472, 1759
4473, 1692
4474, 1710
4475, 1677
4476, 1665
4477, 1685
4478, 1685
4479, 1671
4480, 1710
4481, 1674
4482, 1691
4483, 1578
4484, 1687
4485, 1661
4486, 1771
4487, 1818
4488, 1790
4489, 1657
4490, 1800
4491, 1693
4492, 1760
4493, 1749
4494, 1691
4495, 1688
4496, 1712
4497, 1656
4498, 1704
4499, 1669
4500, 1723
4501, 1687
4502, 1650
4503, 1671
4504, 1662
4505, 1668
4506, 1661
4507, 1726
4508, 1660
4509, 1653
4510, 1670
4511, 1695
4512, 1710
4513, 1656
4514, 1686
4515, 1709
4516, 1660
4517, 1690
4518, 1660
4519, 1740
4520, 1704
4521, 1826
4522, 1774
4523, 1641
4524, 1683
4525, 1680
4526, 1696
4527, 1695
4528, 1697
4529, 1709
4530, 1639
4531, 1674
4532, 1698
4533, 1862
4534, 1684
4535, 1714
4536, 1766
4537, 1669
4538, 1683
4539, 1681
4540, 1830
4541, 1676
4542, 1865
4543, 1730
4544, 1660
4545, 1718
4546, 1636
4547, 1705
4548, 1669
4549, 1688
4550, 1689
4551, 1659
4552, 2678
4553, 7309
4554, 1669
4555, 1581
4556, 1764
4557, 1764
4558, 1818
4559, 1832
4560, 1968
4561, 1997
4562, 1857
4563, 1650
4564, 1615
4565, 1600
4566, 1657
4567, 1591
4568, 1795
4569, 1839
4570, 1838
4571, 1836
4572, 1821
4573, 1825
4574, 1986
4575, 1945
4576, 1808
4577, 1869
4578, 1856
4579, 1949
4580, 1825
4581, 1920
4582, 1798
4583, 1852
4584, 1823
4585, 1810
4586, 1800
4587, 1836
4588, 1807
4589, 1824
4590, 1864
4591, 1838
4592, 1823
4593, 1828
4594, 1866
4595, 1836
4596, 1800
4597, 1605
4598, 1622
4599, 1636
4600, 1559
4601, 1610
4602, 1880
4603, 1828
4604, 1827
4605, 1809
4606, 1822
4607, 1870
4608, 1843
4609, 1799
4610, 1895
4611, 1860
4612, 1826
4613, 1822
4614, 1856
4615, 1806
4616, 1817
4617, 1929
4618, 1818
4619, 2915
4620, 2129
4621, 1838
4622, 1919
4623, 1845
4624, 1958
4625, 1819
4626, 1863
4627, 1841
4628, 1757
4629, 1805
4630, 1878
4631, 1831
4632, 1817
4633, 1872
4634, 1825
4635, 1728
4636, 1792
4637, 1823
4638, 1812
4639, 1592
4640, 1633
4641, 1592
4642, 1827
4643, 1840
4644, 1796
4645, 1858
4646, 1832
4647, 1862
4648, 1843
4649, 1863
4650, 1820
4651, 1851
4652, 1809
4653, 1826
4654, 1801
4655, 1880
4656, 1778
4657, 1803
4658, 1840
4659, 1868
4660, 1813
4661, 1714
4662, 1716
4663, 1660
4664, 1705
4665, 1696
4666, 1640
4667, 1661
4668, 1683
4669, 1680
4670, 1671
4671, 1714
4672, 1791
4673, 1828
4674, 1728
4675, 1841
4676, 1889
4677, 1733
4678, 1628
4679, 1674
4680, 1700
4681, 1659
4682, 1697
4683, 1837
4684, 1655
4685, 1758
4686, 1682
4687, 1740
4688, 1739
4689, 1683
4690, 1700
4691, 1725
4692, 1782
4693, 1670
4694, 1684
4695, 1702
4696, 1678
4697, 1677
4698, 1702
4699, 1713
4700, 1687
4701, 1684
4702, 1667
4703, 1669
4704, 1687
4705, 1670
4706, 1705
4707, 1682
4708, 1688
4709, 1682
4710, 1684
4711, 1565
4712, 1661
4713, 1675
4714, 1795
4715, 1640
4716, 1811
4717, 1624
4718, 1823
4719, 1689
4720, 1812
4721, 1692
4722, 1709
4723, 1666
4724, 1714
4725, 1689
4726, 1663
4727, 1688
4728, 1660
4729, 1663
4730, 1689
4731, 1692
4732, 1687
4733, 1681
4734, 1713
4735, 1651
4736, 1791
4737, 1642
4738, 1816
4739, 1728
4740, 1796
4741, 1749
4742, 1751
4743, 1674
4744, 1710
4745, 1674
4746, 1692
4747, 1667
4748, 1768
4749, 1681
4750, 1661
4751, 1673
4752, 1658
4753, 1801
4754, 1676
4755, 1734
4756, 1674
4757, 1703
4758, 1660
4759, 1677
4760, 1684
4761, 1652
4762, 1669
4763, 1666
4764, 1672
4765, 1677
4766, 1647
4767, 1720
4768, 1814
4769, 1705
4770, 1661
4771, 1665
4772, 1687
4773, 1708
4774, 1736
4775, 1652
4776, 1653
4777, 1648
4778, 1656
4779, 1713
4780, 1647
4781, 1678
4782, 1662
4783, 1653
4784, 1661
4785, 1659
4786, 1594
4787, 1470
4788, 1632
4789, 1683
4790, 1675
4791, 1698
4792, 1642
4793, 1661
4794, 1636
4795, 1625
4796, 1667
4797, 1663
4798, 1699
4799, 1649
4800, 1658
4801, 1659
4802, 1670
4803, 1713
4804, 1651
4805, 1671
4806, 1688
4807, 1648
4808, 1672
4809, 1625
4810, 1685
4811, 1656
4812, 1646
4813, 1647
4814, 1657
4815, 1656
4816, 1649
4817, 1708
4818, 1636
4819, 1641
4820, 1678
4821, 1657
4822, 1782
4823, 1621
4824, 1667
4825, 1714
4826, 1642
4827, 1688
4828, 1825
4829, 1723
4830, 1799
4831, 1721
4832, 1798
4833, 1688
4834, 1767
4835, 1704
4836, 1751
4837, 1684
4838, 1740
4839, 1671
4840, 1684
4841, 1679
4842, 1688
4843, 1669
4844, 1682
4845, 1678
4846, 1684
4847, 1685
4848, 1737
4849, 1667
4850, 1737
4851, 1671
4852, 1724
4853, 1682
4854, 1724
4855, 1688
4856, 1698
4857, 1696
4858, 1667
4859, 1555
4860, 1683
4861, 1762
4862, 1682
4863, 1672
4864, 1716
4865, 1666
4866, 1656
4867, 1673
4868, 1677
4869, 1715
4870, 1648
4871, 1748
4872, 1661
4873, 1664
4874, 1661
4875, 1663
4876, 1684
4877, 1636
4878, 1681
4879, 1707
4880, 1698
4881, 1711
4882, 1666
4883, 1745
4884, 1650
4885, 1659
4886, 1686
4887, 1712
4888, 1676
4889, 1674
4890, 1743
4891, 1688
4892, 1644
4893, 1675
4894, 1648
4895, 1736
4896, 1665
4897, 1675
4898, 1655
4899, 1552
4900, 1684
4901, 1677
4902, 1697
4903, 1715
4904, 1649
4905, 1658
4906, 1679
4907, 1693
4908, 1652
4909, 1718
4910, 1688
4911, 1645
4912, 1657
4913, 1657
4914, 1752
4915, 1659
4916, 1664
4917, 2808
4918, 7532
4919, 1588
4920, 1687
4921, 1709
4922, 1644
4923, 1756
4924, 1700
4925, 1826
4926, 1823
4927, 2797
4928, 3974
4929, 2634
4930, 1683
4931, 1629
4932, 1681
4933, 1580
4934, 1696
4935, 1834
4936, 1864
4937, 1839
4938, 1892
4939, 1843
4940, 1813
4941, 1884
4942, 1900
4943, 1764
4944, 1759
4945, 1805
4946, 1819
4947, 1846
4948, 1814
4949, 1998
4950, 1824
4951, 1838
4952, 1766
4953, 1609
4954, 1735
4955, 1615
4956, 1699
4957, 1801
4958, 1789
4959, 1822
4960, 1851
4961, 1690
4962, 1678
4963, 1656
4964, 1670
4965, 1625
4966, 1618
4967, 1717
4968, 1645
4969, 1756
4970, 1802
4971, 1707
4972, 1678
4973, 1702
4974, 1831
4975, 1715
4976, 1680
4977, 1684
4978, 1682
4979, 1664
4980, 1665
4981, 1668
4982, 1657
4983, 1665
4984, 1638
4985, 1677
4986, 1662
4987, 1665
4988, 1689
4989, 1644
4990, 1682
4991, 1662
4992, 1738
4993, 1684
4994, 1747
4995, 1691
4996, 1616
4997, 1690
4998, 1723
4999, 1660
