0, 588
1, 624
2, 598
3, 607
4, 626
5, 671
6, 716
7, 671
8, 675
9, 688
10, 696
11, 670
12, 707
13, 673
14, 263
15, 556
16, 560
17, 563
18, 572
19, 561
20, 696
21, 679
22, 720
23, 682
24, 671
25, 674
26, 694
27, 584
28, 662
29, 731
30, 671
31, 677
32, 679
33, 677
34, 690
35, 699
36, 681
37, 677
38, 814
39, 673
40, 672
41, 690
42, 703
43, 673
44, 671
45, 681
46, 679
47, 558
48, 609
49, 556
50, 666
51, 701
52, 667
53, 710
54, 683
55, 681
56, 693
57, 667
58, 695
59, 682
60, 695
61, 698
62, 700
63, 701
64, 685
65, 611
66, 690
67, 659
68, 702
69, 689
70, 674
71, 617
72, 684
73, 689
74, 679
75, 692
76, 708
77, 691
78, 666
79, 675
80, 673
81, 682
82, 701
83, 698
84, 660
85, 699
86, 586
87, 660
88, 676
89, 687
90, 680
91, 682
92, 678
93, 685
94, 671
95, 679
96, 694
97, 677
98, 691
99, 661
100, 664
101, 679
102, 694
103, 699
104, 666
105, 699
106, 702
107, 699
108, 670
109, 656
110, 710
111, 688
112, 686
113, 657
114, 530
115, 690
116, 581
117, 628
118, 644
119, 694
120, 646
121, 694
122, 688
123, 686
124, 679
125, 697
126, 688
127, 571
128, 668
129, 782
130, 682
131, 662
132, 647
133, 681
134, 660
135, 683
136, 685
137, 617
138, 654
139, 696
140, 682
141, 689
142, 664
143, 567
144, 689
145, 682
146, 696
147, 684
148, 690
149, 658
150, 685
151, 688
152, 660
153, 676
154, 682
155, 680
156, 672
157, 681
158, 683
159, 655
160, 676
161, 697
162, 682
163, 696
164, 646
165, 691
166, 700
167, 663
168, 697
169, 675
170, 709
171, 691
172, 695
173, 690
174, 676
175, 676
176, 679
177, 698
178, 668
179, 598
180, 702
181, 700
182, 678
183, 657
184, 696
185, 702
186, 697
187, 689
188, 663
189, 676
190, 680
191, 687
192, 700
193, 689
194, 672
195, 679
196, 689
197, 718
198, 686
199, 695
200, 682
201, 679
202, 699
203, 687
204, 684
205, 694
206, 688
207, 703
208, 679
209, 691
210, 688
211, 683
212, 693
213, 685
214, 690
215, 1275
216, 692
217, 691
218, 696
219, 737
220, 691
221, 695
222, 687
223, 688
224, 756
225, 693
226, 679
227, 680
228, 683
229, 703
230, 681
231, 683
232, 687
233, 680
234, 596
235, 676
236, 688
237, 723
238, 700
239, 703
240, 679
241, 683
242, 721
243, 691
244, 689
245, 699
246, 698
247, 683
248, 692
249, 736
250, 681
251, 692
252, 685
253, 673
254, 712
255, 678
256, 685
257, 687
258, 697
259, 710
260, 684
261, 685
262, 693
263, 695
264, 707
265, 690
266, 680
267, 700
268, 699
269, 714
270, 689
271, 675
272, 698
273, 698
274, 708
275, 691
276, 683
277, 704
278, 858
279, 843
280, 833
281, 861
282, 834
283, 848
284, 843
285, 822
286, 841
287, 853
288, 886
289, 846
290, 870
291, 839
292, 844
293, 849
294, 846
295, 874
296, 834
297, 853
298, 855
299, 855
300, 859
301, 847
302, 732
303, 720
304, 816
305, 846
306, 839
307, 855
308, 858
309, 882
310, 849
311, 877
312, 854
313, 847
314, 847
315, 862
316, 827
317, 865
318, 888
319, 829
320, 876
321, 845
322, 876
323, 843
324, 836
325, 892
326, 839
327, 882
328, 848
329, 836
330, 846
331, 844
332, 770
333, 844
334, 803
335, 836
336, 864
337, 836
338, 833
339, 886
340, 755
341, 854
342, 858
343, 851
344, 866
345, 856
346, 863
347, 872
348, 849
349, 863
350, 848
351, 861
352, 827
353, 829
354, 837
355, 874
356, 883
357, 853
358, 1636
359, 715
360, 640
361, 514
362, 514
363, 550
364, 607
365, 652
366, 649
367, 629
368, 643
369, 665
370, 713
371, 666
372, 704
373, 678
374, 672
375, 680
376, 674
377, 682
378, 562
379, 590
380, 565
381, 573
382, 495
383, 673
384, 663
385, 679
386, 683
387, 673
388, 723
389, 682
390, 715
391, 671
392, 577
393, 678
394, 674
395, 674
396, 677
397, 689
398, 578
399, 719
400, 670
401, 718
402, 674
403, 680
404, 675
405, 706
406, 700
407, 701
408, 670
409, 671
410, 689
411, 572
412, 724
413, 680
414, 686
415, 671
416, 568
417, 680
418, 667
419, 685
420, 679
421, 611
422, 666
423, 727
424, 685
425, 674
426, 696
427, 677
428, 687
429, 685
430, 742
431, 687
432, 682
433, 683
434, 694
435, 683
436, 701
437, 694
438, 701
439, 706
440, 684
441, 686
442, 701
443, 685
444, 697
445, 687
446, 715
447, 675
448, 840
449, 696
450, 688
451, 690
452, 691
453, 706
454, 683
455, 683
456, 685
457, 712
458, 695
459, 734
460, 686
461, 689
462, 695
463, 694
464, 675
465, 685
466, 710
467, 689
468, 697
469, 679
470, 683
471, 683
472, 685
473, 719
474, 689
475, 706
476, 680
477, 692
478, 700
479, 661
480, 685
481, 685
482, 715
483, 681
484, 706
485, 689
486, 688
487, 694
488, 602
489, 686
490, 691
491, 707
492, 692
493, 685
494, 682
495, 685
496, 690
497, 684
498, 681
499, 676
500, 705
501, 695
502, 677
503, 742
504, 681
505, 717
506, 685
507, 691
508, 690
509, 690
510, 692
511, 688
512, 747
513, 691
514, 697
515, 683
516, 686
517, 690
518, 690
519, 707
520, 681
521, 714
522, 696
523, 691
524, 600
525, 713
526, 687
527, 700
528, 691
529, 589
530, 689
531, 691
532, 717
533, 677
534, 724
535, 691
536, 686
537, 689
538, 682
539, 790
540, 685
541, 725
542, 689
543, 683
544, 695
545, 677
546, 686
547, 689
548, 570
549, 691
550, 719
551, 686
552, 694
553, 576
554, 686
555, 692
556, 689
557, 697
558, 695
559, 694
560, 686
561, 693
562, 678
563, 680
564, 734
565, 677
566, 688
567, 705
568, 678
569, 692
570, 689
571, 723
572, 682
573, 692
574, 674
575, 681
576, 694
577, 680
578, 711
579, 679
580, 679
581, 687
582, 678
583, 687
584, 682
585, 694
586, 692
587, 691
588, 687
589, 681
590, 689
591, 686
592, 695
593, 679
594, 682
595, 683
596, 571
597, 715
598, 686
599, 680
600, 697
601, 679
602, 686
603, 685
604, 705
605, 701
606, 673
607, 592
608, 690
609, 723
610, 686
611, 701
612, 688
613, 692
614, 686
615, 680
616, 702
617, 685
618, 726
619, 683
620, 692
621, 690
622, 686
623, 653
624, 689
625, 689
626, 693
627, 696
628, 1458
629, 700
630, 600
631, 558
632, 552
633, 556
634, 591
635, 556
636, 563
637, 562
638, 558
639, 596
640, 680
641, 736
642, 678
643, 702
644, 669
645, 672
646, 707
647, 672
648, 682
649, 683
650, 557
651, 555
652, 565
653, 562
654, 592
655, 685
656, 666
657, 670
658, 666
659, 682
660, 678
661, 680
662, 570
663, 675
664, 674
665, 684
666, 671
667, 692
668, 676
669, 641
670, 673
671, 700
672, 680
673, 667
674, 680
675, 796
676, 660
677, 681
678, 678
679, 705
680, 667
681, 666
682, 691
683, 676
684, 699
685, 669
686, 738
687, 677
688, 702
689, 706
690, 701
691, 671
692, 563
693, 556
694, 571
695, 580
696, 572
697, 666
698, 702
699, 708
700, 681
701, 738
702, 669
703, 572
704, 673
705, 683
706, 674
707, 668
708, 673
709, 568
710, 569
711, 563
712, 558
713, 588
714, 667
715, 687
716, 677
717, 679
718, 686
719, 684
720, 682
721, 683
722, 672
723, 742
724, 675
725, 672
726, 663
727, 681
728, 630
729, 638
730, 667
731, 563
732, 708
733, 680
734, 722
735, 671
736, 677
737, 672
738, 671
739, 678
740, 675
741, 672
742, 679
743, 674
744, 681
745, 685
746, 672
747, 752
748, 678
749, 713
750, 678
751, 683
752, 678
753, 682
754, 681
755, 669
756, 681
757, 702
758, 668
759, 679
760, 674
761, 705
762, 701
763, 727
764, 681
765, 822
766, 562
767, 679
768, 676
769, 669
770, 486
771, 562
772, 556
773, 558
774, 560
775, 677
776, 677
777, 679
778, 678
779, 669
780, 674
781, 703
782, 677
783, 742
784, 669
785, 708
786, 683
787, 680
788, 675
789, 678
790, 676
791, 568
792, 556
793, 675
794, 728
795, 668
796, 699
797, 674
798, 672
799, 679
800, 678
801, 710
802, 672
803, 683
804, 676
805, 680
806, 667
807, 669
808, 667
809, 707
810, 682
811, 741
812, 666
813, 700
814, 674
815, 671
816, 677
817, 607
818, 667
819, 685
820, 696
821, 703
822, 703
823, 673
824, 682
825, 688
826, 738
827, 670
828, 709
829, 685
830, 674
831, 681
832, 681
833, 685
834, 679
835, 634
836, 702
837, 672
838, 570
839, 558
840, 562
841, 568
842, 571
843, 672
844, 682
845, 712
846, 676
847, 681
848, 605
849, 651
850, 681
851, 663
852, 677
853, 561
854, 571
855, 569
856, 685
857, 554
858, 665
859, 684
860, 676
861, 680
862, 673
863, 601
864, 680
865, 704
866, 675
867, 697
868, 678
869, 740
870, 636
871, 666
872, 683
873, 685
874, 686
875, 681
876, 670
877, 678
878, 661
879, 701
880, 719
881, 556
882, 558
883, 573
884, 573
885, 558
886, 680
887, 702
888, 664
889, 731
890, 664
891, 671
892, 671
893, 679
894, 678
895, 671
896, 676
897, 674
898, 729
899, 672
900, 705
901, 673
902, 673
903, 684
904, 676
905, 684
906, 675
907, 678
908, 560
909, 566
910, 561
911, 566
912, 575
913, 741
914, 842
915, 842
916, 823
917, 870
918, 836
919, 838
920, 827
921, 857
922, 828
923, 845
924, 840
925, 836
926, 821
927, 861
928, 850
929, 839
930, 854
931, 720
932, 845
933, 861
934, 837
935, 846
936, 852
937, 843
938, 844
939, 864
940, 840
941, 846
942, 841
943, 715
944, 813
945, 835
946, 831
947, 937
948, 837
949, 868
950, 856
951, 869
952, 856
953, 867
954, 850
955, 875
956, 861
957, 878
958, 866
959, 867
960, 832
961, 823
962, 869
963, 833
964, 880
965, 826
966, 842
967, 874
968, 845
969, 875
970, 861
971, 849
972, 875
973, 906
974, 866
975, 900
976, 870
977, 898
978, 865
979, 907
980, 835
981, 732
982, 701
983, 705
984, 691
985, 697
986, 836
987, 868
988, 833
989, 846
990, 838
991, 831
992, 872
993, 1648
994, 670
995, 551
996, 477
997, 559
998, 677
999, 706
1000, 674
1001, 722
1002, 679
1003, 693
1004, 679
1005, 561
1006, 563
1007, 567
1008, 568
1009, 578
1010, 717
1011, 691
1012, 702
1013, 680
1014, 684
1015, 673
1016, 681
1017, 680
1018, 686
1019, 725
1020, 666
1021, 704
1022, 669
1023, 678
1024, 679
1025, 669
1026, 686
1027, 676
1028, 686
1029, 652
1030, 679
1031, 681
1032, 668
1033, 674
1034, 728
1035, 580
1036, 707
1037, 677
1038, 675
1039, 673
1040, 679
1041, 678
1042, 676
1043, 677
1044, 681
1045, 675
1046, 677
1047, 748
1048, 702
1049, 609
1050, 672
1051, 606
1052, 673
1053, 684
1054, 685
1055, 673
1056, 685
1057, 671
1058, 719
1059, 681
1060, 723
1061, 702
1062, 670
1063, 679
1064, 664
1065, 677
1066, 671
1067, 680
1068, 667
1069, 725
1070, 676
1071, 703
1072, 672
1073, 670
1074, 561
1075, 561
1076, 565
1077, 563
1078, 570
1079, 669
1080, 682
1081, 678
1082, 681
1083, 676
1084, 670
1085, 754
1086, 674
1087, 586
1088, 573
1089, 671
1090, 671
1091, 665
1092, 670
1093, 676
1094, 667
1095, 675
1096, 695
1097, 665
1098, 670
1099, 671
1100, 736
1101, 697
1102, 710
1103, 668
1104, 684
1105, 674
1106, 685
1107, 683
1108, 666
1109, 681
1110, 674
1111, 653
1112, 682
1113, 721
1114, 680
1115, 710
1116, 645
1117, 680
1118, 668
1119, 563
1120, 572
1121, 574
1122, 617
1123, 572
1124, 701
1125, 678
1126, 686
1127, 675
1128, 672
1129, 679
1130, 556
1131, 594
1132, 676
1133, 742
1134, 675
1135, 713
1136, 682
1137, 674
1138, 672
1139, 671
1140, 669
1141, 688
1142, 674
1143, 669
1144, 668
1145, 673
1146, 672
1147, 671
1148, 678
1149, 681
1150, 669
1151, 680
1152, 681
1153, 674
1154, 739
1155, 675
1156, 718
1157, 670
1158, 686
1159, 700
1160, 670
1161, 580
1162, 681
1163, 680
1164, 681
1165, 679
1166, 567
1167, 603
1168, 561
1169, 563
1170, 568
1171, 681
1172, 686
1173, 677
1174, 669
1175, 685
1176, 707
1177, 671
1178, 725
1179, 672
1180, 702
1181, 684
1182, 677
1183, 671
1184, 685
1185, 680
1186, 665
1187, 675
1188, 673
1189, 738
1190, 676
1191, 668
1192, 674
1193, 671
1194, 674
1195, 684
1196, 708
1197, 670
1198, 675
1199, 670
1200, 670
1201, 678
1202, 682
1203, 681
1204, 675
1205, 703
1206, 670
1207, 738
1208, 668
1209, 714
1210, 668
1211, 681
1212, 666
1213, 679
1214, 681
1215, 680
1216, 676
1217, 556
1218, 593
1219, 479
1220, 566
1221, 557
1222, 549
1223, 688
1224, 683
1225, 698
1226, 683
1227, 683
1228, 698
1229, 682
1230, 675
1231, 685
1232, 677
1233, 689
1234, 682
1235, 706
1236, 702
1237, 678
1238, 687
1239, 699
1240, 681
1241, 687
1242, 722
1243, 701
1244, 689
1245, 684
1246, 693
1247, 686
1248, 683
1249, 687
1250, 681
1251, 720
1252, 682
1253, 702
1254, 686
1255, 688
1256, 713
1257, 681
1258, 709
1259, 682
1260, 679
1261, 687
1262, 1385
1263, 696
1264, 484
1265, 567
1266, 569
1267, 561
1268, 567
1269, 551
1270, 556
1271, 550
1272, 551
1273, 561
1274, 727
1275, 682
1276, 686
1277, 697
1278, 684
1279, 700
1280, 689
1281, 708
1282, 694
1283, 684
1284, 682
1285, 686
1286, 690
1287, 686
1288, 735
1289, 694
1290, 688
1291, 679
1292, 681
1293, 696
1294, 688
1295, 680
1296, 689
1297, 742
1298, 685
1299, 706
1300, 696
1301, 685
1302, 686
1303, 695
1304, 684
1305, 694
1306, 694
1307, 676
1308, 707
1309, 687
1310, 685
1311, 719
1312, 688
1313, 704
1314, 686
1315, 682
1316, 688
1317, 686
1318, 714
1319, 701
1320, 739
1321, 683
1322, 686
1323, 695
1324, 682
1325, 672
1326, 687
1327, 625
1328, 698
1329, 677
1330, 685
1331, 680
1332, 607
1333, 685
1334, 713
1335, 679
1336, 645
1337, 693
1338, 683
1339, 685
1340, 687
1341, 692
1342, 670
1343, 693
1344, 678
1345, 687
1346, 684
1347, 684
1348, 733
1349, 683
1350, 691
1351, 688
1352, 688
1353, 680
1354, 686
1355, 684
1356, 700
1357, 684
1358, 695
1359, 683
1360, 682
1361, 702
1362, 728
1363, 682
1364, 684
1365, 685
1366, 698
1367, 689
1368, 687
1369, 676
1370, 687
1371, 726
1372, 590
1373, 684
1374, 679
1375, 679
1376, 716
1377, 691
1378, 690
1379, 685
1380, 690
1381, 688
1382, 684
1383, 673
1384, 681
1385, 714
1386, 698
1387, 691
1388, 686
1389, 676
1390, 699
1391, 686
1392, 721
1393, 685
1394, 686
1395, 686
1396, 686
1397, 695
1398, 685
1399, 733
1400, 693
1401, 684
1402, 676
1403, 676
1404, 698
1405, 678
1406, 698
1407, 694
1408, 688
1409, 683
1410, 688
1411, 698
1412, 685
1413, 726
1414, 673
1415, 701
1416, 696
1417, 676
1418, 685
1419, 678
1420, 698
1421, 678
1422, 679
1423, 694
1424, 693
1425, 684
1426, 702
1427, 709
1428, 682
1429, 687
1430, 695
1431, 685
1432, 684
1433, 683
1434, 603
1435, 689
1436, 691
1437, 685
1438, 685
1439, 686
1440, 686
1441, 720
1442, 678
1443, 686
1444, 683
1445, 686
1446, 684
1447, 678
1448, 692
1449, 676
1450, 687
1451, 686
1452, 673
1453, 696
1454, 683
1455, 739
1456, 691
1457, 678
1458, 700
1459, 685
1460, 597
1461, 682
1462, 695
1463, 683
1464, 676
1465, 694
1466, 676
1467, 689
1468, 681
1469, 682
1470, 696
1471, 683
1472, 687
1473, 678
1474, 689
1475, 709
1476, 687
1477, 722
1478, 688
1479, 699
1480, 586
1481, 688
1482, 688
1483, 699
1484, 684
1485, 685
1486, 717
1487, 697
1488, 737
1489, 699
1490, 690
1491, 698
1492, 700
1493, 688
1494, 601
1495, 613
1496, 696
1497, 681
1498, 696
1499, 694
1500, 694
1501, 681
1502, 730
1503, 689
1504, 747
1505, 691
1506, 680
1507, 704
1508, 681
1509, 681
1510, 688
1511, 728
1512, 595
1513, 687
1514, 700
1515, 691
1516, 693
1517, 685
1518, 720
1519, 682
1520, 691
1521, 704
1522, 708
1523, 683
1524, 684
1525, 693
1526, 701
1527, 710
1528, 701
1529, 685
1530, 700
1531, 679
1532, 684
1533, 697
1534, 685
1535, 681
1536, 696
1537, 686
1538, 694
1539, 689
1540, 684
1541, 713
1542, 687
1543, 696
1544, 685
1545, 685
1546, 684
1547, 718
1548, 888
1549, 853
1550, 863
1551, 843
1552, 891
1553, 842
1554, 861
1555, 848
1556, 895
1557, 864
1558, 897
1559, 850
1560, 775
1561, 836
1562, 863
1563, 839
1564, 845
1565, 842
1566, 859
1567, 859
1568, 828
1569, 863
1570, 862
1571, 897
1572, 849
1573, 865
1574, 838
1575, 900
1576, 871
1577, 884
1578, 996
1579, 871
1580, 937
1581, 834
1582, 860
1583, 900
1584, 810
1585, 870
1586, 847
1587, 866
1588, 837
1589, 872
1590, 738
1591, 871
1592, 869
1593, 840
1594, 851
1595, 853
1596, 837
1597, 860
1598, 848
1599, 849
1600, 875
1601, 865
1602, 860
1603, 846
1604, 873
1605, 851
1606, 774
1607, 852
1608, 842
1609, 855
1610, 855
1611, 751
1612, 840
1613, 863
1614, 866
1615, 896
1616, 871
1617, 885
1618, 860
1619, 890
1620, 839
1621, 901
1622, 842
1623, 870
1624, 842
1625, 872
1626, 815
1627, 1561
1628, 666
1629, 710
1630, 683
1631, 688
1632, 689
1633, 696
1634, 753
1635, 687
1636, 723
1637, 691
1638, 703
1639, 689
1640, 687
1641, 699
1642, 688
1643, 734
1644, 695
1645, 737
1646, 702
1647, 699
1648, 698
1649, 689
1650, 694
1651, 700
1652, 723
1653, 696
1654, 729
1655, 696
1656, 699
1657, 696
1658, 684
1659, 695
1660, 687
1661, 726
1662, 697
1663, 702
1664, 679
1665, 691
1666, 693
1667, 694
1668, 686
1669, 688
1670, 731
1671, 698
1672, 733
1673, 697
1674, 686
1675, 696
1676, 686
1677, 700
1678, 682
1679, 708
1680, 694
1681, 745
1682, 705
1683, 685
1684, 692
1685, 684
1686, 699
1687, 708
1688, 749
1689, 698
1690, 708
1691, 696
1692, 702
1693, 687
1694, 693
1695, 684
1696, 691
1697, 711
1698, 684
1699, 730
1700, 707
1701, 686
1702, 679
1703, 689
1704, 701
1705, 685
1706, 720
1707, 682
1708, 680
1709, 693
1710, 690
1711, 679
1712, 687
1713, 667
1714, 684
1715, 708
1716, 707
1717, 718
1718, 685
1719, 690
1720, 691
1721, 689
1722, 690
1723, 692
1724, 705
1725, 689
1726, 698
1727, 680
1728, 685
1729, 700
1730, 688
1731, 687
1732, 693
1733, 713
1734, 691
1735, 699
1736, 698
1737, 689
1738, 701
1739, 594
1740, 709
1741, 697
1742, 612
1743, 696
1744, 697
1745, 680
1746, 691
1747, 696
1748, 684
1749, 715
1750, 687
1751, 693
1752, 691
1753, 687
1754, 690
1755, 591
1756, 721
1757, 598
1758, 719
1759, 687
1760, 730
1761, 698
1762, 691
1763, 699
1764, 685
1765, 689
1766, 704
1767, 715
1768, 690
1769, 698
1770, 695
1771, 662
1772, 685
1773, 699
1774, 706
1775, 704
1776, 687
1777, 690
1778, 685
1779, 693
1780, 718
1781, 675
1782, 692
1783, 683
1784, 681
1785, 699
1786, 682
1787, 707
1788, 682
1789, 690
1790, 687
1791, 697
1792, 572
1793, 684
1794, 710
1795, 699
1796, 692
1797, 694
1798, 678
1799, 720
1800, 678
1801, 681
1802, 698
1803, 703
1804, 595
1805, 694
1806, 702
1807, 697
1808, 681
1809, 697
1810, 692
1811, 703
1812, 689
1813, 708
1814, 693
1815, 695
1816, 682
1817, 686
1818, 665
1819, 691
1820, 693
1821, 679
1822, 680
1823, 696
1824, 575
1825, 698
1826, 678
1827, 693
1828, 643
1829, 691
1830, 678
1831, 693
1832, 708
1833, 682
1834, 687
1835, 692
1836, 682
1837, 686
1838, 691
1839, 705
1840, 688
1841, 681
1842, 675
1843, 577
1844, 717
1845, 687
1846, 690
1847, 767
1848, 679
1849, 677
1850, 676
1851, 696
1852, 625
1853, 694
1854, 685
1855, 679
1856, 691
1857, 690
1858, 714
1859, 658
1860, 681
1861, 702
1862, 691
1863, 700
1864, 681
1865, 682
1866, 687
1867, 679
1868, 687
1869, 694
1870, 708
1871, 676
1872, 686
1873, 689
1874, 685
1875, 700
1876, 687
1877, 684
1878, 691
1879, 688
1880, 673
1881, 569
1882, 699
1883, 693
1884, 681
1885, 679
1886, 683
1887, 686
1888, 687
1889, 679
1890, 678
1891, 687
1892, 685
1893, 697
1894, 688
1895, 691
1896, 678
1897, 687
1898, 702
1899, 694
1900, 691
1901, 691
1902, 681
1903, 656
1904, 687
1905, 690
1906, 697
1907, 690
1908, 682
1909, 678
1910, 681
1911, 676
1912, 687
1913, 701
1914, 699
1915, 682
1916, 689
1917, 701
1918, 676
1919, 685
1920, 692
1921, 682
1922, 694
1923, 688
1924, 573
1925, 708
1926, 684
1927, 690
1928, 682
1929, 675
1930, 672
1931, 684
1932, 703
1933, 676
1934, 691
1935, 684
1936, 696
1937, 703
1938, 576
1939, 687
1940, 651
1941, 677
1942, 688
1943, 682
1944, 702
1945, 658
1946, 592
1947, 691
1948, 772
1949, 694
1950, 692
1951, 705
1952, 682
1953, 686
1954, 689
1955, 696
1956, 698
1957, 681
1958, 713
1959, 691
1960, 685
1961, 696
1962, 680
1963, 697
1964, 687
1965, 722
1966, 688
1967, 679
1968, 684
1969, 685
1970, 701
1971, 689
1972, 687
1973, 690
1974, 688
1975, 693
1976, 692
1977, 697
1978, 681
1979, 687
1980, 690
1981, 690
1982, 696
1983, 601
1984, 688
1985, 692
1986, 680
1987, 683
1988, 693
1989, 788
1990, 690
1991, 697
1992, 688
1993, 1718
1994, 567
1995, 557
1996, 700
1997, 684
1998, 590
1999, 693
2000, 681
2001, 678
2002, 677
2003, 550
2004, 570
2005, 553
2006, 555
2007, 562
2008, 673
2009, 703
2010, 682
2011, 685
2012, 677
2013, 608
2014, 680
2015, 669
2016, 683
2017, 716
2018, 671
2019, 715
2020, 672
2021, 717
2022, 669
2023, 704
2024, 705
2025, 674
2026, 670
2027, 692
2028, 682
2029, 691
2030, 705
2031, 681
2032, 617
2033, 682
2034, 679
2035, 680
2036, 680
2037, 692
2038, 683
2039, 695
2040, 689
2041, 682
2042, 680
2043, 694
2044, 705
2045, 682
2046, 684
2047, 690
2048, 689
2049, 720
2050, 572
2051, 680
2052, 679
2053, 693
2054, 680
2055, 689
2056, 713
2057, 679
2058, 695
2059, 678
2060, 687
2061, 686
2062, 591
2063, 716
2064, 680
2065, 681
2066, 686
2067, 693
2068, 692
2069, 690
2070, 683
2071, 680
2072, 687
2073, 685
2074, 689
2075, 710
2076, 686
2077, 693
2078, 683
2079, 687
2080, 692
2081, 671
2082, 710
2083, 695
2084, 684
2085, 688
2086, 650
2087, 699
2088, 689
2089, 692
2090, 694
2091, 702
2092, 677
2093, 687
2094, 696
2095, 688
2096, 687
2097, 680
2098, 703
2099, 693
2100, 715
2101, 691
2102, 694
2103, 694
2104, 685
2105, 684
2106, 689
2107, 709
2108, 682
2109, 691
2110, 682
2111, 689
2112, 689
2113, 692
2114, 706
2115, 679
2116, 691
2117, 687
2118, 677
2119, 689
2120, 677
2121, 712
2122, 688
2123, 690
2124, 683
2125, 694
2126, 680
2127, 697
2128, 701
2129, 688
2130, 707
2131, 680
2132, 687
2133, 689
2134, 678
2135, 690
2136, 678
2137, 715
2138, 684
2139, 681
2140, 681
2141, 690
2142, 707
2143, 683
2144, 703
2145, 680
2146, 687
2147, 692
2148, 689
2149, 687
2150, 677
2151, 704
2152, 676
2153, 689
2154, 681
2155, 686
2156, 707
2157, 694
2158, 702
2159, 680
2160, 677
2161, 693
2162, 683
2163, 695
2164, 686
2165, 690
2166, 676
2167, 686
2168, 677
2169, 693
2170, 699
2171, 701
2172, 703
2173, 692
2174, 684
2175, 707
2176, 684
2177, 692
2178, 679
2179, 689
2180, 693
2181, 689
2182, 679
2183, 674
2184, 699
2185, 694
2186, 674
2187, 688
2188, 682
2189, 692
2190, 696
2191, 679
2192, 692
2193, 679
2194, 686
2195, 686
2196, 689
2197, 615
2198, 564
2199, 696
2200, 684
2201, 683
2202, 689
2203, 604
2204, 701
2205, 696
2206, 679
2207, 685
2208, 674
2209, 694
2210, 688
2211, 686
2212, 701
2213, 684
2214, 698
2215, 691
2216, 696
2217, 686
2218, 691
2219, 713
2220, 688
2221, 691
2222, 676
2223, 681
2224, 691
2225, 682
2226, 681
2227, 709
2228, 678
2229, 688
2230, 687
2231, 697
2232, 707
2233, 679
2234, 691
2235, 691
2236, 684
2237, 685
2238, 679
2239, 703
2240, 703
2241, 698
2242, 674
2243, 683
2244, 693
2245, 694
2246, 687
2247, 678
2248, 690
2249, 692
2250, 700
2251, 681
2252, 687
2253, 686
2254, 687
2255, 686
2256, 677
2257, 678
2258, 678
2259, 690
2260, 700
2261, 682
2262, 703
2263, 684
2264, 690
2265, 718
2266, 691
2267, 573
2268, 701
2269, 688
2270, 703
2271, 677
2272, 679
2273, 688
2274, 696
2275, 688
2276, 595
2277, 691
2278, 704
2279, 686
2280, 684
2281, 690
2282, 684
2283, 713
2284, 684
2285, 680
2286, 701
2287, 687
2288, 700
2289, 690
2290, 684
2291, 679
2292, 692
2293, 698
2294, 681
2295, 686
2296, 675
2297, 689
2298, 712
2299, 700
2300, 689
2301, 680
2302, 688
2303, 694
2304, 680
2305, 674
2306, 674
2307, 693
2308, 701
2309, 675
2310, 687
2311, 678
2312, 704
2313, 701
2314, 685
2315, 686
2316, 682
2317, 684
2318, 689
2319, 691
2320, 695
2321, 697
2322, 692
2323, 682
2324, 687
2325, 691
2326, 700
2327, 697
2328, 685
2329, 685
2330, 680
2331, 712
2332, 668
2333, 684
2334, 688
2335, 679
2336, 689
2337, 686
2338, 677
2339, 696
2340, 684
2341, 688
2342, 695
2343, 687
2344, 705
2345, 675
2346, 687
2347, 682
2348, 672
2349, 703
2350, 676
2351, 692
2352, 696
2353, 605
2354, 702
2355, 687
2356, 599
2357, 693
2358, 694
2359, 1759
2360, 577
2361, 690
2362, 687
2363, 684
2364, 690
2365, 694
2366, 676
2367, 685
2368, 699
2369, 679
2370, 692
2371, 698
2372, 677
2373, 706
2374, 653
2375, 685
2376, 683
2377, 685
2378, 700
2379, 686
2380, 686
2381, 692
2382, 681
2383, 677
2384, 690
2385, 690
2386, 729
2387, 683
2388, 682
2389, 676
2390, 691
2391, 696
2392, 688
2393, 697
2394, 679
2395, 683
2396, 708
2397, 684
2398, 684
2399, 692
2400, 680
2401, 694
2402, 679
2403, 572
2404, 681
2405, 693
2406, 691
2407, 678
2408, 683
2409, 670
2410, 640
2411, 687
2412, 686
2413, 684
2414, 707
2415, 607
2416, 712
2417, 679
2418, 675
2419, 684
2420, 685
2421, 711
2422, 589
2423, 685
2424, 693
2425, 689
2426, 695
2427, 679
2428, 678
2429, 703
2430, 686
2431, 683
2432, 687
2433, 692
2434, 688
2435, 679
2436, 708
2437, 685
2438, 588
2439, 677
2440, 681
2441, 703
2442, 698
2443, 691
2444, 703
2445, 677
2446, 710
2447, 714
2448, 694
2449, 708
2450, 682
2451, 682
2452, 693
2453, 637
2454, 713
2455, 692
2456, 677
2457, 678
2458, 591
2459, 716
2460, 701
2461, 672
2462, 682
2463, 678
2464, 696
2465, 685
2466, 679
2467, 689
2468, 672
2469, 686
2470, 697
2471, 684
2472, 699
2473, 686
2474, 681
2475, 680
2476, 686
2477, 697
2478, 702
2479, 683
2480, 687
2481, 677
2482, 695
2483, 678
2484, 682
2485, 683
2486, 686
2487, 678
2488, 697
2489, 687
2490, 758
2491, 699
2492, 689
2493, 686
2494, 694
2495, 702
2496, 686
2497, 683
2498, 685
2499, 675
2500, 688
2501, 687
2502, 676
2503, 688
2504, 691
2505, 689
2506, 695
2507, 692
2508, 696
2509, 596
2510, 679
2511, 705
2512, 707
2513, 704
2514, 670
2515, 691
2516, 658
2517, 699
2518, 688
2519, 691
2520, 683
2521, 696
2522, 681
2523, 691
2524, 682
2525, 680
2526, 694
2527, 619
2528, 588
2529, 683
2530, 695
2531, 702
2532, 683
2533, 686
2534, 683
2535, 673
2536, 696
2537, 696
2538, 699
2539, 690
2540, 673
2541, 676
2542, 683
2543, 674
2544, 699
2545, 677
2546, 673
2547, 693
2548, 695
2549, 689
2550, 694
2551, 696
2552, 677
2553, 682
2554, 703
2555, 700
2556, 697
2557, 688
2558, 690
2559, 694
2560, 672
2561, 694
2562, 682
2563, 575
2564, 694
2565, 686
2566, 699
2567, 686
2568, 689
2569, 674
2570, 695
2571, 686
2572, 642
2573, 680
2574, 694
2575, 682
2576, 692
2577, 703
2578, 678
2579, 680
2580, 681
2581, 672
2582, 690
2583, 665
2584, 687
2585, 689
2586, 586
2587, 680
2588, 704
2589, 700
2590, 700
2591, 698
2592, 689
2593, 669
2594, 573
2595, 684
2596, 695
2597, 684
2598, 684
2599, 682
2600, 695
2601, 653
2602, 708
2603, 654
2604, 687
2605, 677
2606, 684
2607, 692
2608, 697
2609, 666
2610, 690
2611, 658
2612, 691
2613, 665
2614, 685
2615, 691
2616, 659
2617, 692
2618, 680
2619, 684
2620, 685
2621, 684
2622, 685
2623, 675
2624, 689
2625, 695
2626, 677
2627, 681
2628, 686
2629, 723
2630, 691
2631, 692
2632, 694
2633, 680
2634, 691
2635, 676
2636, 695
2637, 693
2638, 680
2639, 689
2640, 694
2641, 703
2642, 555
2643, 689
2644, 691
2645, 688
2646, 683
2647, 685
2648, 723
2649, 691
2650, 687
2651, 672
2652, 687
2653, 694
2654, 688
2655, 676
2656, 599
2657, 693
2658, 678
2659, 697
2660, 693
2661, 688
2662, 686
2663, 695
2664, 693
2665, 680
2666, 704
2667, 683
2668, 687
2669, 691
2670, 694
2671, 687
2672, 680
2673, 687
2674, 701
2675, 694
2676, 682
2677, 685
2678, 691
2679, 682
2680, 682
2681, 674
2682, 713
2683, 693
2684, 695
2685, 697
2686, 689
2687, 705
2688, 686
2689, 693
2690, 693
2691, 589
2692, 694
2693, 700
2694, 697
2695, 700
2696, 695
2697, 695
2698, 689
2699, 678
2700, 708
2701, 685
2702, 677
2703, 701
2704, 683
2705, 691
2706, 701
2707, 697
2708, 693
2709, 693
2710, 688
2711, 685
2712, 677
2713, 687
2714, 680
2715, 680
2716, 621
2717, 685
2718, 681
2719, 720
2720, 691
2721, 702
2722, 699
2723, 688
2724, 677
2725, 1771
2726, 563
2727, 556
2728, 681
2729, 685
2730, 682
2731, 686
2732, 698
2733, 689
2734, 694
2735, 687
2736, 687
2737, 696
2738, 993
2739, 716
2740, 603
2741, 718
2742, 683
2743, 687
2744, 687
2745, 672
2746, 689
2747, 696
2748, 684
2749, 735
2750, 691
2751, 697
2752, 698
2753, 692
2754, 713
2755, 692
2756, 692
2757, 686
2758, 698
2759, 755
2760, 691
2761, 702
2762, 684
2763, 701
2764, 729
2765, 693
2766, 685
2767, 702
2768, 689
2769, 679
2770, 704
2771, 709
2772, 803
2773, 573
2774, 684
2775, 697
2776, 680
2777, 690
2778, 717
2779, 682
2780, 696
2781, 688
2782, 678
2783, 673
2784, 682
2785, 715
2786, 695
2787, 692
2788, 681
2789, 692
2790, 686
2791, 695
2792, 716
2793, 682
2794, 685
2795, 687
2796, 683
2797, 685
2798, 695
2799, 707
2800, 688
2801, 695
2802, 693
2803, 690
2804, 685
2805, 696
2806, 712
2807, 690
2808, 690
2809, 678
2810, 682
2811, 708
2812, 703
2813, 683
2814, 700
2815, 691
2816, 680
2817, 684
2818, 720
2819, 691
2820, 690
2821, 686
2822, 690
2823, 691
2824, 698
2825, 689
2826, 679
2827, 684
2828, 689
2829, 684
2830, 706
2831, 703
2832, 698
2833, 595
2834, 624
2835, 694
2836, 700
2837, 705
2838, 684
2839, 697
2840, 690
2841, 695
2842, 678
2843, 685
2844, 718
2845, 687
2846, 693
2847, 683
2848, 700
2849, 683
2850, 681
2851, 730
2852, 696
2853, 713
2854, 673
2855, 695
2856, 666
2857, 694
2858, 691
2859, 691
2860, 717
2861, 690
2862, 598
2863, 700
2864, 685
2865, 729
2866, 696
2867, 680
2868, 696
2869, 686
2870, 692
2871, 689
2872, 708
2873, 692
2874, 708
2875, 691
2876, 690
2877, 686
2878, 695
2879, 720
2880, 697
2881, 680
2882, 677
2883, 643
2884, 719
2885, 672
2886, 701
2887, 682
2888, 699
2889, 687
2890, 693
2891, 710
2892, 690
2893, 661
2894, 690
2895, 680
2896, 679
2897, 572
2898, 713
2899, 689
2900, 685
2901, 690
2902, 692
2903, 724
2904, 690
2905, 692
2906, 693
2907, 691
2908, 661
2909, 699
2910, 698
2911, 680
2912, 682
2913, 699
2914, 696
2915, 689
2916, 681
2917, 702
2918, 690
2919, 678
2920, 694
2921, 691
2922, 712
2923, 694
2924, 595
2925, 680
2926, 683
2927, 701
2928, 692
2929, 705
2930, 675
2931, 688
2932, 691
2933, 684
2934, 601
2935, 682
2936, 689
2937, 688
2938, 690
2939, 681
2940, 679
2941, 694
2942, 691
2943, 694
2944, 675
2945, 684
2946, 715
2947, 685
2948, 683
2949, 697
2950, 629
2951, 695
2952, 684
2953, 694
2954, 686
2955, 688
2956, 635
2957, 686
2958, 704
2959, 689
2960, 574
2961, 692
2962, 693
2963, 698
2964, 684
2965, 691
2966, 682
2967, 678
2968, 699
2969, 687
2970, 684
2971, 700
2972, 672
2973, 680
2974, 677
2975, 703
2976, 696
2977, 687
2978, 696
2979, 675
2980, 688
2981, 697
2982, 711
2983, 689
2984, 685
2985, 686
2986, 695
2987, 697
2988, 697
2989, 688
2990, 686
2991, 692
2992, 730
2993, 697
2994, 693
2995, 706
2996, 684
2997, 687
2998, 686
2999, 615
3000, 692
3001, 679
3002, 682
3003, 683
3004, 681
3005, 704
3006, 678
3007, 680
3008, 689
3009, 680
3010, 683
3011, 725
3012, 702
3013, 703
3014, 692
3015, 700
3016, 727
3017, 689
3018, 683
3019, 686
3020, 693
3021, 668
3022, 688
3023, 718
3024, 695
3025, 689
3026, 680
3027, 681
3028, 706
3029, 686
3030, 689
3031, 701
3032, 677
3033, 689
3034, 696
3035, 696
3036, 686
3037, 688
3038, 684
3039, 692
3040, 681
3041, 687
3042, 717
3043, 686
3044, 690
3045, 699
3046, 682
3047, 687
3048, 676
3049, 729
3050, 693
3051, 685
3052, 691
3053, 691
3054, 724
3055, 680
3056, 675
3057, 683
3058, 695
3059, 550
3060, 699
3061, 704
3062, 682
3063, 698
3064, 680
3065, 672
3066, 704
3067, 686
3068, 698
3069, 690
3070, 688
3071, 688
3072, 679
3073, 710
3074, 691
3075, 690
3076, 676
3077, 689
3078, 687
3079, 675
3080, 702
3081, 680
3082, 684
3083, 689
3084, 687
3085, 684
3086, 690
3087, 710
3088, 652
3089, 685
3090, 1468
3091, 608
3092, 550
3093, 686
3094, 682
3095, 692
3096, 690
3097, 721
3098, 683
3099, 674
3100, 670
3101, 681
3102, 563
3103, 559
3104, 583
3105, 570
3106, 565
3107, 678
3108, 689
3109, 678
3110, 679
3111, 677
3112, 677
3113, 683
3114, 661
3115, 682
3116, 679
3117, 698
3118, 570
3119, 559
3120, 560
3121, 486
3122, 608
3123, 680
3124, 702
3125, 709
3126, 678
3127, 672
3128, 678
3129, 673
3130, 666
3131, 682
3132, 701
3133, 723
3134, 568
3135, 711
3136, 670
3137, 674
3138, 680
3139, 676
3140, 679
3141, 666
3142, 672
3143, 687
3144, 703
3145, 582
3146, 685
3147, 683
3148, 687
3149, 664
3150, 714
3151, 679
3152, 709
3153, 676
3154, 680
3155, 702
3156, 674
3157, 676
3158, 680
3159, 662
3160, 648
3161, 667
3162, 677
3163, 684
3164, 672
3165, 684
3166, 671
3167, 554
3168, 582
3169, 562
3170, 518
3171, 670
3172, 673
3173, 676
3174, 561
3175, 699
3176, 665
3177, 710
3178, 687
3179, 716
3180, 682
3181, 702
3182, 674
3183, 678
3184, 674
3185, 710
3186, 680
3187, 623
3188, 672
3189, 685
3190, 679
3191, 581
3192, 674
3193, 666
3194, 587
3195, 667
3196, 713
3197, 668
3198, 694
3199, 676
3200, 703
3201, 673
3202, 682
3203, 690
3204, 686
3205, 675
3206, 665
3207, 683
3208, 555
3209, 593
3210, 557
3211, 563
3212, 702
3213, 675
3214, 677
3215, 665
3216, 680
3217, 686
3218, 662
3219, 671
3220, 701
3221, 682
3222, 684
3223, 566
3224, 701
3225, 679
3226, 679
3227, 602
3228, 676
3229, 681
3230, 673
3231, 686
3232, 677
3233, 686
3234, 676
3235, 719
3236, 671
3237, 686
3238, 672
3239, 677
3240, 669
3241, 671
3242, 679
3243, 685
3244, 675
3245, 678
3246, 685
3247, 669
3248, 684
3249, 672
3250, 701
3251, 674
3252, 704
3253, 678
3254, 673
3255, 670
3256, 683
3257, 674
3258, 569
3259, 563
3260, 562
3261, 601
3262, 567
3263, 683
3264, 681
3265, 671
3266, 673
3267, 679
3268, 676
3269, 667
3270, 718
3271, 676
3272, 710
3273, 687
3274, 705
3275, 674
3276, 700
3277, 670
3278, 682
3279, 677
3280, 662
3281, 671
3282, 685
3283, 676
3284, 670
3285, 679
3286, 568
3287, 587
3288, 563
3289, 562
3290, 575
3291, 665
3292, 678
3293, 677
3294, 705
3295, 666
3296, 691
3297, 645
3298, 681
3299, 681
3300, 684
3301, 703
3302, 681
3303, 676
3304, 676
3305, 641
3306, 668
3307, 671
3308, 705
3309, 686
3310, 660
3311, 712
3312, 680
3313, 682
3314, 574
3315, 554
3316, 562
3317, 556
3318, 621
3319, 674
3320, 677
3321, 709
3322, 671
3323, 675
3324, 677
3325, 685
3326, 697
3327, 677
3328, 682
3329, 711
3330, 678
3331, 713
3332, 682
3333, 667
3334, 675
3335, 670
3336, 703
3337, 674
3338, 678
3339, 681
3340, 707
3341, 685
3342, 665
3343, 699
3344, 704
3345, 686
3346, 712
3347, 682
3348, 725
3349, 670
3350, 667
3351, 684
3352, 686
3353, 687
3354, 669
3355, 672
3356, 556
3357, 586
3358, 575
3359, 566
3360, 589
3361, 568
3362, 665
3363, 676
3364, 685
3365, 683
3366, 666
3367, 673
3368, 683
3369, 680
3370, 698
3371, 675
3372, 714
3373, 694
3374, 706
3375, 690
3376, 625
3377, 698
3378, 691
3379, 701
3380, 698
3381, 707
3382, 679
3383, 621
3384, 684
3385, 699
3386, 706
3387, 697
3388, 690
3389, 680
3390, 693
3391, 623
3392, 694
3393, 716
3394, 673
3395, 692
3396, 593
3397, 700
3398, 688
3399, 695
3400, 721
3401, 690
3402, 686
3403, 693
3404, 596
3405, 708
3406, 687
3407, 699
3408, 676
3409, 690
3410, 698
3411, 696
3412, 711
3413, 595
3414, 707
3415, 703
3416, 687
3417, 705
3418, 692
3419, 715
3420, 693
3421, 692
3422, 687
3423, 696
3424, 711
3425, 642
3426, 679
3427, 698
3428, 610
3429, 705
3430, 700
3431, 688
3432, 686
3433, 704
3434, 690
3435, 686
3436, 706
3437, 695
3438, 700
3439, 694
3440, 709
3441, 686
3442, 683
3443, 691
3444, 692
3445, 691
3446, 621
3447, 721
3448, 685
3449, 624
3450, 695
3451, 679
3452, 693
3453, 693
3454, 712
3455, 690
3456, 1554
3457, 519
3458, 623
3459, 624
3460, 649
3461, 625
3462, 650
3463, 630
3464, 625
3465, 686
3466, 686
3467, 702
3468, 685
3469, 691
3470, 694
3471, 596
3472, 685
3473, 681
3474, 698
3475, 692
3476, 685
3477, 693
3478, 697
3479, 698
3480, 598
3481, 652
3482, 703
3483, 691
3484, 692
3485, 685
3486, 702
3487, 685
3488, 692
3489, 686
3490, 691
3491, 689
3492, 692
3493, 693
3494, 675
3495, 692
3496, 694
3497, 686
3498, 710
3499, 683
3500, 685
3501, 679
3502, 573
3503, 706
3504, 680
3505, 684
3506, 687
3507, 681
3508, 694
3509, 686
3510, 701
3511, 690
3512, 680
3513, 688
3514, 688
3515, 604
3516, 693
3517, 696
3518, 687
3519, 681
3520, 688
3521, 599
3522, 685
3523, 680
3524, 701
3525, 686
3526, 697
3527, 696
3528, 682
3529, 593
3530, 696
3531, 688
3532, 699
3533, 691
3534, 689
3535, 683
3536, 688
3537, 675
3538, 690
3539, 698
3540, 682
3541, 695
3542, 681
3543, 689
3544, 705
3545, 688
3546, 709
3547, 683
3548, 698
3549, 692
3550, 709
3551, 707
3552, 695
3553, 681
3554, 591
3555, 671
3556, 701
3557, 683
3558, 694
3559, 683
3560, 685
3561, 689
3562, 685
3563, 720
3564, 681
3565, 691
3566, 679
3567, 686
3568, 700
3569, 683
3570, 603
3571, 691
3572, 694
3573, 698
3574, 682
3575, 686
3576, 685
3577, 682
3578, 694
3579, 687
3580, 691
3581, 699
3582, 684
3583, 698
3584, 676
3585, 619
3586, 696
3587, 691
3588, 685
3589, 684
3590, 697
3591, 693
3592, 688
3593, 683
3594, 683
3595, 689
3596, 680
3597, 704
3598, 691
3599, 687
3600, 693
3601, 675
3602, 698
3603, 686
3604, 691
3605, 703
3606, 680
3607, 700
3608, 686
3609, 698
3610, 675
3611, 694
3612, 683
3613, 677
3614, 729
3615, 682
3616, 692
3617, 684
3618, 690
3619, 706
3620, 680
3621, 689
3622, 646
3623, 695
3624, 696
3625, 679
3626, 693
3627, 681
3628, 693
3629, 697
3630, 687
3631, 700
3632, 692
3633, 685
3634, 690
3635, 691
3636, 715
3637, 689
3638, 695
3639, 693
3640, 675
3641, 719
3642, 691
3643, 681
3644, 687
3645, 683
3646, 688
3647, 690
3648, 700
3649, 692
3650, 685
3651, 694
3652, 678
3653, 693
3654, 688
3655, 702
3656, 698
3657, 678
3658, 698
3659, 686
3660, 723
3661, 688
3662, 685
3663, 684
3664, 689
3665, 683
3666, 568
3667, 686
3668, 685
3669, 685
3670, 682
3671, 695
3672, 682
3673, 695
3674, 679
3675, 683
3676, 683
3677, 696
3678, 695
3679, 634
3680, 688
3681, 690
3682, 678
3683, 693
3684, 698
3685, 696
3686, 700
3687, 688
3688, 708
3689, 679
3690, 680
3691, 691
3692, 589
3693, 719
3694, 683
3695, 678
3696, 689
3697, 689
3698, 705
3699, 679
3700, 690
3701, 691
3702, 696
3703, 686
3704, 696
3705, 691
3706, 685
3707, 702
3708, 683
3709, 682
3710, 695
3711, 678
3712, 695
3713, 689
3714, 685
3715, 685
3716, 681
3717, 708
3718, 685
3719, 680
3720, 675
3721, 683
3722, 712
3723, 688
3724, 690
3725, 681
3726, 692
3727, 720
3728, 682
3729, 682
3730, 689
3731, 629
3732, 697
3733, 683
3734, 691
3735, 696
3736, 688
3737, 694
3738, 690
3739, 694
3740, 686
3741, 674
3742, 691
3743, 691
3744, 654
3745, 686
3746, 698
3747, 677
3748, 675
3749, 697
3750, 685
3751, 695
3752, 678
3753, 692
3754, 703
3755, 679
3756, 694
3757, 685
3758, 697
3759, 689
3760, 678
3761, 715
3762, 687
3763, 682
3764, 699
3765, 690
3766, 709
3767, 675
3768, 674
3769, 691
3770, 694
3771, 701
3772, 579
3773, 693
3774, 688
3775, 694
3776, 699
3777, 681
3778, 697
3779, 684
3780, 689
3781, 686
3782, 685
3783, 695
3784, 691
3785, 673
3786, 688
3787, 691
3788, 704
3789, 683
3790, 693
3791, 681
3792, 688
3793, 670
3794, 686
3795, 691
3796, 707
3797, 688
3798, 692
3799, 689
3800, 682
3801, 664
3802, 692
3803, 688
3804, 695
3805, 693
3806, 685
3807, 681
3808, 708
3809, 694
3810, 682
3811, 684
3812, 682
3813, 710
3814, 701
3815, 683
3816, 684
3817, 697
3818, 710
3819, 679
3820, 681
3821, 689
3822, 1562
3823, 558
3824, 693
3825, 681
3826, 704
3827, 699
3828, 677
3829, 688
3830, 687
3831, 663
3832, 674
3833, 670
3834, 561
3835, 595
3836, 568
3837, 567
3838, 564
3839, 671
3840, 699
3841, 666
3842, 703
3843, 706
3844, 712
3845, 669
3846, 667
3847, 678
3848, 675
3849, 669
3850, 677
3851, 667
3852, 680
3853, 679
3854, 674
3855, 702
3856, 686
3857, 721
3858, 668
3859, 680
3860, 683
3861, 675
3862, 561
3863, 568
3864, 556
3865, 568
3866, 584
3867, 629
3868, 678
3869, 677
3870, 680
3871, 674
3872, 587
3873, 694
3874, 670
3875, 724
3876, 685
3877, 703
3878, 672
3879, 676
3880, 674
3881, 683
3882, 681
3883, 680
3884, 678
3885, 686
3886, 711
3887, 678
3888, 707
3889, 682
3890, 680
3891, 674
3892, 664
3893, 677
3894, 668
3895, 679
3896, 701
3897, 702
3898, 672
3899, 720
3900, 666
3901, 688
3902, 687
3903, 676
3904, 679
3905, 667
3906, 661
3907, 683
3908, 689
3909, 676
3910, 707
3911, 680
3912, 710
3913, 669
3914, 677
3915, 676
3916, 685
3917, 676
3918, 667
3919, 679
3920, 673
3921, 693
3922, 682
3923, 702
3924, 689
3925, 679
3926, 702
3927, 677
3928, 679
3929, 671
3930, 662
3931, 690
3932, 685
3933, 673
3934, 691
3935, 682
3936, 679
3937, 677
3938, 668
3939, 679
3940, 673
3941, 680
3942, 668
3943, 680
3944, 668
3945, 706
3946, 705
3947, 704
3948, 670
3949, 571
3950, 558
3951, 675
3952, 682
3953, 670
3954, 678
3955, 687
3956, 706
3957, 684
3958, 712
3959, 679
3960, 680
3961, 673
3962, 666
3963, 675
3964, 678
3965, 697
3966, 681
3967, 701
3968, 672
3969, 583
3970, 685
3971, 673
3972, 672
3973, 680
3974, 572
3975, 571
3976, 588
3977, 671
3978, 676
3979, 680
3980, 577
3981, 685
3982, 673
3983, 682
3984, 673
3985, 703
3986, 680
3987, 723
3988, 675
3989, 708
3990, 579
3991, 689
3992, 677
3993, 711
3994, 686
3995, 710
3996, 669
3997, 670
3998, 560
3999, 564
4000, 565
4001, 576
4002, 595
4003, 665
4004, 677
4005, 678
4006, 667
4007, 676
4008, 667
4009, 682
4010, 677
4011, 667
4012, 678
4013, 711
4014, 680
4015, 705
4016, 684
4017, 682
4018, 681
4019, 676
4020, 673
4021, 559
4022, 559
4023, 674
4024, 722
4025, 661
4026, 705
4027, 683
4028, 678
4029, 663
4030, 669
4031, 671
4032, 685
4033, 708
4034, 681
4035, 651
4036, 665
4037, 608
4038, 698
4039, 678
4040, 685
4041, 674
4042, 664
4043, 679
4044, 669
4045, 682
4046, 685
4047, 671
4048, 704
4049, 679
4050, 674
4051, 677
4052, 680
4053, 688
4054, 668
4055, 675
4056, 702
4057, 572
4058, 717
4059, 687
4060, 723
4061, 713
4062, 690
4063, 688
4064, 686
4065, 685
4066, 680
4067, 698
4068, 692
4069, 699
4070, 695
4071, 681
4072, 693
4073, 693
4074, 700
4075, 688
4076, 686
4077, 689
4078, 688
4079, 701
4080, 683
4081, 589
4082, 690
4083, 683
4084, 686
4085, 690
4086, 689
4087, 698
4088, 678
4089, 692
4090, 685
4091, 691
4092, 702
4093, 723
4094, 700
4095, 696
4096, 692
4097, 693
4098, 684
4099, 708
4100, 695
4101, 688
4102, 729
4103, 687
4104, 687
4105, 683
4106, 677
4107, 732
4108, 687
4109, 717
4110, 673
4111, 690
4112, 688
4113, 694
4114, 697
4115, 690
4116, 690
4117, 682
4118, 666
4119, 676
4120, 674
4121, 735
4122, 682
4123, 682
4124, 693
4125, 690
4126, 693
4127, 695
4128, 703
4129, 688
4130, 693
4131, 697
4132, 675
4133, 683
4134, 687
4135, 725
4136, 685
4137, 693
4138, 686
4139, 677
4140, 675
4141, 700
4142, 746
4143, 679
4144, 682
4145, 690
4146, 677
4147, 685
4148, 697
4149, 699
4150, 679
4151, 683
4152, 683
4153, 699
4154, 695
4155, 691
4156, 717
4157, 696
4158, 674
4159, 689
4160, 697
4161, 682
4162, 690
4163, 695
4164, 689
4165, 682
4166, 676
4167, 695
4168, 687
4169, 692
4170, 726
4171, 675
4172, 600
4173, 692
4174, 690
4175, 691
4176, 695
4177, 710
4178, 694
4179, 704
4180, 682
4181, 681
4182, 694
4183, 680
4184, 701
4185, 689
4186, 680
4187, 1413
4188, 580
4189, 568
4190, 688
4191, 687
4192, 685
4193, 681
4194, 697
4195, 836
4196, 682
4197, 690
4198, 695
4199, 709
4200, 706
4201, 679
4202, 695
4203, 699
4204, 767
4205, 695
4206, 721
4207, 588
4208, 703
4209, 674
4210, 688
4211, 684
4212, 688
4213, 692
4214, 681
4215, 685
4216, 680
4217, 693
4218, 698
4219, 685
4220, 727
4221, 689
4222, 686
4223, 677
4224, 685
4225, 698
4226, 684
4227, 731
4228, 688
4229, 690
4230, 678
4231, 680
4232, 733
4233, 680
4234, 588
4235, 558
4236, 547
4237, 589
4238, 554
4239, 560
4240, 549
4241, 679
4242, 747
4243, 686
4244, 686
4245, 681
4246, 681
4247, 759
4248, 680
4249, 696
4250, 685
4251, 683
4252, 697
4253, 695
4254, 696
4255, 690
4256, 672
4257, 691
4258, 684
4259, 684
4260, 687
4261, 728
4262, 686
4263, 680
4264, 698
4265, 685
4266, 715
4267, 690
4268, 695
4269, 691
4270, 601
4271, 698
4272, 681
4273, 701
4274, 694
4275, 748
4276, 701
4277, 668
4278, 691
4279, 679
4280, 733
4281, 704
4282, 689
4283, 617
4284, 690
4285, 687
4286, 701
4287, 697
4288, 688
4289, 693
4290, 688
4291, 701
4292, 679
4293, 697
4294, 740
4295, 686
4296, 689
4297, 691
4298, 705
4299, 697
4300, 687
4301, 703
4302, 687
4303, 680
4304, 681
4305, 689
4306, 691
4307, 693
4308, 723
4309, 685
4310, 697
4311, 694
4312, 694
4313, 642
4314, 690
4315, 689
4316, 602
4317, 718
4318, 693
4319, 709
4320, 697
4321, 697
4322, 693
4323, 685
4324, 641
4325, 686
4326, 736
4327, 692
4328, 683
4329, 688
4330, 690
4331, 687
4332, 696
4333, 702
4334, 680
4335, 696
4336, 691
4337, 687
4338, 696
4339, 684
4340, 742
4341, 686
4342, 698
4343, 692
4344, 686
4345, 723
4346, 694
4347, 713
4348, 685
4349, 680
4350, 692
4351, 691
4352, 702
4353, 676
4354, 701
4355, 686
4356, 624
4357, 696
4358, 681
4359, 748
4360, 701
4361, 696
4362, 689
4363, 694
4364, 686
4365, 689
4366, 716
4367, 700
4368, 629
4369, 684
4370, 683
4371, 680
4372, 691
4373, 756
4374, 689
4375, 686
4376, 686
4377, 689
4378, 672
4379, 690
4380, 711
4381, 677
4382, 694
4383, 687
4384, 693
4385, 687
4386, 699
4387, 697
4388, 685
4389, 732
4390, 681
4391, 698
4392, 688
4393, 731
4394, 691
4395, 699
4396, 687
4397, 694
4398, 686
4399, 697
4400, 669
4401, 704
4402, 740
4403, 695
4404, 692
4405, 685
4406, 691
4407, 723
4408, 691
4409, 747
4410, 689
4411, 685
4412, 693
4413, 611
4414, 747
4415, 694
4416, 684
4417, 685
4418, 703
4419, 704
4420, 695
4421, 720
4422, 684
4423, 729
4424, 689
4425, 687
4426, 688
4427, 689
4428, 684
4429, 687
4430, 713
4431, 688
4432, 684
4433, 688
4434, 691
4435, 686
4436, 688
4437, 733
4438, 714
4439, 677
4440, 693
4441, 687
4442, 692
4443, 694
4444, 721
4445, 697
4446, 676
4447, 687
4448, 692
4449, 664
4450, 678
4451, 751
4452, 690
4453, 686
4454, 680
4455, 690
4456, 753
4457, 709
4458, 723
4459, 689
4460, 695
4461, 692
4462, 691
4463, 731
4464, 689
4465, 747
4466, 682
4467, 689
4468, 690
4469, 701
4470, 684
4471, 694
4472, 740
4473, 700
4474, 701
4475, 691
4476, 688
4477, 695
4478, 690
4479, 698
4480, 682
4481, 683
4482, 685
4483, 624
4484, 717
4485, 688
4486, 704
4487, 813
4488, 683
4489, 685
4490, 686
4491, 707
4492, 679
4493, 752
4494, 685
4495, 693
4496, 691
4497, 680
4498, 693
4499, 682
4500, 708
4501, 695
4502, 686
4503, 692
4504, 683
4505, 699
4506, 698
4507, 686
4508, 691
4509, 689
4510, 696
4511, 684
4512, 716
4513, 694
4514, 697
4515, 710
4516, 697
4517, 704
4518, 686
4519, 724
4520, 690
4521, 685
4522, 706
4523, 675
4524, 691
4525, 701
4526, 712
4527, 704
4528, 690
4529, 682
4530, 642
4531, 690
4532, 689
4533, 721
4534, 697
4535, 699
4536, 690
4537, 688
4538, 695
4539, 688
4540, 707
4541, 702
4542, 710
4543, 690
4544, 689
4545, 696
4546, 701
4547, 730
4548, 694
4549, 680
4550, 699
4551, 691
4552, 1629
4553, 566
4554, 690
4555, 604
4556, 690
4557, 708
4558, 668
4559, 676
4560, 686
4561, 672
4562, 673
4563, 562
4564, 557
4565, 542
4566, 605
4567, 572
4568, 687
4569, 669
4570, 679
4571, 672
4572, 672
4573, 697
4574, 668
4575, 740
4576, 673
4577, 688
4578, 705
4579, 709
4580, 671
4581, 672
4582, 688
4583, 677
4584, 669
4585, 702
4586, 689
4587, 676
4588, 692
4589, 667
4590, 743
4591, 680
4592, 690
4593, 678
4594, 701
4595, 674
4596, 667
4597, 562
4598, 560
4599, 606
4600, 544
4601, 564
4602, 706
4603, 671
4604, 678
4605, 684
4606, 706
4607, 704
4608, 722
4609, 678
4610, 713
4611, 674
4612, 644
4613, 672
4614, 681
4615, 673
4616, 682
4617, 683
4618, 667
4619, 675
4620, 686
4621, 658
4622, 682
4623, 666
4624, 672
4625, 672
4626, 679
4627, 683
4628, 633
4629, 684
4630, 676
4631, 706
4632, 686
4633, 734
4634, 679
4635, 694
4636, 667
4637, 688
4638, 671
4639, 568
4640, 576
4641, 568
4642, 670
4643, 676
4644, 678
4645, 676
4646, 683
4647, 674
4648, 673
4649, 669
4650, 672
4651, 743
4652, 675
4653, 702
4654, 677
4655, 681
4656, 683
4657, 677
4658, 689
4659, 681
4660, 661
4661, 692
4662, 711
4663, 686
4664, 675
4665, 695
4666, 691
4667, 684
4668, 673
4669, 710
4670, 692
4671, 685
4672, 683
4673, 693
4674, 692
4675, 672
4676, 690
4677, 636
4678, 668
4679, 697
4680, 693
4681, 685
4682, 702
4683, 689
4684, 676
4685, 727
4686, 685
4687, 686
4688, 696
4689, 685
4690, 690
4691, 693
4692, 728
4693, 683
4694, 681
4695, 698
4696, 696
4697, 687
4698, 693
4699, 705
4700, 690
4701, 684
4702, 694
4703, 680
4704, 690
4705, 690
4706, 734
4707, 697
4708, 671
4709, 695
4710, 692
4711, 603
4712, 697
4713, 685
4714, 694
4715, 692
4716, 688
4717, 610
4718, 723
4719, 688
4720, 728
4721, 694
4722, 691
4723, 681
4724, 673
4725, 718
4726, 683
4727, 707
4728, 694
4729, 691
4730, 708
4731, 691
4732, 669
4733, 704
4734, 693
4735, 678
4736, 692
4737, 674
4738, 684
4739, 740
4740, 685
4741, 709
4742, 686
4743, 702
4744, 703
4745, 686
4746, 716
4747, 683
4748, 725
4749, 689
4750, 675
4751, 689
4752, 688
4753, 733
4754, 686
4755, 754
4756, 693
4757, 681
4758, 690
4759, 697
4760, 727
4761, 685
4762, 686
4763, 707
4764, 699
4765, 680
4766, 685
4767, 706
4768, 825
4769, 700
4770, 691
4771, 699
4772, 694
4773, 699
4774, 728
4775, 689
4776, 695
4777, 687
4778, 693
4779, 719
4780, 682
4781, 704
4782, 696
4783, 693
4784, 686
4785, 693
4786, 700
4787, 673
4788, 687
4789, 684
4790, 699
4791, 713
4792, 685
4793, 694
4794, 680
4795, 682
4796, 695
4797, 693
4798, 735
4799, 688
4800, 688
4801, 688
4802, 688
4803, 745
4804, 693
4805, 681
4806, 697
4807, 697
4808, 693
4809, 664
4810, 709
4811, 689
4812, 698
4813, 687
4814, 694
4815, 697
4816, 687
4817, 697
4818, 682
4819, 692
4820, 708
4821, 688
4822, 769
4823, 678
4824, 691
4825, 712
4826, 685
4827, 694
4828, 701
4829, 716
4830, 687
4831, 690
4832, 692
4833, 690
4834, 689
4835, 684
4836, 741
4837, 679
4838, 673
4839, 690
4840, 691
4841, 694
4842, 689
4843, 701
4844, 689
4845, 683
4846, 691
4847, 697
4848, 689
4849, 680
4850, 739
4851, 692
4852, 691
4853, 687
4854, 691
4855, 694
4856, 694
4857, 702
4858, 692
4859, 591
4860, 696
4861, 726
4862, 684
4863, 697
4864, 726
4865, 697
4866, 693
4867, 692
4868, 692
4869, 728
4870, 689
4871, 711
4872, 697
4873, 696
4874, 689
4875, 691
4876, 700
4877, 684
4878, 697
4879, 706
4880, 692
4881, 710
4882, 686
4883, 725
4884, 679
4885, 689
4886, 686
4887, 684
4888, 681
4889, 684
4890, 757
4891, 686
4892, 683
4893, 689
4894, 695
4895, 754
4896, 696
4897, 685
4898, 693
4899, 598
4900, 696
4901, 694
4902, 707
4903, 693
4904, 687
4905, 695
4906, 698
4907, 673
4908, 684
4909, 753
4910, 709
4911, 644
4912, 688
4913, 690
4914, 759
4915, 691
4916, 689
4917, 1652
4918, 557
4919, 559
4920, 691
4921, 689
4922, 682
4923, 690
4924, 712
4925, 678
4926, 681
4927, 1133
4928, 678
4929, 589
4930, 561
4931, 570
4932, 559
4933, 600
4934, 690
4935, 691
4936, 658
4937, 679
4938, 681
4939, 677
4940, 687
4941, 670
4942, 673
4943, 692
4944, 732
4945, 683
4946, 694
4947, 674
4948, 677
4949, 668
4950, 671
4951, 671
4952, 581
4953, 551
4954, 568
4955, 591
4956, 555
4957, 688
4958, 664
4959, 677
4960, 675
4961, 693
4962, 703
4963, 689
4964, 692
4965, 688
4966, 688
4967, 668
4968, 692
4969, 704
4970, 675
4971, 641
4972, 695
4973, 626
4974, 697
4975, 690
4976, 705
4977, 697
4978, 683
4979, 680
4980, 677
4981, 689
4982, 690
4983, 701
4984, 692
4985, 694
4986, 683
4987, 691
4988, 696
4989, 686
4990, 690
4991, 682
4992, 691
4993, 679
4994, 690
4995, 696
4996, 591
4997, 698
4998, 682
4999, 692
