714.706985000
739.270864000
742.754983000
679.937761000
744.468072000
669.724192000
746.711262000
673.592845000
975.002873000
746.052458000
714.668797000
713.887964000
760.714589000
703.233848000
677.113759000
724.757381000
744.021259000
682.427175000
709.128483000
704.481107000
719.436957000
697.004927000
804.488976000
694.983571000
703.739173000
732.593550000
684.933106000
649.965924000
690.746763000
692.844409000
750.910829000
818.014822000
694.058315000
752.386877000
706.506958000
758.815574000
802.861988000
720.900874000
724.327000000
