1487917197
1699123672
145661579
117321418
126035672
143847002
137799810
145434037
138740440
113571279
138812174
110171232
141829936
145340637
138913002
114599055
145365427
139017609
145684635
166003797
138091606
115677734
138849439
139932957
145285742
138528298
109779856
142050752
116622512
138650486
152664324
144812163
138681228
110024138
146491115
118597262
137317825
141350594
141468639
139570680
139507931
116338420
111081815
146681335
145750434
140056245
145847389
118965079
139891966
146380947
111351366
146491395
145822859
138813786
139165468
139360427
140290033
146577527
139918915
139302000
145718544
138580037
136150978
145671970
145360887
135587040
137921442
142112001
137926491
138562587
148175909
138820196
138157503
138685078
109561705
137815603
137991230
133018490
145493528
139232223
144803690
138872898
145225383
138552905
144785733
144878601
138215860
145076699
148827517
138226630
138741404
138637211
145601110
138593794
109751983
146091006
145795306
138641302
145167001
146841573
138220916
145570821
141529243
138524844
137750216
145315530
140326842
137961864
145577534
145340687
147036919
145012777
138481973
139778226
138442748
145800926
145097188
145483449
138120231
138600088
140507962
138998923
137399072
138244386
145365693
145005377
138717775
126453678
137846036
145587920
138206263
138994753
110073645
145122611
144823469
145905475
138391983
145431726
139280655
145829533
138613219
146007924
145612126
137714315
138946041
111164529
138156597
144966571
138460851
138876495
145368357
138659207
152840239
138331220
138169429
138383863
145803267
138433070
138891108
140653485
144847882
138532975
145162409
138578453
138216332
138249217
138818800
145178351
145297986
139282048
139986507
139006530
139904205
139726305
144524965
139734590
145952044
139456668
137765254
138778184
138723307
145255979
138233718
138233327
171601899
138723231
138097252
138614803
141493219
138528481
110078157
109733883
145244965
145583257
138126604
139329828
138842825
115349570
137546500
138928948
138638142
137659180
138908739
114910414
110053449
138686065
145336238
146896081
145136600
117831495
138982110
138217639
110825983
138177400
146196973
127388489
138127416
138364181
144570146
144730481
138487504
139683013
138763590
126006253
138663421
145097744
138765914
137649655
160020623
138240782
145020472
111186366
140452206
146094623
138716388
152672051
138680004
146537608
140177740
111636609
140105587
112930123
149547956
147430139
139607736
139818885
165854293
138991780
147038719
110757299
146242488
146740283
146563860
169642064
111437434
110831185
145994073
146962394
140016670
139109803
139911311
145270886
139590773
139521945
140624252
139289942
139457652
139198966
143368523
139142696
139375214
142331756
140079198
139510685
140123447
140484125
139039721
145573317
111220685
147218866
146854947
111383567
147124421
146372187
139302331
139787156
143368230
138936244
146540748
140115363
139944268
139233780
139609449
141102516
146229569
139486892
144003226
111285491
139454727
146305488
140014300
139472702
147028244
147991086
145923864
138713557
111789783
140361856
146462461
145746575
146950784
144418960
147272295
139571629
140070358
139790409
140032679
139848025
147977196
111040726
146263108
147579980
139164953
138950523
139590563
140649560
140162593
139606293
144590570
139338913
139716158
134758613
142063392
138773890
138231399
137930234
143705761
138602640
145705655
137931606
138402580
138048226
144645846
141627118
146138507
138779963
146083576
138277595
138939058
137734134
139323057
138625235
137766930
154179360
138299637
138269349
138814896
138694951
138316265
138733466
138081331
146518077
138253948
137855022
139451672
138665689
138005134
145062342
143630232
138248829
139162790
138458236
145520715
138031862
138482295
144853226
138532270
138607709
139077241
138188168
144906285
138483252
124884625
110225788
145729070
146002850
142145063
138916668
138926187
140896661
145071960
138064096
138146411
139872554
138406050
138782982
157770645
145593220
137853939
138686311
140286261
138496531
137844225
155507957
138081725
138560314
138912607
118894315
125651391
144846155
127341390
139891864
138546064
138736449
162595050
110164740
126485928
145364963
138172169
137721763
126663362
137842049
140687255
138390246
137886772
148928834
137985787
138400235
144992689
138662916
110081241
138545774
144873979
144365182
138598866
145252408
140948288
145147998
138391561
137895808
143718674
145112863
138499171
142010636
137949490
143710967
109680991
112932152
145469314
145458318
145504445
145112397
145672138
138597276
139307582
138423199
144588780
138475611
142588605
148465572
162101555
155918947
181724409
200708239
214537478
184196873
256213397
175887752
498398058
953159580
443792342
906603082
1016100243
943528950
528240110
323266511
1761595244
1181715920
1583645290
428633678
1563306270
790124602
656674135
962284746
462048848
1047030544
1521309329
354331684
819233809
271674263
660339388
2219609050
159639763
674095159
718536754
360732170
441435235
904060347
967406570
2471551677
1436282230
436914255
1274907886
2366597724
298696713
756039845
3306119022
379962117
592513238
1155373775
484171008
854718655
1682623540
350651844
474393364
1077679181
1877305154
447538927
552862737
322058575
384649045
970214299
2154710125
756915158
1111140039
1209347991
834252206
636346961
292022775
422451720
791327522
332857111
836580661
917916285
2041373913
235867002
517301745
536164085
614073634
697007201
675935210
1740113522
416243855
202653418
1904595566
2695239264
1384189354
347925313
856970775
442638963
392274199
1380020544
522731293
211797863
1436540446
710667857
589572386
1844426707
631175447
604009844
364463049
929849932
835772327
1766210116
638393362
326479309
1038829528
710861666
1772576858
161823968
392150005
344526353
895329124
688412958
799640815
1763046663
316925645
365264872
516907520
458483309
1022812486
1163350491
1131807518
399744603
1302796651
1856538125
649717400
1113615410
466328658
566725518
398627347
1240853135
1187990208
2050287439
534575590
3999487043
553745955
2059396740
595624062
725183618
1442623153
278652485
375581145
362971405
734637406
770718429
495122835
1868595960
221304946
303465018
2794380712
1509283149
203699990
495009364
331517410
452713508
388741728
2044793613
1452046357
269683762
353273553
615249378
616146437
961948087
761179104
1471027581
408504398
453324634
952812741
731207983
1149062652
2272967815
672270479
995132602
495961295
672256174
626854310
1669581499
351087559
1180335461
2956816553
1389304160
780631800
757436900
780632102
169691420
166418120
207791555
352806583
577664335
58735728775
59297296668
450938633
45102440494
295703956283
2081576684
495053523
80656431256
99838423230
658581745
177177349
688552775
1412690049
