80567453
109052428
57356970
39798418
41137673
36006020
38243495
35843363
37960190
35954825
58396596
35854417
36146424
35862395
35828302
37687944
36124419
40135981
36020174
36036206
36339684
36211069
56636857
36198947
36268786
36244195
36280446
36151460
36628063
36407930
37700763
36368908
37163664
35904269
53168330
37950238
36505079
37875420
38009810
38872997
37953315
42505420
36653112
42149389
45008339
48196042
38769022
36383741
35410767
38005530
36868272
35847138
31923491
36021582
36312708
52786384
49551702
39787874
37922148
40180347
38238493
37890167
37879676
38055670
39229955
38836641
36271277
39963999
50548313
36408682
38094250
35998053
35996103
37840323
35892209
35797538
35852858
35783646
35905365
35791243
40882711
35917393
59169809
35905804
37924069
37760945
37621024
37819074
37694182
37696814
37081862
37625204
46786361
37639992
59248534
37636251
38669914
38935799
54363088
65189874
41954296
44251301
36363958
33161477
57898067
29952533
37988746
44059619
24847977
42019868
27769430
26750340
34412534
26251731
31735316
27969863
31351219
29449644
33615641
31460345
33589262
33558419
33581865
33629870
36124926
33624053
38916405
31436198
32768228
33684243
33642632
38615767
35983864
39231342
49982270
33552845
25726350
32683955
27650090
31717505
29318957
33664735
31320665
33642783
31410391
33696212
33604879
35751125
33476771
45400365
39627946
42287182
39247495
31206138
38975226
31275728
33667177
31307686
33656212
34444904
36128409
36040941
24940892
36170304
36022578
33732486
36028971
33674561
29372399
33641583
31361247
31330508
31275692
33617893
33533022
33560807
33703675
33561682
36136700
39120635
36170663
39138219
33435108
33532960
33486329
33815754
33572156
33567469
36583035
36122032
36426905
36099452
33459890
33539311
33498928
33597339
33467599
33509356
36754086
36053078
36451595
36249998
33578278
33507413
33426639
33540511
101810978
102529927
44230311
39565619
41467796
46392287
31420101
29416852
31635626
29510606
33886367
31015720
33706666
31826031
36144298
33599199
36130369
33612542
33606710
33578192
33654029
33614810
33640772
36104925
33604522
36462671
42759225
30332892
29411920
33556402
29490033
33823497
31375303
36293308
34064142
36202542
33912808
33595896
33507902
33609666
33581133
33632644
31311181
31507255
33592164
33558502
33767198
36353453
36216700
39334588
36201280
39100048
36036296
33468165
33540182
33521799
33551110
33429628
33595947
36157354
36063729
38835424
39184924
33479688
36106227
33471091
33546745
33508444
33731526
36223946
36090367
40598966
36169670
33437839
36160000
33514319
33518425
33518725
33612519
33635761
38368620
36113456
36155229
36195544
36169026
33456422
33502451
33523859
33519288
33457708
33528722
33439394
33572936
41113359
33513027
33633579
36002752
33499936
36287605
33453513
33452640
33461793
33545673
33464671
33588262
37357953
36133224
36182937
36108788
33512985
72956359
107328248
49000416
41498711
44782120
44446197
29426356
31404358
31368409
31396464
31245135
33745818
33493694
33523753
33560476
33652658
36178266
36130689
39184631
36214734
33558233
33527596
33575193
33535693
33563590
33642342
31312949
31216441
31368190
31310925
33592636
33561522
33581193
33547979
36146543
36140809
36245922
36279429
33569838
33457690
33546261
33640498
33554887
33582561
36180920
36218977
36195839
36463150
33525948
33556179
41080165
33546080
33672591
33956029
33439968
33466463
33510325
33632551
31425645
33741695
31286681
32686958
33598647
33572561
33528284
33590084
33808468
33542827
36054901
36095712
37667834
39118166
33517779
33450986
33441040
33464991
33639116
47218078
33628755
29451501
38204018
31335709
39293998
36645992
33616207
39006592
36197406
33469791
33532257
33494105
33461800
37814274
33451079
33537731
36060807
36058270
36239101
36234640
33547105
33521122
33489110
33550979
38983657
33524193
39280828
33417712
33519376
33450234
33731466
36017990
36705860
39094499
99222796
33583236
39047952
43400250
36009864
36014076
36160723
33940743
33544650
33505799
39039343
39038370
33942865
39074043
33646199
39214365
33667575
33556993
33578350
33532099
36085752
36110360
36239497
36198617
33505748
33555399
33552113
33493594
33593465
33535606
31504054
33681137
38200019
31351991
33696092
33535959
33637201
33666560
33629247
36014027
36154329
36125046
38901232
33542816
33574036
33551936
33576896
33734015
33550055
36011339
36408364
36205579
39173718
33908513
33593359
33459631
33480131
33898473
33517525
33476514
33491856
33521459
33466180
37920243
33487008
33529699
36009038
36262511
36259301
38858532
33530985
33996771
33576719
33776420
38590981
39024819
33696795
33314996
33665362
29955640
33946838
31599771
35878490
36118841
36565926
36466069
36011261
36190078
33422000
33415634
33463916
33474719
33461079
33449031
33463551
33435263
33431394
35639840
39175482
31342727
39120595
33442531
33509596
33421811
33529082
36065027
33982711
38170633
40021867
33509746
31247508
33486076
100335796
33547421
39044188
50212336
35948422
38269089
36149625
33527313
33521445
33535013
33487016
33547162
33479505
33652439
36096584
38685068
36242872
36239725
33556093
33533710
33521270
33603033
33508993
33899860
36144124
39304347
36146729
38823559
33499308
36166214
33532936
33615867
36098467
33641028
36309318
36189974
38607816
33690116
39144699
33455611
33610164
33616773
33594061
36132134
36368299
36475022
39304155
34129346
33452539
33472531
33453508
33615604
33489236
31272666
33656315
31389865
31369247
36562992
33588552
33462831
33524039
33852869
33537136
33823408
33452108
33883036
33453660
33509387
34489573
33551439
33444480
33774437
36149529
36325382
36228782
36131316
33556922
33474568
33540393
33671982
37994243
33542902
32346562
33419478
29470788
33541414
31479439
33798214
33657904
38688850
33462491
36272208
36020170
33524445
36479204
36152666
33468762
33456345
33464846
33564888
33556356
33553807
36078367
36071012
36202703
36090594
33470317
33512902
47205828
33506962
39160482
33517708
31363242
36084181
82983587
94476116
39192802
39201270
39059925
36082366
36039621
36047951
33534796
33574530
33478819
33648522
33481488
33571911
36075735
36278294
35989303
36264109
32637510
33697516
31327749
33870830
33843849
33586901
33556013
36370265
36103838
36088881
36131929
36204633
34017087
33617073
33536725
33553042
33489059
36498625
39166302
31405611
39086512
33477324
33595264
33569932
31869766
32738595
34257710
36168940
36380855
36241237
36196176
34952279
31552373
33658390
33607958
31369207
33451287
33952567
36019509
39321264
36401962
36130208
33618767
32828752
33462726
30047339
33502196
33936504
36045330
36112463
36391225
36184186
33541285
35098941
33695107
31350418
33559393
31347362
39067134
33545891
36560870
33486893
33791071
20063223
26848189
36712837
36127723
36109717
38047216
39252221
33885727
39147965
33472754
39069135
33392495
35270324
35834697
33515567
38802345
36078344
36384944
36089209
33522953
33493390
33450076
33590744
33656047
33560137
38815682
36040610
36617919
41741994
33665165
31580090
111215151
34337751
39463427
69767605
38969970
38985827
39230697
36178569
33571253
33517905
33495785
33533122
33866100
33450571
33831018
38983346
33621152
39353084
36147231
33577182
36491658
35202081
33722880
33532047
35754176
34438105
31371621
39148725
33624507
31291768
33471911
33550676
33489804
33570770
36192192
36546143
36486191
36387026
34038398
33563667
33476391
33615510
33469022
33534269
34057582
33603689
33486717
33855346
34994076
39107806
39338628
31323221
33750452
33495376
33759511
33454191
33794309
33501256
34859165
36056710
36079064
36171360
36192512
33998613
28794302
22503229
32847570
27717729
33383043
31737183
33484251
30607435
35633324
31018192
35580857
30835238
26778220
29786540
38612584
29299597
25983082
34094950
29000354
24874763
24762752
35098893
29546998
35662910
36015478
36160894
30687960
25993989
23588898
23577979
35143934
28823171
35666502
30824680
35608900
30830883
35558206
30821039
35585045
30830595
35598736
30803509
37367513
30585704
35205583
35003686
27592761
35587368
29174452
35739895
30841256
35977067
41326667
70640615
36309342
27722767
24620381
35113834
28999813
35636016
30378389
35701584
30836363
35650054
30842970
35591848
30872636
35750431
30893130
36175007
30829883
35735639
30873388
35672802
30807288
35773794
30861586
35615735
30854883
35609222
30799808
35646289
30822613
35683482
30834575
35684120
30876867
37579573
30648053
26012977
34992806
29297099
35596566
30861114
35648654
30833172
35607861
36289162
35925520
30837324
35684327
30808266
35717054
30793952
36263871
30684553
31891484
35572705
30302627
35604492
30978625
35622388
30810171
35588169
30809873
39080782
39072089
39275031
38495554
24838078
24196975
32864251
27789938
33516712
28941795
37205069
30668676
25936806
35064727
29244272
35607463
30807109
35621616
30871098
35817323
30774206
35660766
30858992
35610966
30835873
35564503
30812617
35596755
30819377
35566491
30783072
35520740
31048209
20405186
17649227
17500095
17703314
32225772
26069112
33396107
28959120
33313616
30717299
35660962
30762798
35659204
30910804
35998160
30781690
35529306
30835615
57757369
79534276
35795354
31300116
