716.036
732.563
731.158
693.888
728.745
714.644
720.741
708.177
731.880
594.128
712.237
702.381
736.145
741.343
714.092
699.088
725.732
735.131
747.492
749.824
714.904
733.778
728.056
699.831
692.174
672.505
704.116
697.747
710.221
650.923
660.955
731.361
691.106
665.053
724.961
697.544
677.706
708.320
693.848
682.374
736.001
673.997
765.979
752.766
706.671
701.491
672.156
749.359
684.553
680.661
689.128
700.587
698.702
662.358
699.262
706.839
697.893
761.033
656.252
679.117
708.771
688.953
748.394
711.299
686.357
691.042
733.177
681.494
686.386
719.338
755.638
690.566
730.553
703.608
719.702
679.959
680.906
652.721
703.703
632.229
668.213
734.991
688.175
665.585
675.659
747.327
690.123
737.349
647.700
707.436
670.865
717.311
701.893
726.140
765.263
693.185
744.555
653.176
748.819
685.083
749.389
786.745
705.626
714.653
729.014
723.140
664.922
763.681
809.636
682.324
758.650
681.533
702.469
735.089
688.769
721.334
684.889
758.860
706.864
678.377
686.973
731.237
709.274
719.314
783.814
699.759
708.730
685.064
717.096
682.360
761.536
655.770
733.608
689.108
716.231
686.490
698.343
784.838
642.904
695.462
697.401
735.284
774.796
680.474
699.214
697.853
706.853
701.319
731.865
696.123
705.655
690.862
664.514
686.868
702.210
682.487
710.362
653.653
705.326
701.962
731.792
686.841
651.514
757.421
693.672
668.570
708.866
716.331
674.028
721.385
675.422
721.372
684.446
767.257
685.813
724.247
780.553
670.488
701.973
752.104
775.431
737.132
701.415
762.139
709.234
753.182
756.537
702.868
704.263
665.492
685.542
689.815
766.714
663.675
738.141
668.033
750.525
741.357
678.433
762.310
700.705
712.938
673.306
770.904
732.525
721.981
709.562
751.233
653.179
646.691
710.602
697.395
745.109
751.907
683.597
728.839
708.650
729.555
697.226
747.931
727.475
696.738
657.229
674.319
732.772
695.411
664.552
666.500
788.110
708.955
759.372
676.889
724.781
801.518
699.692
646.624
678.579
636.971
748.885
659.886
650.147
693.834
645.302
733.903
706.723
732.904
717.623
696.732
638.230
695.191
752.054
710.265
671.597
690.327
745.405
672.023
745.285
688.173
750.384
692.048
736.512
647.985
631.983
680.668
727.345
652.700
759.618
794.424
655.433
712.572
690.368
653.575
669.589
821.230
650.136
704.919
673.665
718.175
685.666
717.806
778.728
762.971
658.929
741.550
649.681
686.307
789.612
648.223
703.548
724.651
719.683
677.627
690.250
777.074
697.256
711.052
663.607
768.173
694.269
720.821
761.981
690.778
688.605
683.095
697.623
671.107
749.174
676.939
716.766
720.875
680.902
800.666
691.460
652.163
705.815
673.298
710.667
649.055
631.462
716.031
684.654
741.245
751.290
745.960
803.965
689.595
728.769
698.216
702.120
711.529
721.246
672.641
725.198
689.964
651.930
735.543
699.691
705.903
712.919
697.231
679.319
681.271
693.123
696.553
664.451
694.468
673.862
720.490
677.212
760.025
695.360
661.337
669.115
738.626
750.759
672.059
677.317
684.028
789.160
680.846
733.351
685.094
735.000
739.503
673.484
933.653
661.065
755.358
662.018
699.106
785.460
685.023
763.591
731.986
705.280
785.679
744.509
746.350
797.901
748.816
769.138
702.919
674.504
787.725
664.350
707.875
687.104
739.588
689.454
784.312
704.833
734.988
733.292
743.368
722.216
760.606
701.652
806.298
729.774
719.581
770.242
666.542
688.965
706.384
672.700
703.629
750.072
657.629
731.328
669.328
766.128
751.811
706.729
717.077
661.927
714.720
702.980
688.833
722.026
761.149
747.865
696.427
703.688
683.855
722.240
744.908
742.375
760.861
679.904
726.028
663.993
693.150
703.297
712.937
712.301
682.991
745.537
710.967
735.439
705.530
735.073
680.950
789.784
695.472
752.404
721.221
646.726
649.274
658.014
767.623
700.938
717.190
683.017
745.232
721.740
708.595
695.688
745.535
720.482
684.625
653.387
699.964
690.385
677.512
698.613
692.831
737.300
639.492
752.674
701.860
724.275
776.520
640.462
679.252
701.574
686.064
715.205
756.433
658.095
760.827
740.007
726.229
764.006
749.339
735.386
762.676
699.168
674.002
711.838
720.114
731.459
700.679
609.579
667.793
692.581
685.654
689.527
725.818
663.841
706.926
661.743
704.458
682.213
692.187
702.859
738.177
691.872
733.928
708.444
729.706
728.152
666.504
714.988
681.133
724.083
748.702
737.446
760.346
720.102
661.449
714.940
733.331
698.753
728.871
768.153
671.201
696.006
684.034
734.593
661.528
711.565
703.441
755.844
787.422
679.840
763.108
659.789
715.686
711.489
741.601
743.468
704.362
717.748
702.074
746.444
671.603
787.182
715.271
715.114
714.636
697.765
659.052
681.180
702.907
700.034
647.429
703.023
784.649
689.714
762.940
770.460
707.250
740.092
658.618
767.572
676.925
720.350
725.608
710.487
649.134
690.884
708.774
717.840
683.528
729.846
695.378
711.265
680.244
647.965
703.053
690.820
718.663
714.102
734.389
693.921
707.375
715.934
698.642
691.718
696.347
715.047
663.998
732.335
703.003
710.660
713.106
733.600
746.133
711.574
842.328
692.414
659.631
717.414
693.545
680.525
714.076
709.813
710.331
690.661
669.538
702.695
667.287
690.460
693.152
752.795
675.694
688.116
733.207
729.330
714.020
709.176
698.066
693.248
645.855
655.833
737.053
710.399
669.835
663.210
716.412
703.747
733.352
676.706
698.903
660.219
763.617
690.999
699.765
760.597
736.616
687.655
687.889
784.579
715.899
727.253
755.370
692.950
672.320
687.759
772.695
704.264
731.273
795.540
736.436
715.914
688.187
756.078
772.819
729.124
654.460
746.955
746.006
730.268
721.065
729.436
697.460
754.225
669.614
744.990
757.801
669.760
721.524
683.065
716.655
680.424
677.438
686.866
722.468
717.107
752.120
741.871
692.797
740.059
678.066
736.630
688.670
734.469
736.762
715.227
714.444
694.171
708.923
677.802
711.810
690.510
741.690
698.153
736.778
777.673
648.001
730.075
724.284
639.650
682.340
640.455
676.286
734.318
719.837
688.237
683.631
749.042
725.750
713.219
698.895
727.427
774.944
713.570
757.711
743.929
712.450
742.556
681.144
746.102
720.441
697.346
680.774
730.866
758.624
673.499
713.730
668.119
714.464
692.064
728.597
730.876
695.823
744.023
702.069
706.470
688.836
714.452
668.911
746.839
679.105
725.798
720.983
690.544
761.915
705.527
680.984
689.158
705.987
695.524
725.410
683.335
728.997
784.703
688.517
669.902
710.831
668.516
705.253
719.471
662.300
670.784
701.714
705.865
670.086
753.345
676.824
780.961
729.795
734.060
693.320
662.107
774.894
681.045
746.466
760.364
695.995
671.634
679.656
623.547
720.690
659.137
734.040
669.071
644.648
692.758
681.897
737.523
692.633
675.756
639.204
683.919
714.030
738.949
713.644
720.937
659.569
710.035
688.233
716.163
668.244
704.648
676.536
707.941
757.194
677.745
653.793
708.038
802.546
710.819
670.944
676.567
630.055
675.314
705.859
712.469
661.736
714.513
720.267
659.489
685.987
672.635
697.674
655.591
719.897
740.846
711.594
660.739
753.709
670.410
704.491
700.260
697.229
813.097
716.734
740.106
768.378
713.632
820.620
682.976
731.435
669.502
693.755
736.900
713.238
706.850
697.227
636.772
673.286
743.611
668.447
808.675
720.600
713.238
667.270
709.557
644.204
697.799
663.161
736.912
716.833
661.732
642.723
723.509
710.761
703.277
765.939
662.673
768.987
723.333
698.313
753.504
709.809
712.828
742.183
765.624
683.042
685.538
750.786
695.623
696.822
677.748
725.112
664.417
737.851
674.706
687.251
713.631
646.500
703.091
761.425
744.749
705.793
838.181
706.351
735.670
710.643
704.225
704.944
703.852
724.229
721.816
735.109
783.418
674.524
678.725
731.502
771.081
633.474
716.080
652.906
740.416
716.428
723.559
676.227
673.790
828.972
686.525
695.399
708.543
655.508
690.651
720.488
752.787
709.101
732.587
705.798
700.874
682.923
795.912
740.376
698.475
707.598
713.465
695.044
659.754
695.062
714.280
739.554
678.633
690.508
735.818
716.442
741.289
718.043
694.587
693.137
701.277
748.207
752.983
711.529
656.670
857.098
666.521
759.479
664.780
729.502
733.059
700.917
722.039
677.258
729.125
676.182
640.096
709.847
712.527
669.621
694.057
674.626
733.662
658.987
733.362
679.233
712.680
704.701
723.261
781.980
696.289
666.214
716.202
710.287
674.424
705.506
692.198
749.673
695.060
702.569
679.691
712.530
785.594
685.536
743.148
719.839
738.822
642.711
680.270
719.997
714.618
668.385
685.569
667.107
712.999
659.006
721.101
767.750
703.973
657.675
669.655
698.987
719.914
705.599
649.216
658.147
679.478
654.770
711.567
759.846
691.539
702.665
684.606
706.257
670.819
691.066
695.889
721.813
706.475
638.998
628.904
722.410
719.101
729.784
733.234
665.247
648.062
732.018
662.116
713.480
675.816
644.339
755.301
698.993
709.972
693.275
697.887
677.622
720.165
694.705
753.271
727.112
693.458
703.597
710.105
720.736
686.770
716.536
661.387
706.098
685.456
713.675
663.390
721.404
673.597
748.760
681.261
745.573
794.130
717.575
737.526
704.371
714.963
671.801
724.152
791.704
697.246
612.286
759.890
688.729
727.788
668.756
656.503
762.702
745.861
686.208
762.404
695.359
730.624
696.509
775.519
769.510
670.384
775.083
694.923
748.644
753.189
695.993
715.923
690.121
692.652
691.498
704.085
682.949
783.861
776.285
685.457
715.059
673.697
677.833
707.931
722.622
678.463
744.312
669.894
741.652
761.915
669.932
715.239
680.023
729.328
698.948
738.463
622.757
743.656
707.701
726.196
812.729
684.242
684.016
672.254
726.008
683.510
781.141
703.415
713.600
713.073
645.783
737.564
706.907
800.536
671.550
726.380
776.359
696.058
750.547
666.505
712.987
690.431
717.764
729.959
682.928
734.568
714.468
730.851
709.944
738.140
746.644
676.125
682.665
710.641
663.041
701.627
634.080
687.551
672.491
720.008
665.763
740.974
788.668
650.952
720.618
685.267
741.375
708.787
723.688
646.366
718.032
707.879
666.696
646.772
732.875
731.013
724.360
666.408
693.577
768.014
666.180
729.347
687.669
747.030
757.115
649.830
711.495
701.080
684.839
706.045
727.137
683.816
759.236
675.552
744.569
655.241
695.305
656.451
727.665
631.292
745.405
709.345
712.422
748.589
666.518
710.012
662.007
714.958
656.742
730.383
700.735
736.175
680.827
690.350
699.604
713.474
714.886
701.319
679.783
724.995
706.231
685.008
669.401
690.131
716.586
711.893
750.658
712.262
715.451
735.424
711.255
721.656
669.968
709.953
685.849
685.281
668.921
752.755
730.447
728.129
692.014
746.131
646.564
655.835
684.403
702.991
734.823
673.062
780.629
744.013
699.349
795.968
668.453
655.452
720.119
704.055
641.373
739.142
705.221
728.233
693.565
706.188
769.286
714.462
761.685
718.371
729.041
796.865
693.393
788.172
795.473
669.341
784.700
712.178
715.437
709.806
702.319
695.346
697.844
701.127
668.157
733.350
693.469
672.569
737.464
659.075
691.857
808.704
693.168
720.817
687.657
724.167
710.664
651.905
714.527
727.564
701.850
641.603
789.704
683.188
706.703
723.141
710.612
662.988
676.555
707.162
700.407
675.115
693.198
716.185
726.495
673.499
681.572
639.434
678.337
670.823
689.973
795.146
711.113
692.362
684.392
722.606
701.195
709.665
741.923
688.093
677.156
693.728
686.534
621.929
777.263
686.167
603.417
680.100
767.177
683.538
653.717
688.953
768.757
678.791
652.611
643.449
742.230
737.704
886.502
749.590
719.641
692.126
638.116
736.491
696.577
716.522
681.590
714.122
750.636
738.355
737.520
736.970
700.062
742.020
656.906
738.575
731.701
714.497
627.916
711.792
739.396
736.361
830.636
683.548
688.609
653.045
694.223
702.143
779.967
682.922
692.766
717.211
657.699
743.158
701.342
647.515
710.336
706.950
672.029
726.467
679.554
690.864
752.907
676.995
662.822
764.755
717.084
718.934
711.340
679.613
752.331
677.204
702.739
689.534
775.259
726.994
662.240
704.892
662.449
716.577
734.069
638.315
705.525
859.668
644.793
719.904
743.105
722.506
748.431
671.338
770.952
693.167
737.919
846.618
694.408
719.092
675.042
704.470
790.932
712.443
746.038
700.757
773.792
792.636
699.789
766.030
800.311
700.539
740.417
671.462
712.025
663.656
703.338
741.440
715.514
723.190
659.599
757.140
687.239
692.853
682.293
711.094
681.788
774.423
803.026
673.250
711.302
686.780
652.324
711.620
695.412
676.752
697.204
695.281
715.542
681.706
732.066
732.024
717.452
704.884
687.581
746.720
675.326
703.873
692.663
680.201
713.157
685.861
700.707
665.066
710.601
780.905
678.785
688.724
687.536
694.604
719.891
626.527
639.332
709.059
706.674
668.274
693.670
715.805
679.595
619.655
671.800
719.273
676.523
697.814
680.616
740.697
692.275
650.538
638.905
731.548
781.762
686.373
704.757
675.838
810.143
737.274
702.102
685.219
697.590
685.105
721.609
720.756
666.457
675.461
717.705
734.998
698.173
748.144
703.238
707.259
688.426
699.662
661.633
715.830
673.608
657.004
709.834
708.644
701.265
693.338
716.506
666.088
734.034
698.065
748.027
708.373
695.976
745.178
638.715
699.590
714.744
735.563
672.653
751.106
712.308
664.543
701.978
697.370
698.963
643.171
699.318
734.695
713.408
683.212
706.886
715.784
716.940
660.448
705.210
659.687
709.202
694.192
686.432
697.591
738.922
739.246
734.917
769.481
682.248
731.555
646.775
657.726
656.162
693.031
667.317
711.892
667.719
686.806
660.201
728.440
674.492
643.928
669.915
682.255
681.413
664.496
665.323
715.851
708.256
700.000
645.151
750.526
628.559
663.978
642.208
766.378
723.167
722.810
657.907
673.035
716.052
730.209
653.902
786.238
746.937
674.923
722.065
724.255
800.473
670.401
677.746
635.923
764.094
683.540
730.027
813.290
727.732
704.238
744.654
694.567
691.592
682.503
787.149
678.911
644.979
705.499
689.884
694.401
656.799
728.627
764.160
662.174
736.507
751.794
683.927
816.460
678.802
729.985
745.645
728.469
733.148
742.952
715.313
652.443
746.785
724.519
684.906
697.305
677.097
717.788
703.140
649.058
719.818
792.670
662.982
653.144
655.627
754.227
673.629
671.299
692.714
727.470
711.990
722.880
677.083
722.724
777.066
699.216
732.995
671.529
769.305
727.491
707.510
699.680
661.192
690.047
708.341
693.483
647.444
636.892
664.278
644.507
735.344
690.893
676.300
726.689
653.955
684.901
627.987
662.679
664.035
693.264
652.955
667.489
667.742
663.591
769.679
655.495
751.460
646.862
737.146
678.981
750.773
656.397
666.312
701.647
708.587
650.783
672.820
605.433
693.740
657.433
647.943
650.515
623.187
681.802
672.544
701.470
646.606
679.538
715.893
674.693
689.907
704.588
771.888
686.174
627.669
675.562
672.193
690.570
696.516
694.443
622.929
658.310
687.655
710.518
688.994
664.180
636.584
731.576
709.671
626.695
674.286
733.692
679.371
709.409
775.852
713.539
706.674
633.829
693.002
711.928
754.542
671.504
867.701
682.260
658.283
646.040
715.294
717.512
701.925
724.499
701.375
725.755
678.420
754.244
677.930
688.148
691.886
667.353
678.687
723.968
678.919
683.897
711.844
707.283
726.447
641.515
692.356
663.508
613.407
670.436
660.741
714.823
702.525
693.540
636.250
653.879
674.580
720.800
715.611
726.918
710.527
709.835
717.042
692.615
698.595
679.574
671.427
703.764
685.978
675.664
686.092
671.137
812.214
707.124
699.851
787.605
677.984
724.749
667.316
761.527
735.702
708.716
733.679
664.203
774.866
687.888
780.346
725.086
677.267
744.710
670.159
708.696
696.972
748.041
655.704
638.645
662.860
702.111
720.039
728.249
685.606
767.888
722.721
725.226
763.084
677.026
683.100
666.107
658.604
635.836
726.249
714.578
746.688
694.502
731.187
760.615
663.382
732.706
711.447
637.144
682.048
689.344
681.726
699.968
667.501
772.772
711.942
725.544
665.418
777.643
707.869
696.048
701.258
670.233
772.987
663.709
730.688
658.731
749.405
720.648
722.414
703.125
717.944
652.941
696.114
714.518
693.304
737.941
622.467
781.843
719.991
732.842
706.861
646.648
657.646
740.469
732.694
681.470
736.781
715.948
729.345
684.713
718.777
711.514
737.634
836.564
678.972
745.634
744.492
687.479
783.582
677.929
704.504
711.874
788.757
742.388
665.808
721.251
652.247
710.631
677.410
695.785
697.153
691.457
698.479
750.402
706.824
722.824
729.525
734.865
755.330
697.683
665.780
698.837
696.751
686.060
722.208
723.798
714.216
728.260
713.599
718.959
696.396
742.225
734.722
659.287
649.192
708.131
752.989
696.089
659.933
664.670
730.802
689.820
740.424
686.744
665.984
668.299
707.169
673.160
650.437
670.187
758.827
660.661
715.313
684.878
749.914
713.655
749.984
739.955
689.897
749.414
642.293
682.066
700.267
762.044
700.660
753.388
678.058
700.101
676.411
699.858
778.367
678.039
654.968
634.476
667.280
700.717
682.357
712.999
690.202
688.783
720.180
650.462
707.751
693.141
716.886
669.450
728.913
651.528
680.721
757.303
669.351
633.251
692.074
673.844
662.326
689.255
690.882
691.732
701.425
677.727
726.772
695.384
770.689
756.960
655.375
714.651
696.176
686.822
702.286
738.213
717.229
683.826
711.093
735.384
733.581
716.589
722.680
669.000
794.871
710.353
647.359
683.099
657.783
676.840
751.169
676.685
742.876
743.982
702.920
698.716
656.349
682.063
686.060
719.426
694.775
668.930
691.995
725.503
689.212
716.514
696.772
751.321
737.070
683.441
727.519
653.772
728.878
680.121
708.376
694.785
666.959
667.498
701.800
672.825
648.418
702.754
686.131
695.228
693.329
675.095
721.043
699.169
730.278
756.299
714.609
728.710
705.090
725.947
692.405
768.986
773.366
680.811
812.298
764.290
670.979
841.074
701.559
658.561
681.639
780.354
775.021
725.399
778.572
761.412
733.286
736.953
673.688
808.276
746.722
698.438
792.462
734.927
730.831
760.616
687.560
725.189
659.394
756.908
647.617
780.025
795.759
690.631
716.959
694.724
739.765
652.960
675.739
650.528
751.511
719.294
651.784
649.845
738.921
691.968
738.841
676.488
673.313
655.561
742.884
710.195
661.914
686.606
690.079
687.838
703.866
687.980
709.425
697.943
691.240
719.250
693.004
778.441
730.374
690.456
740.205
693.331
739.966
635.695
681.614
687.909
693.551
678.783
732.228
677.394
707.622
707.564
748.330
746.052
680.834
785.456
677.631
769.370
