22508200
22508200
22508200
22508200
22508200
22508200
22508200
22508200
22508200
22508200
22508200
22508200
28135136
28135136
28135136
28135136
28135136
28135136
28135136
28135136
28135136
28135136
28135136
28135136
28135136
28135136
28135136
28135136
28135136
28135136
28135136
28135136
28135136
28135136
28135136
33766168
33766168
33766168
33766168
33766168
33766168
33766168
33766168
33766168
33766168
33766168
33766168
33766168
33766168
33766168
33766168
33766168
33766168
33766168
33766168
33766168
33766168
39397200
39397200
39397200
39397200
39397200
39397200
39397200
39397200
39397200
39397200
39397200
39397200
39397200
39397200
39397200
39397200
39397200
39397200
39397200
39397200
39397200
39397200
45064136
45064136
45064136
45064136
45064136
45064136
45064136
45064136
45064136
45064136
45064136
45064136
45064136
45064136
45064136
45064136
45064136
45064136
45064136
45064136
45064136
45064136
50691072
50691072
50691072
50691072
50691072
50691072
50691072
50691072
50691072
50691072
50691072
50691072
50691072
50691072
50691072
50691072
50691072
50691072
50691072
50691072
50691072
50691072
56318008
56318008
56318008
56318008
56318008
56318008
56318008
56318008
56318008
56318008
56318008
56318008
56318008
56318008
56318008
56318008
56318008
56318008
56318008
56318008
56318008
56318008
61944944
61944944
61944944
61944944
61944944
61944944
61944944
61944944
61944944
61944944
61944944
61944944
67571896
67571896
67571896
67571896
67571896
67571896
67571896
67571896
67571896
67571896
73198832
73198832
73198832
73198832
73198832
73198832
73198832
73198832
73198832
73198832
73198832
73198832
73198832
73198832
73198832
73198832
73198832
73198832
73198832
73198832
73198832
73198832
78825768
78825768
78825768
78825768
78825768
78825768
78825768
78825768
78825768
78825768
78825768
78825768
78825768
78825768
78825768
78825768
78825768
78825768
78825768
78825768
78825768
78825768
84452704
84452704
84452704
84452704
84452704
84452704
84452704
84452704
84452704
84452704
84452704
84452704
84452704
84452704
84452704
84452704
84452704
84452704
84452704
84452704
84452704
84452704
90079624
90079624
90079624
90079624
90079624
90079624
90079624
90079624
90079624
90079624
90079624
90079624
90079624
90079624
90079624
90079624
90079624
90079624
90079624
90079624
90079624
90079624
90079624
95706848
95706848
95706848
95706848
95706848
95706848
95706848
95706848
95706848
95706848
95706848
95706848
95706848
95706848
95706848
95706848
95706848
95706848
95706848
95706848
95706848
95706848
101333768
101333768
101333768
101333768
101333768
101333768
101333768
101333768
101333768
101333768
101333768
101333768
101333768
101333768
101333768
101333768
101333768
101333768
101333768
101333768
101333768
101333768
107000704
107000704
107000704
107000704
107000704
107000704
107000704
107000704
107000704
107000704
107000704
107000704
107000704
107000704
107000704
107000704
107000704
107000704
107000704
107000704
107000704
107000704
112627640
112627640
112627640
112627640
112627640
112627640
112627640
112627640
112627640
112627640
112627640
112627640
112627640
112627640
112627640
112627640
112627640
112627640
112627640
112627640
112627640
112627640
118254576
118254576
118254576
118254576
118254576
118254576
118254576
118254576
118254576
118254576
118254576
118254576
118254576
118254576
118254576
118254576
118254576
118254576
118254576
118254576
118254576
118254576
123881512
123881512
123881512
123881512
123881512
123881512
123881512
123881512
123881512
123881512
123881512
123881512
123881512
123881512
123881512
123881512
123881512
123881512
123881512
123881512
123881512
123881512
129508448
129508448
129508448
129508448
129508448
129508448
129508448
129508448
129508448
129508448
129508448
129508448
129508448
129508448
129508448
129508448
129508448
129508448
129508448
129508448
129508448
129508448
135135384
135135384
135135384
135135384
135135384
135135384
135135384
135135384
135135384
135135384
135135384
135135384
135135384
135135384
135135384
135135384
135135384
135135384
135135384
135135384
135135384
135135384
140762320
140762320
140762320
140762320
140762320
140762320
140762320
140762320
140762320
140762320
140762320
140762320
140762320
140762320
140762320
140762320
140762320
140762320
140762320
140762320
140762320
140762320
146389256
146389256
146389256
146389256
146389256
146389256
146389256
146389256
146389256
146389256
146389256
146389256
146389256
146389256
146389256
146389256
146389256
146389256
146389256
146389256
146389256
146389256
146389256
152016176
152016176
152016176
152016176
152016176
152016176
152016176
152016176
152016176
152016176
152016176
152016176
152016176
152016176
152016176
152016176
152016176
152016176
152016176
152016176
152016176
152016176
157643096
