2388913
140122
102571
105076
77954
78208
80276
77880
78103
78137
78105
77715
77874
77304
77742
77461
85683
77882
77997
77074
81837
79577
79478
77148
77380
77407
77527
77344
77989
77683
77962
209468
97601
80623
78606
73266
62948
62594
59635
51063
46685
46972
47506
47447
49034
48521
49078
48507
48854
48632
49064
50265
51543
80494
49013
52093
54384
71482
48931
46574
50383
46333
62486
47336
122870
124134
53037
57840
58396
59423
53383
54142
61975
61225
64110
63878
62645
62484
62777
62892
56647
55465
48963
47220
48921
47149
48799
48378
50050
48428
51392
51351
48526
50217
49927
49874
49882
50275
50190
116704
