116651
137322
99788
102283
74963
75115
77503
74893
75162
75174
75145
74724
75083
74521
75076
74704
82915
75057
75030
74536
78731
76628
76303
74414
74694
74719
74713
74465
74988
74577
74756
206355
94886
77901
75815
70607
60173
59770
56951
48029
43928
44061
44639
44684
46174
45826
46131
45828
46078
45907
45893
47523
48732
77574
46239
49443
51604
68747
46015
43719
47593
43551
59643
44671
120066
121568
50295
55265
55649
56875
50737
51581
59242
58701
61353
61359
59976
59734
60074
60148
53778
52681
46103
44618
46191
44529
46100
45811
47296
45810
48722
48737
45877
47434
47101
47141
47232
47276
47327
113946
