1219258
30283
35109
64358
54953
47849
50871
66297
54703
54564
66907
67084
64786
65420
67935
65944
65713
63409
65832
49546
65234
64052
57140
57430
68825
68826
66712
65413
67592
67810
65024
64602
66168
64215
64655
65520
57442
57321
69443
68519
65338
65402
68953
67980
65327
64374
65046
64985
65921
64057
64436
57255
69821
70245
56124
51923
65449
68757
65942
64686
65100
65872
65224
65547
57605
65397
69764
65082
65448
65829
69002
64547
65838
65281
65436
65921
66518
66069
58249
66163
80138
65183
66877
65335
69030
64069
66180
66382
66414
57311
65892
69892
64485
65721
66076
65646
69300
65403
65063
65304
