26238
35490
26097
38348
41296
41883
34303
37215
35624
35763
35525
35660
35535
35530
34147
35692
34302
34114
34081
34170
34090
34102
34057
34099
34187
34196
34166
34199
34167
33790
34067
37547
34194
32800
34117
34756
34026
32819
34260
34205
34178
34055
34261
34068
33696
34072
37162
34035
32717
34057
34799
34041
34063
34191
34063
34161
34158
34068
34065
34057
34891
35035
34845
34653
34270
34217
34067
34184
34054
34187
34137
34142
34120
34161
34032
34192
34018
34056
34001
34041
34046
34181
34029
33785
34121
36868
34103
34650
34172
34798
36102
32905
34159
34230
34048
34036
34173
34160
33747
34095
35748
34093
34613
34087
34724
34091
32731
34203
34171
34216
34168
34068
34045
34177
34192
34129
34057
34162
34017
34035
34038
34176
34161
34030
33985
34198
34087
34186
34075
34196
34137
34183
34045
34185
34115
34204
34025
33790
34211
36574
34005
34605
34186
34778
34008
34153
34087
34168
34082
34185
34103
34121
33760
34072
36322
34073
34726
34205
34686
34156
32737
34094
34144
34062
34084
34143
33977
34102
34215
34061
34150
34199
34143
34141
34001
34161
34032
33998
34772
35100
34869
34860
34144
34237
34032
34076
34033
34187
34161
33778
34035
33711
34066
35060
34171
32757
34301
34142
34079
34084
34024
34194
34051
34087
34203
34177
33761
34007
37081
34196
34658
34186
34678
34193
32773
34086
34042
34218
34060
34184
34027
34103
34045
34040
34259
34193
34211
33818
34066
37276
34080
32790
34024
34806
33987
32887
34122
34084
34045
34011
34123
34190
34165
34030
34128
34168
34052
34047
34025
34056
34167
34103
34050
34188
34075
34072
34069
34090
34169
34054
33761
34189
36392
34035
34607
34054
34712
34046
32716
34091
34043
33979
34170
34180
34051
34140
34041
34142
34141
35537
34076
35269
34075
36685
34108
34728
34214
34799
34123
34182
34084
34219
34087
34085
34380
34156
34110
34191
34008
34145
34065
34136
34037
34232
34057
34116
34023
34163
34199
34096
34043
34065
34160
34074
33758
34235
36292
34049
34684
34064
34702
34005
32833
34078
34204
34059
34035
34169
34035
34181
34039
34897
34946
34924
34847
33876
34257
36920
34139
34665
34143
34765
34029
32784
34012
34193
34171
34168
34175
34170
34226
34067
34124
34174
34053
34072
34003
34181
34163
34013
34018
34162
34081
34174
34125
34189
34051
34091
33784
34126
36831
34159
34587
34016
34726
34023
32851
34301
34003
34099
34072
34173
34029
34085
34031
34189
34034
33811
34071
33682
34035
35091
34081
32790
34093
34130
34188
34048
34056
34049
34043
34180
34204
34124
34171
34068
34231
34182
34225
34062
34105
34173
34071
34003
34019
34180
34155
35537
35506
35633
35550
35745
35222
35700
36455
33804
36089
37389
34727
34026
34163
34701
34021
32752
34178
34187
34150
34187
34180
34034
34027
34163
34162
34111
34021
34083
34010
34294
34028
34176
34058
34170
34026
34048
34022
34135
34167
34088
34038
34157
34182
34015
34150
34215
34185
34232
34167
34155
34037
34076
34189
34122
34049
34035
34024
34295
33798
34266
36518
33810
34701
36318
34709
34695
34171
34748
34062
32842
34211
34108
34159
34096
34048
34090
34028
34039
34066
32799
34055
34175
34036
34117
34170
34388
34121
34212
34179
34128
34003
34106
34032
34016
34175
34213
33975
34052
34159
34078
34180
34051
34136
34038
34042
34076
34055
34218
34064
34163
34036
34471
34439
34947
37265
34305
34948
37158
34818
34731
32734
34807
34171
32885
34060
34165
34046
34088
34153
34076
34048
34178
34179
34162
33991
34068
34146
35576
35515
35513
35639
35587
35562
35515
35543
35540
35459
35549
35538
35562
35801
35556
35523
35547
35756
35576
35909
35521
35603
35521
35558
35659
35528
35497
35652
35524
35210
35585
36453
33797
36179
36440
34696
34795
34101
34805
34086
34153
34187
34202
34080
34200
34156
34075
34195
34198
34176
34190
34153
34086
34161
34018
34160
34189
34168
34034
34156
33990
34030
34043
34173
34081
34198
34196
34175
34031
34109
34213
34048
34060
34090
34193
34198
34069
34146
34185
34077
34180
34001
34178
33723
33759
36253
33705
34659
35177
34767
34032
34046
34093
34146
34176
34192
34189
34090
34056
34174
34197
34210
34075
34217
34179
34049
34202
34094
34180
34026
34092
34049
34187
34092
34078
34069
34162
33986
34177
34136
34049
34075
33771
34089
37087
34055
32847
34163
34709
34049
34013
34043
34178
33957
34064
34031
34077
35225
35550
36468
35581
35979
35575
36022
35767
34099
35580
34097
34088
34074
34111
34068
34247
34098
34100
34228
34189
34017
34059
34039
34070
34081
34162
34002
34062
34021
34183
34039
34115
34147
34138
34152
34101
34183
34049
34035
33800
34158
36389
34002
34636
34215
34728
34029
32832
34174
34176
34001
34061
34180
34151
33854
34141
36338
34051
34666
34090
34598
34176
32738
34127
34067
34058
34175
33992
34046
34209
34171
34099
34010
34070
34177
34073
34146
34231
34234
34247
34041
34191
34176
34847
34053
34173
34100
34188
34048
34333
34075
34203
34048
33781
34131
37681
34923
35020
34884
35173
34283
32893
34090
32807
34103
34035
34186
34076
33815
34126
36833
34191
34806
34075
34748
34042
32736
34187
34154
34175
34263
34178
34177
34195
34172
34037
34040
34190
34204
34088
34048
34089
34158
34202
34081
34165
34099
34157
35543
35565
35521
35568
35536
35543
34227
34127
34095
33847
34078
36550
34082
34824
34054
34764
34387
34199
34223
34204
34078
34185
34189
34120
33783
34007
36349
34116
34658
34190
34654
34197
32746
34210
34075
34024
34063
34076
34056
34077
34189
34134
34161
34106
34192
34169
34030
34057
34072
34180
34047
34206
34192
34107
33974
34207
34036
34035
34046
34118
34018
33787
34249
32613
34141
35063
34064
32839
34205
34080
34085
34028
34042
34185
34008
34164
34062
34144
33771
34171
36335
34104
34686
34093
34735
34043
32857
34094
34035
34069
34132
34128
34191
33985
34050
34187
34059
34128
34113
33797
34077
37168
34195
32771
34062
34775
34062
32892
34098
34089
34179
34208
34060
34171
34061
34076
34043
34160
34053
34044
34044
34125
34145
34151
34047
34004
34056
34191
34052
34186
34181
34087
33837
34206
36559
34218
34792
34169
34814
35545
34102
35534
34030
35629
34180
34312
34029
34122
34262
34140
34032
34075
34065
33791
34155
36353
34029
34852
34200
34769
34106
34222
34051
34082
34088
34125
34185
34138
33872
34090
34061
34176
34173
34205
34015
34235
34390
34227
34076
34236
34174
34094
34191
34176
34292
34235
33760
34191
36356
34170
34652
34160
35586
34201
34025
34095
34119
34004
34056
34186
33961
34099
34191
34182
33968
34178
34157
33817
34102
36574
34224
34811
34054
34710
34096
34133
34084
34071
34201
34026
34192
34159
34161
34169
34177
34165
33993
34160
34001
34258
34084
34218
34004
34170
34170
34016
34084
34209
34012
34131
33712
34219
36500
34284
34659
34131
34733
34176
32760
34153
33992
34012
34035
34195
34036
34026
34045
34171
34033
33794
34071
33698
34040
35072
34071
32813
34005
34062
34051
34194
33982
34100
34119
34223
34140
34154
34172
34079
34009
34052
34054
34058
34042
34174
34067
34185
34008
34190
34195
34300
34172
34177
34208
35074
34447
34807
37243
33878
35001
37188
35000
32798
32773
34821
34034
32743
34038
34094
34140
33992
34029
34156
34005
34254
34195
34091
34021
34041
34059
34066
34040
34097
34188
34217
34061
34176
34051
34084
34027
34179
34021
34200
34203
34037
34030
34019
33999
34024
34019
34161
34033
34157
34038
34087
34037
34477
34029
34082
33769
34067
36334
33766
34814
36366
34661
35997
32723
34733
33963
32818
34183
34174
34040
34052
34162
34071
34010
34027
34077
34146
33985
34121
34115
34180
33973
34200
34063
34079
34021
34056
34038
34166
34020
34268
34138
34189
33989
33985
34161
34090
33981
34033
34013
34145
34034
34168
34167
34177
34197
34103
34222
34124
33750
34273
36382
33780
34662
36530
34722
34761
32868
34805
33995
32725
34143
34257
34311
34133
34151
34098
34216
34175
34239
34197
34133
34242
34146
34154
34129
34178
34174
34086
34000
34160
34190
34181
34203
34050
34027
34166
34145
34078
34026
34086
34019
34020
34025
34097
34001
33988
34157
34104
34021
34209
34184
34219
33759
33804
36276
33688
34580
35145
34732
34084
32726
34159
34070
34089
34058
34228
34035
34171
34147
34224
34042
34088
34183
34082
34026
34134
34054
34073
34079
34064
34018
34159
33991
34017
34181
34224
34010
34053
34007
34192
34102
33783
34020
37421
34076
32758
34194
34734
34071
32831
34176
34024
33986
34066
34177
34252
33827
34114
36340
34073
34748
34099
34609
34206
34150
34110
34038
34179
34053
34116
34043
33992
34033
34169
34040
34164
34174
34109
33975
34160
34039
34171
34164
34179
34049
34203
34051
34064
34033
34100
34029
34068
34063
34151
34025
33796
34209
36379
34177
34829
34107
34879
34174
34056
34028
34183
34191
34168
34080
34179
33812
34293
36537
34171
34556
34193
34671
34188
32760
34078
34035
34063
34009
34175
34164
34180
34041
34188
34072
34064
34165
34071
34014
34075
34160
34200
34183
34179
34178
34096
34147
34024
34014
34045
34017
34068
34069
34175
34152
33790
34077
36407
34081
34674
34039
34852
34075
32771
34171
34177
34015
34014
34024
34052
33765
34156
36316
34122
34686
34084
34709
34184
32721
34078
34119
34182
34055
34158
34039
34053
34149
34193
34048
34188
34060
34163
34038
34141
33988
34186
34140
34054
34020
34174
34055
34390
34182
46605
34054
42367
34058
36887
35616
35334
35651
36566
34144
35575
35556
34240
34124
34195
34057
34098
34197
34036
34179
34079
33758
34187
36342
34076
34639
34186
34718
34170
34204
34143
34041
34101
34187
34267
34038
34036
32819
34204
34048
34153
34055
33794
34078
35907
34145
32799
34090
34779
34115
32776
34146
34137
34212
34183
34021
34213
34186
34199
34007
34223
34208
34203
34077
34162
34094
34099
34053
34198
34146
34257
34165
34240
34144
34043
33746
34043
36335
34082
35308
34191
35307
34110
32805
34215
34066
34160
34078
34179
34024
34064
34106
34086
34072
34045
34049
33778
34195
36405
34172
34778
34024
34711
34037
32875
34174
34046
34109
33983
34041
34207
34160
34221
34063
35061
34111
34869
34125
34186
34127
32888
34188
34062
34179
34099
34043
34103
34177
34174
33773
34200
37055
34946
34593
34159
34727
34045
34123
34252
34076
34184
34036
34154
34012
34148
34186
34154
34055
34042
34080
33795
34057
36931
34055
34660
34189
34758
34092
34171
34169
34174
34084
34182
34131
34172
34193
34083
34029
34096
34039
34066
34042
34122
34017
34209
34049
34045
34168
34321
34043
35644
35683
35563
35228
35575
36397
35583
34800
35558
34773
34135
34144
34104
34072
34184
34047
34120
34168
34149
34136
34077
33999
34189
34189
33812
34037
36379
34178
34684
33984
34792
34054
32832
34062
34044
34164
34167
34035
34177
34056
34176
34039
34173
34005
34189
34138
34191
34024
34156
34163
34099
34198
34027
33998
34195
34168
34072
33754
34210
36327
34177
34691
34057
34682
34060
32725
34182
34046
34156
34069
34189
34036
34145
34090
34160
34020
33777
34086
33689
34092
35169
34162
34113
34693
34063
34176
34899
34017
34852
34065
34208
34024
33973
34023
34190
34027
34181
34176
34207
34150
34215
34104
34104
34179
34182
34065
32773
34078
34087
34037
34020
33749
34221
36353
33914
34679
37211
34728
34170
32728
34832
34017
32736
34142
34212
33966
34193
34061
34077
34042
34059
34039
34047
34014
34029
34052
34079
34059
34028
34061
34160
33994
34040
34170
34202
34016
34057
34052
34090
34033
34045
33990
34180
33998
34107
34228
34174
34039
34170
34164
34108
34037
32738
34112
34187
33741
34206
35291
33862
34693
36395
34747
34757
33054
34811
34193
32849
34269
34026
34038
34206
34096
34219
34186
34019
34026
34193
34019
34045
34022
34052
34038
33981
33993
34047
34040
34136
34051
34043
34141
34019
34168
34193
34082
34011
34177
34193
34068
34143
34023
34142
34149
34089
34071
34173
34202
34087
34203
34083
33760
34064
36544
33800
34681
36497
34724
34524
32870
34863
34150
32868
34175
34190
34036
34020
33992
34188
34047
34091
34033
34202
34036
33975
34009
34078
34027
32891
34086
34067
34032
34038
34168
34117
34194
34033
34051
34044
33982
34018
34046
34053
34092
33989
34184
34025
34034
34159
34202
34111
34018
34013
34077
34060
33750
33769
36447
33731
34753
35257
34748
34005
32715
34076
34163
34023
34087
35078
34056
34786
34179
34181
34042
34087
34192
34189
34053
34008
34209
34182
34030
34072
34083
34050
33991
34161
34185
34067
34036
34125
34060
34112
34180
33739
34068
37252
33994
32875
34083
34730
34025
32799
34101
34267
34078
34056
34190
34165
33800
32735
35452
34159
34629
34059
34720
34021
32744
34108
33996
34079
34079
34005
34022
34032
34053
34038
34037
34090
34101
34090
34027
34267
34064
34159
34051
34018
33991
34004
33991
34028
34029
34005
34045
34026
34074
34039
34024
33776
34196
36354
34196
34781
34090
34691
34179
32699
34128
34045
34026
34080
34127
34055
33751
34041
36350
34069
34689
34020
34745
34148
32777
34041
32794
34265
34067
34013
34015
34056
34056
34015
32861
34098
34169
34057
34032
34040
34040
34094
33996
34107
34063
34027
34051
34059
34070
34019
33952
34196
34044
35655
35636
35234
35571
36506
35600
34711
35579
34845
34092
34175
35519
34186
34098
34197
34110
34019
33840
34031
36361
34099
34762
34021
34650
34068
32762
34169
34171
34022
34292
34163
34030
34034
34021
34035
34160
34047
33991
34070
34050
34067
33989
34154
34073
33971
34049
34039
34050
34412
34186
34012
34943
34178
34793
34176
34069
33783
34273
36364
34170
34692
34076
34749
34081
32684
34147
34035
34028
33984
34184
34071
33764
34168
35896
34084
34647
34098
34709
34176
32719
34051
34067
34145
34228
34015
34146
34038
34059
34036
34025
34035
34029
33995
34000
34094
34176
34019
34049
34084
34153
34142
34019
34155
34060
34047
34020
34201
34021
33749
34040
33692
34036
35101
34278
32879
34206
34179
34252
34829
34162
34035
34047
34120
34034
34042
33790
34792
36351
34834
34655
34087
34667
34082
34060
34037
34050
34069
34030
34006
34185
34060
34122
34033
34057
34022
34054
33705
34058
37200
34467
32909
34106
34784
34155
32722
34084
34154
33970
34032
34034
34032
34044
34027
34058
34197
34007
34004
34025
34111
34256
34172
34072
34056
34177
34050
33991
34054
34107
34028
33771
34073
36411
34041
34791
34025
34688
34024
32892
34086
34033
34011
34162
34045
34063
34025
34179
34045
34102
33993
34193
33791
34194
36545
34085
34648
34119
35323
34076
32776
34015
34119
34154
34031
34209
34070
34061
34009
34175
34049
34046
34000
34088
34073
34187
33989
34160
34050
34065
34065
34178
34015
34024
34023
33697
34209
36520
34013
34577
34022
34682
34025
32873
34095
34028
33990
34046
34177
34194
34133
34161
34205
34174
34195
34148
33786
34224
36414
34155
34799
34180
34605
33988
32766
34024
34150
34050
34036
34280
34178
34192
34027
34153
34063
34161
34014
33994
34029
34095
34040
34014
34019
34128
33991
34065
34115
34179
34036
33732
34090
36487
34029
34583
34078
34732
34210
34046
33989
34015
34025
34136
34014
34026
34003
34057
34047
34015
34050
34165
33778
34083
36361
34183
34840
34105
34779
34183
33986
34072
34071
34246
34067
34024
34060
34125
33996
34154
34037
33977
34003
34030
34030
34018
34019
34047
34225
34037
34041
34124
34064
34061
34203
33713
34056
36497
33980
34658
34056
34616
34010
32857
34210
34158
34017
34059
34069
34303
33981
34093
34003
34177
33757
34164
33692
34044
35111
34188
34041
34051
34029
34164
34020
34032
34055
34173
34016
34012
34030
33971
34032
34165
34049
34052
34041
34017
34126
34218
34071
34004
34043
34026
34014
34148
34024
34199
34005
34195
34280
36478
33768
34693
37188
34612
34015
34035
34966
34178
32858
34219
34199
34077
32844
34054
34060
34050
34043
34034
34022
34052
33983
34152
34005
34182
33957
34038
34151
34040
34021
34093
34204
34050
33959
34110
34297
34007
34171
34265
34169
34057
34047
34164
34036
34086
34057
34221
34087
34002
34028
34037
34179
33778
34065
36358
33701
34677
36286
34751
36040
32852
34757
34101
32858
34152
34833
34113
33399
34099
34112
34165
34224
34003
34168
34033
34075
34155
34192
34060
34060
34157
34056
34059
34056
34158
34027
34020
34094
34039
34150
33976
34131
34014
34036
34083
34052
34204
34092
34011
34011
34061
34168
34166
34065
34053
34172
33750
34056
36510
33778
34717
36876
34624
34772
32818
34655
34084
32878
34122
34031
34218
34178
34088
34060
34017
34064
34018
34205
34136
34026
34187
34207
34044
34026
34038
34148
34118
34027
34194
34065
34025
34049
34057
34203
34028
34079
34175
34195
34026
34049
34074
34210
34042
34190
34067
34092
34101
34179
34167
35713
35248
35248
36430
33866
36080
36489
34798
34142
34089
34241
34035
34089
34103
34062
34086
34113
33980
34143
34175
34078
34074
34275
34158
34201
34067
34098
34203
34049
34066
34036
34207
34128
34121
34212
34030
34036
33995
34182
34162
33798
34057
37227
34022
34056
34142
34872
33993
34080
34051
34168
33980
34093
34074
34188
33763
34093
36503
34184
34586
34263
34661
34206
32745
34086
34020
34068
33996
34036
34016
34213
34046
34216
33954
34078
32770
34221
34031
34189
34146
34177
34370
34105
34026
34072
34028
34124
34036
34127
34138
34124
34065
34198
34039
33842
34088
36404
34007
34617
34028
34700
34017
32827
34138
34031
34042
34189
34016
34070
33787
34097
36506
34211
34578
34161
34634
34105
32754
34238
34054
34205
34210
34191
34042
34171
34027
34065
34058
34191
34022
34290
34021
34226
34154
34181
34040
34068
33964
34083
34049
34051
33963
34194
34011
34089
34038
34061
34005
33801
34034
35491
33995
34690
34164
34784
34057
32878
34051
34088
34168
34011
34015
33985
33736
34078
36517
34182
34637
34034
34653
34087
32703
34158
34007
34194
34046
34059
34022
34158
34061
34094
34038
34030
34026
34182
34019
34111
32840
34111
34160
34203
34022
34070
34033
34164
34037
34077
34035
34160
34032
34200
34015
33806
34092
36559
34006
34673
34155
34737
34189
32751
34106
34078
34052
34011
34043
34190
33752
34055
36521
34173
34624
34128
34649
34186
32885
34141
34127
34323
34162
34120
34040
34062
34772
34107
34817
34170
34132
34058
34063
34121
34051
34134
34194
34203
34062
34192
33996
34073
34166
34194
34006
34092
34049
33790
34016
33681
34041
35163
34042
34193
34029
34081
34062
34084
34184
34022
34003
34152
34059
34081
33762
34089
37064
34068
34616
34192
34711
34083
32749
34085
34056
34101
34070
34161
34027
33994
34189
34090
34158
34199
34012
33755
34078
37130
34058
32873
34063
34735
34109
32743
34074
34072
34153
34177
34027
34187
34036
34133
34169
34047
34147
34172
34034
34115
34177
34068
34020
34089
33998
34190
34162
34162
34020
34078
33677
34226
36345
34338
34658
34189
34757
34212
32773
34154
34055
34050
34018
34175
34015
34164
34189
34103
34002
34994
34179
34390
34094
45595
34094
42559
34176
37607
34099
35664
35498
34206
34089
34198
34159
34124
34227
34150
34102
34132
34110
34053
34005
34224
34051
34084
34179
34242
34143
34205
34060
34077
34194
34088
33732
34213
36327
34133
34586
34191
34701
34025
32729
34080
34004
34023
34036
34082
34020
34191
34054
34165
33996
34041
34053
33737
34180
36398
34163
34695
33969
34716
34090
32936
34043
34160
34037
34211
34064
34082
34056
34008
34005
34171
34010
34173
34191
34192
33992
34093
34028
34212
34046
34088
34011
34177
34035
34184
33770
34100
36360
34193
34591
34199
34567
34104
32830
34098
34146
34175
34089
34053
34000
34010
34160
34198
34161
34162
34036
33795
34060
36392
34035
34671
34012
34657
34136
32888
34192
34186
34092
34073
34023
34057
34028
34145
34003
34150
34181
34082
34021
34175
34029
34231
34159
34161
34090
34202
34037
34115
34126
34012
33714
34113
36389
34070
34655
34178
34783
34085
32785
34112
34058
34181
34159
34135
34033
34055
34071
34197
34073
33786
34152
33728
34054
35123
34101
34211
34085
34082
34084
34178
33997
34198
34109
34088
34210
34137
34043
34190
34169
34117
34070
34189
34067
34086
34072
34061
34013
34213
34074
34081
34071
34194
34041
34160
33839
34222
36574
33808
34648
37173
34802
34149
34114
36091
34080
34137
34114
34133
34172
34915
34091
34757
34076
34119
34068
34206
34057
34075
34171
34070
34082
34016
34167
34091
34019
34148
34190
34074
34196
34029
34177
34121
34030
34049
34171
34100
34017
34033
34049
34063
34032
34081
34174
34045
34027
34168
34160
34064
33779
34045
36518
33832
34708
36987
34762
34709
32878
34803
34035
32835
34155
34040
34044
33969
34027
33995
34036
34015
34054
34052
34072
34041
34142
34308
34054
34077
34091
34081
34042
34156
34187
33999
34040
34068
34185
34219
34065
34052
34181
34199
34350
34018
34182
34036
34086
34028
34028
34038
34017
34020
33955
34127
33801
34175
36362
33744
34853
36398
34652
34734
34198
34655
34032
32840
34012
34164
34003
34011
34041
34197
33963
34026
34038
34000
34087
34057
34057
34008
34041
33973
34058
34181
34206
34035
34166
34046
34038
33994
34054
34027
34198
34019
34051
34052
34021
34065
34065
34030
34169
34025
34059
34035
33990
34034
34181
34190
33671
34046
36330
33922
34631
36361
34680
34873
32724
34779
34040
32668
34122
34186
34013
34103
34087
34161
32807
34175
34183
34194
33972
34023
33987
34152
33932
34014
34066
34054
33978
33995
34096
34047
34017
34033
34182
34072
34019
34013
34064
34061
34027
34065
34046
34083
34032
34042
34203
34191
34049
34033
34169
34187
33738
33754
36441
33761
34691
35055
34686
32780
32760
34201
34035
34070
34054
34106
34012
34022
34000
34084
34009
34024
34088
34060
34041
34064
34139
34067
34019
34063
34040
34129
34177
34056
34036
34208
34037
34085
34055
34056
33984
33755
34045
37157
34053
32722
34167
34804
34144
32783
34202
34132
33945
34011
34044
34198
33764
34159
36348
34158
34725
34185
34761
34280
32873
34128
34021
34181
34162
33990
34031
34075
33978
34154
33979
34068
34055
34094
34016
34057
34027
34047
33964
34209
34178
34062
34035
34062
34033
34066
33989
34119
34059
34165
34034
33755
34037
36537
34035
34587
34015
34762
34088
32916
34116
34214
33970
34189
33973
34163
33716
34063
36539
34212
34665
34043
34694
34345
32722
34169
34063
34040
34154
34212
34188
34174
34000
34182
33990
34172
34187
34170
34007
34209
34027
34081
34143
34055
34042
34055
34016
34077
34041
34119
34165
34188
34035
34211
34182
33784
34026
36368
33967
34834
34074
34681
34015
32735
34102
34091
34013
34060
34057
34188
33718
34048
36511
34189
34719
34099
34648
34043
32716
34130
34166
34234
34063
34059
34107
34084
34171
34165
34008
34201
34022
34114
33982
34034
34026
34078
33987
34188
34050
34203
34004
34199
34024
34160
34065
34064
34024
34135
34008
33821
34077
36423
33946
34764
34178
34677
34033
32838
34218
34072
34038
34056
34046
34177
33792
36371
36539
35568
36098
35577
34758
35533
34111
35652
34124
34143
34139
34115
34034
34072
34211
34069
34023
34054
34093
34101
34134
34171
34138
34084
34086
34078
34008
34190
34002
34064
34042
34176
33981
34158
34058
33796
34021
33696
34028
35060
33989
32901
34111
34056
34047
34181
34183
34151
34190
34038
34082
34057
33755
34087
36486
34188
34631
34102
34695
34035
32736
34086
34000
34200
34050
34037
34030
34033
34025
34131
34004
34114
34008
33781
34044
36098
34029
34028
34056
34796
34059
32755
33998
33957
34021
34060
34015
34183
34044
34150
34038
34159
34245
34250
34011
34192
34035
34171
34026
34104
34046
34008
33957
34065
34046
34186
33745
34233
36466
34107
34688
34168
34645
34201
32784
34178
34032
34023
34021
34157
34044
34040
34050
34199
34137
34029
34029
33749
34012
36317
34068
34828
34031
34707
34216
32835
34016
34086
35509
34139
35616
34098
34188
34230
34074
34076
34054
34098
34008
34177
34080
34189
34016
34023
34102
34106
34136
34015
34141
34008
33766
34196
36561
34072
34669
34169
34694
34104
32733
34137
34025
34193
34041
34092
33992
34084
34170
34040
34038
33985
34048
33772
32883
36425
34020
34631
33970
34834
34183
32885
34170
34047
34020
34203
34012
34067
34033
34053
34034
34071
34043
34172
34009
33989
34216
34166
34220
34100
34023
34178
34036
34149
34174
34072
33745
34084
36378
34093
34694
34198
35605
34193
33511
34089
32776
34042
32709
34103
34174
34050
34010
34178
34023
34194
34206
33778
34062
36393
34086
34819
33977
34735
34067
32766
34023
34054
34112
34059
34045
34056
34175
34188
34000
34064
34055
34184
34047
34204
34041
34011
34101
34169
34172
34051
34025
34170
33982
34123
33774
34223
37062
34075
34546
34182
34692
34073
34057
35580
34107
35583
34186
34125
34169
34190
34226
34090
34174
33848
34282
33654
34088
35268
34165
34174
34011
34191
34029
34174
34005
34022
34036
34159
34093
34078
34088
34113
34043
34177
34172
34190
34046
34070
34019
34031
34061
34146
34108
34091
34050
34767
33988
34884
33747
34196
36359
33782
34778
37240
34633
32811
32874
34815
34209
32768
34130
34197
34127
34012
34082
34168
34065
34046
34105
34107
34106
34055
34224
34114
34093
34184
34062
34192
34200
34169
34084
34241
34049
34107
34324
34050
34262
34050
34098
34222
34107
34101
34190
34179
34080
34040
34194
34210
34190
34038
34102
34104
33798
34194
36537
33834
34722
36374
34706
34809
34250
34783
34210
32737
34208
34046
34227
34034
34118
34045
34020
34038
34185
34189
34094
34021
34163
34036
34132
34131
34166
34171
34160
34256
34111
34131
33989
34129
34214
34244
34070
35516
35657
35478
35584
35576
35579
35648
34267
35540
34152
34037
34225
34109
34121
34098
33803
34183
36481
33759
34673
36415
34706
36136
34181
34738
34086
34047
34132
34193
34084
34043
34065
34056
34168
33989
34073
34076
34059
34021
34074
34071
34151
34080
34214
34199
34030
34061
34088
34066
34053
34041
34058
34187
34088
34070
34193
34178
34074
34091
34129
34183
34029
34023
34157
34207
34217
34167
34238
34126
33814
33837
36540
33714
34651
35220
34829
34173
34088
34182
34044
34190
34097
34218
34134
34092
34106
34146
34033
34036
34179
34139
34739
34152
34077
34189
34226
34095
34207
34116
33989
34165
34098
34180
34184
34082
34068
34069
34202
33842
34128
37401
34102
32845
34159
34782
34036
32746
34063
34185
34071
34229
34194
34211
33767
34091
36539
34195
34708
34021
34637
34066
32803
34086
34020
34189
34066
34070
33999
34193
34156
34025
34045
34205
34191
34187
34026
34134
34166
34134
34040
34033
34053
34063
34245
34044
34184
34090
34071
34023
34177
34186
34176
33785
34073
36372
34022
34819
34171
34755
34031
32849
34067
34077
34045
34182
34115
34080
33778
34031
36518
34080
34591
34220
34730
34175
34200
34025
33998
34167
34072
34148
33976
34064
34061
34173
34020
34055
34054
34181
34005
34097
34180
34068
34035
34220
34185
34183
34029
34171
34120
34207
34180
34198
34179
34020
34022
33781
34106
36378
34019
34778
34092
34719
34160
32872
34083
34072
34010
34154
34046
34180
33809
34085
36558
34202
34638
34170
34673
34199
32748
34070
34064
34200
33987
34079
34006
34042
33975
34063
34034
34192
34158
34070
34064
34158
34166
34169
34030
34024
34152
34170
34081
34141
34022
34035
34115
34201
34200
34072
34004
33815
34186
36581
34042
34850
34133
34747
34069
34179
34166
34104
34193
34051
34099
34177
33720
34046
36339
34179
34653
34180
34740
34105
32805
34094
33996
34085
34075
34208
34037
34134
34095
34170
34008
34030
34028
34064
34115
34084
34180
34060
33964
34182
34183
34207
34054
34078
34211
34278
33974
34177
34157
33797
34177
33724
34056
35219
34049
34185
34187
34175
34075
34061
34090
34024
34029
34185
34200
34056
33759
34071
36503
34118
34741
34232
34716
34011
32744
34225
34087
34093
34072
34232
34010
34068
34066
34073
34039
33966
34053
33803
34011
37180
34747
32758
34097
34775
34076
32874
34067
34168
34104
34046
34005
34067
34060
34086
34086
34162
34052
34008
34044
34180
34075
34028
34001
34136
34063
34092
34157
34188
34148
34069
33776
34086
36528
34067
34760
34050
34680
34004
32741
34076
34033
34027
34101
34088
34044
34073
34179
34074
34028
34042
34067
33780
34071
36352
35676
36158
35632
36167
35690
34110
35613
34105
34105
34101
34041
34062
34147
34069
34074
34189
34107
34126
34016
34072
34039
34019
34045
34155
34166
34074
34049
34199
34177
34094
33783
34141
36516
34192
34793
34083
34665
34064
32888
34199
34023
34047
34039
34085
34029
34192
34218
34072
34020
34202
34161
33788
34069
36430
34174
34685
34044
34750
34105
32855
34097
34077
34043
34116
34036
34050
34077
34192
34021
34076
34072
34071
34034
34207
34191
34092
34160
34074
34046
34053
34033
34182
34145
34031
33768
34170
36330
34343
34674
34089
34694
34158
33975
34052
34178
34188
34079
34184
32853
34104
34057
34209
34044
33764
34080
33689
34043
35144
34033
34214
34028
34162
34023
34257
34369
34060
34218
34093
34109
34177
34055
34047
34040
34132
34103
34073
34035
34070
34172
34213
34110
34050
33995
33989
34097
34118
34033
34067
35179
35528
37095
35253
36329
37497
36063
34085
34098
34991
34089
34178
34109
34174
34159
34163
34858
34181
34218
34126
34103
34045
34074
34044
34057
34069
34169
34073
34187
34074
34234
34082
34168
34015
34125
34067
34197
34077
34088
34194
34200
34212
34182
34101
34107
34163
34203
34103
34183
34177
34183
34112
34198
34057
33758
34065
36505
33781
34715
36532
34724
34835
34117
34770
34059
34081
34199
34086
34037
34062
34048
34037
34212
34080
34205
34065
34006
34070
34049
34086
34156
34074
34064
34175
34023
34146
34044
34181
34043
34072
34183
34082
34117
34051
34031
34050
34045
34055
34168
34141
34130
34091
34196
34115
34046
34190
34154
34195
33801
34122
36524
33785
34765
36389
34735
34805
34101
34783
34104
32914
34077
34216
34157
34080
34158
34187
34136
34067
34010
34039
34041
34225
34042
34170
34044
34181
34072
34218
34054
34200
34052
34186
34170
34024
34038
34157
34110
34033
34008
34161
34045
34065
34097
34154
33987
34013
34132
34056
34041
34082
34173
34021
33756
34230
36432
33783
34642
36467
34714
36031
32766
34974
34037
32731
34191
34107
34079
34129
34004
34047
34001
34182
34178
34074
33991
34018
34068
34090
34033
34176
34089
34166
33986
34043
34022
34176
34117
34195
34104
34116
34100
34066
34093
33981
34054
34062
34144
34169
34102
34035
34036
34181
34287
34221
34035
34181
33792
33776
36265
33827
34619
35044
34690
32834
32764
34196
34165
34179
34139
34077
34227
34068
34100
34182
34205
34007
34095
34176
34064
34095
34195
34180
34099
34191
34112
34200
33995
34024
34180
34178
34023
34033
34106
34116
34138
33818
34273
37128
34218
32872
34142
34876
34063
34207
34190
34066
34229
34028
34169
34176
33788
34073
36368
34200
34702
34067
34697
34192
32805
34082
34037
34163
34164
34068
34256
34194
34217
34178
34230
34055
34062
34024
34087
34180
34060
34182
34148
34145
34189
34182
34035
34016
34183
34173
34199
34091
34192
34865
34102
34317
34322
35971
34399
34968
34168
34742
34128
32890
34243
34217
34053
34061
34172
34177
33822
34138
36392
34097
34707
34178
34748
34050
32775
34071
34050
34167
34073
34188
34196
34030
34252
34209
34087
34130
34198
34038
34054
34205
34193
34204
34062
34180
34157
34084
34042
34159
34207
34146
34242
34103
34112
34178
34175
33797
34076
36396
34131
34746
34135
34755
34130
32937
34107
34172
34056
34174
34097
34185
33782
34065
36571
34186
34713
34129
34676
34175
32886
34204
34153
34200
34225
34208
34051
34201
34175
33974
34134
34100
34218
34056
34010
34157
34136
34188
34063
34073
34214
34168
34083
34019
34059
34168
34083
34088
34151
34182
35562
35273
35619
36744
35561
36165
35550
34779
35680
34131
35716
34096
34238
34206
34105
34095
33844
34103
36456
34573
34668
34266
34761
34155
32834
34087
34015
34150
34195
34110
34093
34053
34064
34162
34079
34085
34073
34206
34165
34023
34090
34202
34065
34061
34066
34166
34087
34096
34081
34041
34054
34181
34183
33802
34069
33636
34090
35056
34026
32725
34220
34177
34090
34140
34061
34152
34109
34066
34225
34069
33795
34188
36573
34081
34659
34185
34743
34264
32814
34192
34818
34103
34927
34169
34316
34078
34177
34191
34084
34148
34126
33845
34253
37118
34159
32748
34218
34786
34170
32857
34189
34222
34301
34211
34078
34184
34098
34078
34072
34065
34094
34188
34079
34094
34213
34148
34021
34087
34125
34100
34089
34188
34221
34051
33902
34222
37022
34189
34654
34151
34777
34297
32899
34302
34179
34059
34236
34090
34080
34068
34098
34087
34078
34025
34110
33746
34054
36375
34089
34733
34067
34751
34138
32819
34064
34183
34023
34192
34052
34191
34082
34039
34068
34189
34205
34219
34065
34064
34162
34241
34113
34077
34215
34072
34078
34087
34207
34248
33790
34055
36669
34203
34624
34196
34838
34181
32860
34102
34059
34052
34199
34136
34091
34001
34095
34207
34046
34069
34094
33745
34081
36357
34057
34841
34083
34744
34208
32806
34131
34075
34164
34196
34113
34037
34269
34163
34186
34251
34019
34042
34167
34191
34085
34084
34063
34062
34025
34175
34061
34095
34236
34170
33799
34190
36393
34186
34693
34099
34771
34083
32861
34122
34080
34047
34193
34203
34094
34113
34217
34202
34064
33786
34206
33647
34047
35193
34250
33012
34061
34052
34231
34200
34031
34084
34102
34215
34050
34027
34189
34126
34057
34182
34209
34176
34111
34184
34070
34069
34214
34200
34228
34191
34203
34079
34120
34212
33821
34206
36586
33800
34746
37109
35172
34159
34187
34827
34065
34038
34033
34100
34113
34188
34194
34016
34196
34131
34061
34054
34163
34067
34100
33974
34072
34192
34199
34089
34103
34178
34211
34067
34087
34103
34190
34186
34193
34192
34054
34042
34123
34168
34224
34056
34213
34040
34049
34014
34178
34043
34077
34185
33801
34170
36543
33915
34678
36335
34795
34704
34090
34745
34199
32718
34217
34088
34206
34163
34196
34051
34119
34038
34083
34201
34231
34023
34073
34180
34372
34034
34335
34161
34186
34107
34163
34177
34176
34137
34091
34029
34145
34168
34203
34066
34046
34094
34172
34192
34191
34185
34052
34100
34066
34018
34025
34197
33765
34040
36326
33893
34658
36455
34678
34819
32769
34718
34029
32871
34115
33989
34031
34062
34141
34248
34060
34072
34153
34056
34053
35548
35674
35527
35616
35523
35558
35541
35580
35546
35551
35542
35527
35538
35628
35563
35552
35551
34080
35502
34195
34141
34220
34085
34202
34142
34170
34082
34225
34145
34171
34198
33780
34081
36472
33804
34684
36585
34735
34730
34041
34736
34160
32858
34161
34056
34178
34069
34139
34049
34117
34072
34203
34050
34162
34184
34016
34060
34138
34026
34163
34081
34178
34214
34229
34067
34180
34066
34081
34197
34041
34108
34196
34159
34186
34031
34114
34198
34152
34193
34185
34204
34040
34032
34189
34033
33724
33755
36266
33718
34644
36399
34679
34163
34210
34185
34011
34129
34087
34198
33990
34065
34036
34173
34178
34169
34147
34163
34156
34068
34060
34056
34053
34008
33979
34160
34020
34062
34048
34056
34016
33959
34075
34198
33997
33803
34129
37219
34048
34221
34026
34868
34142
32771
34062
34162
34035
34199
34039
34153
35222
34108
37867
34254
34649
34057
34693
34199
32742
34109
34020
34193
34079
34130
34068
34046
34023
34153
34054
34180
34118
34113
34009
34693
34104
34194
34033
34073
34047
34163
34124
34098
34180
34051
34047
34221
34155
34104
34038
33812
34045
36418
33996
34660
34035
34673
34030
32732
34067
34109
34000
34204
34203
34033
33686
34218
36354
34134
34688
34151
34642
34187
32698
34263
34158
34102
34016
34135
34028
34069
34064
34115
34041
34154
33978
34094
33962
34112
34059
34103
34002
34067
34054
34181
34029
34153
34150
34021
34005
34015
34043
34255
34154
33808
34050
36584
34000
34633
34013
34772
34180
32725
34183
34227
34166
34189
34068
34191
33786
34124
36366
34201
34752
34141
34716
34108
32727
34217
33980
34050
34072
34215
33993
34118
34144
34144
34040
34157
34046
34189
33997
34267
34033
34071
34020
34205
34022
34182
34028
34200
34049
34184
33997
34211
34028
34064
34004
33789
34065
36421
32960
34677
34072
34703
34037
32766
34053
34137
34023
34042
34005
34090
33756
34240
36360
34114
34682
34070
34721
34205
34168
34221
33994
34177
34024
34149
34184
34072
34053
34075
34030
34201
34070
34195
34035
34164
34005
34204
34075
34161
34041
34183
34030
34166
34186
34186
34022
34075
34013
33794
33981
33663
34005
35057
34053
34076
34042
34024
34029
34065
34096
34063
34060
34166
34069
34021
33782
34242
36640
34146
34664
34178
34641
34123
34086
34035
34071
34019
33991
34187
33977
34173
34096
34176
34039
34060
34054
33720
34181
37146
34006
34184
34041
34847
34146
34124
34298
34201
34063
34095
34023
34198
33990
34184
34042
34128
34168
34174
34007
34261
34084
34185
34010
34177
34048
34111
33993
34048
34002
34185
33762
34072
36548
34161
34755
34235
34744
35548
34142
35534
34047
34272
34130
34099
34040
34180
34041
34130
33998
34048
34082
33795
34198
36355
34091
34636
34060
34686
34072
32905
34082
34303
34126
34061
34024
34038
34016
34170
34008
34187
34191
34141
34027
34148
34060
34057
33987
34078
34037
34189
34029
34178
34209
34071
33731
34098
36526
34094
34626
34200
34732
34221
32731
34130
34025
34189
34084
34176
34019
34184
34062
34125
34008
34057
34058
33807
34072
36584
34001
34650
33991
34840
34021
32869
34000
34192
34079
34174
34032
34212
34167
34098
34045
34066
34053
34172
34042
34065
34065
34075
34011
34092
34174
34250
34029
34161
33996
34169
33766
34162
36522
34175
34639
34106
34687
34195
32861
34169
34036
34203
34146
34046
34013
34069
34201
34159
33991
33992
34072
33835
34071
36417
34071
34706
33979
34711
34099
32877
34032
34058
34088
34104
34026
34034
34166
34210
34017
34168
34136
34202
33996
34176
34015
34052
34049
34161
34061
34283
34125
34235
34077
34171
33692
34229
36549
34169
34564
34139
34757
34068
32729
34080
34001
34084
34038
34171
34029
34071
34169
34093
34028
33789
34062
33677
34053
35096
34046
34073
33997
34042
34211
34161
33948
34158
34018
34158
34036
34011
34000
34168
34036
34200
34164
34176
34005
34190
34214
34163
34018
34175
34189
34155
34046
34275
34702
34169
33762
34097
36354
33829
34706
37305
34687
32879
32703
34906
34001
32869
34142
34118
34007
34050
34016
34190
34003
34060
34056
34075
34042
34032
32834
34158
34000
34181
34067
34064
34035
34054
34030
34253
34016
34188
35561
34092
35612
35594
34074
34202
33998
34084
34122
34135
34165
34072
34273
34000
34035
34160
34193
34046
33723
34086
36544
33809
34781
36518
34657
34719
34115
34706
34031
32735
34106
34191
34049
34003
34041
34029
34053
34081
34176
34038
34175
34145
34196
34067
34093
33991
34176
33982
34139
34036
34170
34071
34042
34075
34232
34088
34160
34123
34017
34164
34163
34988
34079
34801
34194
34110
34126
34169
34160
34029
34071
34205
33704
34072
36506
33822
34689
37144
34660
34768
34167
34702
34215
32742
34216
34120
34069
34032
34067
34184
34026
34043
34169
34124
34065
34083
34209
34182
34011
32786
34185
34032
34187
34045
34027
34139
34032
34030
34167
34080
34003
33999
34019
34006
34012
34026
34014
33991
34005
34180
34020
34045
34000
34032
34247
34192
33733
33766
36323
33734
34611
35255
34750
34190
32773
34084
34161
34047
34037
34157
34011
34252
34063
34199
34016
34184
34151
34189
34065
34163
34104
34067
34027
34149
34049
34216
33996
34189
34035
34177
34016
34192
34177
34150
34034
33750
34207
37144
34189
32884
34031
34829
34123
32843
34155
34062
34031
34048
34069
34188
33755
34093
36542
34256
34652
34207
34738
34235
34202
34201
34046
34179
34036
34206
34061
34005
34027
34210
34072
34123
34178
34036
34032
34040
34190
33989
34181
34038
34041
34171
34089
34050
34183
34191
34018
34061
34197
34087
34179
33784
34181
36399
34193
34820
34085
34798
34093
32856
34131
34197
34038
34082
34014
34179
33728
34093
36537
34313
34642
34204
34659
34185
34186
34203
34147
34074
34068
34053
34016
34040
34018
34258
34049
34225
34020
34184
34001
34188
34094
34089
34164
34068
34048
34069
34032
34256
34114
34078
34050
34036
34035
34174
34058
33777
34041
36390
34056
34682
34071
34764
34096
32859
34088
34069
34161
34059
34025
34215
33743
34066
36514
34194
34730
34110
34642
34201
32943
34246
33993
34045
34167
34087
34170
34119
34049
34156
34062
34097
34173
34194
34051
34165
34169
34095
34008
34048
34024
34132
33942
34175
34160
34185
34049
34214
34006
33796
34141
33717
34075
35140
34040
34124
34073
34000
34047
34188
34175
34123
34026
34037
33999
34045
33760
34207
36533
34066
34594
34092
34787
34172
34172
34067
34022
34066
34033
34157
34012
34154
34050
34152
34041
34027
34103
33820
34107
37406
34181
32862
34220
34827
34190
32762
34100
34076
34112
34168
34030
34117
34078
34187
34054
34162
34154
34107
34027
34554
34029
34103
34019
34184
34054
34300
34043
34083
34168
34072
33773
34227
36552
34036
34644
34119
34633
34102
32767
34119
33988
34061
34188
34191
34161
34075
34198
34184
34169
34173
34036
33755
34066
36437
34185
34686
34026
34818
34181
32878
34075
34175
34157
34133
34023
34223
34109
34089
33977
34187
34115
34095
34072
34130
34214
34197
34101
34097
34095
34110
34206
34141
34225
34034
33763
34234
36592
34091
34763
34082
34604
34084
32856
34199
32963
34239
34175
34214
34038
34172
34083
34061
34028
34034
34176
33806
34174
36400
34163
34824
34183
34732
34194
34066
34031
34025
34038
34169
34048
34165
34060
34083
34081
34030
34178
34064
34063
34135
34056
34199
34036
34023
34055
34159
34132
34197
34091
34223
33819
34223
36563
34179
34647
34126
34748
34241
32787
34054
34185
34059
34148
34235
32901
34256
34176
34196
34158
34084
34070
33796
34084
35531
34159
34670
34184
34727
34163
32834
34135
34185
34171
34187
34047
34180
34150
34191
34062
34089
34077
34072
34169
34069
34046
34196
33988
34091
34184
34036
34034
34027
34161
34177
33738
34207
36403
34319
34645
34079
34725
34200
34056
34193
34143
34063
34168
34195
33988
34246
34037
34091
34006
33769
34061
33817
34029
35065
34156
32845
34113
34053
34069
34204
34164
34191
34182
34186
34044
34188
34167
34067
33969
34156
34149
34100
34061
34143
34074
34087
34002
34071
34058
34196
33947
34152
34040
34183
33828
34057
36334
33859
34722
37235
34734
32778
32731
34794
34173
32885
34110
34094
34999
33010
34880
34235
34142
34240
34077
34052
34059
34107
34183
34190
34165
34188
34209
34234
34191
34234
34180
34203
34181
34078
34069
33988
34183
34162
34162
34042
34236
34203
34075
34084
34169
34165
34049
34182
34191
34136
34203
33978
33669
34045
37073
33759
34607
36417
34757
35305
32874
34792
34182
32726
34074
34200
34011
34168
34055
34120
34173
34100
34128
34214
34065
34149
34081
34170
34012
34080
34192
34126
34062
34208
34037
34051
35550
35692
35477
35542
35562
35605
34252
34060
34073
34076
34253
34112
34220
34213
34014
34239
34007
34080
34035
34051
33765
34047
36340
33821
34711
36664
34735
34808
34393
34765
34090
32728
34045
34223
34145
33990
34043
34204
34035
34055
34014
34072
33935
34034
34019
34149
34168
34053
34034
34185
34032
34069
34160
34071
34021
34166
33997
34194
34035
34056
34141
34133
34033
34039
34161
34107
34030
34007
34034
34158
34017
34169
34173
34167
33740
33769
36525
33714
34634
35125
34740
34082
32764
34018
34003
34050
34200
33981
34085
34038
34068
34033
34081
34055
34072
33929
34101
34021
34166
34150
33954
34050
34075
34047
34009
34039
34015
34044
34044
34151
34073
34158
34155
33794
34166
37144
34043
32726
34156
34725
34060
32722
34212
34030
34186
34089
34091
34180
33739
34074
36531
34020
34761
34159
34666
34011
32734
34179
34245
35470
35681
36088
34114
35624
35531
35542
34207
35618
34230
34124
34075
34095
34159
34106
34091
34212
34115
34106
34167
34088
34036
34064
34013
34047
34024
34029
34250
33783
34121
36381
34051
34791
34047
34738
34094
32898
34246
34154
34179
34068
34090
34055
33785
34052
35312
34055
34680
34163
34723
34196
32750
34045
34055
34035
34238
34007
34073
34011
34032
34034
34048
34055
34175
34102
34120
34051
34160
34194
34089
34165
34055
34062
34020
34043
34009
34032
34182
34064
34181
34069
34149
33759
34144
36404
34183
34783
34090
34685
34159
32866
34091
34038
34229
34039
34191
34049
33828
34128
36529
34203
34623
34048
34625
34034
32772
34069
34059
34024
34188
34192
34082
34045
34202
34071
34051
34025
34129
34140
34025
34028
34010
34023
34175
34204
34043
34025
34200
34182
34043
34031
34048
34011
34048
34078
34181
33752
35557
36541
35560
36178
35601
34827
35539
34105
35449
34121
34089
34069
34131
34072
33817
34073
36587
34179
34832
34203
34772
34032
32906
34061
34164
34206
34067
34068
34036
34019
34122
34082
34037
34051
34125
34061
34051
34091
34081
34104
34052
34027
34036
34001
34248
34211
34056
34093
34069
34161
34078
33832
34180
33672
34088
35039
34173
34046
34148
34090
34196
34031
34184
34004
34054
34093
34055
34059
33767
34069
36545
34200
34629
34057
34779
34032
32755
34006
34054
34049
34054
34077
34189
34023
34053
34041
34079
34132
33997
33773
34044
37150
34158
32691
34068
34723
33945
32675
34091
34055
34072
34188
34065
34170
34177
34236
34183
34041
34058
32770
34060
34040
34083
34130
34105
34013
34161
34198
33996
34031
34090
34040
33791
34060
36539
34014
34609
34194
34603
34020
32899
34186
34055
34052
34051
34176
34218
34051
34237
35519
34129
35561
34211
33822
34173
36634
34709
34675
34160
34682
34134
34069
34085
34007
34172
34085
34195
34051
34091
34189
34109
34019
34038
34053
34210
34166
34134
34077
34091
34045
34319
34046
34124
34164
34072
34035
33808
34052
36535
34053
34659
34067
34712
34053
32854
34049
34257
34040
34106
34156
34072
34026
34253
34037
34212
33968
34230
33810
34142
36372
34278
34732
34154
34758
34112
32757
34101
34025
34043
34194
34113
34128
34366
34065
34030
34178
34228
34054
34182
34028
34229
34038
34076
34021
34032
34060
34142
34062
34077
34059
33824
34103
36415
34048
34626
34177
34733
34208
32739
34052
34249
34102
34102
33960
34187
34185
34099
34042
34060
33782
34146
33677
34269
35113
34122
32706
34271
34036
34213
34151
34231
34020
34071
34040
34101
34028
34107
34172
34206
34033
34214
34236
34232
34073
34214
33983
34212
35478
35581
35508
35564
35670
35588
36090
35273
35519
36679
35273
34813
37253
35427
34081
34159
34822
34125
32856
34168
34016
34102
34054
34198
34053
34065
34187
34180
34054
34221
34103
34105
34043
34201
34051
34195
32772
34044
33988
34082
34046
34068
34027
34093
34188
34066
34121
34076
34201
34251
34071
34083
34037
34188
34165
34125
34183
34079
34039
34052
34013
33797
34128
36388
33808
34818
36554
34732
34747
34078
34751
34159
34080
34226
34191
34073
34106
34141
34063
34181
34165
34060
34038
34097
34196
34076
34062
34191
34059
34190
34058
34184
34157
34007
34058
34193
34178
34282
34063
34232
34029
34210
34143
34070
34187
34729
34151
34068
34194
34011
34180
34064
34140
34212
34166
33808
34178
36407
33912
34809
36525
34771
34661
34200
34691
34201
32803
34185
34053
34068
34200
34080
34078
34075
34052
34083
34047
34102
34070
34187
34044
34048
34038
34160
34091
34212
34061
34052
34049
34099
34045
34104
34125
34064
34156
34222
34175
34216
34169
34218
34189
34085
34059
34207
34081
34186
34206
34075
34146
33780
34047
36394
33791
34673
36386
34748
34655
34143
34810
34178
34121
34056
34107
34094
34008
34055
34140
34069
34231
34189
34052
34093
34063
34209
34074
34182
34034
34080
34191
34102
34074
34048
34046
34105
34056
34254
34176
34093
33990
34062
34180
34095
34050
34114
34164
34194
34072
34209
34178
34138
34187
34209
34175
33806
33786
36515
33708
34857
35127
34768
34367
32912
34036
34246
34146
34224
34174
34207
34063
34071
34144
34160
34287
34094
34066
34083
34030
34159
34221
34174
34105
34063
34183
34110
34075
34200
34254
34086
34210
34048
34162
34250
33769
34252
37147
34202
32856
34090
34775
34182
32818
34155
34176
34193
34066
34226
34188
35311
35594
37907
35551
36002
35560
34844
35568
34162
35565
34212
34109
34132
34153
34101
34153
34147
34104
34166
34153
34189
34098
34183
34296
34217
34129
34198
34249
34093
34032
34212
34202
34053
34167
34210
34176
34109
34059
34085
33789
34223
36549
34229
34818
34180
34736
34087
32871
34121
34145
34086
34089
34223
32915
33828
34069
36542
34267
34730
34200
34775
34093
32862
34182
34057
34145
34211
34048
34215
34080
34192
34205
34180
34163
34177
34146
34304
34039
34092
34054
34088
34025
34231
34032
34216
34192
34108
34057
34216
34191
34076
32770
34187
33788
34201
36646
34212
34822
34153
34681
34154
34179
34099
34172
34367
34072
34285
34197
33798
34055
36384
34176
34729
34180
34762
34053
32875
34216
34101
34027
34086
34065
34082
34188
34080
34163
34194
34184
34173
34198
34084
34147
34161
34077
34161
34011
34108
34185
34222
34060
34105
34028
34061
34047
34213
33780
34309
33702
34090
35170
34076
34859
34236
34739
34089
34298
34206
34198
34118
34182
34216
34083
33768
34131
36555
34198
34799
34193
34827
34072
32910
34014
34206
34186
34093
34173
34184
34193
34126
34190
34048
34189
34186
33826
34100
37214
34102
32678
34406
34732
34114
32871
34231
34201
34087
34201
34235
34203
34068
34067
34191
34085
34215
34193
34223
34118
34175
34070
34166
34187
34217
34081
34173
34169
34088
34182
33789
34211
36609
34048
34600
34171
34759
34175
32897
34029
34144
34197
34054
34185
34112
34080
34257
34182
34188
34139
34204
33793
34233
36392
34204
34769
34243
34759
34183
32747
34122
34182
34219
34189
34104
34041
34230
34182
34105
34084
34060
32751
34157
34181
34097
34182
34055
34055
34208
34064
34217
33994
34205
34156
33820
34185
35408
34071
34679
34217
34695
34171
32793
34233
34039
34197
34064
34192
34120
34201
34176
34202
34134
34059
34060
33787
34209
36404
34107
34832
34212
34702
34131
32720
34130
34206
34223
34204
34091
34074
34105
34167
34077
34062
34208
34047
34138
34183
34189
34157
34264
34231
34038
34012
34198
34187
34086
34069
33790
34174
35502
34179
34662
34205
34799
34071
32901
34109
34193
34066
34065
34198
34193
34151
34064
34070
34287
33821
34241
33836
34062
35057
34047
34207
34140
34139
34215
34037
34219
34113
34245
34189
34231
34163
34202
34064
34216
34191
34099
34188
34104
34188
34074
34115
34043
34175
34127
34069
34210
34089
34266
34193
33818
34206
36596
33794
34696
37120
34789
32645
34245
34865
34101
34060
34108
34189
34170
34035
34114
34210
34041
34077
34267
34117
34253
34024
34081
34183
34072
34096
34230
34082
34058
34196
34099
34219
34149
34200
34204
34193
34226
34152
34114
34140
34064
34170
34215
34160
34068
34097
34205
34149
34076
34039
34172
34156
33820
34152
36537
33771
34680
36340
34758
34705
34194
34693
34228
34094
34184
34181
34234
34076
34156
34190
34226
34062
34162
34192
34086
34055
34226
34194
34017
34055
34187
34188
34213
34021
34046
34196
34090
34095
34053
34188
34121
34061
34238
34163
34195
34106
34202
34184
34191
34110
34197
34183
34277
34117
34217
34223
33803
34111
36581
33742
34681
36359
34702
34756
32904
34764
34102
34178
34094
34205
34145
34011
34087
34171
34124
34200
34076
34197
34072
34064
34172
34179
34193
34195
34078
34052
34145
34122
34200
34160
34063
34011
34125
34166
34114
34067
34125
34180
34129
34173
34181
34155
34047
34098
34053
34198
34067
34025
34126
34159
33791
34089
36539
33794
34669
36428
34690
34623
32900
34710
32933
32803
34096
34190
34081
34158
34088
34085
34263
34014
34112
34140
34067
34073
34177
34077
34265
34070
34219
34164
33973
34176
34253
34123
34064
34186
34205
34168
34099
34175
34075
34130
34077
34149
34109
34182
34198
34041
34215
34034
34175
34199
34193
34150
33918
33784
36340
33747
34756
35023
34790
34087
32940
34210
34196
34180
34113
34133
34197
34108
34135
34208
34193
34048
34201
34092
34220
34060
34051
34070
34200
34212
34203
34062
34052
34229
34089
34182
34205
34033
34106
34198
34098
33775
34253
37158
34132
32794
34134
34751
34288
32901
34094
34169
34114
34173
34102
34052
33796
34073
35526
34057
34683
34217
34724
34074
32928
34236
34113
34178
34088
34201
34207
34212
34192
34207
34129
34205
34088
34058
34230
34168
34215
34027
34080
34055
34154
34108
34026
34027
34233
34208
34150
34050
34193
34058
34079
33765
34086
36301
34208
34833
34213
34736
34185
34057
34299
34067
34173
34033
34240
34202
33806
34100
36563
34190
34655
34001
34719
34205
32769
34128
34149
34149
34106
34164
34194
34190
34093
34155
34205
34206
34145
34175
34180
34162
35555
35616
35615
35549
35546
35693
35575
35440
35561
35677
35569
35647
36014
35567
35685
35243
35612
36728
35713
36040
35601
36061
35608
34102
35579
34107
35643
34286
35760
34113
33852
34130
36493
34108
34660
34062
34761
34129
32752
34119
34146
34143
34110
34158
34090
34183
34209
34062
34083
34184
34214
34204
34211
34055
34042
34200
34230
34197
34206
34140
34202
34178
34134
34203
34125
34079
34066
34176
34165
33776
34272
36363
34234
34669
34202
34752
34099
32883
34228
34052
34184
34126
34087
33989
33825
34058
36392
34185
34813
34071
34805
34205
32941
34106
34202
34031
34197
34193
34225
34155
34255
34109
34229
34064
34195
34171
34218
34072
34195
34048
34145
34078
34210
34088
34155
34172
34052
34067
34120
34043
34083
33790
34132
33669
34071
35164
34115
34057
34214
34190
34199
34063
34072
34051
34235
34053
34191
35503
35299
35576
36537
34095
36059
34138
34814
34195
34202
34198
34198
34145
34089
34291
34215
34190
34126
34016
34104
34085
34184
33811
34232
37167
34189
32776
34203
34792
34243
32899
34126
34058
34111
34128
34118
34155
34093
34083
34221
34180
34209
34074
34219
34155
34113
34006
34068
34042
34006
34007
34199
34106
34208
34135
33809
34084
36397
34059
34668
34050
34742
34127
32796
34133
34071
34104
34248
34192
34177
34163
34228
34064
34090
34059
34214
33752
34228
36350
34085
34796
34262
34727
34115
32929
34109
34123
34219
34049
34176
34061
34103
34196
34056
34127
34123
34153
34214
34208
34251
34042
34188
34016
34153
34206
34170
34190
34214
34069
33800
34191
36352
34194
34602
34213
34717
34223
32749
34165
34094
33997
34112
34182
34193
34099
34089
34181
34197
34165
34143
33789
34086
36366
34234
34870
34215
34711
34202
34323
35609
34083
34168
34112
34259
34221
34289
34098
34220
34178
34124
34132
34225
34183
34061
34078
34076
34047
34064
34044
34060
34145
34084
34160
33804
34260
36598
34324
34705
34088
34714
34159
34202
34191
34120
34076
34072
34155
34195
34200
34060
34186
34123
34079
34131
33784
34135
36389
34173
34823
34226
34794
34135
32730
34233
34214
34167
34170
34197
34216
34196
34067
34097
34167
34315
34042
34184
34283
34128
34219
34190
34029
34205
34174
34148
34153
34100
34189
33820
34226
36594
34191
34710
34087
34779
34163
32838
34183
34204
34182
34130
33970
34150
34086
34087
34094
34188
33816
34131
33721
34243
35166
34194
34050
34183
34212
34192
34199
34079
34163
34202
34072
34216
34177
34038
34185
34192
34186
34222
34134
34219
34171
34066
34076
34172
34031
34206
34099
34155
34055
34078
34130
33757
34199
36332
33791
34739
37172
34771
34237
32858
34845
33997
34054
34002
34164
34039
33978
34089
34178
33966
34107
34121
34189
34150
34039
34165
34196
34058
34034
34054
34200
34022
34026
34175
34109
34052
34060
34190
34070
34172
34201
34185
34166
34146
34091
34187
34177
34048
34124
34171
34205
34041
34048
34030
34122
33772
34078
36359
33786
34690
36362
34655
34786
32737
34708
34183
32711
34661
34136
35017
35542
36316
35533
35736
35553
35585
35533
36142
35538
35567
35556
35527
34128
35651
34142
34065
34067
34025
34115
34126
34051
34035
34082
34094
34047
34060
34144
34032
34092
34168
34009
34145
34038
34231
34054
34068
34233
34207
34246
33718
34087
37081
33788
34574
36437
34599
34754
32868
34717
34103
32786
34140
34160
34051
34254
34049
34101
34070
34185
34167
34179
34091
33935
34083
34178
34034
34047
34100
34029
34141
32887
34151
34190
34207
34025
34134
34193
34100
34202
34056
34178
34058
34055
34107
34188
33994
34017
34174
34082
34185
34040
34171
34210
33759
33789
36279
33660
34606
35091
34654
34172
32828
34215
34251
34097
34184
34194
34060
34158
34194
34213
34033
34068
34071
34019
34034
34046
34181
34069
34195
34067
34149
34104
34194
34029
34020
34231
34005
34063
34036
34202
34239
33780
34106
37127
34009
32781
34177
36191
35504
34076
35680
34121
34174
34500
34106
34087
33858
34178
36579
34193
34679
34035
34704
34080
32774
34138
34141
34172
34185
34045
33970
34080
34070
34045
34179
34204
34185
34122
34165
34075
34051
34266
34059
34091
34054
34053
34011
34055
34028
34110
33983
34104
34137
34053
34035
33862
34039
36501
34056
34701
34155
34773
34123
32837
34172
34054
34042
34048
34040
34286
33767
34040
36539
34068
34706
34096
34736
34044
32796
34113
34187
34175
34173
34152
32887
34242
34162
34090
34029
34189
34143
34157
34057
33985
33960
34060
34134
34170
34062
34088
34207
34180
34169
34028
34139
34116
34199
34054
34019
33792
34192
36418
34165
34867
34124
34783
34187
32816
34107
34181
34161
34083
34038
34109
33772
34088
36515
34141
34661
34193
34696
34161
32738
34176
34014
34044
34074
34075
34018
33995
32747
34052
34139
34057
34044
34013
34023
34151
34085
34174
34183
33965
34044
34135
34045
34183
34192
34067
34004
34064
34179
33809
33994
33705
34029
36369
34098
34046
34071
34083
34068
34180
34106
34096
34007
34010
34068
34149
33774
34066
36532
34512
34535
34097
34656
34174
32865
34118
34060
34218
34201
34205
34006
34095
34142
34170
34039
34146
34073
33774
34194
37350
35076
32902
34249
34820
34072
32863
34273
34070
34157
34207
34033
34031
34190
34080
34037
34074
34047
34150
34019
34180
34080
34084
33977
34206
34187
34035
34031
34098
34367
34154
33755
34107
36528
34179
34700
34205
34694
34128
32893
34075
34009
34001
34194
34182
34047
33987
34056
34175
34051
34201
34148
33764
34053
36366
34181
34817
34066
34783
34153
32853
34099
34189
34124
34044
33970
34161
34018
34169
34134
34032
34052
34053
33984
34155
34055
34172
34006
34144
34170
34098
34032
34095
34171
34172
33759
34120
36330
34067
34596
34011
34769
34090
32850
34224
34023
34186
34169
34151
34058
34071
34079
34155
34028
34020
34207
33899
34096
36433
34166
34781
34191
34638
34173
32762
34034
34165
33998
34079
34071
34067
34029
34215
34151
34033
34046
34089
34188
34165
34173
34199
34150
34075
34018
34074
33998
34190
34189
34192
33745
34055
36345
34121
34623
34176
34707
34080
32842
34182
34047
34057
34103
34187
34023
34031
34063
34198
34031
34079
34129
33755
34079
36440
34235
34857
34120
34747
34078
32794
34069
34222
34182
34096
34005
34142
34039
34138
33968
34136
34182
34044
33993
34185
34195
34186
34035
34049
34060
34164
34035
34078
34028
34068
33756
34100
36590
34178
34597
34201
34658
34047
34036
34186
34171
34177
34026
34216
34069
34047
34099
34204
34026
33805
34026
33664
34217
35081
34074
32787
34201
34204
34200
34178
34187
34187
34089
34175
34011
34107
34190
34050
34042
34266
34081
34214
34031
34152
34127
34092
34050
34026
34017
34174
33986
34183
34202
34186
33765
34224
36549
33793
34667
37219
34687
34066
32870
34772
34119
32796
34100
34054
34190
34167
34084
34198
34073
34054
34050
34185
34094
34166
34022
34158
34129
34193
34150
34182
34098
34160
34016
34198
34181
34086
34150
34180
34181
34186
34820
34138
34050
34088
34192
34160
34092
34026
34095
34177
34085
34045
34190
34182
33752
34175
36381
33885
34669
36324
34728
34681
32853
34804
34155
32748
34062
34087
34159
34067
34052
34216
34057
34202
34019
34008
34034
34058
34175
34162
34184
34030
34166
34282
34085
34219
34073
34186
34138
34193
34081
34006
34007
34020
34022
34188
34007
34091
34173
34178
33985
34173
34099
34085
34038
34065
33986
34058
33781
34026
36552
33892
34724
36720
34693
36499
34072
36016
35630
34126
34085
34076
34098
34076
34160
34083
34040
34098
34166
34189
34063
34028
34161
34208
34007
34165
34030
34026
34190
34030
34041
34067
34035
34147
34162
34075
34067
34019
34060
34059
34009
34074
34235
34159
34005
34036
34010
34041
34126
34181
34084
34096
33766
34227
36530
33815
34657
36389
34680
34660
32847
34771
34012
34176
34068
34181
34064
34038
34195
34169
34270
34039
34084
34064
34166
34077
34013
34186
34191
34072
34052
34189
34049
34161
34072
34042
34175
34046
34136
34088
34187
34046
34052
34108
34004
34139
34078
34188
34126
34168
34178
34086
34058
34084
34042
34078
33760
33738
36486
32434
34699
35168
34721
32781
32936
34202
34095
34197
34205
34178
34005
34169
34179
34035
34041
34001
34160
34143
34106
34048
34171
34047
34006
34174
34159
34198
34026
32987
34100
34069
34038
34153
34144
34150
35532
35277
35592
37930
35668
34188
35570
34780
34119
34288
34096
34075
34145
34106
34180
34180
33789
34232
36525
34130
34637
34088
34639
34171
32875
34391
34002
34060
34163
34180
34042
34126
34193
34053
34148
34203
34189
34193
34047
34200
34008
34191
34165
34203
34134
34050
34041
34096
34145
34175
34035
34117
34047
34188
34008
33723
34206
36535
34027
34829
34088
34729
34188
34048
34162
34132
34031
34199
34173
34215
33708
34052
36635
34150
34605
34178
34742
34062
32893
34234
34042
34233
34092
34069
34206
34194
34032
34070
34005
34051
34040
34104
34183
34135
34131
34209
34202
34113
34047
34184
34042
34156
34118
34013
34017
34194
34171
34066
33966
33804
34084
36564
34027
34643
34094
34676
34113
32760
34097
34170
33984
34091
34107
34174
33753
34230
36358
34078
34533
34165
34704
34225
32765
34178
34125
34197
34160
34197
35583
35714
35506
35469
35482
35550
35464
35557
35587
35688
34114
35561
34206
34086
34131
34299
34075
34077
34069
34219
34169
34064
34048
34048
34132
33794
34094
36587
34043
34762
34119
34681
34158
32790
34070
34214
34055
34169
34092
34081
33728
34080
36597
34098
34648
34170
34689
34054
32833
34121
34129
34193
34191
34176
34079
34079
34025
34047
34059
34049
34145
34179
33996
34139
34155
34049
34014
34089
34021
34165
34047
34052
34156
34173
34043
34213
34075
33794
34014
33832
34098
35139
34062
33351
34064
34879
34073
34274
34180
34222
34068
34195
34172
34150
33785
34132
36517
34236
34638
34176
34637
34203
34068
34066
34017
34192
34172
34204
34168
34187
34132
34176
34000
34173
34168
33784
34033
37286
34239
32786
34047
34820
34182
34196
34075
34211
34066
34048
34015
34073
34023
34125
34068
34074
34084
34069
34039
34201
35651
35553
35608
35474
35528
35494
35601
35673
35491
35528
35164
35765
36657
35606
36031
35540
34789
35547
34221
34134
34055
34100
34027
34123
34105
34085
34099
34194
33995
34188
34117
33781
34112
36389
34018
34821
34111
34720
34223
32783
34076
34209
34038
34180
34092
34089
34188
34177
34047
34181
34094
34191
34029
34165
34131
34044
34200
34192
34163
34156
34051
34026
34164
34190
33764
34219
36546
34297
34617
34107
34753
34068
32872
34081
34040
34053
34045
34080
34177
34103
34146
34093
34071
34190
