2.103361
0.023910
0.026972
0.028977
0.028068
0.028067
0.025858
0.023894
0.026598
0.026905
0.021031
0.027137
0.026604
0.031396
0.027630
0.023752
0.020562
0.023086
0.023839
0.028549
0.028942
0.030862
0.020315
0.028414
0.031819
0.030341
0.030522
0.027822
0.031541
0.032022
0.032931
0.028364
0.020113
0.021468
0.018658
0.031786
0.031342
0.032595
0.030959
0.032557
0.033589
0.032121
0.031537
0.033097
0.033319
0.025361
0.031893
0.028642
0.032144
0.032761
0.034026
0.033404
0.032868
0.032941
0.033296
0.032674
0.026068
0.042011
0.029066
0.027688
0.027921
0.028549
0.030233
0.032384
0.031607
0.031776
0.032686
0.021642
0.028975
0.033457
0.040780
0.032337
0.032131
0.033408
0.032710
0.031844
0.032550
0.032556
0.036400
0.021409
0.023464
0.028046
0.028888
0.033503
0.041093
0.033090
0.032948
0.032245
0.032858
0.024718
0.027970
0.027418
0.025250
0.025445
0.032632
0.032963
0.041169
0.033289
0.032949
0.032482
0.028597
0.028954
0.032732
0.116933
0.033285
0.031109
0.033287
0.032236
0.033006
0.032670
0.028865
0.026748
0.030013
0.031905
0.032113
0.033233
0.032566
0.033253
0.032554
0.036289
0.033384
0.034918
0.033997
0.032911
0.032437
0.019234
0.018395
0.029772
0.030341
0.032761
0.032455
0.032038
0.025327
0.034957
0.028699
0.028987
0.031319
0.031383
0.033087
0.029743
0.032613
0.032416
0.032545
0.026226
0.027005
0.033045
0.032513
0.032392
0.040465
0.025148
0.033027
0.031199
0.029451
0.032129
0.025359
0.026470
0.028293
0.029574
0.032368
0.031888
0.032863
0.108440
0.032995
0.031661
0.022726
0.027345
0.032925
0.031761
0.032156
0.032400
0.032119
0.032213
0.032591
0.033763
0.032955
0.025516
0.026973
0.032654
0.032196
0.028155
0.032196
0.030866
0.031715
0.031215
0.033794
0.035578
0.023220
0.028300
0.026326
0.032012
0.031769
0.031757
0.127014
0.032311
0.032020
0.033966
0.022154
0.029321
0.040349
0.034558
0.032975
0.033054
0.032315
0.032972
0.032415
0.033030
0.033056
0.023109
0.030405
0.029127
0.031845
0.032983
0.042126
0.032893
0.032357
0.032860
0.032108
0.034944
0.018803
0.033621
0.027819
0.031811
0.028475
0.032430
0.032014
0.041333
0.034502
0.033190
0.032612
0.027027
0.033307
0.029092
0.033147
0.032824
0.022591
0.019951
0.023833
0.026491
0.035042
0.032636
0.032892
0.022570
0.029816
0.042974
0.033799
0.032114
0.031860
0.031998
0.031983
0.033846
0.033110
0.031900
0.028654
0.099707
0.024527
0.023250
0.031806
0.176719
0.032675
0.032782
0.032725
0.033078
0.030601
0.032022
0.032135
0.031244
0.034127
0.031816
0.032234
0.026223
0.020474
0.050050
0.033556
0.032597
0.033164
0.033263
0.033149
0.032578
0.032665
0.022500
0.021844
0.026104
0.029368
0.024167
0.018078
0.022073
0.032781
0.031466
0.033438
0.031869
0.031818
0.031900
0.032900
0.032698
0.023762
0.026243
0.030367
0.032178
0.033119
0.032092
0.031609
0.040948
0.034179
0.032356
0.032643
0.022528
0.029095
0.028068
0.029553
0.029147
0.028350
0.540452
0.033747
0.034572
0.032404
0.032179
0.031259
0.031018
0.032780
0.032599
0.027748
0.022876
0.029458
0.026479
0.041763
0.033910
0.032699
0.031746
0.032684
0.031886
0.030063
0.031649
0.025186
0.031538
0.031308
0.032986
0.032808
0.028417
0.021852
0.029090
0.033410
0.031870
0.032662
0.031443
0.033210
0.029718
0.032957
0.032353
0.031871
0.032390
0.031483
0.041933
0.031878
0.032829
0.028897
0.029179
0.028122
0.032180
0.032128
0.032636
0.031290
0.032006
0.032528
0.031767
0.040098
0.032540
0.031926
0.026880
0.027077
0.026480
0.028673
0.026990
0.027860
0.025769
0.025945
0.025545
0.024784
0.024468
0.032754
0.028181
0.027838
0.032198
0.033199
0.032916
0.031832
0.032293
0.032949
0.032875
0.032649
0.026383
0.025737
0.033512
0.033128
0.032866
0.032241
0.031533
0.031922
0.031723
0.032421
0.031938
0.026262
0.028688
0.025884
0.019996
0.025659
0.033025
0.032500
0.032283
0.032690
0.033319
0.043362
0.019317
0.026913
0.032609
0.039728
0.034324
0.032693
0.031770
0.032534
0.036455
0.032192
0.032789
0.032776
0.030672
0.033042
0.032767
0.032420
0.042076
0.033858
0.033185
0.032379
0.031849
0.027586
0.030054
0.026459
0.032593
0.032927
0.031840
0.032630
0.032095
0.032878
0.043168
0.033079
0.022006
0.032060
0.025608
0.033031
0.030612
0.020918
0.020981
0.023430
0.022783
0.026520
0.026304
0.041714
0.028368
0.028646
0.029948
0.033057
0.032386
0.032261
0.032938
0.031701
0.031804
0.032477
0.032032
0.030662
0.028506
0.032457
0.033830
0.033048
0.032416
0.032408
0.035146
0.032250
0.033752
0.030377
0.037813
0.032148
0.032956
0.032122
0.032340
0.032345
0.032571
0.031710
0.032056
0.032718
0.024031
0.030413
0.032366
0.041273
0.033349
0.032638
0.033013
0.124775
0.032618
0.032989
0.024968
0.026737
0.031430
0.031775
0.032936
0.032804
0.039708
0.033182
0.034434
0.032581
0.033465
0.021345
0.026615
0.031816
0.032724
0.032760
0.032572
0.032781
0.033092
0.041090
0.032968
0.033525
0.022175
0.027496
0.027428
0.032510
0.032113
0.031574
0.032359
0.032700
0.031595
0.032746
0.041054
0.020825
0.028895
0.031789
0.032802
0.031699
0.032930
0.032396
0.034709
0.032440
0.034586
0.033084
0.022595
0.030099
0.028400
0.030177
0.030160
0.031420
0.030381
0.032825
0.032565
0.032730
0.032546
0.022811
0.030145
0.029506
0.032824
0.032313
0.027928
0.019765
0.024175
0.028645
0.026218
0.023216
0.026209
0.025412
0.031295
0.031660
0.032736
0.033498
0.033899
0.032339
0.032701
0.032749
0.032995
0.032645
0.030751
0.031212
0.028994
0.033935
0.033234
0.029275
0.027681
0.032488
0.032134
0.033363
0.033863
0.032839
0.033526
0.029838
0.033145
0.033153
0.041078
0.032429
0.032281
0.031565
0.031378
0.033534
0.026339
0.031657
0.033087
0.032339
0.033553
0.031827
0.032283
0.041869
0.033478
0.032006
0.031337
0.025852
0.028868
0.076909
0.031718
0.032887
0.032760
0.032348
0.032455
0.031915
0.040456
0.026340
0.036158
0.030456
0.032091
0.033358
0.031919
0.032028
0.031920
0.031356
0.030975
0.030323
0.027003
0.032684
0.023533
0.025682
0.027295
0.025138
0.025758
0.025053
0.023980
0.025292
0.028081
0.030936
0.022173
0.027592
0.031143
0.032472
0.031293
0.032489
0.031667
0.032393
0.031677
0.031673
0.032644
0.022340
0.025602
0.026777
0.031352
0.031871
0.032480
0.032450
0.031002
0.032271
0.031898
0.032432
0.022581
0.028034
0.027903
0.028575
0.022315
0.019814
0.019930
0.024192
0.034309
0.031998
0.032192
0.031879
0.026196
0.028048
0.035418
0.027669
0.029320
0.031408
0.031493
0.032060
0.032230
0.032091
0.032199
0.027989
0.028168
0.029624
0.032226
0.041087
0.032530
0.031717
0.031624
0.032162
0.032649
0.031495
0.023302
0.031005
0.030629
0.031241
0.031686
0.033121
0.032188
0.032945
0.032381
0.032020
0.032006
0.025541
0.031463
0.032815
0.031888
0.032626
0.032039
0.040561
0.032873
0.032419
0.032537
0.031514
0.035888
0.029506
0.032439
0.031661
0.031516
0.031810
0.031998
0.032031
0.039857
0.032382
0.033559
0.026864
0.031053
0.027184
0.029457
0.018180
0.030617
0.041158
0.033312
0.031807
0.039632
0.034306
0.027088
0.026946
0.028548
0.031149
0.031695
0.032532
0.032376
0.032028
0.032528
0.031940
0.032281
0.022918
0.026040
0.026221
0.032566
0.032057
0.031692
0.031154
0.033073
0.032244
0.034140
0.032729
0.025004
0.031100
0.030057
0.029245
0.032602
0.032112
0.032685
0.032469
0.032056
0.031786
0.029662
0.025448
0.037706
0.032734
0.031386
0.030676
0.020907
0.021752
0.021591
0.032583
0.031481
2.988423
0.026436
0.022178
0.029245
0.028565
0.032007
0.029746
0.027537
0.027194
0.034562
0.032590
0.028665
0.029333
0.030226
0.031104
0.023551
0.025636
0.025812
0.029433
0.027283
0.028511
0.027617
0.027581
0.029076
0.029234
0.021015
0.026400
0.025172
0.031287
0.031832
0.031998
0.030238
0.032130
0.031520
0.033393
0.031051
0.026777
0.032297
0.030032
0.041683
0.034535
0.034200
0.041520
0.033514
0.033061
0.032078
0.032675
0.019866
0.029708
0.030507
0.165407
0.032635
0.032105
0.031810
0.032209
0.041258
0.034023
0.034018
0.033271
0.031767
0.031885
0.032147
0.031744
0.032290
0.031503
0.032818
0.032991
0.022081
0.032461
0.032522
0.032109
0.027721
0.019837
0.019450
0.024691
0.031970
0.032453
0.032090
0.029377
0.027439
0.023992
0.031578
0.030033
0.031711
0.032137
0.032181
0.032830
0.031302
0.032057
0.032260
0.025980
0.026619
0.031930
0.031062
0.032147
0.032268
0.031853
0.031880
0.032579
0.031907
0.033057
0.025477
0.040193
0.032746
0.032814
0.035376
0.032513
0.032081
0.032114
0.030738
0.032391
0.031318
0.033653
0.033198
0.042013
0.031409
0.031770
0.031893
0.032908
0.028141
0.032630
0.033020
0.018740
0.027456
0.025256
0.032753
0.040884
0.033853
0.032591
0.031404
0.031030
0.030578
0.032392
0.027484
0.032166
0.027620
0.032004
0.033603
0.031629
0.040561
0.032593
0.033179
0.032579
0.032155
0.028296
0.032520
0.030761
0.031291
0.032222
0.032103
0.040239
0.032969
0.032125
0.033004
0.031837
0.023861
0.030972
0.027564
0.028289
0.032802
0.032367
0.032534
0.030765
0.033065
0.032611
0.032880
0.031833
0.033624
0.031892
0.034832
0.031055
0.031836
0.032184
0.032112
0.032059
0.032968
0.032119
0.033531
0.025588
0.032092
0.032593
0.033190
0.024659
0.023551
0.018888
0.022909
0.024444
0.032997
0.040819
0.033095
0.024924
0.028823
0.033140
0.032355
0.032526
0.030624
0.033284
0.032507
0.031629
0.032353
0.039109
0.034909
0.029849
0.032512
0.032197
0.030935
0.031933
0.032081
0.032664
0.033077
0.033751
0.028707
0.033459
0.030901
0.031977
0.031750
0.031917
0.032512
0.032585
0.031540
0.031951
0.033361
0.027580
0.038055
0.034335
0.033403
0.032821
0.033898
0.032644
0.031468
0.031769
0.032443
0.033340
0.025046
0.039604
0.032006
0.032903
0.033505
0.032955
0.032227
0.031980
0.032541
0.032979
0.032208
0.022997
0.030356
0.031691
0.040434
0.032655
0.031969
0.022092
0.019740
0.022751
0.026671
0.031862
0.032989
0.032773
0.027919
0.041271
0.033038
0.031807
0.031857
0.031363
0.032793
0.032310
0.034469
0.021522
0.028326
0.031883
0.032420
0.039835
0.032476
0.032574
0.032924
0.031874
0.031046
0.032868
0.019422
0.024577
0.146339
0.031482
0.032364
0.031269
0.039342
0.032341
0.031602
0.032680
0.031489
0.031710
0.032274
0.033248
0.024469
0.017197
0.018310
0.029174
0.031398
0.032561
0.036150
0.023036
0.026339
0.030775
0.032134
0.033088
0.031897
0.032763
0.032554
0.031839
0.030503
0.039796
0.031618
0.031755
0.028061
0.032762
0.030208
0.032082
0.032528
0.031957
0.032338
0.033477
0.031926
0.032594
0.030383
0.030082
0.032226
0.032032
0.033035
0.031997
0.032373
0.032029
0.033889
0.032482
0.027849
0.032317
0.032874
0.032614
0.036000
0.031950
0.032521
0.032525
0.032804
0.031412
0.032632
0.021018
0.041390
0.029477
0.033149
0.033132
0.032672
0.032805
0.032007
0.032352
0.032542
0.032262
0.020477
0.035064
0.032759
0.032466
0.032676
0.031719
0.032275
0.032316
0.034390
0.037168
0.032471
0.020839
0.032434
0.025829
0.024790
0.031419
0.032673
0.032298
0.032253
0.032490
0.031749
0.032283
0.027630
0.032630
0.027585
0.027469
0.032784
0.032287
0.032241
0.032365
0.034017
0.032988
0.032590
0.030281
0.032368
0.037906
0.032640
0.032472
0.033322
0.032745
0.034555
0.032087
0.032388
0.031833
0.020006
0.026487
0.026046
0.032840
0.034520
0.022296
0.019155
0.022163
0.020287
0.019049
0.026016
0.025489
0.020848
0.031273
0.029635
0.041271
0.033393
0.032608
0.032353
0.032335
0.033016
0.032332
0.032082
0.022671
0.028315
0.024254
0.032437
0.031903
0.042886
0.031743
0.032900
0.033071
0.033440
0.032553
0.019143
0.025647
0.030537
0.028623
0.036261
0.040549
0.028923
0.032332
0.031698
0.032153
0.031472
0.019643
0.026164
0.032975
0.032339
0.032162
0.031706
0.031665
0.041389
0.032837
0.032854
0.032225
0.019655
0.024291
0.027074
0.032062
0.033225
0.031409
0.031409
0.032500
0.031120
0.041584
0.033756
0.032093
0.032362
0.027402
0.032539
0.033116
0.033180
0.031646
0.031836
0.032618
0.039511
0.033777
0.028030
0.033050
0.034503
0.030335
0.032248
0.032924
0.033035
0.032374
0.032254
0.032390
0.040134
0.024165
0.031918
0.027679
0.033291
0.032894
0.032161
0.031996
0.032094
0.034387
0.032766
0.032454
0.033561
0.031016
0.027642
0.032214
0.032373
0.032921
0.031894
0.032499
0.032246
0.032227
0.032432
0.023248
0.032531
0.032405
0.032044
0.031324
0.021585
0.018663
0.024006
0.023970
0.025471
0.026803
0.031854
0.024636
0.035983
0.031885
0.032308
0.032123
0.026850
0.027724
0.031775
0.031862
0.030127
0.031976
0.032417
0.020930
0.024346
0.022412
0.035402
0.032526
0.031622
0.031760
0.031639
0.032509
0.031733
0.032321
0.027722
0.032620
0.026266
0.031687
0.032368
0.032330
0.031842
0.031672
0.031854
0.030582
0.033834
0.025800
0.040542
0.033341
0.033445
0.031423
0.039601
0.032220
0.031028
0.031669
0.032034
0.031401
0.018201
0.031837
0.027562
0.032160
0.032358
0.032723
0.032975
0.032091
0.031945
0.033224
0.032700
0.025588
0.117943
0.025744
0.033619
0.032712
0.033165
0.031909
0.023040
0.023671
0.027687
0.029137
0.027910
0.025977
0.039741
0.033471
0.031550
0.032774
0.032196
0.032512
0.032551
0.031870
0.030735
0.033830
0.025866
0.026425
0.040157
0.033942
0.032814
0.032817
0.032386
0.032895
0.032356
0.032644
0.032403
0.029152
0.032232
0.031644
0.032388
0.033188
0.032293
0.031280
0.033542
0.032096
0.032030
0.030693
0.028859
0.030655
0.031549
0.022445
0.022197
0.019955
0.023509
0.025477
0.024633
0.031802
0.020709
0.030300
0.027169
0.030569
0.034876
0.041157
0.032619
0.032801
0.032478
0.032919
0.032753
0.019771
0.024183
0.029631
0.033503
0.032491
0.033580
0.040673
0.033296
0.032836
0.032399
0.032618
0.020900
0.021948
0.031069
0.032457
0.032157
0.032042
0.032370
0.040356
0.032691
0.032303
0.032430
0.021030
0.022210
0.032486
0.032289
0.032591
0.032442
0.033813
0.032658
0.041678
0.032529
0.033343
0.022411
0.023199
0.028126
0.027418
0.026642
0.026108
0.034392
0.032571
0.032522
0.041812
0.033935
0.023094
0.032235
0.025704
0.033028
0.032296
0.032457
0.032407
0.031807
0.031775
0.040253
0.033996
0.028955
0.033059
0.029228
0.032809
0.033654
0.032268
0.032130
0.033083
0.031558
0.039735
0.033268
0.020941
0.028195
0.032524
0.031895
0.031891
0.033251
0.030412
0.031966
0.032256
0.032373
0.038600
0.021226
0.028512
0.031705
0.032078
0.032234
0.031969
0.031646
0.032210
0.031961
0.032121
0.032160
0.025610
0.027972
0.028881
0.031869
0.028716
0.022736
0.020113
0.022585
0.033524
0.031896
0.032801
0.031812
0.041968
0.025295
0.033440
0.033909
0.032399
0.032988
0.033233
0.032514
0.033054
0.032217
0.031402
0.041054
0.031279
0.028406
0.026951
0.032769
0.032437
0.033010
0.032663
0.033277
0.031886
0.029162
0.040441
0.028156
0.032041
0.031870
0.033211
0.032401
0.032061
0.032279
0.031150
0.032463
0.024547
0.036788
0.033982
0.034667
0.032398
0.033386
0.033203
0.032763
0.032257
0.032075
0.031827
0.024352
0.031830
0.042018
0.033316
0.033408
0.032284
0.032352
0.029908
0.030729
0.032865
0.032456
0.021349
0.029336
0.032965
0.041204
0.033153
0.032502
0.032092
0.032402
0.032814
0.031034
0.032663
0.020404
0.026213
0.033878
0.032900
0.033481
0.032669
0.032261
0.032335
0.032790
0.031256
0.031613
0.020294
0.028954
0.032667
0.031020
0.033174
0.032068
0.029255
0.032156
0.032856
0.031459
0.032351
0.019652
0.025713
0.032017
0.032222
0.040154
0.033455
0.035990
0.032846
0.032752
0.032707
0.033083
0.026897
0.027703
0.031183
0.032221
0.021079
0.024805
0.018019
0.024374
0.025509
0.026332
0.028697
0.024746
0.031632
0.031170
0.032329
0.032019
0.040706
0.033574
0.032874
0.032355
0.031855
0.031861
0.020217
0.028013
0.028856
0.031795
0.032257
0.105316
0.040985
0.034721
0.032849
0.031955
0.019898
0.031324
0.033564
0.032755
0.031513
0.031970
0.032219
0.032641
0.033547
0.032449
0.032356
0.018939
0.027169
0.038433
0.032964
0.031585
0.033591
0.032685
0.033179
0.032611
0.033719
0.032521
0.020031
0.026903
0.031054
0.031804
0.032858
0.032109
0.032224
0.032651
0.031380
0.032507
0.040639
0.021335
0.026112
0.028056
0.032359
0.030806
0.032551
0.031485
0.032803
0.032427
0.031303
0.023123
0.022652
0.027052
0.029607
0.032602
0.031861
0.031985
0.034716
0.033171
0.031860
0.032278
0.032828
0.028617
0.029288
0.031766
0.033442
0.028848
0.032729
0.033083
0.032498
0.037100
0.032440
0.034137
0.020514
0.028422
0.032378
0.032412
0.031754
0.031605
0.031037
0.032037
0.031822
0.032107
0.033153
0.020035
0.026489
0.030600
0.030950
0.025318
0.019138
0.019887
0.023180
0.021995
0.020519
0.024925
0.032722
0.020808
0.026749
0.026811
0.031024
0.031552
0.032256
0.031888
0.032806
0.034066
0.031960
0.031530
0.028663
0.033948
0.029375
0.032304
0.032509
0.033172
0.031878
0.031595
0.032275
0.032024
0.031244
0.028894
0.040037
0.025391
0.033026
0.032956
0.031500
0.032029
0.032564
0.031867
0.031230
0.031963
0.030077
0.032521
0.029640
0.032188
0.031467
0.030631
0.031310
0.033709
0.032743
0.033690
0.032843
0.026197
0.037974
0.028815
0.031142
0.032098
0.032307
0.032455
0.031762
0.033254
0.032470
0.030975
0.023525
0.036293
0.029247
0.031915
0.032640
0.033122
0.032892
0.032944
0.032646
0.033101
0.031905
0.020009
0.030597
0.025232
0.032245
0.032275
0.032227
0.033823
0.032259
0.033650
0.030639
0.030691
0.024299
0.038657
0.028469
0.032170
0.031211
0.031989
0.032326
0.030490
0.031917
0.031448
0.030688
0.023414
0.037143
0.032424
0.032190
0.033004
0.031538
0.031928
0.032226
0.029632
0.031330
0.031742
0.021454
0.031057
0.028596
0.033032
0.032992
0.021774
0.018191
0.023191
0.022920
0.023278
0.027600
0.031919
0.020265
0.038083
0.032528
0.033480
0.033076
0.032959
0.033094
0.032674
0.033224
0.039296
0.034006
0.031971
0.036859
0.032945
0.034299
0.033428
0.033169
0.032031
0.032826
0.033254
0.033420
0.026719
0.032381
0.038797
0.033032
0.034252
0.033543
0.032424
0.033093
0.032253
0.032516
0.031735
0.020057
0.028917
0.028175
0.039644
0.032324
0.031928
0.032867
0.032913
0.031698
0.031643
0.032758
0.020406
0.028565
0.033962
0.031778
0.040521
0.033241
0.031828
0.032212
0.032039
0.032013
0.032494
0.020397
0.029548
0.031843
0.034186
0.040219
0.034296
0.031826
0.031910
0.032222
0.035707
0.032499
0.019239
0.026927
0.032045
0.033191
0.041014
0.032930
0.032428
0.031962
0.038579
0.032884
0.032731
0.020562
0.028312
0.029652
0.032200
0.041028
0.033313
0.030420
0.033469
0.032346
0.032004
0.033238
0.021333
0.031359
0.029749
0.033029
0.039931
0.034148
0.028956
0.032563
0.032272
0.032051
0.032655
0.019854
0.026438
0.031012
0.031767
0.024196
0.024824
0.026685
0.032238
0.031803
0.031912
0.031447
0.024555
0.030962
0.029655
0.031714
0.033644
0.039903
0.032837
0.031916
0.031392
0.031467
0.031557
0.028828
0.034227
0.031624
0.033014
0.031567
0.039907
0.032773
0.032136
0.032168
0.032087
0.031551
0.026288
0.031229
0.031286
0.032362
0.031727
0.032481
0.040316
0.036843
0.032192
0.031746
0.032907
0.019113
0.029741
0.030505
0.031649
0.031390
0.120930
0.031560
0.031939
0.032393
0.031445
0.022935
0.030868
0.028256
0.032597
0.032314
0.032606
0.032617
0.038658
0.032657
0.032676
0.031839
0.029600
0.032264
0.022356
0.031955
0.031408
0.031540
0.031774
0.041449
0.033102
0.033101
0.029089
0.031165
0.023238
0.018131
0.020451
0.024909
0.032317
0.039455
0.032212
0.031902
0.032455
0.032599
0.031938
0.033193
0.027374
0.030392
0.031574
0.038969
0.032461
0.031104
0.031790
0.031535
0.031064
0.029620
0.032762
0.030125
0.032217
0.031574
0.039572
0.034562
0.031864
0.031544
0.031515
0.031774
0.024952
0.031656
0.025479
0.028710
0.031805
0.033354
0.018013
0.021675
0.032224
0.032438
0.032891
0.032598
0.031824
0.027449
0.031380
0.032560
0.041846
0.033726
0.033054
0.032437
0.032156
0.031496
0.030196
0.033517
0.030409
0.033110
0.041924
0.032564
0.032084
0.032861
0.031936
0.032511
0.031956
0.025203
0.031454
0.028817
0.028422
0.041068
0.033205
0.032518
0.032411
0.035224
0.034473
0.032602
0.020640
0.029193
0.026951
0.032484
0.033568
0.032213
0.032345
0.032485
0.031411
0.032887
0.110623
0.028082
0.035523
0.032165
0.039883
0.029137
0.040647
0.033480
0.031642
0.032127
0.032631
0.020501
0.024964
0.032125
0.032418
0.040360
0.031825
0.031251
0.032470
0.032534
0.033988
0.032635
0.020303
0.027471
0.031000
0.039996
0.033201
0.032072
0.031375
0.031721
0.032134
0.031940
0.031737
0.019954
0.029943
0.032057
0.039646
0.032501
0.031795
0.029189
0.032364
0.031933
0.032014
0.032063
0.018712
0.023770
0.028292
0.040318
0.032825
0.033215
0.032571
0.032477
0.034136
0.033339
0.032599
0.121456
0.032975
0.033171
0.032092
0.018098
0.028276
0.031838
0.032119
0.032470
0.031962
0.020817
0.029191
0.032265
0.033141
0.042232
0.041823
0.033681
0.032607
0.033224
0.032972
0.032189
0.025183
0.030348
0.032797
0.033038
0.041939
0.033379
0.032773
0.032500
0.034122
0.032883
0.032754
0.032083
0.029223
0.031932
0.031969
0.042433
0.032901
0.032105
0.031843
0.032787
0.032137
0.020999
0.028239
0.032719
0.033922
0.033255
0.044831
0.032190
0.033011
0.033105
0.032203
0.031947
0.020153
0.025634
0.031824
0.032636
0.031589
0.041803
0.032930
0.032211
0.034219
0.032530
0.032481
0.021482
0.028501
0.030029
0.031281
0.032140
0.040199
0.032582
0.032473
0.032642
0.031999
0.032057
0.024026
0.031103
0.024291
0.032302
0.040897
0.040283
0.032035
0.031926
0.031727
0.032811
0.032827
0.020467
0.028278
0.033047
0.039947
0.033587
0.033461
0.032940
0.034972
0.032263
0.033455
0.032432
0.023153
0.029381
0.032071
0.041054
0.033090
0.032113
0.031878
0.031971
0.032121
0.032668
0.031953
0.032323
0.029072
0.040157
0.031870
0.023401
0.019405
0.025320
0.025350
0.032679
0.031647
0.032083
0.021524
0.031544
0.032856
0.033666
0.034862
0.031615
0.034414
0.032086
0.029255
0.028778
0.032730
0.028437
0.033135
0.026956
0.033130
0.032929
0.032378
0.032711
0.031800
0.032153
0.032359
0.031412
0.032023
0.032746
0.031033
0.031742
0.033657
0.031862
0.035241
0.031042
0.032466
0.032703
0.031843
0.031775
0.038149
0.026886
0.031330
0.032483
0.034373
0.032172
0.032409
0.031983
0.031532
0.031371
0.031684
0.040514
0.033124
0.031671
0.033181
0.031792
0.032602
0.032903
0.031397
0.032660
0.031811
0.020158
0.030502
0.032559
0.032277
0.031439
0.032618
0.032268
0.031605
0.032367
0.032526
0.032405
0.020983
0.025361
0.032942
0.032064
0.019237
0.020908
0.030430
0.031883
0.032885
0.032042
0.031977
0.031532
0.039662
0.025644
0.032524
0.033046
0.032053
0.032584
0.030661
0.030677
0.032000
0.033005
0.031397
0.025763
0.031225
0.031992
0.031124
0.033172
0.032030
0.031687
0.032461
0.032472
0.031934
0.032279
0.032867
0.030149
0.034915
0.032084
0.018296
0.020922
0.021058
0.022124
0.024503
0.021326
0.040007
0.033551
0.118837
0.033377
0.033306
0.032086
0.033097
0.032671
0.032277
0.033189
0.040632
0.023340
0.031276
0.030685
0.028056
0.033776
0.032244
0.031377
0.035417
0.032412
0.032921
0.041713
0.021043
0.030255
0.034417
0.032865
0.032166
0.031575
0.031635
0.031519
0.030772
0.040021
0.031740
0.018651
0.027053
0.030069
0.031254
0.031541
0.032048
0.031385
0.031387
0.031226
0.038980
0.033115
0.018974
0.023528
0.030058
0.032077
0.032647
0.033958
0.032636
0.032114
0.040475
0.033893
0.032519
0.021216
0.032169
0.033251
0.032267
0.031412
0.031992
0.032062
0.037953
0.032441
0.031322
0.032654
0.023960
0.028685
0.032441
0.032258
0.032045
0.032272
0.041017
0.033979
0.033362
0.032005
0.031831
0.032574
0.031886
0.032768
0.031292
0.031967
0.040938
0.032542
0.032477
0.032890
0.032671
0.026240
0.034626
0.027254
0.034021
0.032048
0.041444
0.032595
0.033482
0.032134
0.033025
0.033119
0.020004
0.027792
0.028840
0.029074
0.040186
0.022603
0.019958
0.022772
0.032813
0.033293
0.032882
0.031436
0.037748
0.034850
0.033794
0.033100
0.032938
0.032309
0.033010
0.033579
0.036172
0.032801
0.033471
0.033348
0.037336
0.032300
0.032851
0.031644
0.032611
0.033267
0.032866
0.032247
0.032361
0.031588
0.028940
0.027822
0.033264
0.032138
0.031952
0.031930
0.031721
0.033300
0.031716
0.032252
0.029332
0.027912
0.032216
0.032410
0.033036
0.033680
0.033207
0.033222
0.033701
0.032364
0.034329
0.033017
0.026611
0.031484
0.032243
0.033294
0.032156
0.032362
0.032909
0.031887
0.032444
0.032413
0.029956
0.033194
0.032102
0.031888
0.032923
0.031986
0.032333
0.033055
0.033390
0.032264
0.032701
0.021425
0.035365
0.132763
0.033039
0.032970
0.032566
0.032861
0.032214
0.031801
0.033987
0.019388
0.034007
0.033338
0.033337
0.032669
0.031898
0.033027
0.032556
0.032967
0.031883
0.031868
0.020388
0.032007
0.027304
0.032570
0.031725
0.032192
0.032376
0.031616
0.031691
0.032154
0.031970
0.018918
0.035093
0.031995
0.031453
0.028270
0.022413
0.020024
0.019487
0.025144
0.033906
0.031338
0.037022
0.022153
0.031951
0.031993
0.031191
0.031984
0.032538
0.032531
0.032302
0.032035
0.032150
0.032046
0.027507
0.027981
0.031514
0.032035
0.031986
0.032050
0.031957
0.031739
0.031675
0.032714
0.031707
0.037588
0.030700
0.032462
0.032568
0.032338
0.032489
0.032175
0.034017
0.032145
0.033300
0.031878
0.034567
0.030672
0.032519
0.031461
0.030708
0.032384
0.032486
0.031600
0.031843
0.031881
0.038617
0.032962
0.032175
0.032207
0.032679
0.032483
0.032148
0.031825
0.032580
0.031707
0.040102
0.027060
0.033200
0.029857
0.033103
0.032762
0.032992
0.033444
0.034927
0.032142
0.031847
0.033221
0.024672
0.028288
0.029688
0.031347
0.032440
0.033096
0.025591
0.020044
0.025219
0.034296
0.032496
0.032274
0.032661
0.027692
0.033174
0.031999
0.033513
0.032821
0.040776
0.032003
0.032078
0.039704
0.032912
0.033817
0.025248
0.033665
0.033280
0.032711
0.042201
0.032847
0.033139
0.033343
0.032650
0.027882
0.035419
0.033560
0.032182
0.031216
0.026297
0.018693
0.024790
0.032834
0.032911
0.031623
0.033664
0.033121
0.027409
0.032305
0.031162
0.029214
0.031726
0.031226
0.032112
0.031898
0.029994
0.032153
0.035179
0.028984
0.042783
0.033159
0.034953
0.032498
0.033113
0.032598
0.032485
0.032747
0.030175
0.033988
0.030951
0.032686
0.075978
0.031916
0.031939
0.032307
0.032286
0.032138
0.033349
0.032885
0.031163
0.032394
0.031717
0.031831
0.031988
0.030841
0.039840
0.033865
0.032444
0.032289
0.032327
0.030409
0.031314
0.031987
0.033640
0.028651
0.032372
0.032106
0.032744
0.032772
0.032732
0.041923
0.033152
0.032932
0.033049
0.032420
0.032962
0.032887
0.032110
0.032536
0.032928
0.027159
0.033315
0.031332
0.031407
0.032865
0.033391
0.032482
0.031997
0.032433
0.031236
0.031948
0.022478
0.032448
0.032913
0.033784
0.034687
0.032651
0.033190
0.031939
0.032885
0.032644
0.033329
0.027733
0.033170
0.032059
0.035642
0.033102
0.033366
0.032588
0.033132
0.032336
0.040391
0.033726
0.022533
0.027281
0.026833
0.032734
0.020756
0.020589
0.026617
0.024412
0.031353
0.033180
0.032025
0.033274
0.028219
0.030310
0.034339
0.031992
0.031682
0.032246
0.040601
0.032226
0.032553
0.031835
0.032562
0.032081
0.028753
0.032276
0.031963
0.032498
0.034169
0.032366
0.032984
0.032942
0.032430
0.031100
0.032810
0.027856
0.032856
0.032136
0.041065
0.032738
0.032391
0.033046
0.032545
0.032465
0.031307
0.032186
0.032386
0.033666
0.040825
0.033584
0.032786
0.032702
0.031896
0.032288
0.033003
0.032832
0.033310
0.029810
0.041334
0.033388
0.032732
0.034162
0.032446
0.032961
0.033105
0.032266
0.033509
0.033313
0.028378
0.031292
0.040026
0.034397
0.031594
0.033153
0.032772
0.032101
0.032359
0.032892
0.034733
0.026466
0.032808
0.033907
0.032431
0.032552
0.032923
0.032571
0.033409
0.032656
0.032582
0.034404
0.025613
0.032424
0.035765
0.032774
0.032202
0.031967
0.031716
0.031590
0.031667
0.023221
0.034519
0.147693
0.032373
0.031859
0.032260
0.033140
0.031977
0.032976
0.032512
0.039725
0.031591
0.033001
0.033903
0.018618
0.018662
0.017698
0.021474
0.032512
0.032231
0.031943
0.019901
0.031753
0.030025
0.033305
0.032469
0.033775
0.033360
0.032811
0.032251
0.032534
0.032346
0.019765
0.030054
0.032451
0.033370
0.033997
0.033475
0.033516
0.032804
0.032764
0.032688
0.032062
0.021786
0.028630
0.031095
0.032928
0.032267
0.032268
0.032187
0.032423
0.033032
0.033006
0.041581
0.020371
0.028838
0.026162
0.031058
0.031797
0.032137
0.031322
0.030408
0.031302
0.032429
0.033224
0.019656
0.030122
0.029909
0.031922
0.031659
0.032958
0.033357
0.031529
0.041047
0.033038
0.034326
0.034061
0.033509
0.029648
0.032627
0.032024
0.032657
0.033294
0.032758
0.041799
0.032923
0.032182
0.033487
0.023697
0.025600
0.025683
0.032105
0.032347
0.043971
0.033675
0.032511
0.034192
0.019364
0.019872
0.029031
0.040035
0.033977
0.033374
0.040563
0.033390
0.033570
0.032923
0.034969
0.033054
0.032226
0.022685
0.031933
0.031423
0.041940
0.032995
0.033533
0.032026
0.032535
0.030299
0.028124
0.033163
0.027590
0.032399
0.035551
0.033307
0.032040
0.022827
0.018077
0.020976
0.028592
0.032409
0.033659
0.031621
0.020639
0.033249
0.033780
0.033500
0.033131
0.030865
0.035166
0.032508
0.033360
0.032196
0.033422
0.020751
0.029079
0.033267
0.033001
0.032538
0.033361
0.032680
0.032130
0.032596
0.032480
0.032144
0.020721
0.029150
0.032156
0.031835
0.032906
0.032559
0.032633
0.032513
0.033091
0.032703
0.032308
0.030233
0.030353
0.030422
0.033290
0.032497
0.034777
0.031936
0.029937
0.033211
0.032494
0.032770
0.036937
0.032884
0.027748
0.031741
0.075544
0.031269
0.032958
0.031708
0.032645
0.031513
0.041596
0.019555
0.028711
0.031443
0.032403
0.033070
0.036304
0.031692
0.033243
0.032500
0.037441
0.027846
0.029657
0.032582
0.027891
0.032905
0.034397
0.032154
0.031609
0.032416
0.040194
0.034095
0.032362
0.019733
0.027371
0.032409
0.032254
0.032390
0.032680
0.032284
0.041275
0.033565
0.033170
0.032520
0.020442
0.027858
0.033430
0.032698
0.031627
0.032847
0.039959
0.032693
0.033639
0.039335
0.032332
0.019639
0.027792
0.030840
0.034172
0.027381
0.025272
0.018539
0.024280
0.033058
0.033157
0.032518
0.029529
0.032711
0.032202
0.041544
0.034414
0.033260
0.032604
0.032286
0.033176
0.031825
0.032098
0.021165
0.027287
0.038032
0.033201
0.032178
0.031753
0.032671
0.032698
0.032744
0.031848
0.032629
0.020521
0.038003
0.035647
0.032634
0.030578
0.031600
0.032519
0.032254
0.032131
0.032256
0.032470
0.032077
0.030650
0.032742
0.031774
0.031431
0.032177
0.032296
0.032282
0.031359
0.031427
0.032431
0.024798
0.027759
0.032535
0.031247
0.032483
0.031661
0.034642
0.039035
0.033453
0.031711
0.031631
0.020912
0.025452
0.033068
0.032655
0.032856
0.033005
0.033108
0.032579
0.031963
0.032443
0.031922
0.019873
0.089496
0.033248
0.033174
0.032386
0.031811
0.032200
0.032075
0.031469
0.039830
0.030052
0.033323
0.032953
0.032348
0.031986
0.032846
0.032520
0.032878
0.032345
0.041175
0.033380
0.019914
0.026499
0.028864
0.032042
0.031641
0.031430
0.031675
0.032434
0.040060
0.032045
0.032028
0.019104
0.025185
0.031452
0.032565
0.026975
0.020837
0.023723
0.029449
0.032970
0.032456
0.032036
0.032175
0.033399
0.030368
0.032666
0.032348
0.041975
0.034005
0.033247
0.032615
0.032485
0.031894
0.031393
0.032930
0.028709
0.031711
0.031848
0.040387
0.030971
0.028725
0.030890
0.031172
0.032151
0.030770
0.033650
0.028385
0.032886
0.032504
0.033799
0.033171
0.031827
0.031314
0.030565
0.031205
0.030769
0.029167
0.029443
0.040019
0.032674
0.032349
0.032116
0.032043
0.035494
0.031990
0.033672
0.031161
0.033135
0.030457
0.032227
0.031717
0.031440
0.030886
0.032017
0.031081
0.031302
0.031563
0.031421
0.030301
0.028801
0.030705
0.092243
0.032248
0.031228
0.031003
0.031568
0.031437
0.031083
0.020145
0.034567
0.026040
0.031532
0.041107
0.032267
0.031668
0.032444
0.032474
0.033573
0.031481
0.017766
0.018085
0.020180
0.029551
0.030515
0.029385
0.029235
0.028268
0.032254
0.031560
0.032504
0.031033
0.034265
0.029008
0.031884
0.031940
0.031416
0.031933
0.033079
0.031639
0.031056
0.031735
0.036330
0.032384
0.030004
0.031504
0.030691
0.020927
0.018577
0.025666
0.033286
0.032309
0.037784
0.032547
0.026239
0.028834
0.032303
0.032503
0.031627
0.030595
0.033294
0.032094
0.040565
0.032173
0.031979
0.034988
0.025390
0.032208
0.031650
0.032762
0.032944
0.032956
0.042204
0.034366
0.032834
0.031448
0.033430
0.032064
0.032602
0.030839
0.031381
0.032952
0.033911
0.043023
0.035743
0.032321
0.026095
0.033047
0.031915
0.032684
0.031563
0.033955
0.032692
0.042990
0.033416
0.032749
0.032087
0.025501
0.032173
0.029376
0.032506
0.032502
0.032609
0.032460
0.041417
0.032929
0.032145
0.032437
0.019447
0.028824
0.029205
0.032033
0.032439
0.032184
0.043367
0.032776
0.032446
0.032003
0.032557
0.020665
0.031472
0.032390
0.031697
0.033014
0.032646
0.032703
0.032987
0.031830
0.032279
0.032277
0.022563
0.031673
0.032360
0.039604
0.032141
0.032879
0.030958
0.032745
0.033590
0.033442
0.032011
0.021413
0.028461
0.033957
0.032586
0.032934
0.034578
0.032418
0.032998
0.032343
0.032459
0.032753
0.022952
0.030270
0.033520
0.032713
0.023342
0.019368
0.024536
0.029158
0.030451
0.032831
0.031778
0.019849
0.036045
0.032714
0.030453
0.029056
0.033463
0.032290
0.032016
0.033355
0.032691
0.033209
0.021013
0.031022
0.032741
0.032595
0.035271
0.032363
0.032459
0.033009
0.031494
0.031950
0.036249
0.042063
0.029618
0.027308
0.025926
0.026333
0.026141
0.027689
0.030511
0.032355
0.032746
0.032849
0.029184
0.029179
0.032590
0.031818
0.031977
0.031493
0.032422
0.032093
0.031977
0.031130
0.039836
0.030886
0.025748
0.031010
0.035179
0.031332
0.033289
0.031162
0.032288
0.032338
0.040864
0.033757
0.032461
0.030646
0.032868
0.031483
0.031966
0.031327
0.032010
0.032184
0.033470
0.033364
0.032954
0.033574
0.032821
0.157714
0.036994
0.032311
0.032029
0.032386
0.042878
0.031764
0.026155
0.029370
0.031951
0.032006
0.034050
0.032441
0.030343
0.032153
0.041166
0.033090
0.032153
0.033014
0.029798
0.032710
0.032722
0.031791
0.031981
0.039256
0.033324
0.031557
0.031184
0.032034
0.031453
0.026299
0.032660
0.032539
0.021866
0.021809
0.023855
0.031529
0.032440
0.032427
0.038474
0.023563
0.028715
0.029303
0.033753
0.040425
0.032256
0.031282
0.032422
0.032099
0.030458
0.031258
0.018419
0.026995
0.035102
0.033489
0.031784
0.031663
0.031100
0.127275
0.031601
0.032433
0.022071
0.027927
0.033259
0.040958
0.032208
0.032426
0.032437
0.030876
0.031965
0.031532
0.030974
0.024389
0.027797
0.040806
0.034341
0.031653
0.031913
0.031635
0.032337
0.032118
0.031076
0.030989
0.027845
0.029692
0.032076
0.031888
0.031159
0.032055
0.031150
0.030832
0.033169
0.031923
0.031601
0.022613
0.028258
0.030254
0.031821
0.032243
0.031545
0.031753
0.032647
0.031039
0.038739
0.032344
0.033632
0.031048
0.034017
0.033545
0.032141
0.032075
0.031564
0.031905
0.032236
0.031119
0.030945
0.095263
0.025923
0.020753
0.021417
0.025619
0.031246
0.025684
0.027963
0.031452
0.031364
0.024867
0.033293
0.031103
0.032099
0.027670
0.032183
0.031589
0.033200
0.032543
0.032081
0.032152
0.022930
0.030573
0.033528
0.031485
0.031949
0.020895
0.018490
0.021041
0.031863
0.031851
0.032330
0.041211
0.020924
0.028359
0.032602
0.032038
0.034806
0.032090
0.032174
0.032949
0.040894
0.031818
0.033137
0.033443
0.029961
0.027664
0.031684
0.031826
0.031910
0.031762
0.041868
0.032326
0.032927
0.025703
0.029983
0.027157
0.031732
0.031609
0.032493
0.031893
0.040326
0.033556
0.031165
0.032168
0.019877
0.027983
0.031477
0.032730
0.032842
0.031887
0.038859
0.034030
0.032150
0.031574
0.031908
0.020160
0.026076
0.031359
0.032360
0.039763
0.042057
0.033006
0.031249
0.031661
0.032777
0.032369
0.020054
0.025465
0.030513
0.032054
0.040183
0.032354
0.032331
0.031500
0.031598
0.032039
0.031332
0.019337
0.028237
0.039143
0.033471
0.032062
0.032058
0.031525
0.050311
0.033540
0.032029
0.032025
0.031945
0.027885
0.033176
0.032937
0.034159
0.032807
0.031530
0.032709
0.031967
0.032893
0.031869
0.032807
0.032039
0.032372
0.032232
0.032759
0.032097
0.032588
0.032055
0.032424
0.031905
0.022083
0.034732
0.025805
0.031946
0.032386
0.021532
0.017880
0.026714
0.026010
0.032833
0.032444
0.031635
0.036010
0.031073
0.032874
0.031932
0.032493
0.031804
0.033736
0.032185
0.030916
0.033460
0.027773
0.034113
0.025126
0.032337
0.031785
0.032386
0.032365
0.031584
0.032591
0.032478
0.032423
0.038160
0.032260
0.031398
0.034071
0.032606
0.031872
0.031830
0.030732
0.031858
0.031366
0.040990
0.023256
0.031300
0.038599
0.032028
0.031980
0.031220
0.031740
0.032020
0.039847
0.035405
0.031798
0.020006
0.026723
0.023781
0.032444
0.032414
0.031426
0.032877
0.031180
0.041100
0.031709
0.031867
0.028759
0.033084
0.029270
0.035847
0.031732
0.032868
0.033092
0.034287
0.031949
0.032955
0.032960
0.025695
0.031549
0.026939
0.032099
0.032352
0.041973
0.032620
0.032746
0.033960
0.032456
0.032910
0.030423
0.033026
0.032632
0.032983
0.041050
0.033389
0.032215
0.032677
0.032154
0.031913
0.031908
0.121866
0.033383
0.032155
0.041664
0.032354
0.032283
0.032468
0.033413
0.036835
0.032515
0.032663
0.026678
0.032323
0.034433
0.021453
0.018863
0.020082
0.033400
0.033839
0.031909
0.033331
0.031018
0.033006
0.026208
0.032983
0.032375
0.033987
0.026034
0.019008
0.021201
0.020512
0.027107
0.019962
0.022419
0.033904
0.025842
0.022052
0.031612
0.026525
0.033193
0.046340
0.027937
0.096117
0.032861
0.021180
0.032495
0.029974
0.033900
0.032659
0.024834
0.033651
0.033122
0.025351
0.030681
0.032937
0.030506
0.028643
0.030344
0.032623
0.032405
0.031958
0.032221
0.032479
0.032257
0.032111
0.042147
0.021448
0.026730
0.031067
0.032106
0.032226
0.032464
0.032565
0.033207
0.032960
0.048673
0.033898
0.019401
0.028956
0.028620
0.032623
0.031929
0.033110
0.032807
0.031871
0.041261
0.031763
0.031659
0.020308
0.026654
0.023493
0.027359
0.028505
0.032142
0.039765
0.033230
0.029391
0.032425
0.031690
0.022315
0.030992
0.025849
0.031969
0.033020
0.022174
0.019498
0.024260
0.025239
0.031648
0.035520
0.028667
0.019513
0.028168
0.041014
0.032377
0.029572
0.033378
0.031886
0.032315
0.033345
0.031722
0.031397
0.026122
0.027720
0.033180
0.032591
0.022123
0.020969
0.019973
0.030423
0.031583
0.032784
0.030873
0.031981
0.033573
0.029155
0.032729
0.032526
0.032735
0.032534
0.032994
0.032445
0.032279
0.033745
0.033144
0.033371
0.025631
0.035224
0.033061
0.032975
0.032401
0.032346
0.032079
0.032384
0.031945
0.029960
0.034156
0.029679
0.031785
0.032956
0.031515
0.032271
0.032460
0.031986
0.031742
0.039768
0.028280
0.032144
0.028862
0.031183
0.031210
0.031853
0.033077
0.032695
0.032176
0.031381
0.029603
0.029383
0.032725
0.033552
0.030026
0.032571
0.029847
0.032148
0.028492
0.031288
0.032977
0.032716
0.032682
0.023284
0.029287
0.031247
0.032610
0.032304
0.032242
0.031743
0.040875
0.033408
0.033133
0.032771
0.020463
0.027462
0.031825
0.032842
0.031933
0.032705
0.033733
0.032094
0.032787
0.035867
0.033464
0.027366
0.032189
0.032755
0.032948
0.039764
0.033527
0.032026
0.032617
0.031563
0.032388
0.031565
0.028194
0.032806
0.028214
0.128858
0.032184
0.031805
0.032034
0.032149
0.032310
0.031879
0.019518
0.025345
0.028299
0.039645
0.030866
0.020685
0.018041
0.021408
0.031112
0.031503
0.031053
0.033541
0.020549
0.037970
0.031798
0.031257
0.030955
0.031876
0.031905
0.032217
0.031777
0.031903
0.031682
0.019434
0.037495
0.030582
0.031701
0.031340
0.032138
0.031907
0.032181
0.030861
0.032201
0.032771
0.019774
0.028337
0.027139
0.031203
0.031283
0.031917
0.031780
0.031271
0.031143
0.033323
0.032139
0.023689
0.032514
0.031651
0.031820
0.032708
0.032582
0.031685
0.031639
0.031430
0.032502
0.030783
0.032141
0.041635
0.024949
0.032764
0.031950
0.032285
0.031656
0.031707
0.032174
0.031565
0.031295
0.040091
0.033404
0.028132
0.031761
0.031827
0.031637
0.031886
0.031500
0.033293
0.031793
0.043253
0.033021
0.033075
0.031898
0.032525
0.031995
0.031661
0.032355
0.040658
0.535647
0.033334
0.031278
0.031879
0.028875
0.032321
0.031032
0.031686
0.029595
0.031846
0.023304
0.033227
0.032673
0.032786
0.031750
0.031859
0.031809
0.033492
0.031392
0.041582
0.030715
0.029445
0.025297
0.026560
0.021051
0.020694
0.026899
0.028401
0.024605
0.026394
0.033883
0.025482
0.031562
0.030015
0.032537
0.033803
0.032791
0.032215
0.033409
0.040027
0.033265
0.032224
0.019891
0.028233
0.032777
0.032275
0.032260
0.031611
0.032075
0.033278
0.033318
0.031894
0.032283
0.020662
0.027617
0.031737
0.032735
0.032935
0.032585
0.033179
0.043040
0.032602
0.031872
0.032974
0.020395
0.027747
0.033100
0.034854
0.031557
0.032500
0.041211
0.033564
0.034481
0.031884
0.033014
0.019706
0.028986
0.030597
0.032259
0.041849
0.032902
0.032472
0.032249
0.032589
0.032234
0.033657
0.020059
0.027469
0.032067
0.032510
0.041628
0.036750
0.032429
0.032517
0.032222
0.032681
0.032998
0.027577
0.025022
0.041615
0.033205
0.032533
0.032784
0.031626
0.032150
0.032524
0.031647
0.032021
0.032271
0.035544
0.033101
0.032124
0.034005
0.033116
0.031589
0.032195
0.031522
0.022051
0.021100
0.024666
0.030299
0.033902
0.032356
0.032976
0.029852
0.031033
0.032421
0.029730
0.032497
0.032315
0.032224
0.026590
0.033122
0.032162
0.025897
0.018827
0.022452
0.032517
0.033419
0.032702
0.032235
0.019851
0.028412
0.030630
0.032110
0.032116
0.031624
0.032321
0.031592
0.033420
0.032258
0.031885
0.023958
0.033000
0.029094
0.032132
0.032819
0.032702
0.030512
0.032518
0.032142
0.032237
0.039829
0.021787
0.030565
0.033080
0.032652
0.032368
0.031872
0.031734
0.032081
0.031823
0.039473
0.033175
0.021263
0.030529
0.027900
0.028493
0.027607
0.032080
0.032640
0.034428
0.039233
0.032795
0.032608
0.024073
0.031556
0.027689
0.032837
0.033133
0.032521
0.035649
0.040853
0.033381
0.032308
0.032707
0.023836
0.036763
0.027373
0.032492
0.032347
0.031631
0.033241
0.040039
0.031652
0.032346
0.031137
0.021036
0.028425
0.029694
0.032045
0.031400
0.039771
0.035656
0.033255
0.031710
0.032289
0.031865
0.020048
0.029581
0.030140
0.032491
0.039860
0.032361
0.032878
0.031083
0.031376
0.031645
0.030956
0.018879
0.027675
0.030873
0.032566
0.040847
0.033971
0.032646
0.032163
0.032491
0.031544
0.032020
0.019219
0.030271
0.031655
0.039537
0.022826
0.021661
0.019674
0.032626
0.031692
0.030908
0.031129
0.021826
0.036102
0.033151
0.032477
0.028886
0.032874
0.033089
0.032610
0.026288
0.031342
0.032477
0.030027
0.036159
0.032338
0.031201
0.030695
0.031044
0.031943
0.032226
0.031950
0.031414
0.031874
0.020296
0.036308
0.027255
0.031715
0.033593
0.031810
0.031252
0.031792
0.031818
0.031142
0.031649
0.019834
0.034066
0.023441
0.031746
0.031838
0.031526
0.032327
0.035338
0.032826
0.032031
0.032860
0.025171
0.032461
0.024107
0.027995
0.032340
0.032290
0.032693
0.033192
0.032388
0.031013
0.032468
0.032246
0.039513
0.091563
0.033537
0.032077
0.032088
0.032086
0.031554
0.031530
0.031659
0.032248
0.039006
0.029341
0.032260
0.031771
0.031796
0.032176
0.031492
0.031276
0.039510
0.039628
0.034468
0.032069
0.026680
0.032193
0.032158
0.032100
0.032050
0.028484
0.032412
0.040545
0.033392
0.031825
0.032301
0.029531
0.030596
0.033152
0.031809
0.031679
0.031824
0.033106
0.032981
0.032094
0.026341
0.033020
0.030113
0.031606
0.031438
0.030091
0.018709
0.031778
0.032516
0.031250
0.031370
0.031275
0.026437
0.028974
0.032599
0.031934
0.031568
0.032132
0.032264
0.031817
0.032445
0.031958
0.031789
0.030728
0.028732
0.028636
0.039559
0.032861
0.033823
0.032560
0.031193
0.032087
0.031768
0.032475
0.032486
0.029500
0.031551
0.040745
0.032416
0.037825
0.032435
0.032821
0.035866
0.032931
0.027572
0.032094
0.030163
0.032753
0.031792
0.032674
0.028601
0.030231
0.032147
0.032938
0.032234
0.025356
0.033103
0.040778
0.032477
0.032360
0.031441
0.031280
0.032295
0.031707
0.031878
0.031981
0.023185
0.040778
0.032080
0.031897
0.032386
0.032617
0.032319
0.031682
0.030694
0.032434
0.030760
0.019974
0.036639
0.028611
0.032216
0.032494
0.031996
0.032950
0.031533
0.031286
0.032590
0.032480
0.022410
0.031043
0.030138
0.031916
0.032250
0.031973
0.032282
0.032006
0.030942
0.030772
0.032461
0.017954
0.021211
0.019842
0.021602
0.022595
0.028355
0.027946
0.032085
0.031401
0.032739
0.031809
0.032262
0.024384
0.032412
0.026391
0.032644
0.032013
0.021133
0.018873
0.023275
0.024581
0.035421
0.033786
0.032733
0.023581
0.025774
0.024548
0.032521
0.033359
0.031750
0.022951
0.040429
0.032440
0.031668
0.031917
0.021372
0.028674
0.032526
0.032446
0.033199
0.032687
0.040433
0.033007
0.035743
0.032246
0.033197
0.018492
0.025622
0.023955
0.032007
0.040413
0.032661
0.031926
0.034192
0.033230
0.032318
0.032178
0.018644
0.027365
0.032849
0.040119
0.034062
0.032751
0.032613
0.031784
0.032012
0.031690
0.031526
0.019668
0.027208
0.031501
0.033424
0.032936
0.032266
0.032708
0.031413
0.031327
0.031940
0.031146
0.024215
0.039918
0.026900
0.026605
0.027309
0.026674
0.028339
0.030193
0.031408
0.032776
0.031041
0.032326
0.033655
0.024913
0.031087
0.033074
0.032173
0.032147
0.031446
0.031862
0.031583
0.028590
0.032180
0.022668
0.027196
0.029116
0.032036
0.031689
0.031666
0.030372
0.032805
0.032359
0.032430
0.032214
0.018146
0.028860
0.032735
0.031791
0.033756
0.032476
0.031481
0.032313
0.031374
0.031195
0.032632
0.026909
0.026865
0.026890
0.023589
0.025277
0.025753
0.020649
0.029977
0.032075
0.031682
0.033015
0.037543
0.033483
0.026912
0.031766
0.031364
0.031417
0.031873
0.032081
0.035109
0.040228
0.032974
0.032308
0.038095
0.025497
0.026866
0.033685
0.032495
0.032268
0.031323
0.032581
0.032373
0.031740
0.031341
0.021011
0.030810
0.031854
0.032030
0.031577
0.031480
0.041718
0.031752
0.032594
0.032005
0.031406
0.017994
0.027783
0.026348
0.032318
0.039636
0.032529
0.032059
0.031724
0.032426
0.032523
0.032159
0.026503
0.028705
0.034094
0.039434
0.032784
0.031576
0.033438
0.031640
0.031605
0.033022
0.031495
0.031398
0.028986
0.032572
0.040670
0.031989
0.032835
0.031633
0.033078
0.031444
0.032500
0.032869
0.031739
0.032554
0.033975
0.034660
0.032812
0.032315
0.032868
0.032553
0.031953
0.032351
0.031528
0.033406
0.036646
0.034462
0.032977
0.032297
0.031812
0.032490
0.032272
0.032158
0.032217
0.025810
0.039864
0.026936
0.032076
0.031853
0.032419
0.031170
0.032401
0.032564
0.032130
0.032564
0.022135
0.033341
0.032699
0.032109
0.029068
0.020970
0.020730
0.026789
0.027125
0.030966
0.031731
0.034814
0.038781
0.025140
0.032722
0.032345
0.032558
0.032650
0.032746
0.031912
0.032607
0.031572
0.034916
0.032273
0.031439
0.032421
0.032608
0.032700
0.032374
0.032108
0.031982
0.031767
0.031767
0.027035
0.024431
0.027114
0.032626
0.031831
0.032101
0.031932
0.031970
0.031752
0.031653
0.031095
0.029003
0.028149
0.023091
0.032424
0.032215
0.032408
0.032429
0.032564
0.032593
0.031722
0.031857
0.023278
0.028559
0.030098
0.032246
0.032465
0.031733
0.031622
0.031519
0.031392
0.031708
0.040183
0.022705
0.030785
0.030624
0.031825
0.031806
0.032072
0.031799
0.031672
0.031438
0.039835
0.031006
0.023707
0.029861
0.032650
0.032809
0.031610
0.031139
0.033737
0.041536
0.032461
0.032590
0.029345
0.020092
