285
476
607
738
869
1000
1132
1263
1394
1526
1657
1788
1919
2050
2181
2312
2443
2574
2705
2836
2967
3098
3229
3360
3491
3622
3753
3884
4015
4146
4277
4408
4539
4670
4801
4932
5063
5194
5325
5456
5587
5718
5849
5980
6111
6242
6373
6504
6635
6766
6897
7028
7159
7290
7421
7552
7683
7814
7945
8076
8207
8339
8470
8601
8732
8863
8994
9125
9256
9387
9518
9649
9780
9911
10042
10173
10304
10435
10566
10697
10828
10959
11090
11221
11352
11483
11614
11745
11876
12007
12138
12269
12400
12531
12662
12793
12924
13055
13186
13317
13448
13579
13710
13841
13972
14104
14235
14366
14497
14628
14759
14890
15021
15152
15283
15414
15545
15676
15807
15938
16069
16200
16331
16462
16593
16724
16855
16986
17117
17248
17379
17510
17642
17774
17906
18037
18168
18299
18430
18561
18692
18823
18954
19085
19216
19347
19478
19609
19740
19871
20002
20133
20264
20395
20526
20657
20788
20919
21050
21181
21312
21443
21574
21705
21836
21967
22098
22229
22360
22491
22622
22753
22884
23015
23146
23277
23408
23539
23671
23802
23933
24064
24195
24326
24457
24588
24719
24850
24981
25112
25243
25374
25505
25636
25767
25898
26029
26160
26291
26422
26553
26684
26815
26946
27077
27208
27339
27470
27601
27732
27863
27994
28125
28256
28387
28518
28649
28780
28911
29042
29173
29304
29435
29566
29697
29828
29959
30090
30221
30352
30483
30614
30745
30876
31007
31138
31269
31400
31531
31662
31793
31924
32056
32187
32318
32449
32581
32712
32843
32974
33105
33236
33367
33498
33629
33760
33891
34022
34153
34284
34415
34546
34677
34808
34939
35070
35201
35332
35463
35594
35725
35856
35987
36118
36249
36380
36511
36642
36773
36904
37035
37166
37297
37428
37559
37690
37821
37952
38083
38214
38345
38476
38607
38738
38869
39000
39131
39263
39394
39525
39656
39787
39918
40049
40180
40311
40442
40573
40704
40835
40966
41097
41228
41359
41490
41621
41752
41883
42014
42145
42276
42407
42538
42669
42800
42931
43062
43193
43324
43455
43586
43717
43848
43979
44110
44241
44372
44503
44634
44765
44896
45027
45158
45289
45420
45551
45682
45813
45944
46075
46206
46337
46468
46599
46730
46861
46992
47123
47254
47385
47516
47647
47778
47909
48040
48171
48302
48433
48564
48695
48826
48957
49088
49219
49350
49481
49612
49743
49874
50005
50136
50267
50398
50529
50660
50791
50922
51053
51184
51315
51446
51577
51708
51839
51970
52101
52232
52363
52494
52625
52756
52887
53018
53149
53280
53411
53542
53673
53804
53935
54066
54197
54328
54459
54590
54721
54852
54983
55114
55245
55376
55507
55639
55770
55901
56032
56163
56294
56425
56556
56687
56818
56949
57080
57211
57342
57473
57604
57735
57866
57997
58128
58259
58390
58521
58652
58783
58914
59045
59176
59307
59438
59569
59700
59832
59963
60094
60225
60356
60487
60618
60750
60881
61012
61143
61274
61405
61536
61667
61798
61929
62060
62191
62322
62453
62584
62715
62846
62977
63108
63239
63370
63501
63632
63763
63894
64025
64156
64288
64419
64550
64681
64812
64943
65074
65205
65336
65467
65598
65729
65860
65991
66122
66253
66384
66515
66646
66777
66908
67039
67170
67301
67432
67563
67694
67825
67956
68087
68218
68349
68480
68611
68742
68873
69004
69135
69266
69397
69528
69659
69790
69921
70052
70183
70314
70445
70576
70707
70838
70969
71100
71231
71362
71493
71624
71755
71886
72017
72148
72279
72410
72541
72672
72804
72935
73066
73197
73328
73459
73590
73721
73852
73983
74115
74246
74377
74508
74639
74770
74901
75032
75163
75294
75425
75556
75687
75818
75949
76080
76211
76342
76473
76604
76735
76866
76997
77128
77259
77390
77521
77652
77783
77914
78045
78176
78307
78438
78569
78700
78831
78962
79093
79224
79355
79486
79617
79748
79879
80010
80141
80272
80403
80534
80665
80796
80927
81058
81189
81320
81451
81582
81713
81844
81975
82106
82237
82368
82499
82630
82761
82892
83023
83154
83285
83416
83547
83678
83809
83940
84071
84202
84333
84464
84595
84726
84857
84988
85119
85250
85381
85512
85643
85774
85905
86036
86167
86298
86429
86560
86691
86822
86953
87084
87215
87346
87477
87608
87739
87870
88001
88132
88263
88394
88526
88657
88788
88919
89050
89181
89312
89443
89574
89705
89836
89967
90098
90229
90360
90491
90622
90753
90884
91015
91146
91277
91408
91539
91670
91801
91932
92063
92195
92326
92457
92588
92719
92850
92981
93112
93243
93374
93505
93636
93767
93898
94029
94160
94291
94422
94553
94684
94815
94946
95077
95208
95339
95470
95601
95732
95863
95994
96125
96256
96387
96518
96649
96780
96911
97042
97173
97304
97435
97566
97697
97828
97959
98090
98221
98352
98483
98614
98745
98876
99007
99138
99269
99400
99531
99662
99793
99924
100055
100186
100317
100448
100579
100710
100841
100972
101103
101234
101365
101496
101627
101758
101889
102020
102151
102282
102413
102544
102675
102806
102937
103068
103199
103330
103461
103592
103723
103854
103985
104116
104247
104378
104510
104641
104772
104903
105034
105165
105296
105427
105558
105689
105820
105951
106082
106213
106344
106475
106606
106737
106868
106999
107131
107262
107393
107524
107655
107786
107917
108048
108179
108310
108442
108573
108704
108835
108966
109097
109228
109359
109490
109621
109752
109883
110014
110145
110276
110407
110538
110669
110801
110932
111063
111194
111325
111456
111587
111718
111849
111980
112111
112242
112373
112504
112635
112766
112897
113028
113159
113290
113421
113552
113683
113814
113945
114076
114207
114338
114469
114600
114731
114862
114993
115124
115255
115386
115517
115648
115779
115910
116041
116172
116303
116434
116565
116696
116827
116959
117090
117221
117352
117483
117614
117745
117877
118008
118139
118270
118401
118533
118664
118795
118926
119057
119188
119319
119450
119581
119712
119843
119974
120105
120236
120367
120498
120629
120760
120891
121023
121154
121285
121416
121547
121678
121809
121940
122071
122203
122334
122465
122596
122727
122858
122989
123120
123251
123382
123513
123644
123775
123906
124037
124168
124299
124430
124561
124692
124823
124954
125085
125216
125347
125478
125609
125740
125871
126002
126133
126264
126395
126526
126657
126788
126919
127050
127181
127312
127443
127574
127705
127836
127967
128098
128229
128360
128491
128622
128753
128884
129015
129146
129277
129408
129539
129670
129801
129932
130063
130194
130325
130456
130587
130718
130849
130980
131111
131243
131375
131507
131639
131771
131903
132035
132167
132299
132431
132563
132695
132827
132959
133092
133224
133356
133488
133620
133752
133884
134016
134148
134280
134412
134544
134676
134808
134940
135072
135204
135336
135468
135600
135732
135865
135997
136129
136261
136393
136525
136657
136789
136922
137054
137186
137318
137450
137582
137714
137846
137978
138110
138242
138374
138506
138638
138770
138902
139034
139166
139298
139430
139562
139694
139826
139958
140090
140222
140354
140486
140618
140750
140882
141014
141146
141278
141410
141542
141674
141806
141938
142070
142202
142334
142466
142598
142730
142862
142994
143127
143259
143391
143524
143656
143788
143920
144052
144184
144316
144448
144580
144712
144844
144976
145108
145240
145372
145504
145636
145768
145900
146032
146164
146296
146428
146560
146692
146824
146956
147088
147220
147352
147484
147616
147749
147881
148013
148145
148277
148409
148541
148673
148805
148937
149069
149201
149333
149465
149597
149729
149861
149993
150125
150257
150389
150522
150654
150786
150918
151050
151182
151314
151446
151578
151710
151842
151974
152106
152238
152371
152503
152635
152767
152899
153031
153163
153295
153427
153559
153691
153823
153955
154087
154219
154351
154483
154615
154747
154879
155011
155143
155275
155407
155539
155671
155803
155935
156067
156199
156331
156463
156595
156727
156859
156991
157123
157255
157387
157519
157651
157783
157915
158047
158179
158311
158443
158576
158708
158840
158972
159104
159236
159368
159500
159632
159764
159896
160028
160160
160292
160424
160556
160688
160820
160952
161084
161216
161348
161480
161612
161744
161876
162008
162140
162273
162405
162537
162669
162801
162933
163065
163197
163329
163461
163593
163725
163857
163989
164121
164253
164385
164517
164649
164781
164913
165045
165177
165309
165441
165573
165705
165837
165969
166101
166233
166365
166497
166629
166761
166893
167025
167157
167289
167421
167553
167685
167817
167949
168081
168213
168345
168477
168609
168741
168873
169005
169137
169269
169401
169533
169665
169797
169929
170061
170193
170326
170458
170590
170722
170854
170986
171118
171250
171382
171514
171646
171778
171910
172042
172174
172306
172439
172571
172703
172835
172967
173099
173231
173363
173495
173627
173759
173891
174023
174155
174287
174419
174551
174683
174815
174947
175079
175211
175343
175475
175607
175739
175871
176003
176135
176267
176399
176531
176663
176795
176927
177059
177191
177323
177455
177587
177719
177852
177984
178116
178248
178380
178512
178645
178777
178909
179041
179174
179306
179438
179570
179702
179834
179966
180098
180230
180362
180494
180626
180758
180890
181022
181154
181286
181418
181550
181682
181814
181946
182078
182210
182342
182474
182606
182738
182870
183002
183134
183266
183398
183530
183662
183794
183926
184058
184190
184322
184454
184586
184718
184850
184982
185114
185246
185378
185510
185642
185774
185906
186038
186170
186302
186434
186566
186698
186830
186962
187094
187226
187358
187490
187622
187754
187886
188019
188151
188283
188415
188547
188679
188811
188943
189075
189207
189339
189471
189603
189735
189867
189999
190131
190263
190395
190527
190659
190791
190923
191055
191187
191319
191451
191583
191715
191847
191979
192111
192243
192375
192507
192639
192771
192903
193035
193167
193299
193431
193563
193695
193827
193959
194091
194223
194355
194487
194619
194751
194883
195015
195147
195279
195411
195543
195675
195807
195939
196071
196203
196335
196467
196599
196731
196863
196995
197127
197259
197391
197523
197655
197787
197919
198051
198183
198315
198447
198579
198711
198843
198975
199107
199240
199373
199505
199637
199769
199901
200033
200165
200297
200429
200561
200693
200825
200957
201089
201221
201353
201485
201617
201749
201881
202013
202145
202277
202409
202541
202673
202805
202937
203069
203201
203333
203465
203597
203729
203861
203993
204125
204257
204389
204521
204653
204785
204917
205050
205182
205314
205446
205578
205710
205842
205974
206106
206238
206370
206502
206634
206766
206898
207030
207162
207294
207426
207558
207690
207822
207954
208086
208218
208350
208482
208614
208746
208878
209010
209142
209274
209406
209538
209670
209802
209934
210066
210198
210330
210462
210594
210726
210858
210990
211122
211254
211386
211518
211650
211782
211914
212046
212178
212310
212442
212574
212706
212838
212970
213102
213234
213366
213498
213630
213762
213894
214026
214158
214290
214422
214554
214686
214819
214951
215083
215215
215347
215479
215611
215743
215875
216007
216139
216271
216403
216535
216667
216799
216931
217063
217195
217327
217459
217591
217723
217855
217987
218119
218251
218384
218516
218648
218780
218912
219044
219176
219308
219440
219572
219704
219836
219968
220100
220232
220364
220496
220628
220760
220892
221024
221156
221288
221420
221552
221684
221816
221948
222080
222212
222344
222476
222608
222740
222873
223005
223137
223269
223401
223533
223665
223797
223929
224061
224193
224325
224457
224589
224721
224853
224985
225117
225249
225381
225513
225645
225777
225909
226041
226173
226306
226438
226570
226702
226834
226966
227098
227230
227362
227494
227626
227758
227890
228022
228154
228286
228418
228550
228682
228814
228946
229078
229210
229342
229474
229606
229738
229870
230002
230134
230266
230398
230530
230662
230794
230926
231058
231190
231322
231454
231586
231718
231850
231982
232114
232246
232378
232510
232642
232774
232906
233038
233170
233302
233434
233566
233698
233830
233962
234094
234226
234358
234490
234622
234754
234886
235018
235150
235282
235414
235546
235678
235810
235942
236074
236206
236338
236470
236602
236734
236866
236998
237130
237262
237394
237526
237658
237790
237922
238054
238186
238318
238450
238582
238714
238846
238978
239110
239242
239374
239506
239638
239770
239902
240034
240166
240298
240430
240562
240694
240826
240958
241090
241222
241354
241486
241618
241750
241882
242014
242146
242278
242410
242542
242674
242806
242938
243070
243202
243334
243466
243598
243730
243862
243994
244126
244258
244390
244522
244654
244786
244918
245050
245182
245314
245446
245578
245710
245842
245974
246106
246238
246370
246502
246634
246766
246898
247030
247162
247294
247426
247558
247690
247822
247954
248086
248218
248350
248482
248614
248746
248878
249010
249142
249274
249406
249538
249671
249803
249935
250067
250199
250331
250463
250595
250727
250859
250991
251123
251255
251387
251519
251651
251783
251915
252047
252179
252311
252443
252575
252707
252839
252971
253103
253235
253367
253499
253631
253763
253895
254027
254159
254291
254423
254555
254687
254819
254951
255083
255215
255347
255479
255611
255743
255875
256007
256139
256271
256403
256535
256667
256799
256931
257064
257196
257328
257460
257592
257724
257856
257988
258120
258252
258384
258516
258648
258780
258912
259044
259176
259308
259440
259572
259704
259836
259968
260100
260232
260364
260496
260628
260760
260892
261024
261156
261288
261420
261552
261684
261816
261948
262080
262212
262344
262476
262608
262740
262872
263004
263136
263268
263400
263532
263664
263796
263928
264060
264192
264324
264456
264588
264720
264852
264984
265116
265248
265380
265512
265644
265776
265908
266040
266172
266304
266436
266568
266700
266832
266964
267096
267228
267360
267492
267624
267756
267888
268020
268153
268285
268417
268549
268681
268813
268945
269077
269209
269341
269473
269605
269737
269869
270001
270133
270265
270397
270529
270661
270793
270925
271057
271189
271321
271453
271585
271718
271850
271982
272114
272246
272378
272510
272642
272774
272906
273038
273170
273302
273434
273566
273698
273830
273962
274094
274226
274358
274490
274622
274754
274886
275018
275150
275282
275414
275546
275678
275810
275942
276074
276206
276338
276470
276602
276734
276866
276998
277130
277262
277394
277526
277658
277790
277922
278054
278186
278318
278450
278582
278714
278846
278978
279110
279242
279374
279506
279638
279770
279902
280034
280166
280298
280431
280563
280695
280827
280959
281091
281224
281356
281489
281621
281753
281885
282017
282149
282281
282413
282545
282677
282809
282941
283073
283205
283337
283469
283601
283733
283865
283997
284129
284261
284393
284525
284657
284789
284921
285053
285185
285317
285449
285581
285713
285845
285977
286109
286241
286373
286505
286637
286770
286902
287034
287166
287299
287431
287563
287695
287827
287959
288091
288223
288355
288487
288619
288751
288883
289015
289147
289279
289411
289543
289675
289807
289939
290071
290203
290335
290467
290599
290731
290863
290995
291127
291259
291391
291523
291655
291787
291919
292051
292183
292315
292447
292579
292711
292843
292975
293107
293239
293371
293503
293635
293767
293899
294031
294163
294295
294427
294559
294691
294823
294955
295087
295219
295352
295484
295617
295749
295881
296013
296145
296277
296409
296541
296673
296805
296937
297069
297201
297333
297465
297597
297729
297861
297993
298125
298257
298390
298522
298654
298786
298918
299050
299182
299314
299446
299578
299710
299842
299974
300106
300238
300370
300502
300634
300766
300898
301030
301162
301294
301426
301558
301690
301822
301954
302086
302218
302350
302482
302614
302746
302878
303010
303142
303274
303406
303538
303670
303802
303934
304066
304198
304330
304462
304594
304726
304858
304990
305122
305254
305386
305518
305651
305783
305915
306047
306179
306312
306444
306576
306708
306840
306972
307104
307236
307368
307500
307632
307764
307896
308028
308160
308292
308424
308556
308688
308820
308952
309084
309216
309348
309481
309613
309745
309877
310009
310141
310273
310405
310537
310669
310801
310933
311065
311197
311329
311461
311593
311725
311857
311989
312121
312253
312385
312517
312649
312781
312913
313045
313177
313309
313441
313573
313705
313837
313969
314101
314233
314365
314497
314629
314761
314893
315025
315157
315289
315421
315553
315685
315817
315949
316081
316213
316345
316477
316609
316741
316873
317005
317137
317269
317401
317533
317665
317797
317929
318061
318193
318325
318457
318589
318721
318853
318985
319117
319249
319381
319513
319645
319777
319909
320041
320173
320305
320437
320569
320701
320833
320965
321097
321229
321361
321493
321625
321757
321889
322021
322153
322285
322417
322549
322681
322813
322945
323077
323209
323341
323473
323605
323737
323869
324001
324133
324265
324397
324529
324661
324794
324926
325058
325190
325322
325454
325586
325719
325851
325983
326115
326247
326379
326511
326644
326776
326908
327040
327172
327304
327436
327568
327700
327832
327964
328096
328228
328360
328492
328624
328756
328888
329020
329152
329284
329416
329548
329680
329812
329944
330076
330208
330340
330472
330604
330736
330868
331000
331132
331264
331396
331528
331660
331792
331924
332056
332188
332320
332452
332585
332717
332849
332981
333113
333245
333377
333509
333641
333773
333905
334037
334169
334301
334433
334565
334697
334829
334961
335093
335225
335357
335489
335621
335753
335885
336017
336149
336281
336414
336546
336678
336810
336942
337074
337206
337338
337470
337602
337734
337866
337998
338130
338262
338394
338527
338659
338791
338923
339055
339187
339319
339451
339583
339715
339847
339979
340111
340243
340375
340507
340639
340771
340903
341035
341167
341300
341432
341564
341696
341828
341960
342092
342224
342356
342488
342620
342752
342884
343016
343148
343280
343412
343544
343676
343808
343940
344072
344204
344336
344468
344600
344732
344864
344996
345128
345260
345392
345524
345656
345788
345920
346052
346184
346316
346448
346580
346712
346844
346976
347108
347240
347372
347504
347636
347768
347900
348032
348164
348297
348429
348561
348693
348825
348957
349089
349221
349353
349485
349617
349749
349881
350013
350145
350277
350409
350541
350673
350805
350937
351069
351201
351333
351465

288
480
612
744
876
1008
1141
1273
1405
1537
1669
1801
1933
2065
2197
2329
2461
2593
2725
2857
2989
3121
3253
3385
3517
3649
3781
3913
4045
4177
4309
4441
4573
4705
4837
4969
5101
5233
5365
5497
5629
5761
5893
6025
6157
6289
6421
6553
6685
6817
6949
7081
7213
7346
7478
7610
7742
7874
8006
8138
8270
8402
8534
8666
8798
8930
9062
9194
9326
9458
9590
9722
9854
9986
10118
10250
10382
10514
10646
10778
10910
11042
11174
11306
11438
11570
11702
11834
11966
12098
12231
12363
12495
12627
12759
12891
13023
13155
13287
13419
13551
13683
13815
13947
14079
14211
14343
14475
14607
14739
14871
15003
15135
15267
15399
15531
15663
15795
15927
16059
16191
16323
16455
16587
16719
16851
16983
17115
17247
17379
17511
17643
17775
17907
18040
18172
18304
18436
18568
18700
18832
18964
19096
19228
19360
19492
19624
19756
19888
20020
20152
20284
20416
20548
20680
20812
20944
21076
21208
21340
21472
21604
21736
21868
22000
22132
22264
22396
22528
22660
22792
22924
23056
23188
23320
23452
23584
23716
23848
23980
24112
24245
24377
24509
24641
24773
24905
25038
25170
25302
25434
25566
25698
25830
25962
26094
26226
26358
26490
26622
26754
26886
27018
27150
27282
27414
27546
27678
27810
27942
28074
28206
28338
28470
28602
28734
28866
28998
29130
29262
29394
29527
29659
29791
29923
30055
30187
30319
30451
30583
30715
30847
30979
31111
31243
31375
31507
31639
31771
31903
32035
32167
32299
32431
32563
32695
32827
32959
33091
33223
33355
33487
33619
33751
33883
34015
34147
34279
34411
34543
34675
34807
34939
35071
35203
35335
35467
35599
35731
35863
35995
36127
36259
36391
36523
36655
36788
36920
37052
37184
37316
37448
37580
37712
37844
37976
38108
38240
38372
38504
38636
38768
38900
39032
39164
39296
39428
39560
39692
39824
39956
40088
40220
40352
40484
40616
40748
40880
41012
41144
41276
41408
41540
41672
41804
41936
42068
42200
42332
42464
42596
42728
42860
42992
43124
43256
43388
43520
43652
43784
43916
44048
44180
44312
44444
44576
44708
44840
44972
45104
45236
45368
45500
45632
45764
45896
46028
46160
46292
46424
46556
46688
46820
46952
47084
47216
47348
47480
47612
47744
47876
48008
48140
48272
48404
48536
48668
48800
48932
49064
49196
49328
49460
49592
49724
49856
49988
50120
50252
50384
50516
50648
50780
50912
51044
51176
51308
51440
51572
51704
51836
51968
52100
52232
52364
52496
52628
52760
52892
53024
53156
53288
53420
53552
53684
53816
53948
54080
54212
54344
54476
54608
54740
54872
55004
55136
55268
55400
55532
55664
55796
55929
56061
56193
56325
56457
56589
56721
56853
56985
57117
57249
57381
57513
57645
57777
57909
58041
58173
58305
58437
58569
58701
58833
58965
59097
59229
59361
59493
59625
59757
59890
60022
60154
60286
60418
60550
60682
60814
60946
61078
61210
61342
61474
61606
61738
61870
62002
62134
62266
62398
62530
62662
62794
62926
63058
63190
63322
63454
63586
63718
63850
63982
64114
64246
64378
64510
64642
64774
64906
65038
65170
65302
65434
65566
65698
65830
65962
66094
66226
66358
66490
66622
66754
66886
67018
67150
67282
67414
67546
67678
67810
67942
68074
68206
68338
68470
68602
68734
68866
68998
69130
69262
69394
69526
69658
69790
69922
70054
70186
70318
70450
70582
70714
70846
70978
71111
71243
71375
71507
71639
71771
71903
72035
72167
72299
72431
72563
72695
72827
72959
73091
73223
73356
73488
73620
73752
73884
74016
74148
74280
74412
74544
74676
74808
74940
75072
75204
75336
75468
75600
75732
75864
75996
76128
76260
76392
76524
76656
76788
76920
77052
77185
77317
77449
77581
77713
77845
77977
78109
78241
78373
78505
78637
78769
78901
79033
79165
79297
79429
79561
79693
79825
79957
80089
80221
80353
80486
80618
80750
80882
81014
81146
81278
81410
81542
81674
81806
81938
82070
82202
82334
82466
82598
82730
82862
82994
83126
83258
83390
83522
83655
83787
83919
84051
84183
84315
84447
84579
84711
84843
84975
85107
85239
85371
85503
85635
85767
85900
86032
86164
86296
86428
86560
86692
86824
86956
87088
87220
87352
87484
87616
87748
87880
88012
88144
88276
88408
88540
88672
88804
88936
89068
89200
89333
89465
89597
89729
89861
89993
90125
90257
90389
90521
90653
90785
90917
91049
91181
91313
91445
91577
91709
91841
91973
92105
92237
92369
92501
92633
92765
92897
93029
93161
93293
93425
93557
93689
93821
93953
94085
94217
94349
94481
94613
94745
94877
95009
95141
95273
95405
95537
95669
95801
95933
96065
96197
96329
96461
96593
96725
96857
96989
97121
97253
97385
97517
97649
97781
97913
98045
98177
98309
98441
98573
98705
98837
98969
99101
99233
99365
99497
99629
99761
99893
100025
100157
100289
100421
100553
100685
100817
100949
101081
101213
101345
101477
101609
101741
101873
102005
102137
102269
102401
102533
102665
102797
102929
103061
103193
103325
103457
103590
103722
103854
103986
104118
104250
104382
104514
104646
104778
104911
105044
105176
105308
105440
105572
105704
105836
105968
106100
106232
106364
106496
106628
106760
106892
107024
107156
107288
107420
107552
107684
107816
107948
108080
108212
108344
108476
108608
108740
108872
109004
109136
109268
109400
109532
109664
109796
109928
110060
110192
110324
110456
110588
110720
110852
110984
111116
111248
111380
111512
111644
111776
111908
112040
112172
112304
112436
112568
112700
112832
112964
113096
113228
113360
113492
113624
113756
113888
114020
114152
114284
114416
114548
114680
114812
114944
115076
115208
115341
115473
115605
115737
115869
116001
116133
116265
116397
116529
116661
116793
116925
117057
117189
117321
117453
117585
117717
117849
117981
118114
118246
118378
118510
118642
118774
118907
119039
119171
119303
119435
119567
119699
119831
119963
120095
120227
120359
120491
120623
120755
120887
121019
121151
121283
121415
121547
121679
121811
121943
122075
122207
122339
122471
122603
122735
122867
122999
123131
123263
123395
123527
123659
123791
123923
124055
124187
124319
124451
124583
124715
124847
124979
125111
125243
125375
125507
125639
125771
125903
126035
126167
126299
126431
126563
126695
126827
126959
127091
127223
127355
127487
127619
127751
127883
128015
128147
128279
128411
128543
128675
128807
128939
129071
129203
129335
129467
129599
129731
129863
129995
130127
130259
130391
130523
130655
130787
130919
131051
131183
131315
131447
131579
131711
131843
131975
132107
132239
132371
132503
132635
132767
132899
133031
133163
133295
133427
133559
133691
133823
133955
134087
134219
134351
134483
134615
134747
134879
135011
135143
135275
135407
135539
135671
135803
135935
136067
136199
136331
136463
136595
136727
136859
136991
137123
137255
137387
137519
137651
137783
137915
138047
138179
138311
138443
138575
138707
138839
138971
139103
139235
139367
139499
139631
139763
139895
140027
140159
140291
140423
140555
140687
140819
140951
141083
141215
141347
141479
141611
141743
141875
142007
142139
142271
142403
142535
142667
142799
142931
143063
143195
143327
143459
143591
143723
143855
143987
144119
144251
144383
144515
144647
144779
144911
145043
145175
145307
145439
145571
145703
145835
145967
146099
146231
146363
146495
146627
146759
146891
147023
147155
147287
147419
147551
147683
147815
147947
148079
148211
148343
148475
148607
148739
148871
149003
149135
149267
149399
149531
149663
149795
149927
150059
150191
150323
150455
150587
150719
150851
150983
151115
151247
151379
151512
151644
151776
151908
152040
152172
152304
152436
152568
152700
152832
152964
153096
153228
153360
153492
153624
153756
153888
154020
154152
154284
154416
154548
154680
154812
154944
155076
155208
155340
155472
155604
155736
155869
156001
156134
156266
156398
156530
156662
156794
156926
157058
157190
157322
157454
157586
157718
157850
157982
158114
158246
158378
158510
158642
158774
158906
159038
159170
159302
159434
159566
159698
159830
159962
160094
160226
160358
160490
160622
160754
160886
161018
161150
161282
161414
161546
161678
161810
161942
162074
162206
162338
162470
162602
162734
162866
162998
163130
163262
163394
163526
163659
163791
163923
164055
164187
164319
164451
164583
164715
164847
164979
165111
165243
165376
165508
165640
165772
165904
166036
166168
166300
166432
166564
166696
166828
166960
167092
167224
167356
167488
167620
167752
167884
168016
168148
168280
168412
168544
168676
168808
168940
169072
169204
169336
169468
169600
169732
169864
169996
170128
170260
170392
170524
170656
170788
170920
171052
171184
171316
171448
171580
171712
171844
171976
172108
172240
172372
172504
172636
172768
172900
173032
173164
173296
173428
173560
173692
173824
173956
174088
174220
174352
174484
174616
174748
174880
175012
175144
175276
175408
175540
175672
175804
175936
176068
176200
176332
176464
176596
176728
176860
176992
177124
177256
177388
177520
177652
177784
177916
178048
178180
178312
178444
178576
178708
178840
178972
179104
179236
179368
179500
179632
179764
179896
180028
180160
180292
180424
180556
180688
180820
180952
181084
181216
181348
181480
181612
181744
181876
182008
182140
182272
182404
182536
182668
182800
182932
183064
183196
183328
183460
183592
183724
183856
183988
184120
184252
184384
184516
184648
184780
184912
185044
185176
185308
185440
185572
185704
185836
185968
186100
186232
186364
186496
186628
186760
186892
187024
187156
187288
187420
187552
187684
187816
187948
188081
188213
188345
188477
188609
188741
188873
189005
189137
189269
189401
189533
189665
189797
189929
190061
190193
190325
190457
190589
190721
190853
190985
191117
191249
191381
191513
191645
191777
191909
192041
192173
192305
192438
192570
192702
192834
192966
193098
193230
193362
193494
193626
193758
193890
194022
194154
194286
194418
194550
194682
194814
194946
195078
195210
195343
195475
195607
195739
195871
196003
196135
196267
196399
196531
196663
196795
196927
197059
197191
197323
197455
197587
197719
197851
197983
198115
198247
198379
198512
198644
198776
198908
199040
199172
199304
199436
199568
199700
199832
199964
200096
200228
200360
200492
200624
200756
200888
201020
201152
201284
201416
201548
201680
201812
201944
202076
202208
202340
202472
202604
202736
202868
203000
203132
203264
203396
203528
203660
203792
203924
204056
204188
204320
204452
204584
204716
204848
204980
205112
205244
205376
205508
205640
205772
205904
206036
206168
206301
206433
206565
206697
206829
206961
207093
207225
207357
207489
207621
207753
207885
208017
208149
208282
208414
208546
208678
208810
208942
209074
209206
209338
209470
209602
209734
209866
209998
210130
210262
210394
210526
210658
210790
210922
211054
211186
211318
211450
211582
211714
211846
211978
212110
212242
212374
212506
212638
212770
212902
213034
213166
213298
213430
213562
213694
213826
213958
214090
214222
214354
214486
214619
214751
214883
215015
215147
215279
215411
215543
215675
215807
215939
216072
216204
216336
216468
216600
216732
216864
216996
217128
217260
217392
217524
217656
217788
217920
218052
218184
218316
218448
218580
218712
218844
218976
219108
219240
219372
219504
219636
219768
219900
220032
220164
220296
220428
220560
220692
220824
220956
221088
221220
221352
221484
221616
221748
221880
222012
222144
222276
222408
222540
222672
222804
222936
223068
223200
223332
223464
223596
223728
223860
223992
224124
224256
224388
224520
224652
224784
224916
225048
225180
225312
225444
225576
225708
225840
225972
226104
226236
226368
226500
226632
226764
226896
227028
227160
227292
227424
227556
227688
227820
227952
228084
228216
228348
228480
228612
228744
228876
229008
229140
229272
229404
229536
229668
229800
229932
230064
230196
230328
230460
230592
230724
230856
230988
231120
231252
231384
231516
231648
231780
231912
232044
232176
232308
232440
232572
232704
232836
232968
233100
233232
233364
233496
233628
233760
233892
234024
234156
234288
234420
234552
234684
234816
234948
235080
235212
235344
235476
235608
235740
235872
236004
236136
236268
236400
236532
236664
236796
236928
237060
237192
237324
237456
237588
237720
237852
237984
238116
238248
238380
238512
238644
238776
238908
239040
239172
239304
239436
239568
239700
239832
239964
240096
240228
240360
240492
240624
240756
240888
241020
241153
241285
241417
241549
241681
241813
241946
242078
242210
242342
242474
242606
242738
242870
243002
243134
243266
243398
243530
243662
243794
243926
244058
244190
244322
244454
244586
244718
244850
244982
245114
245246
245378
245510
245642
245774
245906
246038
246170
246302
246434
246566
246698
246830
246962
247094
247226
247358
247490
247622
247754
247886
248018
248150
248282
248414
248546
248678
248810
248942
249074
249206
249338
249470
249602
249734
249866
249998
250130
250262
250394
250526
250658
250790
250922
251054
251186
251318
251450
251582
251714
251846
251978
252110
252242
252374
252506
252638
252770
252902
253034
253166
253298
253430
253562
253694
253826
253958
254090
254222
254354
254486
254618
254750
254882
255014
255146
255278
255410
255542
255674
255806
255938
256070
256202
256334
256466
256598
256730
256862
256994
257126
257258
257390
257522
257654
257786
257918
258050
258182
258314
258446
258578
258710
258842
258974
259106
259238
259370
259502
259634
259766
259898
260030
260162
260295
260427
260559
260691
260823
260955
261087
261219
261351
261483
261615
261747
261879
262011
262143
262275
262407
262539
262671
262803
262935
263067
263199
263331
263463
263595
263727
263859
263991
264123
264255
264387
264519
264651
264783
264915
265047
265179
265311
265443
265575
265707
265839
265971
266103
266235
266367
266499
266631
266763
266895
267027
267159
267291
267423
267555
267687
267819
267951
268083
268215
268347
268479
268611
268743
268875
269007
269139
269271
269403
269535
269667
269799
269931
270064
270196
270328
270460
270592
270724
270856
270988
271120
271252
271384
271516
271648
271780
271912
272044
272176
272308
272440
272572
272704
272836
272968
273100
273232
273364
273496
273628
273760
273892
274024
274156
274288
274420
274552
274684
274816
274948
275080
275212
275344
275476
275608
275740
275872
276004
276136
276268
276400
276532
276664
276796
276928
277060
277192
277324
277456
277588
277720
277852
277984
278116
278248
278380
278512
278644
278776
278908
279040
279172
279304
279436
279568
279700
279832
279964
280096
280228
280360
280492
280625
280757
280889
281021
281153
281285
281417
281549
281681
281813
281945
282077
282209
282341
282474
282606
282738
282870
283002
283134
283266
283398
283530
283662
283794
283926
284058
284191
284323
284455
284587
284719
284851
284983
285115
285247
285379
285511
285643
285775
285908
286040
286172
286304
286436
286568
286700
286832
286964
287096
287228
287360
287492
287624
287756
287888
288020
288152
288284
288416
288548
288680
288812
288944
289076
289208
289340
289472
289604
289736
289868
290000
290132
290264
290396
290528
290660
290792
290924
291056
291188
291320
291452
291584
291716
291848
291980
292112
292244
292376
292508
292640
292772
292904
293036
293168
293300
293432
293564
293696
293828
293960
294092
294224
294356
294488
294620
294752
294884
295016
295148
295280
295412
295544
295676
295808
295940
296072
296204
296336
296468
296600
296732
296864
296996
297128
297260
297392
297524
297656
297788
297920
298052
298184
298316
298448
298580
298712
298844
298976
299108
299240
299372
299504
299636
299768
299900
300032
300164
300296
300428
300560
300692
300824
300956
301088
301220
301352
301484
301616
301748
301880
302012
302144
302276
302408
302540
302672
302805
302937
303069
303201
303333
303465
303597
303729
303861
303993
304125
304257
304389
304521
304653
304785
304917
305049
305181
305313
305445
305577
305709
305841
305973
306105
306237
306369
306501
306633
306765
306897
307029
307161
307293
307425
307557
307689
307821
307953
