472648
572760
666136
759512
852888
946264
1039656
1133032
1226408
1320072
1413448
1506824
1600200
1693576
1786952
1880328
1973704
2067080
2160456
2253832
2347208
2440584
2533960
2627336
2720712
2814088
2907464
3000840
3094216
3187592
3280968
3374344
3467720
3561096
3654472
3747848
3841224
3934600
4027976
4121352
4214728
4308104
4401480
4494856
4588232
4681608
4774984
4868360
4961736
5055112
5148488
5241864
5335240
5428616
5521992
5615368
5708744
5802120
5895496
5988872
6082248
6175912
6269288
6362664
6456040
6549416
6642792
6736168
6829544
6922920
7016296
7109672
7203048
7296424
7389800
7483176
7576552
7669928
7763304
7856680
7950056
8043432
8136808
8230184
8323560
8416936
8510312
8603688
8697064
8790440
8883816
8977192
9070568
9163944
9257320
9350696
9444072
9537448
9630824
9724200
9817576
9910952
10004328
10097704
10191080
10284744
10378120
10471496
10564872
10658248
10751624
10845000
10938376
11031752
11125128
11218504
11311880
11405256
11498632
11592008
11685384
11778760
11872136
11965512
12058888
12152264
12245640
12339016
12432392
12525768
12619144
12712520
12806184
12899848
12993512
13086888
13180264
13273640
13367016
13460392
13553768
13647144
13740520
13833896
13927272
14020648
14114024
14207400
14300776
14394152
14487528
14580904
14674280
14767656
14861032
14954408
15047784
15141160
15234536
15327912
15421288
15514664
15608040
15701416
15794792
15888168
15981544
16074920
16168296
16261672
16355048
16448424
16541800
16635176
16728552
16821928
16915304
17008680
17102344
17195720
17289096
17382472
17475848
17569224
17662600
17755976
17849352
17942728
18036104
18129480
18222856
18316232
18409608
18502984
18596360
18689736
18783112
18876488
18969864
19063240
19156616
19249992
19343368
19436744
19530120
19623496
19716872
19810248
19903624
19997000
20090376
20183752
20277128
20370504
20463880
20557256
20650632
20744008
20837384
20930760
21024136
21117512
21210888
21304264
21397640
21491016
21584392
21677768
21771144
21864520
21957896
22051272
22144648
22238024
22331400
22424776
22518152
22611528
22704904
22798280
22891656
22985032
23078696
23172072
23265448
23358824
23452488
23545864
23639240
23732616
23825992
23919368
24012744
24106120
24199496
24292872
24386248
24479624
24573000
24666376
24759752
24853128
24946504
25039880
25133256
25226632
25320008
25413384
25506760
25600136
25693512
25786888
25880264
25973640
26067016
26160392
26253768
26347144
26440520
26533896
26627272
26720648
26814024
26907400
27000776
27094152
27187528
27280904
27374280
27467656
27561032
27654408
27747784
27841160
27934536
28027912
28121288
28214952
28308328
28401704
28495080
28588456
28681832
28775208
28868584
28961960
29055336
29148712
29242088
29335464
29428840
29522216
29615592
29708968
29802344
29895720
29989096
30082472
30175848
30269224
30362600
30455976
30549352
30642728
30736104
30829480
30922856
31016232
31109608
31202984
31296360
31389736
31483112
31576488
31669864
31763240
31856616
31949992
32043368
32136744
32230120
32323496
32416872
32510248
32603624
32697000
32790376
32883752
32977128
33070504
33163880
33257256
33350632
33444008
33537384
33630760
33724136
33817512
33910888
34004264
34097640
34191016
34284392
34377768
34471144
34564520
34657896
34751272
34844648
34938024
35031400
35124776
35218152
35311528
35404904
35498280
35591656
35685032
35778408
35871784
35965160
36058536
36151912
36245288
36338664
36432040
36525416
36618792
36712168
36805544
36898920
36992296
37085672
37179048
37272424
37365800
37459176
37552552
37645928
37739304
37832680
37926056
38019432
38112808
38206184
38299560
38392936
38486312
38579688
38673064
38766440
38859816
38953192
39046568
39139944
39233320
39326696
39420072
39513448
39606824
39700200
39793576
39887240
39980616
40073992
40167368
40260744
40354120
40447496
40540872
40634248
40727624
40821000
40914376
41007752
41101128
41194504
41287880
41381256
41474632
41568008
41661384
41754760
41848136
41941512
42034888
42128264
42221640
42315016
42408392
42501768
42595144
42688520
42781896
42875560
42968936
43062312
43155688
43249064
43342440
43435816
43529480
43622856
43716232
43809608
43902984
43996360
44089736
44183112
44276488
44369864
44463240
44556616
44649992
44743368
44836744
44930120
45023496
45116872
45210248
45303624
45397000
45490376
45583752
45677128
45770504
45863880
45957256
46050920
46144296
46237672
46331048
46424424
46517800
46611176
46704552
46797928
46891304
46984680
47078056
47171432
47264808
47358184
47451560
47544936
47638312
47731688
47825064
47918440
48011816
48105192
48198568
48291944
48385320
48478696
48572072
48665448
48758824
48852200
48945576
49038952
49132328
49225704
49319080
49412456
49505832
49599208
49692584
49785960
49879336
49972712
50066088
50159464
50252840
50346216
50439592
50532968
50626344
50719720
50813096
50906472
50999848
51093224
51186600
51279976
51373352
51466728
51560104
51653480
51746856
51840232
51933608
52026984
52120648
52214024
52307400
52400776
52494152
52587528
52680904
52774280
52867656
52961032
53054696
53148072
53241448
53334824
53428200
53521576
53614952
53708328
53801704
53895080
53988456
54081832
54175208
54268584
54361960
54455336
54548712
54642088
54735464
54828840
54922216
55015592
55108968
55202344
55295720
55389096
55482472
55575848
55669224
55762600
55855976
55949352
56042728
56136104
56229480
56322856
56416232
56509608
56602984
56696360
56789736
56883112
56976488
57069864
57163240
57256616
57349992
57443368
57536744
57630120
57723496
57816872
57910248
58003624
58097000
58190376
58283752
58377128
58470504
58563880
58657256
58750632
58844008
58937384
59030760
59124136
59217512
59310888
59404264
59497640
59591016
59684392
59777768
59871144
59964520
60057896
60151272
60244648
60338024
60431400
60524776
60618152
60711528
60804904
60898280
60991656
61085032
61178408
61271784
61365160
61458536
61551912
61645288
61738664
61832040
61925416
62018792
62112168
62205544
62298920
62392296
62485672
62579048
62672424
62765800
62859176
62952552
63045928
63139304
63232680
63326344
63419720
63513096
63606472
63699848
63793224
63886600
63979976
64073352
64166728
64260104
64353480
64446856
64540232
64633608
64726984
64820360
64913736
65007112
65100488
65193864
65287240
65380616
65473992
65567368
65660744
65754120
65847496
65941160
66034536
66127912
66221288
66314664
66408040
66501416
66594792
66688168
66781544
66874920
66968296
67061672
67155048
67248424
67341800
67435176
67528552
67621928
67715304
67808680
67902056
67995432
68088808
68182184
68275560
68368936
68462312
68555688
68649064
68742440
68835816
68929192
69022568
69115944
69209320
69302696
69396072
69489448
69582824
69676200
69769576
69862952
69956328
70049704
70143080
70236456
70329832
70423208
70516584
70609960
70703336
70796712
70890088
70983464
71076840
71170216
71263592
71356968
71450344
71543720
71637096
71730472
71823848
71917224
72010600
72103976
72197352
72290728
72384104
72477480
72570856
72664232
72757608
72850984
72944360
73037736
73131112
73224488
73317864
73411240
73504616
73597992
73691368
73784744
73878120
73971496
74064872
74158248
74251624
74345000
74438376
74531752
74625128
74718792
74812168
74905544
74998920
75092296
75185672
75279048
75372424
75465800
75559176
75652552
75745928
75839304
75932680
76026056
76119432
76212808
76306184
76399560
76492936
76586600
76679976
76773352
76866728
76960104
77053480
77146856
77240232
77333608
77426984
77520648
77614024
77707400
77800776
77894152
77987528
78080904
78174280
78267656
78361032
78454408
78547784
78641160
78734536
78827912
78921288
79014664
79108040
79201704
79295080
79388456
79481832
79575208
79668584
79761960
79855336
79948712
80042088
80135464
80228840
80322216
80415592
80508968
80602344
80695720
80789096
80882472
80975848
81069224
81162600
81255976
81349352
81442728
81536104
81629480
81722856
81816232
81909608
82002984
82096360
82189736
82283112
82376488
82469864
82563240
82656616
82749992
82843368
82936744
83030120
83123496
83216872
83310248
83403624
83497000
83590664
83684040
83777416
83870792
83964168
84057544
84150920
84244584
84337960
84431336
84524712
84618088
84711752
84805128
84898504
84991880
85085256
85178632
85272008
85365384
85458760
85552136
85645512
85738888
85832264
85925640
86019016
86112392
86205768
86299144
86392520
86486184
86579560
86672936
86766312
86859688
86953064
87046440
87139816
87233192
87326856
87420232
87513608
87606984
87700360
87793736
87887112
87980488
88073864
88167240
88260616
88353992
88447368
88540744
88634120
88727496
88820872
88914248
89007624
89101000
89194376
89287752
89381128
89474504
89567880
89661256
89754632
89848008
89941384
90034760
90128136
90221512
90314888
90408264
90501640
90595016
90688392
90781768
90875144
90968520
91061896
91155272
91248648
91342024
91435400
91528776
91622152
91715528
91808904
91902280
91995656
92089032
92182408
92275784
92369160
92462536
92555912
92649288
92742664
92836040
92929416
93022792
93116168
93209544
93302920
93396296
93489672
93583048
93676424
93769816
93863208
93956600
94049992
94143384
94236776
94330168
94423560
94516952
94610344
94703736
94797128
94890520
94983912
95077592
95170984
95264376
95357768
95451160
95544552
95637944
95731336
95824728
95918120
96011512
96104904
96198296
96291688
96385080
96478472
96571864
96665256
96758648
96852040
96945432
97039112
97132504
97225896
97319288
97412680
97506072
97599464
97692856
97786536
97879928
97973320
98066712
98160104
98253496
98346888
98440280
98533672
98627064
98720456
98813848
98907240
99000632
99094024
99187416
99280808
99374200
99467592
99560984
99654376
99747768
99841160
99934552
100027944
100121336
100214728
100308120
100401512
100494904
100588296
100681688
100775080
100868472
100961864
101055256
101148648
101242040
101335432
101428824
101522216
101615608
101709000
101802392
101895784
101989176
102082568
102176248
102269640
102363032
102456712
102550104
102643496
102736888
102830280
102923672
103017064
103110456
103203848
103297240
103390632
103484024
103577416
103670808
103764200
103857592
103950984
104044376
104137768
104231160
104324552
104417944
104511336
104604728
104698120
104791512
104884904
104978296
105071688
105165080
105258472
105351864
105445544
105538936
105632328
105725720
105819112
105912504
106005896
106099288
106192680
106286072
106379464
106472856
106566248
106659640
106753032
106846424
106939816
107033208
107126600
107219992
107313384
107407064
107500456
107593848
107687240
107780632
107874024
107967416
108060808
108154200
108247592
108340984
108434376
108527768
108621160
108714840
108808232
108901624
108995016
109088408
109181800
109275192
109368584
109461976
109555368
109648760
109742152
109835544
109928936
110022328
110115720
110209112
110302504
110395896
110489288
110582680
110676072
110769464
110862856
110956248
111049640
111143032
111236424
111329816
111423208
111516600
111609992
111703384
111796776
111890168
111983560
112076952
112170344
112263736
112357128
112450520
112543912
112637304
112730696
112824088
112917480
113010872
113104552
113197944
113291336
113384728
113478120
113571512
113664904
113758296
113851688
113945080
114038472
114131864
114225256
114318648
114412040
114505432
114598824
114692216
114785608
114879000
114972392
115065784
115159176
115252568
115345960
115439352
115532744
115626136
115719816
115813208
115906600
115999992
116093384
116186776
116280168
116373560
116466952
116560344
116653736
116747128
116840520
116933912
117027304
117120696
117214088
117307480
117400872
117494264
117587656
117681048
117774440
117867832
117961224
118054616
118148008
118241400
118334792
118428184
118521576
118614968
118708360
118801752
118895144
118988536
119081928
119175320
119268712
119362104
119455496
119548888
119642280
119735672
119829064
119922456
120015848
120109240
120202632
120296024
120389416
120482808
120576200
120669592
120762984
120856376
120949768
121043160
121136552
121229944
121323336
121417016
121510408
121603800
121697192
121790584
121883976
121977368
122070760
122164152
122257544
122350936
122444328
122537720
122631112
122724504
122817896
122911576
123004968
123098360
123191752
123285144
123378536
123471928
123565320
123658712
123752104
123845496
123938888
124032280
124125672
124219064
124312456
124405848
124499240
124592632
124686024
124779416
124872808
124966200
125059592
125152984
125246376
125339768
125433160
125526552
125619944
125713336
125806728
125900120
125993512
126086904
126180296
126273688
126367080
126460472
126553864
126647256
126740936
126834328
126927720
127021112
127114504
127207896
127301576
127394968
127488360
127581752
127675432
127768824
127862216
127955608
128049000
128142392
128235784
128329176
128422568
128515960
128609352
128702744
128796136
128889528
128982920
129076312
129169704
129263096
129356488
129449880
129543272
129636664
129730056
129823448
129916840
130010232
130103624
130197016
130290408
130383800
130477192
130570584
130663976
130757368
130850760
130944152
131037544
131130936
131224328
131317720
131411112
131504504
131597896
131691288
131784680
131878072
131971464
132064856
132158248
132251640
132345032
132438424
132531816
132625208
132718600
132811992
132905384
132998776
133092168
133185560
133278952
133372344
133465736
133559128
133652520
133745912
133839304
133932984
134026376
134119768
134213160
134306552
134399944
134493336
134586728
134680120
134773512
134866904
134960296
135053688
135147080
135240472
135333864
135427256
135520648
135614040
135707432
135800824
135894216
135987608
136081000
136174392
136267784
136361176
136454568
136547960
136641352
136734744
136828136
136921528
137014920
137108312
137201704
137295096
137388488
137481880
137575272
137668664
137762056
137855448
137948840
138042232
138135624
138229016
138322408
138415800
138509192
138602584
138695976
138789368
138882760
138976152
139069544
139162936
139256328
139349720
139443112
139536504
139629896
139723288
139816680
139910072
140003464
140096856
140190248
140283640
140377032
140470424
140563816
140657208
140750600
140843992
140937384
141030776
141124168
141217560
141310952
141404344
141497736
141591128
141684520
141777912
141871592
141965272
142058664
142152056
142245448
142338840
142432232
142525624
142619016
142712408
142805800
142899192
142992584
143085976
143179368
143272760
143366152
143459544
143552936
143646328
143739720
143833112
143926504
144019896
144113288
144206680
144300072
144393464
144486856
144580248
144673640
144767032
144860424
144953816
145047208
145140600
145233992
145327384
145420776
145514168
145607560
145700952
145794344
145887736
145981416
146074808
146168200
146261592
146354984
146448376
146541768
146635160
146728552
146821944
146915336
147008728
147102120
147195512
147288904
147382296
147475688
147569080
147662472
147755864
147849256
147942648
148036040
148129432
148222824
148316216
148409608
148503000
148596392
148689784
148783176
148876568
148969960
149063352
149156744
149250136
149343528
149436920
149530312
149623704
149717096
149810488
149903880
149997272
150090664
150184056
150277448
150370840
150464232
150557624
150651016
150744408
150837800
150931192
151024584
151117976
151211368
151304760
151398152
151491544
151584936
151678328
151771720
151865112
151958504
152051896
152145288
152238680
152332072
152425464
152518856
152612248
152705640
152799032
152892712
152986104
153079496
153172888
153266280
153359672
153453064
153546456
153639848
153733240
153826632
153920024
154013416
154106808
154200200
154293592
154386984
154480376
154573768
154667160
154760552
154853944
154947336
155040728
155134120
155227512
155320904
155414584
155507976
155601368
155694760
155788152
155881544
155974936
156068328
156161720
156255112
156348504
156441896
156535288
156628680
156722072
156815464
156908856
157002248
157095640
157189032
157282424
157375816
157469208
157562600
157655992
157749384
157842776
157936168
158029560
158122952
158216344
158309736
158403128
158496520
158590200
158683592
158776984
158870376
158963768
159057160
159150552
159243944
159337336
159430728
159524120
159617512
159710904
159804296
159897688
159991080
160084472
160177864
160271256
160364648
160458040
160551432
160644824
160738216
160831608
160925000
161018680
161112072
161205464
161298856
161392248
161485640
161579032
161672424
161765816
161859208
161952600
162045992
162139384
162232776
162326168
162419560
162512952
162606344
162699736
162793128
162886520
162979912
163073304
163166696
163260088
163353480
163446872
163540264
163633656
163727048
163820440
163913832
164007224
164100616
164194008
164287400
164380792
164474184
164567576
164660968
164754360
164847752
164941144
165034536
165127928
165221320
165314712
165408104
165501496
165594888
165688280
165781672
165875064
165968456
166061848
166155240
166248632
166342024
166435416
166528808
166622200
166715592
166808984
166902376
166995768
167089160
167182552
167275944
167369336
167462728
167556120
167649512
167742904
167836296
167929688
168023080
168116472
168209864
168303256
168396648
168490040
168583432
168676824
168770216
168863608
168957000
169050392
169143784
169237176
169330568
169423960
169517352
169610744
169704136
169797528
169890920
169984312
170077704
170171096
170264488
170357880
170451272
170544664
170638056
170731448
170824840
170918232
171011624
171105016
171198408
171291800
171385192
171478584
171571976
171665368
171758760
171852152
171945544
172038936
172132328
172225720
172319112
172412504
172505896
172599288
172692680
172786072
172879464
172972856
173066248
173159640
173253032
173346424
173439816
173533208
173626600
173719992
173813384
173906776
174000168
174093560
174186952
174280344
174373736
174467128
174560520
174653912
174747304
174840696
174934088
175027480
175120872
175214264
175307656
175401048
175494440
175587832
175681224
175774616
175868008
175961400
176054792
176148184
176241576
176334968
176428360
176521752
176615144
176708536
176801928
176895320
176988712
177082104
177175496
177268888
177362280
177455672
177549352
177642744
177736136
177829528
177922920
178016312
178109704
178203096
178296488
178389880
178483272
178576664
178670056
178763448
178856840
178950232
179043624
179137016
179230408
179323800
179417192
179510584
179603976
179697368
179790760
179884152
179977544
180070936
180164328
180257720
180351112
180444504
180537896
180631288
180724680
180818072
180911464
181004856
181098248
181191640
181285032
181378424
181471816
181565208
181658600
181751992
181845384
181938776
182032168
182125560
182218952
182312344
182405736
182499128
182592520
182685912
182779592
182872984
182966376
183059768
183153160
183246552
183339944
183433336
183526728
183620120
183713512
183806904
183900296
183993688
184087080
184180472
184273864
184367256
184460648
184554040
184647432
184740824
184834216
184927608
185021000
185114392
185207784
185301176
185394568
185487960
185581352
185674744
185768136
185861528
185954920
186048312
186141704
186235096
186328488
186421880
186515272
186608664
186702056
186795448
186888840
186982232
187075624
187169016
187262408
187355800
187449192
187542584
187635976
187729368
187822760
187916152
188009544
188102936
188196328
188289720
188383112
188476504
188569896
188663288
188756680
188850072
188943464
189036856
189130248
189223640
189317032
189410424
189503816
189597208
189690600
189783992
189877384
189970776
190064168
190157560
190250952
190344344
190437736
190531128
190624808
190718200
190811592
190904984
190998376
191091768
191185160
191278552
191371944
191465336
191558728
191652120
191745512
191838904
191932296
192025688
192119080
192212472
192305864
192399256
192492648
192586040
192679432
192772824
192866216
192959608
193053000
193146680
193240072
193333464
193426856
193520248
193613640
193707032
193800424
193893816
193987208
194080600
194173992
194267384
194360776
194454168
194547560
194640952
194734344
194827736
194921128
195014520
195107912
195201304
195294696
195388088
195481480
195574872
195668264
195761656
195855048
195948440
196041832
196135224
196228616
196322008
196415400
196508792
196602184
196695576
196788968
196882360
196975752
197069144
197162536
197255928
197349320
197442712
197536104
197629496
197722888
197816280
197909672
198003064
198096456
198189848
198283240
198376632
198470024
198563416
198656808
198750200
198843592
198936984
199030376
199123768
199217160
199310840
199404232
199497624
199591016
199684408
199777800
199871480
199964872
200058552
200151944
200245336
200338728
200432120
200525512
200618904
200712296
200805688
200899080
200992472
201085864
201179256
201272648
201366040
201459432
201552824
201646216
201739608
201833000
201926392
202019784
202113176
202206568
202299960
202393352
202486744
202580136
202673528
202766920
202860312
202953704
203047096
203140488
203233880
203327272
203420664
203514056
203607448
203700840
203794520
203887912
203981304
204074696
204168376
204261768
204355160
204448552
204541944
204635336
204728728
204822120
204915512
205008904
205102296
205195688
205289080
205382472
205475864
205569256
205662648
205756040
205849432
205942824
206036216
206129608
206223000
206316392
206409784
206503176
206596568
206689960
206783352
206876744
206970136
207063528
207156920
207250312
207343704
207437096
207530488
207623880
207717272
207810664
207904056
207997448
208090840
208184232
208277624
208371016
208464408
208557800
208651192
208744584
208837976
208931368
209024760
209118152
209211544
209304936
209398328
209491720
209585112
209678504
209771896
209865576
209958968
210052648
210146040
210239432
210332824
210426216
210519608
210613000
210706392
210799784
210893176
210986568
211079960
211173352
211266744
211360136
211453528
211546920
211640312
211733704
211827096
211920488
212014168
212107560
212200952
212294344
212387736
212481128
212574520
212667912
212761304
212854696
212948088
213041480
213134872
213228264
213321656
213415048
213508440
213601832
213695224
213788616
213882008
213975400
214068792
214162184
214255576
214348968
214442360
214535752
214629144
214722536
214815928
214909320
215002712
215096104
215189496
215282888
215376280
215469672
215563064
215656456
215749848
215843240
215936632
216030024
216123416
216216808
216310200
216403592
216496984
216590376
216683768
216777160
216870552
216963944
217057336
217151016
217244408
217337800
217431192
217524584
217618264
217711656
217805048
217898440
217991832
218085224
218178616
218272008
218365400
218458792
218552184
218645576
218738968
218832360
218925752
219019144
219112536
219205928
219299320
219392712
219486104
219579496
219672888
219766280
219859960
219953352
220046744
220140136
220233528
220326920
220420312
220513704
220607096
220700488
220793880
220887272
220980664
221074056
221167448
221260840
221354232
221447624
221541016
221634408
221727800
221821192
221914584
222007976
222101368
222194760
222288152
222381544
222474936
222568328
222661720
222755112
222848504
222941896
223035288
223128680
223222072
223315464
223408856
223502248
223595640
223689032
223782424
223875816
223969208
224062600
224155992
224249384
224342776
224436168
224529560
224622952
224716344
224809736
224903128
224996520
225089912
225183304
225276696
225370088
225463480
225556872
225650264
225743656
225837048
225930440
226023832
226117224
226210616
226304008
226397400
226490792
226584184
226677576
226770968
226864360
226957752
227051144
227144536
227237928
227331320
227424712
227518104
227611496
227704888
227798280
227891672
227985064
228078456
228171848
228265240
228358632
228452024
228545416
228638808
228732200
228825592
228918984
229012376
229105768
229199160
229292552
229385944
229479336
229572728
229666120
229759512
229852904
229946296
230039688
230133080
230226472
230319864
230413256
230506648
230600040
230693720
230787112
230880504
230973896
231067288
231160680
231254072
231347752
231441144
231534536
231627928
231721320
231814712
231908104
232001784
232095176
232188568
232281960
232375352
232468744
232562136
232655528
232748920
232842312
232935704
233029096
233122488
233215880
233309272
233402664
233496056
233589448
233682840
233776232
233869624
233963016
234056408
234149800
234243192
234336584
234429976
234523368
234616760
234710152
234803544
234896936
234990328
235083720
235177112
235270504
235363896
235457288
235550680
235644072
235737464
235830856
235924248
236017640
236111032
236204712
236298104
236391496
236484888
236578280
236671672
236765064
236858456
236951848
237045240
237138632
237232024
237325416
237418808
237512200
237605592
237698984
237792376
237885768
237979160
238072552
238165944
238259336
238352728
238446120
238539512
238632904
238726296
238819688
238913368
239006760
239100152
239193544
239286936
239380328
239473720
239567112
239660504
239753896
239847288
239940680
240034072
240127464
240220856
240314248
240407928
240501320
240594712
240688104
240781496
240874888
240968280
241061672
241155064
241248456
241341848
241435240
241528632
241622024
241715416
241808808
241902200
241995592
242088984
242182376
242275768
242369448
242462840
242556232
242649624
242743016
242836408
242929800
243023192
243116584
243209976
243303368
243396760
243490152
243583544
243676936
243770328
243863720
243957112
244050504
244143896
244237288
244330680
244424072
244517464
244610856
244704248
244797640
244891032
244984424
245077816
245171208
245264600
245357992
245451384
245544776
245638168
245731560
245824952
245918344
246011736
246105128
246198520
246291912
246385304
246478696
246572088
246665480
246758872
246852264
246945656
247039048
247132440
247225832
247319512
247412904
247506296
247599688
247693080
247786472
247879864
247973256
248066648
248160040
248253432
248346824
248440216
248533608
248627000
248720392
248813784
248907176
249000568
249093960
249187352
249280744
249374136
249467528
249560920

473080
573208
666600
759992
853384
946776
1040184
1133576
1226968
1320360
1413752
1507144
1600536
1693928
1787320
1880712
1974104
2067496
2160888
2254280
2347672
2441064
2534456
2627848
2721240
2814632
2908024
3001416
3094808
3188200
3281592
3374984
3468376
3561768
3655160
3748552
3841944
3935336
4028728
4122120
4215512
4308904
4402296
4495688
4589080
4682472
4775864
4869256
4962648
5056040
5149432
5242824
5336216
5429896
5523288
5616680
5710072
5803464
5896856
5990248
6083640
6177032
6270424
6363816
6457208
6550600
6643992
6737384
6830776
6924168
7017560
7110952
7204344
7297736
7391128
7484520
7577912
7671304
7764696
7858088
7951480
8044872
8138264
8231656
8325048
8418440
8511832
8605224
8698616
8792008
8885688
8979080
9072472
9165864
9259256
9352648
9446040
9539432
9632824
9726216
9819608
9913000
10006392
10099784
10193176
10286568
10379960
10473352
10566744
10660136
10753528
10846920
10940312
11033704
11127096
11220488
11313880
11407272
11500664
11594056
11687448
11780840
11874232
11967624
12061016
12154408
12247800
12341192
12434584
12527976
12621368
12714760
12808152
12901544
12995224
13088616
13182008
13275400
13368792
13462184
13555576
13648968
13742360
13835752
13929144
14022536
14115928
14209320
14302712
14396104
14489496
14582888
14676280
14769672
14863064
14956456
15049848
15143240
15236632
15330024
15423416
15516808
15610200
15703592
15796984
15890376
15983768
16077160
16170552
16263944
16357336
16450728
16544120
16637512
16730904
16824296
16917688
17011080
17104472
17197864
17291256
17384936
17478328
17571720
17665112
17758504
17851896
17945576
18038968
18132360
18225752
18319144
18412536
18505928
18599320
18692712
18786104
18879496
18972888
19066280
19159672
19253064
19346456
19439848
19533240
19626632
19720024
19813416
19906808
20000200
20093592
20186984
20280376
20373768
20467160
20560552
20653944
20747336
20840728
20934120
21027512
21121192
21214584
21307976
21401368
21494760
21588152
21681544
21774936
21868328
21961720
22055112
22148504
22241896
22335288
22428680
22522072
22615464
22708856
22802248
22895640
22989032
23082424
23175816
23269208
23362600
23455992
23549384
23642776
23736168
23829560
23922952
24016344
24109736
24203128
24296520
24389912
24483304
24576696
24670088
24763480
24856872
24950264
25043656
25137048
25230440
25323832
25417224
25510616
25604008
25697400
25790792
25884184
25977576
26070968
26164360
26258040
26351432
26444824
26538216
26631608
26725000
26818392
26911784
27005176
27098568
27191960
27285352
27378744
27472136
27565528
27658920
27752312
27845704
27939096
28032488
28125880
28219272
28312664
28406056
28499448
28592840
28686232
28779624
28873016
28966408
29059800
29153192
29246584
29339976
29433368
29526760
29620152
29713544
29806936
29900328
29993720
30087112
30180504
30273896
30367288
30460680
30554072
30647464
30740856
30834248
30927640
31021032
31114424
31207816
31301208
31394600
31487992
31581384
31674776
31768168
31861560
31954952
32048344
32141736
32235128
32328520
32421912
32515304
32608696
32702088
32795480
32888872
32982264
33075656
33169048
33262440
33355832
33449224
33542616
33636008
33729400
33822792
33916184
34009576
34102968
34196360
34289752
34383144
34476536
34569928
34663320
34756712
34850104
34943496
35036888
35130280
35223672
35317064
35410456
35503848
35597240
35690632
35784024
35877416
35970808
36064200
36157592
36250984
36344376
36437768
36531160
36624552
36717944
36811336
36904728
36998120
37091512
37184904
37278296
37371688
37465080
37558472
37651864
37745256
37838648
37932040
38025432
38118824
38212216
38305608
38399000
38492392
38585784
38679176
38772568
38865960
38959352
39052744
39146136
39239528
39332920
39426312
39519704
39613096
39706488
39800168
39893560
39986952
40080344
40173736
40267128
40360520
40453912
40547304
40640696
40734088
40827480
40920872
41014264
41107656
41201048
41294440
41387832
41481224
41574616
41668008
41761400
41854792
41948184
42041576
42134968
42228360
42321752
42415144
42508536
42602216
42695608
42789000
42882392
42975784
43069176
43162568
43255960
43349352
43442744
43536136
43629528
43722920
43816312
43909704
44003096
44096488
44189880
44283272
44376664
44470056
44563448
44656840
44750232
44843624
44937016
45030408
45123800
45217192
45310584
45403976
45497368
45590760
45684152
45777544
45870936
45964328
46057720
46151112
46244504
46337896
46431288
46524680
46618072
46711464
46804856
46898248
46991640
47085032
47178424
47271816
47365208
47458600
47551992
47645384
47738776
47832168
47925560
48018952
48112344
48205736
48299128
48392520
48485912
48579304
48672696
48766088
48859480
48952872
49046264
49139656
49233048
49326440
49419832
49513224
49606616
49700008
49793400
49886792
49980184
50073576
50166968
50260360
50353752
50447144
50540824
50634216
50727608
50821000
50914392
51007784
51101176
51194568
51287960
51381352
51474744
51568136
51661528
51754920
51848312
51941704
52035096
52128776
52222168
52315560
52408952
52502344
52595736
52689128
52782520
52875912
52969304
53062696
53156088
53249480
53342872
53436264
53529656
53623048
53716440
53809832
53903224
53996616
54090008
54183400
54276792
54370184
54463576
54556968
54650360
54743752
54837432
54930824
55024216
55117608
55211000
55304392
55397784
55491176
55584568
55677960
55771352
55864744
55958136
56051528
56144920
56238312
56331704
56425096
56518488
56611880
56705272
56798664
56892056
56985448
57078840
57172520
57265912
57359304
57452696
57546088
57639480
57732872
57826264
57919656
58013048
58106440
58199832
58293224
58386616
58480008
58573400
58666792
58760184
58853576
58946968
59040360
59133752
59227144
59320536
59414216
59507608
59601000
59694392
59787784
59881176
59974568
60067960
60161352
60254744
60348136
60441528
60534920
60628312
60721704
60815096
60908488
61002168
61095560
61188952
61282344
61375736
61469128
61562520
61655912
61749304
61842696
61936088
62029480
62122872
62216264
62309656
62403048
62496440
62589832
62683224
62776616
62870008
62963400
63056792
63150184
63243576
63336968
63430648
63524040
63617432
63710824
63804216
63897608
63991000
64084392
64177784
64271176
64364568
64457960
64551352
64644744
64738136
64831528
64924920
65018312
65111704
65205096
65298488
65391880
65485272
65578664
65672056
65765448
65858840
65952232
66045624
66139016
66232408
66325800
66419192
66512584
66605976
66699368
66792760
66886152
66979544
67072936
67166328
67259720
67353112
67446504
67539896
67633288
67726680
67820072
67913464
68006856
68100248
68193640
68287032
68380424
68473816
68567208
68660600
68753992
68847384
68940776
69034168
69127560
69220952
69314344
69407736
69501128
69594520
69687912
69781304
69874696
69968088
70061480
70154872
70248264
70341656
70435048
70528440
70621832
70715224
70808616
70902008
70995400
71088792
71182184
71275576
71368968
71462360
71555752
71649144
71742536
71835928
71929320
72022712
72116104
72209496
72302888
72396280
72489672
72583064
72676456
72769848
72863240
72956632
73050024
73143416
73236808
73330200
73423592
73517272
73610664
73704056
73797448
73890840
73984232
74077624
74171016
74264408
74357800
74451480
74545160
74638552
74731944
74825336
74918728
75012120
75105512
75198904
75292296
75385688
75479080
75572472
75665864
75759256
75852648
75946040
76039432
76132824
76226216
76319608
76413000
76506392
76599784
76693176
76786568
76879960
76973352
77066744
77160136
77253528
77346920
77440312
77533704
77627096
77720488
77813880
77907272
78000664
78094056
78187448
78280840
78374232
78467624
78561016
78654408
78747800
78841192
78934584
79027976
79121368
79214760
79308152
79401544
79494936
79588328
79681720
79775112
79868504
79961896
80055288
80148680
80242072
80335464
80428856
80522248
80615640
80709032
80802424
80895816
80989208
81082600
81175992
81269384
81362776
81456168
81549560
81642952
81736344
81830024
81923416
82016808
82110200
82203592
82296984
82390376
82483768
82577160
82670552
82763944
82857336
82950728
83044120
83137512
83230904
83324296
83417688
83511080
83604472
83697864
83791544
83884936
83978328
84071720
84165112
84258504
84352184
84445576
84538968
84632360
84725752
84819144
84912536
85005928
85099320
85192712
85286104
85379496
85472888
85566280
85659672
85753064
85846456
85939848
86033240
86126632
86220024
86313416
86406808
86500200
86593592
86686984
86780376
86873768
86967160
87060552
87153944
87247336
87340728
87434120
87527512
87620904
87714296
87807688
87901080
87994472
88087864
88181256
88274648
88368040
88461432
88554824
88648216
88741608
88835000
88928392
89021784
89115176
89208568
89301960
89395352
89488744
89582136
89675528
89768920
89862312
89955704
90049096
90142488
90235880
90329272
90422664
90516056
90609448
90702840
90796232
90889624
90983016
91076408
91169800
91263192
91356584
91449976
91543368
91636760
91730152
91823544
91916936
92010328
92103720
92197112
92290504
92383896
92477288
92570680
92664072
92757464
92850856
92944248
93037640
93131032
93224424
93317816
93411208
93504600
93597992
93691384
93784776
93878168
93971560
94064952
94158344
94251736
94345128
94438520
94531912
94625304
94718696
94812088
94905480
94998872
95092264
95185656
95279048
95372440
95465832
95559224
95652616
95746008
95839400
95932792
96026184
96119576
96212968
96306360
96399752
96493144
96586536
96679928
96773320
96866712
96960104
97053496
97146888
97240280
97333672
97427064
97520456
97613848
97707240
97800632
97894024
97987416
98080808
98174200
98267592
98360984
98454376
98547768
98641160
98734552
98827944
98921336
99014728
99108120
99201512
99294904
99388296
99481688
99575080
99668472
99761864
99855256
99948648
100042040
100135432
100228824
100322216
100415608
100509000
100602392
100695784
100789176
100882568
100975960
101069352
101162744
101256136
101349528
101442920
101536312
101629704
101723096
101816488
101909880
102003272
102096664
102190056
102283448
102376840
102470232
102563624
102657016
102750408
102843800
102937192
103030584
103123976
103217368
103310760
103404152
103497544
103590936
103684328
103777720
103871112
103964504
104057896
104151288
104244680
104338072
104431464
104524856
104618248
104711640
104805032
104898424
104991816
105085208
105178600
105271992
105365384
105458776
105552168
105645560
105738952
105832344
105925736
106019128
106112520
106205912
106299304
106392696
106486088
106579480
106672872
106766264
106859656
106953048
107046440
107139832
107233224
107326616
107420296
107513688
107607080
107700472
107793864
107887256
107980648
108074040
108167432
108260824
108354216
108447608
108541000
108634392
108727784
108821176
108914568
109007960
109101352
109194744
109288136
109381528
109474920
109568312
109661704
109755096
109848488
109941880
110035272
110128664
110222056
110315448
110408840
110502520
110595912
110689592
110782984
110876376
110969768
111063160
111156552
111249944
111343336
111436728
111530120
111623512
111716904
111810296
111903688
111997080
112090472
112183864
112277256
112370648
112464040
112557432
112650824
112744216
112837608
112931000
113024392
113117784
113211176
113304568
113397960
113491352
113584744
113678136
113771528
113864920
113958312
114051704
114145096
114238488
114331880
114425272
114518664
114612056
114705448
114798840
114892232
114985624
115079016
115172408
115265800
115359192
115452584
115545976
115639368
115732760
115826152
115919544
116013224
116106616
116200008
116293400
116386792
116480184
116573576
116666968
116760360
116853752
116947144
117040536
117133928
117227608
117321000
117414392
117507784
117601176
117694568
117787960
117881352
117974744
118068136
118161528
118254920
118348312
118441704
118535096
118628488
118721880
118815272
118908664
119002056
119095448
119188840
119282232
119375624
119469016
119562408
119655800
119749192
119842584
119935976
120029368
120122760
120216152
120309544
120402936
120496328
120589720
120683112
120776504
120869896
120963288
121056680
121150072
121243464
121336856
121430248
121523640
121617032
121710424
121803816
121897208
121990600
122083992
122177384
122270776
122364168
122457560
122550952
122644344
122737736
122831128
122924520
123017912
123111304
123204696
123298088
123391480
123484872
123578264
123671656
123765048
123858440
123951832
124045224
124138616
124232008
124325400
124418792
124512184
124605576
124698968
124792360
124885752
124979144
125072536
125165928
125259320
125352712
125446104
125539496
125632888
125726280
125819672
125913064
126006456
126099848
126193240
126286632
126380024
126473416
126566808
126660200
126753592
126846984
126940376
127033768
127127160
127220552
127313944
127407336
127500728
127594120
127687512
127780904
127874296
127967688
128061080
128154472
128247864
128341256
128434648
128528040
128621432
128714824
128808216
128901608
128995000
129088392
129181784
129275176
129368568
129461960
129555352
129648744
129742136
129835528
129928920
130022312
130115704
130209096
130302488
130395880
130489272
130582664
130676056
130769448
130862840
130956232
131049624
131143016
131236408
131329800
131423192
131516584
131609976
131703368
131796760
131890152
131983544
132076936
132170328
132263720
132357112
132450504
132543896
132637288
132730680
132824072
132917464
133010856
133104248
133197640
133291320
133384712
133478104
133571496
133664888
133758280
133851672
133945064
134038456
134131848
134225240
134318632
134412024
134505416
134598808
134692200
134785592
134878984
134972376
135065768
135159160
135252552
135345944
135439336
135532728
135626120
135719512
135812904
135906296
135999688
136093080
136186472
136279864
136373544
136466936
136560328
136653720
136747112
136840504
136933896
137027288
137120680
137214072
137307464
137400856
137494248
137587640
137681032
137774424
137867816
137961208
138054600
138147992
138241384
138334776
138428456
138521848
138615240
138708632
138802024
138895416
138988808
139082200
139175592
139268984
139362376
139455768
139549160
139642552
139735944
139829336
139922728
140016120
140109512
140202904
140296296
140389688
140483080
140576472
140670152
140763544
140856936
140950328
141043720
141137112
141230504
141323896
141417288
141510680
141604072
141697464
141790856
141884248
141977640
142071032
142164424
142257816
142351208
142444600
142537992
142631384
142724776
142818168
142911560
143004952
143098344
143191736
143285128
143378520
143471912
143565304
143658696
143752088
143845480
143938872
144032264
144125656
144219048
144312440
144405832
144499224
144592616
144686008
144779400
144872792
144966184
145059576
145152968
145246360
145339752
145433144
145526536
145619928
145713320
145806712
145900104
145993496
146086888
146180568
146273960
146367352
146460744
146554136
146647528
146740920
146834312
146927704
147021096
147114488
147207880
147301272
147394664
147488056
147581736
147675128
147768520
147861912
147955304
148048696
148142088
148235480
148328872
148422264
148515656
148609048
148702440
148795832
148889224
148982616
149076008
149169400
149262792
149356184
149449576
149542968
149636360
149729752
149823144
149916536
150009928
150103320
150196712
150290104
150383496
150476888
150570280
150663672
150757064
150850456
150943848
151037240
151130632
151224024
151317416
151410808
151504200
151597592
151690984
151784376
151877768
151971160
152064840
152158232
152251624
152345016
152438408
152531800
152625192
152718584
152811976
152905368
152998760
153092440
153185832
153279224
153372616
153466008
153559400
153652792
153746184
153839576
153932968
154026360
154119752
154213144
154306536
154399928
154493320
154586712
154680104
154773496
154866888
154960280
155053672
155147064
155240456
155333848
155427240
155520632
155614024
155707416
155800808
155894200
155987592
156080984
156174376
156267768
156361160
156454552
156547944
156641336
156734728
156828120
156921512
157014904
157108296
157201688
157295080
157388472
157481864
157575256
157668648
157762040
157855432
157948824
158042216
158135608
158229000
158322392
158415784
158509176
158602568
158695960
158789352
158882744
158976136
159069528
159162920
159256312
159349704
159443096
159536488
159629880
159723272
159816664
159910056
160003448
160096840
160190232
160283624
160377016
160470408
160563800
160657192
160750584
160843976
160937368
161030760
161124152
161217544
161310936
161404328
161497720
161591112
161684504
161777896
161871288
161964680
162058072
162151464
162244856
162338248
162431640
162525032
162618424
162711816
162805208
162898600
162991992
163085384
163178776
163272168
163365560
163458952
163552344
163645736
163739128
163832520
163925912
164019304
164112696
164206088
164299480
164392872
164486264
164579656
164673048
164766440
164859832
164953224
165046616
165140008
165233400
165326792
165420184
165513576
165606968
165700360
165793752
165887144
165980536
166073928
166167320
166260712
166354104
166447496
166540888
166634280
166727672
166821064
166914456
167007848
167101240
167194632
167288024
167381416
167474808
167568200
167661592
167754984
167848376
167941768
168035160
168128552
168221944
168315336
168408728
168502120
168595512
168688904
168782296
168875688
168969080
169062472
169155864
169249256
169342648
169436040
169529432
169622824
169716216
169809608
169903000
169996392
170089784
170183176
170276568
170369960
170463352
170556744
170650136
170743528
170837208
170930600
171023992
171117384
171210776
171304168
171397848
171491240
171584632
171678024
171771416
171864808
171958200
172051592
172144984
172238376
172331768
172425160
172518552
172611944
172705336
172798728
172892120
172985512
173078904
173172296
173265688
173359080
173452472
173545864
173639256
173732648
173826040
173919432
174012824
174106216
174199608
174293000
174386392
174479784
174573176
174666568
174759960
174853352
174946744
175040136
175133528
175226920
175320312
175413704
175507096
175600488
175693880
175787272
175880664
175974056
176067448
176160840
176254232
176347624
176441016
176534408
176627800
176721192
176814584
176907976
177001368
177094760
177188152
177281544
177374936
177468328
177561720
177655112
177748504
177841896
177935288
178028680
178122072
178215464
178308856
178402248
178495640
178589032
178682424
178775816
178869208
178962600
179055992
179149384
179242776
179336168
179429560
179522952
179616344
179709736
179803128
179896520
179989912
180083304
180176696
180270088
180363480
180456872
180550264
180643656
180737048
180830440
180923832
181017224
181110616
181204008
181297400
181390792
181484184
181577576
181670968
181764360
181857752
181951144
182044536
182137928
182231320
182324712
182418104
182511496
182604888
182698280
182791672
182885064
182978456
183071848
183165240
183258632
183352024
183445416
183538808
183632200
183725592
183818984
183912376
184005768
184099160
184192552
184285944
184379624
184473016
184566408
184659800
184753192
184846584
184939976
185033368
185126760
185220152
185313544
185406936
185500328
185593720
185687112
185780504
185873896
185967288
186060680
186154072
186247464
186340856
186434248
186527640
186621032
186714424
186807816
186901208
186994600
187087992
187181384
187274776
187368168
187461560
187554952
187648344
187741736
187835128
187928520
188021912
188115304
188208696
188302088
188395480
188488872
188582264
188675656
188769048
188862440
188955832
189049224
189142616
189236008
189329400
189422792
189516184
189609576
189702968
189796360
189889752
189983144
190076536
190169928
190263320
190356712
190450104
190543496
190636888
190730280
190823672
190917064
191010456
191103848
191197240
191290920
191384312
191477704
191571096
191664488
191757880
191851272
191944664
192038056
192131448
192224840
192318232
192411624
192505016
192598408
192691800
192785192
192878584
192971976
193065368
193158760
193252152
193345544
193438936
193532328
193625720
193719112
193812504
193905896
193999288
194092680
194186072
194279464
194372856
194466248
194559640
194653032
194746424
194839816
194933208
195026600
195119992
195213384
195306776
195400168
195493560
195586952
195680344
195773736
195867128
195960520
196053912
196147304
196240696
196334088
196427480
196520872
196614264
196707656
196801048
196894440
196987832
197081224
197174616
197268008
197361400
197454792
197548184
197641576
197734968
197828360
197921752
198015144
198108536
198201928
198295320
198388712
198482104
198575496
198668888
198762568
198855960
198949352
199042744
199136136
199229528
199322920
199416312
199509704
199603096
199696488
199789880
199883272
199976664
200070344
200163736
200257128
200350520
200443912
200537304
200630696
200724088
200817480
200910872
201004264
201097656
201191048
201284728
201378120
201471512
201564904
201658296
201751688
201845080
201938472
202031864
202125256
202218648
202312040
202405432
202499112
202592504
202685896
202779288
202872680
202966072
203059464
203152856
203246248
203339640
203433032
203526424
203619816
203713208
203806600
203899992
203993384
204086776
204180168
204273560
204366952
204460344
204553736
204647128
204740520
204833912
204927304
205020696
205114088
205207480
205300872
205394264
205487656
205581048
205674440
205767832
205861224
205954616
206048008
206141400
206234792
206328184
206421576
206514968
206608360
206701752
206795144
206888536
206981928
207075320
207168712
207262104
207355496
207448888
207542280
207635672
207729064
207822456
207915848
208009240
208102632
208196024
208289416
208382808
208476200
208569592
208662984
208756376
208849768
208943160
209036552
209129944
209223336
209316728
209410120
209503512
209596904
209690296
209783688
209877080
209970472
210063864
210157256
210250648
210344040
210437432
210530824
210624216
210717608
210811000
210904392
210997784
211091176
211184568
211277960
211371352
211464744
211558136
211651528
211744920
211838312
211931704
212025096
212118488
212211880
212305272
212398664
212492056
212585448
212678840
212772232
212865624
212959016
213052408
213145800
213239192
213332584
213425976
213519368
213612760
213706152
213799544
213892936
213986328
214079720
214173112
214266504
214359896
214453576
214546968
214640360
214733752
214827144
214920536
215013928
215107320
215200712
215294104
215387496
215480888
215574280
215667672
215761064
215854456
215947848
216041240
216134632
216228024
216321416
216414808
216508200
216601592
216694984
216788376
216881768
216975160
217068552
217161944
217255336
217348728
217442120
217535512
217628904
217722296
217815688
217909080
218002472
218095864
