0, 1731
1, 1830
2, 1529
3, 1643
4, 1612
5, 1577
6, 1630
7, 1611
8, 1611
9, 1609
10, 1698
11, 1706
12, 1627
13, 1729
14, 1765
15, 1824
16, 1790
17, 1745
18, 1830
19, 1782
20, 1831
21, 1806
22, 1804
23, 1844
24, 1838
25, 1759
26, 1870
27, 1831
28, 1794
29, 1779
30, 1949
31, 1826
32, 1833
33, 1805
34, 1867
35, 1860
36, 1828
37, 1769
38, 1880
39, 1834
40, 1826
41, 1748
42, 1723
43, 1866
44, 1864
45, 1892
46, 1800
47, 1892
48, 1744
49, 1903
50, 1618
51, 1875
52, 1882
53, 1696
54, 1835
55, 1934
56, 1852
57, 1774
58, 1834
59, 1693
60, 1811
61, 1868
62, 1854
63, 1791
64, 1779
65, 1795
66, 1827
67, 1820
68, 1721
69, 1867
70, 1845
71, 1778
72, 1841
73, 1746
74, 1762
75, 1794
76, 1867
77, 1796
78, 1824
79, 1815
80, 1816
81, 1819
82, 1838
83, 1866
84, 1860
85, 1857
86, 1753
87, 1854
88, 1822
89, 1943
90, 1814
91, 1857
92, 1802
93, 1823
94, 1863
95, 1872
96, 1755
97, 1825
98, 1840
99, 1833
