0, 55
1, 33
2, 33
3, 33
4, 46
5, 34
6, 33
7, 33
8, 33
9, 50
10, 36
11, 36
12, 36
13, 49
14, 36
15, 37
16, 36
17, 36
18, 58
19, 37
20, 36
21, 36
22, 48
23, 36
24, 36
25, 37
26, 36
27, 61
28, 37
29, 36
30, 36
31, 49
32, 36
33, 37
34, 36
35, 36
36, 59
37, 37
38, 36
39, 36
40, 49
41, 37
42, 36
43, 54
44, 36
45, 52
46, 37
47, 36
48, 36
49, 50
50, 37
51, 35
52, 37
53, 36
54, 53
55, 36
56, 36
57, 36
58, 49
59, 37
60, 36
61, 53
62, 37
63, 62
64, 53
65, 37
66, 37
67, 60
68, 36
69, 37
70, 36
71, 37
72, 53
73, 36
74, 36
75, 36
76, 49
77, 36
78, 37
79, 36
80, 36
81, 68
82, 36
83, 36
84, 36
85, 49
86, 36
87, 37
88, 65
89, 37
90, 64
91, 36
92, 36
93, 36
94, 49
95, 37
96, 36
97, 36
98, 37
99, 53
