12.324676000
11.838938000
11.199456000
12.496349000
9.399281000
12.140101000
12.565355000
9.617652000
12.390135000
9.813242000
11.816459000
9.483972000
9.316465000
9.329656000
9.353864000
14.804565000
11.990030000
10.358347000
17.722535000
13.168990000
16.658343000
12.024633000
17.792946000
10.139976000
16.327174000
11.317034000
9.609519000
13.260079000
11.199187000
11.977284000
10.631062000
14.357670000
12.907521000
12.324994000
9.723577000
11.540649000
11.773478000
9.322137000
14.046451000
12.754815000
11.993824000
11.992438000
12.159375000
11.870106000
12.246289000
9.515177000
9.832099000
9.246441000
9.410366000
12.890619000
12.643927000
17.889691000
12.521866000
17.940961000
17.227692000
15.567488000
17.491510000
10.450226000
13.604882000
9.617506000
12.341445000
9.510447000
10.486648000
16.864551000
10.010196000
13.694269000
9.190001000
11.956138000
12.962788000
13.866528000
10.410903000
9.659421000
9.454270000
11.938117000
12.305170000
11.678227000
11.897691000
12.248377000
12.230898000
12.239868000
9.729406000
9.616563000
11.747524000
9.654980000
17.912777000
16.633509000
16.671610000
12.343527000
11.729917000
12.764201000
12.248319000
17.500758000
9.897147000
11.702506000
13.252323000
12.307264000
9.683340000
9.541091000
9.660805000
9.484627000
9.382746000
9.035972000
9.648453000
9.151417000
9.116395000
9.476289000
9.490522000
12.064746000
15.881709000
12.366943000
11.647415000
9.651922000
11.652997000
12.024842000
9.507943000
17.723940000
13.207570000
9.759738000
9.717332000
11.849590000
12.806007000
9.811448000
9.689326000
17.874822000
17.822878000
9.097909000
9.291730000
11.985659000
12.231466000
9.750334000
11.180242000
17.791438000
12.911132000
12.309682000
11.815064000
12.176716000
9.790814000
10.121042000
9.886126000
15.075684000
11.962134000
12.125310000
14.760312000
9.377663000
17.692756000
10.564696000
15.896458000
17.999630000
17.848541000
12.003748000
12.241709000
12.184761000
12.890623000
11.871710000
9.640680000
12.015623000
9.037654000
9.233528000
11.662939000
9.249908000
17.770009000
17.127316000
9.918201000
11.990354000
11.476926000
16.591875000
16.591625000
10.556319000
10.454641000
12.504793000
17.120915000
9.805943000
13.127575000
15.430496000
13.788733000
12.354934000
12.415744000
12.506413000
12.198806000
9.783213000
11.919895000
9.590769000
10.273765000
9.414931000
9.463888000
12.265327000
9.784595000
9.800831000
9.795520000
17.657666000
17.485847000
17.464732000
12.916676000
16.912019000
13.100610000
9.954495000
17.893758000
17.321535000
17.387661000
10.408074000
9.394648000
10.366713000
9.392622000
12.062856000
15.570075000
11.833950000
12.496999000
9.754103000
9.304398000
11.844750000
9.323491000
12.168348000
17.775402000
17.662850000
12.941515000
10.366451000
10.392537000
12.391606000
9.421156000
9.766557000
17.498941000
12.296089000
12.276299000
12.303231000
9.667072000
9.878886000
12.133327000
9.680254000
10.429431000
10.237168000
9.336780000
9.475425000
9.290405000
12.046314000
9.375868000
9.310682000
10.830096000
17.495575000
17.856691000
17.252201000
16.847563000
16.909497000
17.541918000
13.291185000
12.631994000
12.243227000
9.675516000
11.712226000
11.672165000
12.471750000
9.874486000
14.981146000
17.016952000
10.560160000
11.844665000
17.193210000
16.649598000
10.533420000
9.413684000
12.733308000
12.948045000
10.323996000
12.713507000
10.494595000
12.278626000
9.807453000
10.533623000
16.670788000
12.194473000
12.375838000
17.069537000
16.939279000
12.449540000
18.028191000
12.616709000
9.610569000
9.673069000
12.221451000
11.947792000
9.449202000
11.974938000
14.559301000
14.820297000
9.380996000
9.740816000
11.957316000
11.507742000
11.866547000
12.308858000
10.414214000
10.613805000
14.032242000
11.535080000
9.587292000
9.401554000
9.323024000
12.001245000
17.072788000
17.756476000
17.534486000
9.922463000
10.302714000
10.193784000
9.251730000
13.432760000
15.344236000
12.234583000
9.680284000
12.110067000
11.958890000
11.924944000
12.012299000
11.832188000
17.189581000
17.666173000
17.783696000
17.736506000
17.593403000
11.780820000
12.948765000
10.380360000
13.246029000
12.061669000
12.119498000
9.505796000
10.334723000
10.278674000
14.361074000
10.426470000
10.352258000
12.771807000
12.816675000
12.663810000
12.412130000
12.144696000
15.119840000
11.959610000
11.708255000
11.707238000
9.336307000
11.227202000
9.514757000
11.347889000
9.757202000
12.009329000
11.505935000
11.603899000
9.445606000
12.298136000
11.958704000
9.685216000
9.382396000
9.782284000
16.484593000
11.765077000
11.897190000
17.079052000
16.917671000
17.785862000
16.186623000
9.280452000
15.591323000
9.565319000
12.508853000
11.927998000
9.316373000
16.964162000
12.353979000
12.668051000
11.976296000
12.330388000
11.886444000
11.494264000
11.328821000
12.871381000
13.117763000
12.051972000
9.815083000
11.200580000
9.015887000
11.260708000
18.018516000
17.558881000
10.379279000
10.508106000
9.415931000
12.148830000
9.192255000
10.345878000
17.794648000
16.054011000
12.415165000
9.349819000
12.159600000
12.581924000
11.981516000
9.500154000
14.361370000
9.613059000
12.355144000
12.427916000
12.111479000
8.941436000
9.879966000
13.231281000
11.719563000
15.231348000
12.324853000
11.660900000
12.146451000
9.961668000
12.155586000
12.308365000
9.431373000
17.433090000
12.859943000
14.468864000
11.998151000
12.000664000
9.472535000
11.917270000
11.813269000
13.512624000
12.136241000
16.662176000
13.487720000
11.492682000
11.572731000
12.333430000
12.314832000
11.856177000
17.760432000
9.695576000
9.744050000
11.985970000
9.344398000
12.050001000
9.340978000
11.884714000
17.795931000
17.699333000
13.634149000
11.807473000
9.749028000
12.219602000
11.741513000
12.185953000
9.817026000
17.875441000
16.939696000
17.652768000
12.893129000
17.479958000
12.944159000
16.736143000
9.532160000
16.537407000
10.430738000
17.669189000
17.631392000
9.653617000
9.381858000
15.742221000
14.955787000
12.208093000
12.350378000
11.963812000
11.900203000
13.755947000
11.591141000
13.237043000
17.849228000
10.401587000
12.413734000
9.905902000
13.347968000
9.341933000
17.496911000
13.848730000
17.799822000
17.248830000
16.028041000
12.604714000
12.697264000
17.678776000
12.764477000
9.794686000
9.735476000
11.564824000
9.447323000
11.757832000
17.698503000
17.878778000
9.415474000
12.916785000
16.613150000
12.572866000
12.278294000
12.327598000
17.576796000
9.253387000
17.053096000
11.693593000
12.266820000
9.313203000
12.097817000
12.128275000
16.531385000
12.429674000
12.176251000
12.606652000
11.116376000
11.378693000
11.439551000
9.162356000
17.293760000
17.568911000
12.949762000
10.478834000
12.272357000
9.556437000
9.830967000
14.602357000
12.214128000
13.391067000
14.023928000
11.718442000
12.230070000
9.359428000
12.299734000
12.989034000
12.849822000
10.386571000
12.280165000
9.777432000
9.426545000
9.335897000
9.486709000
17.092801000
17.630777000
17.014070000
9.634756000
9.482465000
9.294962000
10.246834000
11.972130000
12.317146000
12.122689000
13.076927000
10.400528000
16.636945000
15.014413000
16.466683000
13.104921000
12.609345000
17.391928000
10.006903000
12.859696000
12.802090000
9.073464000
12.113454000
17.708502000
12.238602000
9.344548000
13.363162000
13.293955000
12.085613000
13.329750000
14.517944000
12.252621000
9.271910000
13.543391000
11.885888000
12.145304000
11.940700000
11.870544000
17.681081000
12.973124000
16.968533000
12.547912000
17.140546000
12.287380000
13.531963000
9.711265000
9.813020000
12.109593000
11.970100000
9.315306000
11.500887000
13.017746000
9.380584000
11.733565000
12.494193000
17.299412000
16.596951000
9.145768000
9.291269000
17.401494000
16.308898000
12.233972000
9.603156000
9.847708000
12.634647000
9.797379000
12.074585000
9.284389000
17.378570000
16.873988000
16.986876000
9.808388000
12.080079000
9.749570000
17.881315000
17.559084000
14.312632000
11.853567000
10.431820000
9.759690000
12.407115000
12.215165000
14.112782000
12.465050000
11.777851000
12.253885000
9.692148000
12.421670000
9.477313000
9.688275000
17.620927000
17.313720000
9.270185000
16.985101000
10.097894000
16.528187000
9.769654000
15.024567000
11.425674000
16.865752000
11.479885000
12.314303000
13.006524000
10.946436000
10.551658000
16.307244000
18.038303000
9.635231000
11.992849000
12.643139000
9.590501000
9.806523000
9.549402000
17.675514000
9.368388000
9.741597000
12.316820000
11.746691000
9.329721000
9.363801000
11.765875000
10.462930000
12.267860000
11.520687000
9.302591000
9.743690000
12.052081000
9.449984000
9.378815000
10.331797000
9.264371000
16.750633000
17.650440000
12.186682000
11.785792000
9.651764000
17.892068000
14.242363000
9.713753000
12.727068000
10.023362000
9.165293000
11.979335000
11.475331000
16.506441000
12.883145000
17.433509000
10.488900000
13.050607000
12.444295000
9.324452000
12.146072000
12.956162000
16.799511000
10.251831000
10.523083000
16.632568000
16.387667000
11.831093000
13.133277000
17.915084000
17.827342000
17.561691000
17.364069000
9.555707000
9.715825000
9.533491000
12.899898000
12.935553000
12.541244000
11.976623000
12.220987000
11.659186000
11.937970000
15.473035000
12.193599000
9.830515000
12.254351000
9.648591000
9.364428000
11.783118000
10.314255000
9.353483000
9.595786000
17.802048000
10.092198000
12.381757000
9.842121000
9.727733000
12.029374000
9.321087000
9.628727000
9.414603000
10.343222000
9.603375000
12.211871000
17.707925000
12.192228000
12.239306000
17.853171000
15.470166000
12.203449000
12.071199000
12.591086000
9.306486000
9.524994000
15.942201000
16.767426000
17.090724000
9.481936000
12.361161000
12.162664000
9.657057000
12.099534000
13.022833000
11.553138000
13.042340000
10.634122000
12.354779000
9.761112000
16.413171000
12.652680000
13.066240000
9.415449000
12.563325000
9.773068000
12.022993000
11.730320000
10.380257000
9.315816000
9.443165000
9.077928000
10.503910000
11.810445000
9.260544000
9.341286000
18.083813000
12.766285000
12.759447000
17.236474000
12.898743000
12.663611000
12.887406000
10.285218000
12.894436000
9.335293000
11.828960000
12.188772000
9.739920000
12.195962000
11.948584000
10.287120000
12.412889000
10.317726000
15.380575000
9.328255000
9.762375000
10.072328000
12.306098000
17.514746000
12.513963000
9.445349000
11.767275000
9.815590000
9.393407000
12.210126000
12.142899000
14.386706000
13.372716000
12.181782000
11.844473000
12.208599000
12.179100000
13.444518000
10.008818000
10.478184000
12.043748000
12.463177000
9.342535000
9.304236000
12.050615000
9.430661000
12.469296000
17.349065000
17.448396000
10.163904000
16.456124000
9.595364000
9.143824000
9.700837000
12.219041000
11.221694000
12.124340000
17.021499000
9.765897000
12.206110000
9.295613000
11.522881000
13.050114000
12.955438000
12.404930000
9.170723000
11.855570000
11.876561000
11.725260000
12.152350000
17.643566000
16.829673000
12.382909000
11.393016000
16.912714000
9.739554000
11.914609000
17.497838000
12.834973000
12.191516000
12.243911000
11.980891000
9.765273000
11.846148000
12.033561000
17.291769000
17.302703000
10.303100000
16.796582000
12.810183000
16.976767000
12.560468000
9.439375000
9.105966000
9.198533000
9.202412000
9.596807000
9.043019000
9.090391000
11.767061000
11.957014000
12.730707000
10.582150000
9.348281000
9.797672000
16.579247000
12.616462000
10.464721000
12.347984000
17.791336000
10.328485000
11.754511000
11.725450000
11.911793000
12.449487000
9.740352000
9.715328000
16.757262000
17.265447000
17.444108000
17.754259000
10.351922000
17.438851000
16.966859000
17.560024000
12.226388000
12.390870000
12.456704000
12.609568000
9.452468000
12.334828000
17.804975000
12.150861000
12.389608000
9.701212000
12.264281000
11.683429000
11.532513000
9.307681000
17.679414000
9.268265000
12.068561000
9.310965000
12.287769000
13.817018000
11.708442000
9.785379000
16.337725000
9.307533000
12.066441000
12.024999000
9.270296000
12.111512000
9.350488000
8.907664000
14.121087000
12.278741000
11.933825000
12.407031000
13.049937000
11.872476000
12.477067000
11.884588000
13.835137000
12.681481000
11.584158000
11.191480000
9.685887000
9.234005000
12.412555000
13.129356000
12.512422000
11.572515000
11.795147000
11.725907000
11.764717000
12.724437000
9.414712000
17.703873000
9.841512000
13.048563000
10.632333000
12.696379000
12.754124000
12.220209000
12.371614000
10.593903000
9.435629000
9.650185000
12.483810000
12.084874000
12.273090000
9.425529000
11.836653000
17.818025000
13.873170000
12.218897000
17.040841000
13.010141000
9.482910000
10.380743000
12.417569000
17.580337000
17.673569000
17.766182000
10.434270000
10.625739000
9.307344000
11.548127000
12.973605000
17.017852000
12.783627000
11.926261000
11.565586000
11.938986000
11.897569000
11.904054000
12.925198000
16.560768000
9.401969000
9.779804000
9.859668000
9.882144000
9.691506000
9.237532000
10.542340000
