.017
.022
.017
.019
.049
.048
.028
.022
.036
.036
.036
.036
.047
.036
.041
.041
.036
.046
.036
.035
.036
.036
.039
.038
.036
.040
.037
.036
.036
.036
.041
.041
.036
.036
.036
.040
.036
.036
.042
.036
.036
.036
.036
.040
.036
.036
.042
.036
.033
.045
.037
.036
.036
.036
.041
.036
.036
.036
.036
.036
.036
.036
.036
.036
.036
.036
.041
.036
.036
.036
.036
.036
.031
.036
.038
.036
.036
.036
.036
.036
.036
.036
.040
.025
.036
.036
.036
.036
.036
.036
.041
.036
.036
.036
.036
.020
.036
.036
.037
.036
.036
.036
.036
.019
.037
.036
.036
.036
.036
.036
.041
.036
.023
.047
.036
.036
.071
.036
.040
.025
.036
.045
.036
.036
.046
.036
.038
.036
.045
.045
.041
.036
.045
.036
.036
.036
.036
.046
.036
.036
.046
.036
.041
.036
.036
.046
.045
.036
.037
.061
.045
.036
.036
.045
.036
.036
.036
.036
.046
.036
.036
.046
.036
.036
.040
.036
.036
.036
.036
.046
.030
.046
.036
.036
.036
.036
.037
.046
.036
.045
.041
.036
.037
.036
.036
.036
.045
.046
.037
.046
.036
.031
.037
.036
.036
.041
.036
.046
.036
.036
.040
.036
.046
.045
.036
.046
.036
.036
.036
.036
.046
.046
.036
.036
.036
.036
.036
.046
.045
.046
.036
.036
.045
.036
.036
.045
.036
.036
.036
.036
.036
.045
.036
.046
.036
.036
.036
.036
.046
.036
.037
.046
.036
.045
.043
.036
.036
.022
.023
.046
.036
.040
.036
.036
.039
.036
.036
.046
.045
.036
.036
.036
.046
.036
.036
.046
.036
.036
.038
.036
.046
.036
.036
.046
.036
.036
.036
.036
.046
.036
.036
.036
.036
.036
.036
.036
.036
.036
.036
.046
.046
.036
.036
.036
.036
.036
.037
.036
.045
.036
.041
.045
.036
.036
.036
.036
.046
.036
.041
.046
.036
.036
.036
.036
.036
.036
.038
.046
.036
.036
.036
.036
.036
.036
.042
.046
.046
.036
.036
.036
.046
.036
.041
.046
.036
.036
.036
.036
.036
.036
.044
.046
.036
.036
.041
.036
.045
.036
.042
.046
.036
.036
.036
.036
.036
.036
.040
.046
.046
.064
.041
.036
.036
.036
.036
.046
.045
.036
.041
.036
.036
.036
.039
.045
.046
.036
.041
.036
.036
.036
.019
.046
.046
.036
.062
.036
.036
.036
.036
.036
.046
.046
.041
.036
.046
.036
.036
.036
.046
.046
.041
.036
.026
.036
.036
.036
.036
.045
.041
.039
.046
.036
.036
.046
.036
.046
.040
.041
.046
.022
.036
.036
.036
.045
.041
.041
.045
.036
.036
.041
.036
.036
.038
.036
.046
.045
.036
.041
.046
.036
.041
.036
.036
.036
.036
.041
.046
.036
.041
.036
.036
.036
.036
.038
.046
.036
.041
.036
.036
.036
.036
.038
.045
.036
.040
.041
.036
.036
.036
.036
.029
.036
.041
.041
.036
.036
.036
.036
.046
.036
.026
.059
.036
.036
.036
.042
.036
.036
.041
.036
.046
.036
.036
.041
.036
.036
.040
.036
.046
.036
.041
.042
.036
.036
.036
.038
.046
.036
.038
.036
.036
.036
.036
.041
.036
.036
.040
.036
.036
.036
.036
.041
.036
.036
.038
.036
.036
.036
.036
.041
.036
.036
.042
.037
.036
.036
.036
.041
.036
.036
.040
.036
.036
.036
.036
.041
.036
.036
.041
.036
.036
.036
.036
.040
.038
.036
.041
.023
.036
.036
.036
.037
.041
.019
.041
.036
.038
.036
.036
.041
.036
.036
.041
.036
.041
.036
.036
.038
.036
.036
.037
.036
.040
.036
.036
.041
.036
.036
.040
.036
.040
.036
.036
.041
.036
.036
.041
.036
.040
.036
.036
.041
.039
.036
.041
.036
.036
.036
.036
.041
.040
.036
.040
.036
.036
.036
.036
.037
.038
.036
.041
.036
.036
.036
.036
.042
.039
.036
.036
.036
.036
.036
.025
.041
.041
.036
.041
.036
.036
.036
.036
.041
.041
.036
.041
.036
.036
.036
.036
.041
.041
.036
.036
.036
.036
.036
.036
.020
.036
.040
.041
.041
.034
.036
.038
.036
.036
.036
.041
.041
.038
.036
.036
.036
.036
.036
.041
.041
.041
.036
.036
.037
.036
.036
.041
.040
.041
.063
.036
.036
.036
.036
.041
.041
.038
.036
.036
.036
.036
.036
.036
.036
.040
.036
.036
.041
.036
.036
.036
.041
.025
.036
.041
.037
.036
.036
.036
.036
.036
.036
.038
.036
.036
.036
.036
.036
.036
.039
.041
.036
.046
.036
.041
.036
.036
.036
.036
.019
.046
.036
.041
.036
.036
.036
.036
.019
.046
.038
.038
.036
.036
.036
.036
.036
.046
.036
.036
.036
.036
.037
.036
.036
.046
.036
.036
.036
.036
.037
.036
.036
.036
.036
.036
.036
.045
.019
.046
.036
.036
.036
.036
.036
.046
.036
.046
.045
.036
.041
.046
.036
.046
.036
.036
.036
.036
.038
.045
.036
.045
.036
.036
.036
.023
.036
.045
.036
.045
.036
.036
.036
.036
.036
.046
.042
.045
.036
.036
.036
.036
.038
.046
.041
.036
.036
.036
.036
.044
.036
.036
.041
.036
.036
.036
.046
.036
.037
.036
.046
.036
.036
.036
.046
.036
.036
.036
.045
.037
.036
.036
.046
.036
.036
.036
.036
.036
.036
.036
.046
.036
.036
.036
.036
.041
.025
.036
.045
.036
.037
.036
.036
.036
.036
.036
.045
.036
.036
.036
.036
.036
.036
.036
.045
.036
.036
.036
.036
.036
.036
.045
.045
.036
.046
.036
.036
.039
.036
.046
.046
.036
.046
.036
.036
.041
.036
.036
.046
.036
.046
.036
.036
.041
.036
.045
.036
.036
.046
.036
.046
.041
.036
.046
.036
.036
.046
.036
.046
.040
.036
.036
.036
.036
.046
.045
.046
.040
.036
.036
.036
.036
.046
.027
.028
.036
.036
.036
.036
.040
.045
.036
.046
.036
.036
.036
.036
.040
.046
.046
.045
.036
.036
.036
.036
.040
.045
.045
.046
.036
.036
.036
.036
.022
.036
.046
.046
.036
.036
.036
.036
.040
.045
.046
.036
.036
.036
.036
.046
.040
.046
.036
.036
.036
.036
.046
.046
.040
.046
.036
.036
.036
.036
