1956
1237
1579
1572
1557
1618
1689
1910
1906
1871
1812
1715
1763
1793
1827
1681
1812
1742
1781
1954
1470
2127
2205
2233
2087
2202
2423
2304
2299
2388
2582
2671
2487
2379
2471
2440
2417
2535
2519
2480
2547
2486
2485
2706
2546
2460
2600
2423
2562
2465
2489
2522
2489
2465
2542
2714
2513
2468
2510
2436
2490
2583
2542
2489
2475
2457
2492
2750
2490
2410
2510
2490
2552
2483
2392
2501
2452
2525
2500
2745
2588
2473
2505
2556
2448
2446
2533
2388
2548
2432
2438
2794
2488
2392
2438
2501
2484
2461
2476
2481
2470
2469
2472
2763
2594
2478
2458
2515
2477
2474
2632
2510
2437
2479
2499
2813
2301
2223
2286
2276
2524
2424
2459
2512
2449
2435
2432
2723
2553
2403
2328
2513
2476
2402
2498
2442
2494
2466
2377
2808
2432
2429
2541
2548
2493
2426
2415
2474
2441
2493
2463
2707
2530
2461
2353
2397
2500
2525
2484
2454
2489
2514
2473
2782
2528
2453
2502
2495
2463
2319
2241
2262
2359
2473
2374
2756
2547
2421
2543
2474
2466
2524
2465
2394
2511
2455
2477
2754
2524
2528
2557
2660
2391
2331
2316
2338
2340
2391
2398
2645
2359
2342
2443
2325
2400
2457
2537
2488
2439
2406
2487
2696
2528
2478
2480
2587
2448
2445
2567
2397
2463
2546
2544
2735
2500
2470
2511
2326
2478
2445
2447
2608
2518
2491
2487
2729
2449
2352
2569
2511
2524
2516
2506
2495
2480
2503
2493
2709
2407
2359
2381
2367
2405
2306
2405
2374
2381
2390
2494
2740
2445
2487
2471
2494
2416
2439
2465
2457
2550
2419
2531
2710
2499
2396
2467
2555
2420
2447
2493
2434
2472
2425
2503
2666
2546
2405
2461
2569
2482
2516
2512
2507
2495
2461
2477
2758
2520
2450
2495
2479
2461
2539
2512
2593
2425
2516
2481
2724
2503
2398
2518
2470
2489
2460
2537
2481
2516
2463
2604
2714
2473
2436
2496
2472
2487
2487
2460
2508
2511
2432
2556
2763
2488
2542
2579
2524
2590
2456
2480
2447
2460
2570
2425
2739
2530
2342
2487
2503
2468
2424
2509
2482
2486
2533
2444
2657
2425
2518
2289
2307
2194
2291
2380
2484
2475
2480
2512
2771
2453
2495
2560
2463
2377
2415
2522
2459
3735
2319
2384
2739
2513
2462
2533
2451
2506
2398
2398
2492
2428
2458
2490
2681
2549
2504
2455
2465
2474
2515
2497
2501
2509
2438
2386
2744
2513
2469
2519
2418
2522
2349
2417
2390
2521
2488
2442
2722
2572
2351
2373
2337
2442
2529
2516
2451
2469
2387
2426
2816
2538
2450
2454
2433
2528
2377
2475
2452
2516
2459
2420
2703
2464
2403
2439
2375
2435
2559
2510
2364
2466
2558
2477
2735
2477
2477
2442
2377
2437
2485
2439
2452
2411
2426
2479
2712
2517
2501
2442
2437
2477
2457
2385
2416
2428
2360
2514
2745
2473
2505
2547
2507
2460
2432
2484
2468
2441
2517
2497
2820
2394
2480
2460
2474
2468
2474
2518
2500
2483
2555
2441
2742
2540
2525
2280
2228
2257
2267
2340
2496
2461
2464
2429
2696
2464
2404
2472
2410
2455
2427
2458
2451
2453
2457
2424
2725
2454
2452
2415
2438
2424
2367
2448
2427
2436
2396
2480
2631
2442
2478
2412
2433
2424
2398
2450
2453
2330
2467
2422
2684
2542
2417
2472
2413
2429
2376
2438
2471
2425
2433
2541
2707
2532
2458
2489
2479
2510
2441
2510
2421
3101
2521
2429
2760
2532
2411
2525
2429
2516
2505
2453
2423
2496
2369
2464
2750
2486
2460
2460
2414
2448
2504
2505
2523
2449
2483
2430
2723
2532
2435
2460
2414
2524
2432
2420
2440
2481
2387
2519
2736
2436
2446
2420
2423
2473
2470
2317
2476
2470
2453
2424
2734
2426
2428
2499
2440
2417
2444
2478
2412
2487
2477
2481
2712
2506
2466
2433
2449
2414
2426
2543
2423
2378
2424
2465
2733
2316
2286
2245
2312
2460
2446
2443
2476
2514
2485
2497
2671
2521
2504
2460
2456
2451
2458
2384
2473
2492
2421
2373
2684
2417
2464
2489
2466
2513
2440
2371
2503
2388
2515
2394
2627
2465
2430
2463
2425
2447
2489
2505
2408
2478
2281
2200
2473
2310
2424
2389
2481
2427
2431
2548
2492
2488
2472
2463
2729
2525
2425
2431
2478
2429
2499
2424
2486
2440
2357
2359
2743
2477
2469
2469
2442
2481
2478
2433
2438
2468
2423
2489
2737
2512
2436
2482
2432
2507
2425
2494
2498
2434
2442
2528
2747
2428
2494
2438
2446
2450
2463
2423
2450
2424
2407
2408
2691
2545
2446
2447
2409
2488
2454
2417
2437
2478
2475
2511
2741
2486
2426
2414
2456
2424
2438
2461
2316
2451
2497
2138
2702
2434
2505
2453
2454
2459
2446
2431
2450
2389
2480
2476
2576
2558
2443
2594
2465
2479
2521
2547
2433
2510
2483
2554
2725
2578
2858
2792
2439
2539
2441
2449
2530
2453
2467
2498
2770
2522
2507
2635
2559
2433
2494
2478
2523
2450
2518
2514
2783
2505
2443
2546
2382
2515
2453
2528
2505
2430
2507
2482
2784
2507
2544
2520
2424
2473
2520
2482
2420
2449
2497
2465
2818
2505
2516
2478
2502
2478
2539
2504
2381
2418
2546
2480
2785
2506
2540
2380
2489
2446
2687
2271
2345
2332
2332
2426
2626
2302
2300
2325
2415
2475
2466
2445
2508
2418
2448
2460
2779
2521
2465
2410
2467
2451
2375
3474
2474
2436
2476
2408
2745
2440
2504
2455
2446
2403
2550
2461
2436
2447
2444
2512
2731
2531
2459
2378
2429
2462
2467
2505
2437
2442
2360
2493
2631
2475
2444
2524
2233
2290
2231
2241
2273
2443
2463
2505
2729
2569
2408
2371
2467
2517
2497
2441
2439
2410
2505
2474
2707
2457
2486
2453
2424
2467
2426
2453
2468
2443
2525
2508
2725
2479
2432
2529
2474
2422
2475
2440
2449
2359
2516
2249
2671
2454
2446
2415
2442
2430
2394
2420
2468
2347
2427
2422
2688
2451
2420
2429
2399
2414
2454
2445
2450
2394
2438
2439
2710
2439
2431
2391
2415
2320
2426
2400
2405
