270
261
347
353
345
359
359
407
399
423
392
351
350
350
351
349
350
351
350
365
264
648
665
647
566
646
681
688
689
777
843
799
794
752
775
752
761
823
804
806
805
802
831
862
809
827
806
808
791
807
804
785
805
826
806
861
849
802
803
793
801
828
801
802
820
801
800
861
801
805
804
805
817
803
804
802
800
804
802
863
844
805
801
824
801
803
807
804
831
806
801
878
801
801
805
802
806
803
801
819
801
802
805
862
805
802
805
811
804
803
820
805
801
802
806
897
769
689
690
689
825
803
802
819
803
805
807
863
843
803
803
810
804
806
808
804
830
807
803
864
805
803
808
802
835
804
803
807
805
822
807
863
838
804
802
806
802
815
802
803
834
802
800
863
803
807
802
801
825
800
801
806
805
830
801
863
801
806
803
807
801
817
806
802
803
807
816
859
801
819
802
802
819
801
801
806
803
822
802
866
803
802
817
800
801
806
802
821
806
802
802
864
802
805
801
824
802
801
818
801
801
802
801
892
803
806
828
804
808
801
802
879
802
808
813
861
802
804
805
806
803
804
815
805
801
802
800
859
807
803
817
806
804
803
802
835
801
801
806
859
826
800
800
833
803
801
803
802
818
802
801
898
802
806
802
801
832
802
802
817
801
801
805
861
820
803
802
818
804
807
802
803
867
802
804
889
806
803
825
803
802
805
802
866
803
802
815
861
802
802
800
807
804
804
821
801
804
801
800
857
800
805
819
800
801
816
806
801
801
805
823
865
802
836
800
801
819
802
806
801
800
819
801
864
830
805
801
801
807
819
801
806
813
802
803
861
806
819
690
690
690
686
710
804
801
802
805
891
806
804
830
802
803
801
804
831
804
801
801
864
803
805
804
805
834
803
802
804
802
825
802
859
829
804
807
804
804
807
803
808
826
802
807
863
807
802
805
805
823
803
807
805
802
805
802
860
826
806
807
804
802
824
802
802
823
804
802
859
805
834
804
809
817
804
807
803
803
827
802
859
816
805
806
803
802
832
803
802
806
805
805
860
803
832
803
804
804
802
830
801
804
827
803
859
803
802
811
804
804
830
801
803
807
801
830
865
803
822
806
803
802
802
833
802
800
807
803
859
804
805
825
805
805
836
807
809
807
803
823
862
804
824
689
690
690
686
712
806
806
803
807
879
809
804
819
806
807
803
810
818
804
817
804
861
820
806
808
828
803
805
804
803
837
802
803
868
806
833
809
802
820
806
803
804
806
819
804
868
804
809
827
803
807
804
804
807
802
804
837
861
810
822
804
808
806
807
827
803
806
830
802
862
821
804
809
806
807
830
806
807
820
802
805
862
803
808
805
809
829
804
806
800
805
820
802
865
828
807
801
801
805
818
803
808
819
801
804
860
806
824
802
807
802
803
834
801
801
828
802
860
802
801
822
802
802
821
802
804
805
803
824
862
801
833
802
805
804
800
821
801
803
803
804
866
762
688
690
689
822
803
802
834
803
804
808
860
804
805
808
825
803
807
803
803
835
802
802
864
803
801
803
804
824
804
804
806
805
834
805
861
830
804
802
801
805
832
807
805
802
689
714
722
685
802
805
827
801
806
829
806
803
803
804
880
807
801
824
805
803
802
806
821
807
807
804
860
818
801
805
825
803
804
801
803
821
804
803
883
807
803
802
807
820
804
803
823
803
803
801
862
802
806
802
825
806
801
803
807
830
802
800
861
804
803
801
806
821
800
807
801
802
833
802
860
827
800
805
800
801
817
802
802
804
803
691
860
801
824
806
803
800
805
819
803
807
801
802
865
801
803
820
806
802
833
804
802
801
802
823
861
803
822
807
803
836
802
801
827
802
800
804
861
820
802
805
826
806
803
802
805
803
802
801
889
803
801
836
801
803
807
802
817
801
800
829
860
806
823
804
803
802
804
755
803
804
803
802
860
804
803
819
806
802
831
802
801
808
802
805
860
801
832
801
807
824
801
801
802
800
830
807
860
802
806
816
803
802
802
802
825
802
801
805
860
806
802
800
832
802
802
826
804
804
824
802
861
802
802
833
804
800
828
799
806
802
803
816
859
807
832
802
808
802
803
834
805
802
806
801
882
803
801
822
689
690
685
690
689
806
832
806
860
820
801
802
805
802
803
806
801
819
805
803
861
803
806
805
802
817
805
802
802
806
823
805
859
838
802
802
805
802
818
806
802
813
805
805
860
805
819
803
804
803
805
826
802
802
805
804
887
803
802
822
803
802
803
803
821
804
803
802
860
819
802
804
825
803
805
802
803
