0, 6751
1, 6771
2, 6792
3, 6931
4, 9017
5, 8391
6, 8348
7, 9034
8, 7945
9, 8294
10, 8012
11, 7562
12, 7955
13, 7644
14, 7683
15, 7603
16, 7216
17, 6907
18, 7013
19, 6887
20, 6812
21, 6672
22, 6397
23, 6478
24, 6619
25, 6596
26, 6519
27, 6313
28, 6439
29, 6358
30, 6316
31, 6253
32, 6093
33, 5745
34, 6120
35, 5812
36, 5736
37, 5889
38, 5830
39, 5640
40, 5637
41, 5634
42, 5610
43, 5779
44, 5714
45, 5848
46, 5998
47, 6748
48, 5047
49, 5052
50, 4685
51, 6782
52, 4423
53, 9139
54, 4549
55, 8938
56, 4416
57, 19559
58, 3772
59, 4255
60, 4231
61, 4000
62, 4174
63, 4025
64, 4088
65, 4257
66, 4305
67, 4298
68, 4243
69, 4337
70, 4140
71, 4199
72, 4146
73, 4037
74, 4290
75, 4107
76, 4034
77, 4369
78, 4286
79, 4489
80, 4986
81, 4313
82, 8910
83, 4404
84, 9120
85, 4591
86, 14303
87, 9255
88, 8735
89, 4440
90, 4358
91, 4167
92, 4157
93, 4288
94, 4379
95, 4582
96, 4148
97, 4164
98, 4277
99, 4248
100, 4575
101, 4339
102, 4593
103, 4330
104, 4378
105, 4486
106, 4318
107, 4415
108, 4265
109, 4396
110, 4655
111, 4344
112, 4387
113, 4403
114, 5564
115, 4304
116, 4624
117, 4342
118, 7604
119, 4204
120, 10617
121, 4262
122, 7789
123, 4437
124, 9304
125, 5555
126, 7695
127, 4271
128, 4008
129, 3942
130, 3940
131, 4189
132, 3749
133, 3738
134, 4440
135, 3857
136, 3838
137, 4179
138, 3882
139, 4217
140, 4113
141, 4342
142, 4230
143, 3987
144, 4269
145, 4281
146, 4141
147, 4182
148, 4253
149, 5418
150, 4163
151, 4073
152, 4235
153, 3939
154, 4213
155, 3781
156, 3952
157, 3952
158, 3895
159, 4215
160, 4173
161, 4289
162, 4057
163, 4422
164, 4440
165, 4223
166, 4392
167, 4174
168, 4183
169, 4155
170, 4358
171, 4140
172, 4330
173, 4289
174, 4292
175, 4493
176, 4210
177, 4327
178, 4191
179, 4743
180, 4342
181, 4496
182, 4181
183, 4280
184, 4214
185, 4269
186, 4150
187, 4444
188, 4408
189, 4436
190, 4185
191, 4359
192, 4408
193, 4362
194, 4354
195, 4383
196, 4373
197, 4568
198, 4932
199, 4296
200, 9022
201, 4507
202, 8926
203, 4263
204, 14528
205, 4518
206, 6026
207, 10588
208, 3604
209, 3987
210, 4293
211, 3984
212, 3952
213, 3941
214, 3796
215, 4220
216, 4006
217, 3946
218, 4165
219, 3943
220, 3966
221, 4091
222, 4088
223, 4097
224, 3991
225, 3973
226, 3956
227, 3985
228, 4057
229, 4139
230, 4535
231, 5353
232, 4107
233, 4148
234, 4247
235, 19781
236, 4152
237, 12088
238, 5216
239, 5298
240, 4071
241, 4162
242, 4110
243, 4159
244, 4309
245, 4072
246, 4219
247, 4203
248, 4142
249, 4238
250, 4307
251, 4010
252, 4206
253, 4299
254, 4218
255, 4121
256, 4028
257, 4195
258, 4091
259, 4411
260, 4262
261, 4288
262, 4013
263, 4342
264, 4323
265, 4542
266, 4695
267, 4282
268, 6450
269, 4446
270, 4474
271, 4551
272, 4365
273, 9140
274, 4509
275, 16639
276, 4016
277, 4044
278, 4003
279, 3970
280, 4232
281, 4197
282, 4034
283, 4223
284, 4269
285, 4049
286, 3969
287, 4179
288, 4226
289, 4124
290, 4178
291, 4101
292, 4260
293, 4282
294, 4252
295, 4087
296, 4349
297, 4361
298, 4364
299, 4235
300, 4328
301, 4661
302, 4797
303, 4404
304, 9071
305, 4345
306, 6474
307, 4261
308, 6811
309, 4074
310, 6504
311, 13291
312, 4469
313, 3954
314, 3995
315, 3985
316, 4210
317, 4264
318, 4273
319, 4320
320, 4250
321, 4035
322, 4283
323, 4388
324, 4258
325, 4267
326, 4210
327, 4171
328, 4285
329, 4172
330, 4226
331, 4208
332, 4228
333, 4312
334, 4366
335, 4236
336, 4468
337, 4412
338, 5005
339, 4236
340, 4229
341, 4091
342, 4398
343, 4195
344, 4382
345, 4308
346, 4227
347, 4319
348, 4390
349, 4428
350, 4563
351, 4162
352, 4187
353, 4428
354, 4306
355, 4279
356, 4447
357, 4401
358, 4243
359, 4285
360, 4411
361, 4224
362, 4466
363, 4442
364, 4319
365, 4534
366, 4462
367, 4275
368, 4327
369, 4256
370, 4389
371, 4271
372, 4301
373, 4355
374, 4290
375, 4421
376, 4446
377, 4435
378, 4486
379, 4460
380, 4298
381, 4507
382, 4314
383, 4412
384, 4424
385, 4510
386, 4450
387, 5299
388, 4207
389, 8974
390, 4104
391, 9146
392, 4255
393, 9334
394, 4159
395, 9289
396, 10822
397, 4058
398, 4138
399, 5401
400, 4000
401, 4012
402, 3896
403, 4078
404, 4071
405, 3891
406, 3940
407, 3945
408, 4049
409, 3925
410, 3947
411, 4034
412, 4122
413, 4368
414, 4344
415, 4138
416, 4405
417, 4217
418, 4404
419, 4334
420, 4089
421, 5631
422, 4371
423, 4029
424, 4222
425, 4304
426, 4062
427, 4367
428, 4269
429, 4375
430, 4257
431, 4302
432, 4219
433, 4056
434, 4339
435, 4176
436, 4227
437, 4250
438, 4148
439, 4339
440, 4234
441, 4351
442, 4053
443, 4294
444, 4191
445, 4252
446, 4172
447, 4421
448, 4209
449, 4285
450, 4233
451, 4528
452, 4163
453, 4147
454, 4384
455, 4161
456, 4367
457, 4119
458, 4275
459, 4158
460, 4139
461, 4159
462, 4140
463, 4406
464, 4089
465, 4096
466, 4061
467, 4165
468, 3953
469, 4277
470, 5061
471, 4138
472, 6619
473, 4176
474, 4060
475, 4064
476, 9420
477, 8495
478, 7619
479, 10404
480, 9309
481, 8557
482, 15760
483, 4078
484, 4173
485, 4113
486, 4103
487, 5630
488, 4011
489, 5950
490, 4583
491, 5573
492, 5752
493, 5777
494, 5700
495, 5705
496, 5439
497, 5321
498, 5413
499, 5341
