0, 4662
1, 4660
2, 4668
3, 7355
4, 6821
5, 6767
6, 6759
7, 7344
8, 6718
9, 6737
10, 6254
11, 6247
12, 5845
13, 5832
14, 5799
15, 5901
16, 5901
17, 5840
18, 5648
19, 5597
20, 5640
21, 5540
22, 5325
23, 5210
24, 5286
25, 5023
26, 4959
27, 4936
28, 4931
29, 4844
30, 4797
31, 4749
32, 4736
33, 4666
34, 4463
35, 4498
36, 4495
37, 4513
38, 4430
39, 4385
40, 4412
41, 4281
42, 4309
43, 4253
44, 4278
45, 4164
46, 3319
47, 3038
48, 2797
49, 2647
50, 2480
51, 2508
52, 2490
53, 2516
54, 2891
55, 2639
56, 2655
57, 2684
58, 2770
59, 2655
60, 3383
61, 2900
62, 2617
63, 2909
64, 2640
65, 2769
66, 2679
67, 2656
68, 2681
69, 2820
70, 2710
71, 2650
72, 2606
73, 2545
74, 2516
75, 2499
76, 2513
77, 2540
78, 2489
79, 2540
80, 2470
81, 2559
82, 2458
83, 2597
84, 2945
85, 2656
86, 2597
87, 3380
88, 2650
89, 2930
90, 2701
91, 2644
92, 2648
93, 2666
94, 3062
95, 2690
96, 2655
97, 2642
98, 2653
99, 2650
100, 2667
101, 2637
102, 2835
103, 2540
104, 2559
105, 2531
106, 2526
107, 2492
108, 2507
109, 2534
110, 2559
111, 2493
112, 2498
113, 2456
114, 2467
115, 2464
116, 2740
117, 2964
118, 2454
119, 2605
120, 2679
121, 3091
122, 3019
123, 2579
124, 2625
125, 2615
126, 2635
127, 2673
128, 2648
129, 2664
130, 2662
131, 2660
132, 2700
133, 2510
134, 2513
135, 2563
136, 2545
137, 2507
138, 2523
139, 2527
140, 2539
141, 2493
142, 2578
143, 2525
144, 2652
145, 2663
146, 2675
147, 2705
148, 2661
149, 2674
150, 2845
151, 2823
152, 2688
153, 2657
154, 2663
155, 2618
156, 2757
157, 2923
158, 2589
159, 2683
160, 2645
161, 2687
162, 2750
163, 2552
164, 2556
165, 2541
166, 2415
167, 2416
168, 2483
169, 2479
170, 2562
171, 2629
172, 2582
173, 2458
174, 2599
175, 3428
176, 2784
177, 3187
178, 2910
179, 2698
180, 2634
181, 2618
182, 2834
183, 2773
184, 2626
185, 2809
186, 2689
187, 2955
188, 3026
189, 2844
190, 2934
191, 2983
192, 2889
193, 2907
194, 2635
195, 2528
196, 2494
197, 2429
198, 2499
199, 2469
200, 2465
201, 2500
202, 2952
203, 2832
204, 2732
205, 3012
206, 3362
207, 3262
208, 2754
209, 2649
210, 3009
211, 2906
212, 2620
213, 3018
214, 2948
215, 2713
216, 2708
217, 2949
218, 2944
219, 2867
220, 2859
221, 2736
222, 2854
223, 2801
224, 2638
225, 2536
226, 2428
227, 2467
228, 2493
229, 2504
230, 2513
231, 2466
232, 2431
233, 2442
234, 2841
235, 2547
236, 2526
237, 2483
238, 2583
239, 2609
240, 2479
241, 2583
242, 2503
243, 2630
244, 2487
245, 2568
246, 2659
247, 2583
248, 2491
249, 2490
250, 2622
251, 2515
252, 2451
253, 2514
254, 2462
255, 2474
256, 2490
257, 2496
258, 2490
259, 2493
260, 2416
261, 2438
262, 2451
263, 2434
264, 2492
265, 2597
266, 2888
267, 2772
268, 3026
269, 2646
270, 2858
271, 2749
272, 2672
273, 2602
274, 2596
275, 2607
276, 2632
277, 2953
278, 2682
279, 2645
280, 2649
281, 2920
282, 2570
283, 2503
284, 2489
285, 2433
286, 2468
287, 2427
288, 2451
289, 2461
290, 2496
291, 2828
292, 2882
293, 2829
294, 2828
295, 2637
296, 2598
297, 2659
298, 2585
299, 2972
300, 3099
301, 2969
302, 2827
303, 3033
304, 2892
305, 2833
306, 2783
307, 2620
308, 2635
309, 2621
310, 2544
311, 2504
312, 2459
313, 2550
314, 2461
315, 2450
316, 2461
317, 2430
318, 2426
319, 2451
320, 2688
321, 3153
322, 2488
323, 2722
324, 2792
325, 2729
326, 2727
327, 2843
328, 2977
329, 2842
330, 3401
331, 2993
332, 3067
333, 2727
334, 2805
335, 2952
336, 2755
337, 2879
338, 2975
339, 2780
340, 2627
341, 2534
342, 2453
343, 2500
344, 2466
345, 2427
346, 2462
347, 2483
348, 2502
349, 2499
350, 2490
351, 2591
352, 2552
353, 2604
354, 2509
355, 2480
356, 2614
357, 2474
358, 2685
359, 2675
360, 2683
361, 2481
362, 2669
363, 2669
364, 2613
365, 2742
366, 2667
367, 2678
368, 2681
369, 2723
370, 2724
371, 2670
372, 2535
373, 2540
374, 2530
375, 2478
376, 2544
377, 2542
378, 2455
379, 2499
380, 2512
381, 2655
382, 2547
383, 2654
384, 2636
385, 2639
386, 2621
387, 2900
388, 2593
389, 2589
390, 2589
391, 2632
392, 3094
393, 3191
394, 2646
395, 2647
396, 2678
397, 2871
398, 2690
399, 2523
400, 2530
401, 2503
402, 2522
403, 2538
404, 2491
405, 2530
406, 2438
407, 2490
408, 2534
409, 2671
410, 2573
411, 2754
412, 2623
413, 2988
414, 2613
415, 2654
416, 2631
417, 2597
418, 2594
419, 2598
420, 2670
421, 2703
422, 2683
423, 2689
424, 2662
425, 2670
426, 2696
427, 2704
428, 2886
429, 2842
430, 2724
431, 2755
432, 2594
433, 2483
434, 2503
435, 2474
436, 2569
437, 2557
438, 2518
439, 2503
440, 2683
441, 2656
442, 2658
443, 2696
444, 2661
445, 2688
446, 2915
447, 2633
448, 2827
449, 2635
450, 2653
451, 2611
452, 2773
453, 3178
454, 2675
455, 2675
456, 2672
457, 2968
458, 3019
459, 2831
460, 2841
461, 2739
462, 2659
463, 2613
464, 2533
465, 2517
466, 2516
467, 2523
468, 2553
469, 2523
470, 2528
471, 2622
472, 2769
473, 2699
474, 2656
475, 2946
476, 2582
477, 3164
478, 2627
479, 2597
480, 2960
481, 2619
482, 2632
483, 2644
484, 3087
485, 2671
486, 2834
487, 2753
488, 2748
489, 2617
490, 2615
491, 2773
492, 2532
493, 2520
494, 2473
495, 2494
496, 2503
497, 2544
498, 2538
499, 2513
