1510
1845
1836
1806
1798
1836
1792
1881
1839
1878
1793
1763
1674
1819
1887
1894
1995
1850
1727
1653
1803
1844
2563
2398
2508
2488
2653
2688
2706
2638
2724
2665
2916
2637
2802
2756
2923
2911
2717
2749
2864
2505
2542
2542
2608
2887
2769
2731
2696
2868
2877
2698
2881
2855
2821
2778
2718
2797
2799
2775
2836
2575
2815
2823
2800
2792
2792
2840
2842
2845
2881
2675
2932
2817
2784
2734
2802
2597
2675
2514
2660
2784
2873
2778
2887
2823
2816
2706
2840
2796
2827
2816
2785
2849
2750
2544
2501
2681
2801
2734
2753
2862
2789
2801
2809
2899
2859
2710
2782
2908
2549
2567
2512
2520
2715
2834
2662
2819
2885
2711
2617
2673
2610
2603
2673
2665
2633
2639
2614
2697
2708
2613
2764
2766
2725
2455
2545
2493
2470
2721
2752
2789
2851
2874
2815
2811
2775
2628
2836
2771
2772
2834
2576
2504
2545
2549
2560
2840
2871
2830
2800
2755
2777
2885
2804
2839
2786
2781
2779
2806
2822
2860
2732
2726
2857
2768
2732
2761
2946
2763
2751
2827
2875
2657
2882
2705
2754
2820
2836
2767
2870
2471
2569
2477
2354
2834
2766
2818
2774
2767
2877
2771
2705
2825
2767
2802
2925
2757
2823
2863
2830
2740
2678
2562
2577
2515
2535
2772
2841
2818
2843
2799
2904
2802
2786
2797
2761
2856
2664
2832
2939
2769
2789
2764
2576
2521
2498
2496
2798
2865
2731
2809
2838
2706
2696
2920
2770
2866
2862
2834
2780
2896
2826
2837
2552
2545
2604
2581
2834
2770
2747
2770
2869
2812
2778
2848
2736
2755
2916
2808
2709
2730
2754
2739
2869
2874
2850
2777
2824
2895
2652
2752
2712
2796
2756
2571
2535
2567
2541
2707
2866
2806
2789
2786
2843
2772
2792
2884
2704
2806
2762
2803
2808
2907
2843
2513
2515
2504
2513
2879
2839
2752
2650
2816
2762
2860
2793
2813
2823
2893
2778
2766
2777
2858
2722
2877
2779
2728
2964
2800
2833
2759
2756
2923
2809
2912
2806
2480
2519
2524
2575
2878
2869
2888
2710
2730
2710
2761
2759
2887
2710
2732
2840
11603
2342
2620
2754
2730
2786
2823
2804
2829
2889
2844
2795
2776
2828
2841
2768
2769
2851
2788
2834
2888
2694
2701
2926
2788
2799
2745
2836
2776
2633
2832
2691
2450
2536
2504
2513
2739
2823
2814
2783
2828
2793
2849
2760
2810
2788
2902
2807
2631
2859
2721
2756
2617
2537
2388
2539
2761
2704
2827
2790
2754
2866
2783
2731
2688
2766
2756
2802
2793
2845
2605
2557
2869
2528
2921
2736
2787
2847
2844
2470
2558
2572
2505
2833
2855
2693
2886
2812
2783
2781
2840
2841
2828
2943
2819
2860
2684
2813
2859
2831
2817
2834
2816
3368
2709
2685
2624
2711
2635
2744
2613
2763
2717
2677
2688
2680
2711
2672
2650
2723
2615
2664
2645
2642
2610
2706
2697
2690
2827
2461
2479
2378
2474
2579
2768
2676
2630
2700
2681
2735
2670
2684
2669
2659
2647
2665
2669
2645
2681
2671
2680
2728
2442
2430
2501
2442
2675
2735
2645
2670
2584
2713
2651
2524
2669
2677
2638
2676
2683
2669
2704
2641
2643
2587
2686
2725
2686
2559
2661
2743
2703
2569
2686
2635
2623
2665
2687
2624
2684
2649
2589
2697
2663
2663
2701
2679
2646
2699
2660
2627
2676
2641
2601
2715
2714
2606
2662
2700
2628
2607
2673
2658
2735
2669
2553
2645
2670
2637
2739
2616
2638
2724
2683
2578
2689
2649
2595
2654
2645
2655
2632
2576
2682
2666
2643
2690
2701
2733
2604
2688
2678
2630
2701
2727
2567
2640
2681
2602
2641
2700
2675
2705
2684
2583
2710
2689
2569
2643
2631
2647
2729
2684
2585
2642
2676
2643
2720
2681
2643
2661
2625
2633
2719
2588
2646
2647
2666
2688
2635
2693
2628
2697
2627
2667
2665
2674
2582
2675
2683
2651
2568
2654
2720
2703
2616
2647
2682
2579
2681
2636
2670
2731
2691
2652
2639
2654
2655
2654
2608
2641
2712
2653
2640
2665
2680
2589
2713
2694
2613
2672
2708
2643
2643
2718
2615
2636
2611
2503
2734
2671
2643
2707
2707
2694
2668
2729
2661
2578
2665
2633
2649
2683
2609
2646
2644
2692
2664
2630
2681
2658
2681
2624
2688
2706
2476
2442
2444
2424
2728
2618
2604
2569
2655
2606
2759
2592
2515
2694
2530
2580
2660
2507
2655
2712
2627
2653
2665
2695
2637
2685
2667
2597
2708
2631
2466
2692
2624
2701
2684
2637
2716
2730
2675
2546
2606
2587
2752
2618
2624
2715
2667
2621
2676
2685
3514
2544
2718
2610
2568
2671
2706
2632
2615
2655
2623
2689
2671
2648
2647
2705
2653
2714
2583
2632
2685
2643
2657
2658
2633
2620
2675
2659
2628
2734
2739
2645
2668
2652
2716
2629
2654
2661
2746
2711
2712
2667
2686
2719
2634
2660
2666
2634
2738
2624
2691
2655
2657
2643
2630
2651
2692
2667
2840
2641
2713
2678
2611
2706
2657
2717
2626
2681
2667
2691
2651
2604
2740
2672
2569
2716
2625
2622
2663
2648
2664
2705
2645
2601
2691
2623
2631
2628
2669
2643
2689
2647
2577
2681
2614
2699
2556
2594
2659
2799
2509
2721
2562
2628
2578
2632
2638
2656
2662
2630
2650
2644
2626
2613
2586
2711
2603
2660
2629
2674
2688
2695
2611
2675
2667
2637
2675
2660
2660
2605
2619
2635
2705
3659
3233
2522
2625
2644
2620
2671
2600
2693
2670
2585
2712
2676
2580
2686
2698
2564
2682
2585
2637
2647
2686
2597
2670
2651
2955
2741
2482
2635
2748
2794
2641
2707
2646
2694
2633
2697
2623
2626
2672
2648
2646
2597
2648
2603
2709
2672
2682
2697
2634
2669
2730
2711
2638
2756
2672
2708
2708
2632
2701
2672
2650
2656
2661
2704
2585
2707
2659
2606
2767
2687
2581
2669
2730
2567
2764
2631
2570
2689
2654
2649
2725
2639
2610
2667
2701
2593
2669
2682
2643
2672
2512
2748
2642
2719
2577
2661
2654
2656
2666
2632
2642
2611
2629
2625
2574
2611
2625
2660
2632
