0, 204139
1, 204245
2, 207087
3, 204455
4, 204472
5, 204890
6, 203921
7, 204122
8, 203904
9, 204754
10, 204413
11, 204458
12, 204321
13, 204739
14, 204587
15, 204634
16, 204541
17, 204330
18, 204323
19, 204428
20, 204184
21, 204380
22, 203922
23, 204434
24, 204247
25, 204619
26, 207028
27, 204626
28, 204685
29, 204643
30, 204247
31, 205316
32, 204418
33, 204807
34, 204529
35, 204019
36, 204584
37, 204202
38, 204431
39, 204311
40, 204345
41, 204518
42, 204528
43, 205127
44, 203957
45, 204379
46, 204450
47, 204663
48, 204391
49, 204264
50, 207109
51, 204274
52, 204340
53, 204513
54, 204211
55, 205004
56, 204264
57, 204679
58, 204207
59, 204122
60, 204480
61, 204098
62, 204356
63, 204585
64, 204210
65, 205348
66, 204255
67, 205232
68, 204543
69, 205480
70, 204382
71, 204608
72, 204478
73, 204692
74, 206954
75, 204353
76, 204510
77, 204568
78, 203804
79, 204632
80, 204067
81, 205502
82, 204559
83, 204644
84, 205486
85, 204685
86, 205094
87, 204819
88, 204726
89, 205606
90, 205817
91, 205181
92, 204296
93, 204318
94, 204751
95, 204469
96, 204865
97, 204808
98, 207634
99, 204358
