211780
104275
95862
90467
81646
82114
81775
81716
99807
189471
81635
82112
82003
169202
83398
191882
105867
192132
82826
83864
81603
191073
93088
81597
81721
134323
81474
226009
83444
152550
182959
63831
75059
121530
59023
126081
53634
53569
53597
74827
54436
61475
53577
57287
53712
53575
53609
55558
53756
53550
53594
53584
53721
53898
53948
64088
83202
53637
55340
53704
57700
53613
57193
68684
120541
53608
61524
57225
57198
57183
57284
66892
53647
57230
58865
57258
53726
57207
57163
53650
89398
125820
61710
57154
59240
57172
81868
126094
53649
125867
57141
126075
59311
59278
59414
191047
57156
104437
123955
59358
65872
59372
57258
97102
57190
126010
57186
57225
57187
58350
57248
125834
53582
57331
57274
57280
53654
109780
53603
55410
57226
57385
53872
57407
56981
53639
53693
53739
53610
53607
53724
152433
171153
64100
66018
61559
57246
57250
118901
126133
57169
126024
57199
126287
57240
59346
59208
59442
53653
57307
103915
53673
57253
57186
57252
53626
57255
57989
53675
53700
56351
53664
53713
53674
53659
53723
62752
117684
128388
64015
65872
59320
87044
57234
57191
57230
57183
57205
53541
53615
82217
55432
53577
59277
57424
53595
57235
54170
73973
53642
53784
57207
57229
53570
53748
53568
55336
105976
53757
63774
53632
53820
53641
107678
99161
55083
53643
53623
53639
53742
65360
54090
53581
53738
53617
53479
53888
53921
53757
53538
53752
53520
53636
53600
53592
53596
53515
53635
53545
53724
53908
53931
53570
53573
53538
53599
53627
173714
53612
53579
67056
53563
53513
53696
53600
56443
57225
57268
57249
57258
57275
57236
57345
56492
53765
74707
53598
53498
53519
53537
53604
53514
53623
53498
53626
53519
53543
53571
53588
53667
53644
53640
53503
165038
167700
58804
116692
126237
126260
126194
53966
53542
53641
53574
53589
53603
53586
53708
53677
53632
53574
53623
53534
53546
53574
53519
53852
53671
53710
53551
53600
53541
53578
53604
53544
53686
53580
101321
101408
177895
168913
59777
53770
53531
53640
53642
53718
53924
53711
65259
53534
53674
53727
53578
53568
53549
53648
54176
53808
53573
53695
53637
53562
53728
53614
53759
53858
53494
53579
53690
53595
53851
53908
53602
53993
134086
149546
58739
53566
53711
54118
113472
126213
126110
126431
57002
53596
53686
53623
53630
53979
53938
53606
53563
53655
53731
53734
53684
53509
53590
53571
53590
53718
53706
53731
53585
53662
53588
53655
53704
53883
54242
137729
53563
53673
53605
53665
53521
53729
55861
57249
57321
57227
57253
57285
57231
57201
57103
53924
53688
53648
53700
53593
53546
53675
54754
53853
53648
53665
53537
53597
53579
53580
53580
53646
171532
53507
53913
103414
53593
53565
68946
126204
126184
126185
102122
53554
53768
53596
53609
53583
53533
53619
53601
53694
53544
53811
53523
53543
53502
53501
53708
53720
53680
53558
53580
53595
53560
53468
53490
53594
165017
53568
53595
56199
53562
53521
53626
53568
53732
53574
53631
53530
53642
53594
53612
53568
53499
53665
53810
53694
53575
53538
53565
53558
53654
53539
53673
53515
53821
53668
53542
53524
53551
55747
53601
53660
158546
172033
57404
53639
102062
126248
126204
122015
71350
53545
53714
53709
53676
53906
55090
53652
53755
53927
53623
53596
53687
54241
54393
53643
53518
53460
54176
53676
53506
53540
53555
53458
53518
53533
53822
53801
99699
141704
58441
53597
53603
58300
64089
64093
64102
64080
64121
64069
64113
54688
53655
53566
53614
53715
53671
53564
53618
53566
53803
53577
53561
53614
53653
53617
53487
53547
53580
54443
53612
53548
53591
53739
58978
118537
55518
53642
53612
53545
53634
53542
53621
53481
53562
53710
54135
53544
53602
53642
53529
53639
53613
53698
53692
53676
53654
53611
53998
53860
53830
53793
53963
54192
53712
53675
53972
53766
169069
53574
57134
90051
53578
53548
53652
53628
53599
53515
53702
53653
53522
53530
53605
53548
53568
53574
53559
53684
53608
53663
53642
53654
53486
53635
53530
53569
53730
53543
53665
54199
53719
53685
53705
53707
166063
53866
53505
54536
53547
53641
65170
53500
53766
53684
53562
53575
53628
54069
53856
53640
53557
54044
53809
53682
53542
53551
53640
53600
53534
53518
53681
53593
53718
53598
53612
53597
53786
53577
53538
53656
158267
176951
59285
53512
109008
126150
126190
126167
62234
53650
53557
53538
74632
53539
53683
53520
53684
53599
53683
53600
53642
53585
53557
53628
53525
53709
53544
53744
53545
53641
53605
53631
53745
53608
53724
53556
140882
165676
58984
53571
125526
126153
126141
120881
53546
53557
53723
53551
53548
53588
53695
53716
53674
53594
53548
53630
53770
53952
53642
53702
53586
53666
53588
53710
53646
53527
53531
53589
53931
53991
53682
53843
130574
151885
59230
53597
83922
126275
126178
126194
87153
53604
53571
53554
53622
53551
53503
53687
53506
53769
53585
53504
53583
53576
53644
53618
54036
54845
53803
54050
53924
53992
53550
53572
53579
53628
53608
53786
65505
138011
55885
53568
53736
53526
56073
59382
59314
59356
59305
59357
59311
59338
58059
53640
53544
53635
53562
53504
53591
53566
53693
53742
53542
53633
74690
53589
53557
53614
53687
53546
53743
53619
53598
53587
54455
127936
53727
53656
53689
53664
53615
53683
53588
53632
53595
53667
53545
53707
53539
53575
53680
53702
53561
53673
53625
53459
53664
53568
53506
53592
53567
53608
53540
53674
53592
53703
53604
53599
166469
53655
53771
116672
55293
53874
53772
53531
53549
53615
53575
53678
53782
53616
53628
53602
53574
53786
53876
53682
53693
53640
53867
53680
53873
53646
54013
53692
53656
53766
53883
53749
53669
53641
53940
53700
164554
53491
53604
55009
53675
53565
53544
53555
53723
53701
53612
53553
53524
53646
53564
53605
53604
53538
53821
53577
53572
53927
53605
53598
53595
53564
53616
53794
53658
53640
53694
53674
53589
53641
53612
53617
180535
199650
64067
68879
98284
59316
57204
59258
57201
57253
57241
57205
122558
53636
53737
57273
57310
53603
57190
83494
53539
53546
57305
57266
53615
53619
53578
61778
53611
53649
57242
57226
53627
53587
53611
53582
160910
168481
64093
68524
62745
59374
57248
57220
57237
57200
53579
53574
55780
93201
53671
53621
58871
57907
53674
57254
53679
94407
53649
53692
57224
57310
55583
55441
53805
96605
57482
53568
59250
58200
53659
57221
138242
158608
63982
66111
61541
61009
114763
58989
126160
57201
125977
62920
59367
59335
59364
57258
57263
57211
57235
88589
53541
59031
57194
57191
57203
57207
53529
90528
53536
53582
57295
57259
53572
53751
53886
78561
104157
136022
61564
66095
59358
108186
57228
57202
57259
57218
57216
57222
57937
53624
57199
53553
53586
53672
53584
53605
53580
72293
53657
53623
57195
57220
53661
53614
53621
53624
113074
53674
53739
57241
57294
53677
78795
131426
57240
63588
57207
57207
57215
57250
83872
53641
55391
57210
57219
53712
57184
53622
67747
53672
53576
57206
57230
53667
53553
53645
53610
101187
53630
53701
57256
57185
53557
57268
53599
108919
53557
53548
68722
110959
53657
67102
57222
57190
57268
57281
53633
53733
57213
53755
105659
126229
53588
57300
57248
59253
74531
57230
57279
57267
57226
57207
57207
53614
54677
53587
53758
53647
53590
53570
53610
53559
201298
53558
68790
84462
59347
59305
62312
124544
126201
57212
57220
57200
57190
114753
57184
57175
57236
57244
57233
57234
75650
53637
57295
57235
57202
53560
57217
53557
54347
53577
53666
55310
53625
53582
53651
54005
167523
53635
66108
69186
59356
57247
57223
57250
80924
53609
53635
53629
53609
53961
53806
53660
53809
53916
53666
53622
53672
53673
53553
53651
53497
53611
53486
53539
53501
53468
53513
53506
53601
53576
53626
53600
157934
169920
59325
94190
126235
126222
126227
77443
53603
53656
53577
53544
53602
53544
53714
53584
53634
53559
53598
53564
53512
53572
53542
53539
53598
53693
53519
53565
53630
53564
53694
53614
53642
53503
53658
53481
148981
167090
58696
85817
126165
126133
126172
85973
53640
53531
53565
53608
53571
53615
53570
53679
53644
53569
53784
53812
53661
53621
53664
53650
53739
53725
53557
53643
53657
53697
53633
53591
53646
54031
53710
53763
139533
158996
58925
57287
126199
126149
126157
114905
53531
53567
53683
53573
53527
53563
53620
53623
53720
53543
53637
53498
53563
53653
53578
53560
53683
53877
53546
53548
53613
53601
53563
53583
53588
53528
53722
53714
127419
147426
58627
53597
68733
126213
126151
126142
103053
53626
53611
53557
53636
53576
53975
53731
53617
53793
53641
53581
53550
53617
53577
53564
53868
53556
53733
53572
53587
53613
53595
53951
55566
55645
55679
55136
77080
135469
56782
53636
53594
53956
56078
59320
59322
59371
59313
59335
59298
59347
58357
53572
53566
53803
53538
53558
53495
53571
53561
53770
53487
53508
53580
53580
53543
53591
53549
53496
53681
53547
53560
53578
61900
131535
55772
53590
56365
57231
57295
57294
57211
57232
57249
57216
56532
53497
53564
53552
53510
53515
53570
53556
53533
53658
53599
53489
53470
53666
53536
53540
53548
53563
53769
53555
53593
53537
53736
53627
54226
112785
53762
53627
53688
53571
53676
53657
53566
53547
74651
53768
53521
53585
53546
53679
53592
53595
53575
53542
53738
53565
53604
53604
53596
53699
53498
53534
53566
53752
53554
53608
53554
53585
169460
53538
58174
62294
61604
61648
61590
61584
61643
61621
56191
53577
53554
53614
53510
53576
53529
53561
53559
53739
53621
53551
53681
53534
53513
53548
53647
53571
53764
53536
53507
53643
53571
53587
53636
53544
167379
178750
59094
53548
53680
53561
126187
126222
126185
120222
53656
53505
53609
53596
53629
65230
53581
53532
53653
53643
53638
53525
53520
53627
53737
53753
53541
53740
53634
53569
53594
53692
53642
53554
53776
53917
150545
167912
58791
53623
53661
61910
124258
126253
126217
110618
53631
53576
53645
53655
53586
53650
53609
53581
53621
53650
53521
56401
53610
53605
53676
53599
53689
53637
53610
53600
53566
53553
53572
53645
53533
53661
143347
159978
59528
53569
53564
53594
121545
126193
126193
124613
53537
53634
58579
59390
53644
57544
57407
53588
79573
53817
53810
57268
57221
53702
53548
53624
53638
53694
53663
53604
53681
53553
53732
53775
53600
55732
139278
147749
63959
66084
61486
121764
57236
57242
59260
60798
57251
57238
103071
57268
57280
57254
57211
57206
57188
53592
125362
53573
53892
57205
57312
53647
57236
89136
53677
53767
57219
57245
53697
53614
55345
77264
130877
141588
63954
66127
73368
57247
57220
57234
57230
57235
53622
53664
53655
117484
53593
53603
55196
53588
53682
53532
53792
57219
57188
57260
57248
57207
57234
57250
57192
55247
53673
65373
53692
53672
53760
53667
113034
146108
63154
63696
61450
57263
57227
72215
57300
126102
57185
126167
57245
83951
57235
59398
57208
60135
57182
57268
57276
93706
53645
57227
57234
57271
53590
57228
53610
91618
53660
53635
57229
57231
53524
53629
66240
115332
53640
63555
57204
57250
57284
57267
65910
126177
57234
57265
57194
57224
57195
65383
53579
57243
57282
57210
53669
57250
57219
55204
106070
53663
53605
57260
57235
53671
57247
53748
120312
53732
198193
57226
70204
71325
59333
57224
59244
57211
57215
59014
53848
119965
126216
126221
125882
53676
53575
53572
53650
53555
53583
53587
53651
53545
53617
53587
53598
53669
53557
53562
53506
53589
53681
53611
53537
53559
167548
230347
59217
53622
53551
53632
53510
53546
53732
53716
53576
53664
53552
53670
53560
53556
53562
53654
53732
53664
53605
53598
53646
53580
53596
53688
53597
53606
53584
53621
53558
53776
53525
53537
53510
53654
153317
168704
58823
53670
53629
59619
123704
126212
122123
134539
53624
53576
56473
53616
53559
53912
53636
53628
54110
53684
53659
53531
53569
53567
53568
53606
53625
53733
53810
53625
53580
53568
53611
53642
53570
53563
143404
159767
58255
53619
53614
65977
126186
118774
126243
110388
53605
53559
53602
53589
53550
53632
53564
53583
53659
54017
54079
53735
53686
53620
53651
53832
53909
53711
53552
53579
53541
53631
53525
53754
53657
53744
136260
149397
58950
53777
53590
53594
95491
126139
126163
126170
76581
53565
53597
53647
53711
53579
53632
53774
53633
53713
53526
53644
53558
53733
53511
53584
53526
53567
53760
53577
53594
53529
53663
53577
53545
53534
128861
140506
59477
53563
53553
53591
53530
57487
59315
59303
59344
59402
59314
59356
59345
57096
53842
53541
65589
53784
53558
53551
53559
53550
53701
53580
53572
53553
53502
53618
53574
53678
53544
53846
53623
53558
117672
130832
58608
57029
64086
64091
64062
64036
64110
64041
64105
56335
53572
53615
53611
53596
53758
53634
53596
53546
53755
53545
53609
53577
53528
53765
53654
53551
53548
53713
53582
53721
53491
53513
53666
53996
54210
115076
53581
53614
53629
53677
53593
53747
53525
53547
53668
53576
53601
53562
53522
53577
53604
53594
53516
53699
53597
53561
53580
53559
53780
53503
53606
53586
53654
53672
53608
53523
53517
53721
169206
59993
56763
54255
53660
53614
53672
53552
53684
53547
53686
53663
53683
53553
53761
53605
53544
53607
53706
53724
53705
53531
53543
53594
53639
53529
53546
53524
53601
53674
53593
53589
53541
53580
53538
53627
145836
169562
59306
53705
53599
53608
105551
121945
126206
126273
68517
53665
53782
53510
53576
53592
53655
53579
53562
54157
53724
53608
53550
53619
53889
53639
53584
53567
53593
53633
53529
53529
53574
53660
53604
53608
158053
168296
58721
53628
53595
53624
113904
126161
126122
126160
57967
53548
53547
53547
53647
53541
53584
53589
53522
53696
53590
53707
53638
53531
53584
53589
53565
53553
53860
53513
53518
53559
53589
53575
53632
53586
146541
160975
59773
53603
53788
53604
94830
126205
126147
126187
77508
53694
53585
53719
54083
53951
53664
53539
53667
53655
53624
53649
53608
53590
53661
53540
53682
53596
53666
53579
53653
53901
53811
53718
53703
53735
141296
148927
58856
53565
53717
53548
54433
64109
64039
64069
64107
64087
64113
64067
59266
53551
53732
53642
53587
53601
53550
53657
53582
53704
53726
53563
53756
53663
53521
53552
53648
53548
53671
53537
53529
74732
130886
138721
81641
53573
53597
53700
53536
53585
53593
53511
53673
53619
53606
53683
53551
53571
53613
53585
53551
53708
53539
53536
53553
53566
53550
53582
53593
53536
53664
53589
53580
53601
53593
53581
53620
53521
116646
133343
58786
53542
53567
53662
53629
53915
56900
57201
57192
57241
57215
57208
57244
57208
56004
53530
53585
53602
53612
53573
53561
53523
53673
53741
53518
53601
53545
53576
53618
53637
53514
53557
53686
53568
54185
116942
53727
53634
53532
53658
53699
53575
53614
53618
53557
53582
53581
53615
53637
53638
53583
53559
53591
53525
53651
53532
53542
53584
53728
53542
53659
53499
53567
53618
53564
53561
53664
53647
171318
53524
53573
54696
53568
53571
59019
64106
64062
64070
64097
64052
64094
64048
54478
53542
53623
53680
53569
53579
53681
53581
53615
53665
53734
53539
53602
53516
53583
53546
53605
53592
53659
53555
53637
53578
169985
172423
59167
53636
53513
53524
53531
53570
53628
53669
53560
53515
53525
53577
53553
53553
53603
53539
53640
53542
53558
53586
53562
53626
53522
53581
53546
53652
53526
53553
53612
53591
53569
53630
53575
53646
154835
173471
58216
53554
53662
61955
126187
126199
126159
109961
53521
53554
53592
53605
53558
53686
53624
53575
74737
53685
53625
57361
53756
53638
53619
53749
53604
102936
53787
53859
53694
68982
53611
55420
53623
122689
149120
160796
67719
66356
61507
59331
57254
57238
57257
57201
53569
113590
126281
55715
57210
57238
57223
90184
126117
57251
126089
57233
126203
57204
59292
59325
59284
57220
57162
57246
113275
53593
57221
57200
57172
57254
159041
149317
61679
66003
61558
59368
85043
57235
126002
57251
126101
59307
115784
59300
59353
59346
59255
57196
57241
93701
57237
57249
57173
57241
57219
57221
53583
101583
53612
53582
57260
57211
53681
57190
53577
109273
131616
143221
66514
67326
122624
59295
59303
59372
59283
57235
59259
57257
126115
57253
57228
57224
57232
57199
115452
53569
57228
57229
60127
57259
53618
78066
53589
53703
57202
57232
53621
53624
53623
53628
120299
53669
120839
134620
66838
66116
59306
59325
57256
57222
57211
57196
53614
107221
74681
53987
53683
57210
53613
53632
63941
53584
53605
57230
53615
53632
53698
53787
65327
104192
53591
57290
53621
57238
53651
53623
53631
110974
69858
120530
59310
65781
59331
112066
57257
57277
57263
57211
57245
57200
68427
53624
57250
57248
57212
53594
57228
53691
53678
113219
53669
53628
57298
57270
53598
57247
58989
53627
57202
53597
57218
53615
198567
126133
66670
72611
61569
62340
59366
78069
122856
57253
126071
57233
57214
92498
59337
57422
59317
57243
57231
57255
57223
112419
57210
57196
57221
57229
57218
57198
70312
53613
57214
57200
57236
53545
57310
53655
182189
199785
66520
68720
83377
59338
59312
59256
59348
57221
57195
57185
89551
53579
57229
57235
57232
57206
57194
53575
85294
53559
53689
57337
57327
53660
53773
54098
66244
53681
53685
57270
57201
53775
53824
53755
163055
168276
64115
68676
61579
78044
126079
57382
126061
59454
57996
96830
126159
58916
97889
60513
59338
111891
126029
57220
126030
59352
126275
59340
126018
59335
126136
63345
64058
59250
59347
57173
57278
57216
57206
97538
161591
173164
66541
103936
126037
59311
59344
59344
59273
84805
126182
57255
126113
57246
126248
59321
59333
59247
59244
57191
57205
57292
104072
53768
57209
57222
57230
57202
54689
53655
120495
53623
53653
57232
57240
53708
145586
149119
64070
66024
61536
59335
79260
57212
126056
57226
126101
57179
91922
59340
63795
59285
57262
57228
57218
57208
125812
53577
57175
57269
57259
57217
57189
98154
53635
53648
57263
57187
53625
57230
53684
123110
138480
140524
66510
77217
61608
57246
60134
53623
53623
53547
53659
53658
126205
126137
126179
119603
53590
53604
53670
53491
53672
53534
53705
53522
53745
53572
53592
53630
53503
53668
53591
53611
53523
53791
53574
53602
88407
131115
57676
53674
54494
59395
59318
59323
59345
59343
59325
59321
59323
53537
53535
53611
53611
53606
53523
53573
53598
53608
101271
101270
101293
101296
94667
53571
53533
53675
53585
53628
53484
53929
53818
53795
54179
117967
53582
53691
53669
53524
53744
53753
53593
53527
53594
53571
53679
53574
53546
53558
53723
53636
53557
53566
53987
53838
53548
53553
53578
54085
53701
53573
53566
53574
53746
53497
53530
53754
169177
53622
66241
69011
59595
57416
59210
126182
57249
126127
57233
126230
57195
59382
59220
59375
57228
57208
57206
57238
108824
53591
53712
57255
57205
53620
57251
85320
53743
53670
57304
53576
53700
53626
53623
53598
201473
198925
66478
78410
61520
59318
59333
59308
57251
57240
57202
81451
53647
57192
57276
57286
53676
57322
53648
60206
53654
53595
57253
57294
53671
54046
53622
53625
84437
53688
53638
57216
57221
53700
53607
53581
174737
168878
66585
68710
63498
126116
57218
81501
53655
53586
53642
53641
117702
53838
53647
53715
53772
53641
53638
53746
53532
53700
53588
53602
53543
53706
53567
53586
53721
53632
53648
53614
53692
53631
53655
53511
147749
157820
59588
53663
53703
53662
53588
62753
64071
64087
64038
64081
64082
64073
61847
53547
53614
53523
53915
53824
53629
53693
53592
53726
53781
53599
53653
53601
53556
53579
53616
53574
71725
53612
53939
57254
143389
149549
64053
65966
61477
59343
57246
57216
57204
57209
124671
126175
53558
57257
57242
57218
111459
126213
57223
126079
57240
126240
57196
59360
59228
59383
57187
57266
61983
53612
53607
53514
53631
53647
53574
53625
129690
143729
59497
53600
53610
53683
53536
57779
59362
59297
59290
59339
59365
59288
59454
56624
53586
53628
53574
53580
53557
53783
53699
53707
53724
53511
53650
53542
53585
53564
53576
53639
53510
53641
53554
53713
117271
133421
58887
55460
64060
64065
64058
64038
64053
64083
64045
57695
53571
53676
53638
53638
53573
53628
53597
53672
53641
53583
53546
53864
53589
53574
53546
53704
53554
53683
53641
53509
53623
53595
53619
53509
54491
115946
53620
53568
53684
53648
53593
53618
53682
53543
53706
53552
53637
53632
53540
53630
53604
53655
53692
53652
53568
54013
53720
53618
53643
53604
53628
53494
53661
53726
53589
53686
53553
53566
169818
58907
56214
54722
53840
53536
53839
53810
53684
53559
53684
53516
53628
53572
53655
53634
53641
53615
53638
109633
53560
53667
57287
57216
53527
57239
53643
53672
53625
53766
53709
53711
53607
53627
53685
55898
168103
198111
66543
69924
61600
59320
57205
57252
57223
57249
53707
53627
113193
53638
53584
57274
57216
53654
57253
58509
53602
57206
53579
57240
53571
74605
53595
53554
110677
53649
53710
53603
57201
53587
53594
53560
195155
168555
66476
66237
122762
126237
59358
126102
60818
126249
59366
126054
59331
126240
59312
126051
59413
59304
59290
59396
63744
126126
57221
126065
57247
126334
59312
59348
59320
59267
57182
69169
57296
66969
57182
53613
162413
158862
92753
66367
61541
59309
59369
57283
57241
57200
120185
59486
53649
53687
53575
53547
53610
53763
53544
53963
53764
53619
53659
53538
53591
53621
53766
53820
53502
53538
53535
53617
53531
53486
53499
53667
139403
150210
62836
66226
61603
125361
57229
57263
57240
58828
57245
57223
70257
53996
53641
53528
54055
53794
53538
53561
53518
53710
53535
53688
53634
53725
53558
53563
53560
53557
53613
53515
53608
53535
53592
53561
129194
143972
59364
53543
53651
53613
53572
53676
53690
53576
53540
53595
53554
53599
53554
53785
53867
53727
53615
53512
53569
53712
53540
53689
53554
53615
53538
99987
101255
101298
101325
95104
53589
53587
53602
53590
87224
130717
58561
59268
59339
59355
59345
59302
59353
59355
59352
53585
53565
53565
53524
53581
53586
53592
53534
53631
53659
53540
53568
53544
53535
53571
53593
53567
53558
53700
53644
53618
53537
53558
53604
53563
54177
117896
53678
53683
53566
53531
53732
53586
53560
53646
53552
53682
53508
53521
53607
53634
53560
53574
53816
53519
53634
54029
53807
53561
53705
53533
53590
53760
53539
53615
53796
53696
53541
53588
170040
53566
54088
54509
53686
53566
53585
53578
53689
53730
53562
53664
53517
53547
53542
53607
53548
53544
53700
53611
53567
53576
53566
53564
53516
53630
53550
53568
53526
53569
53593
53568
53578
53527
53624
53589
145614
172168
59448
53580
53612
53663
114398
126171
126200
126181
57689
53642
53534
53520
53989
53589
53627
53675
53518
53662
53640
53551
53589
53526
53568
53587
53598
53534
53747
55839
53743
53563
53661
53572
53674
53583
156628
166552
58750
53656
53640
53586
114112
126172
126206
126200
57529
53564
53664
53625
53578
53621
53679
53614
53502
53728
53578
53688
53572
53773
53598
53619
53519
53601
53651
53543
53603
53600
53603
53659
53660
53553
157091
159668
59731
53639
53680
53684
104693
126282
126211
126261
66970
53568
54169
53627
53603
53725
53827
53690
53674
53814
54000
55726
55703
55774
55717
55045
53896
53804
65281
53646
57216
53752
53578
53648
53749
53620
148451
148937
64089
66084
61514
64251
53596
53562
53710
53627
53874
53625
53772
54070
53764
53766
53529
53755
53906
53618
53564
53531
53541
53660
53518
53544
53543
53670
53786
53771
53528
53702
54008
53665
53479
53632
129569
142543
60687
53582
53590
53599
53464
53549
53588
53530
53641
53680
53789
53583
53678
53587
53672
53533
53772
53566
53604
53569
53550
53605
53595
53565
53474
53566
53615
53672
53514
53588
53684
53644
53591
53575
117708
129590
58373
53587
53495
53577
53584
53567
53568
53861
53621
53518
53617
53554
53554
53542
53571
53613
53669
53597
53554
53650
53758
53495
53498
53629
53633
53650
53633
53525
53583
53582
53516
53561
53658
53546
54276
117457
53630
53554
53569
53752
53568
53657
53674
53551
53537
53838
53483
53556
53502
53527
53658
53758
53491
53487
53713
53539
53602
53765
53539
53637
53610
53610
53546
53535
53520
53516
53541
53613
169008
53477
53520
54219
53541
53523
53568
53568
58807
59309
59381
59305
59293
59322
59317
59317
55423
53555
53536
53612
53702
53527
53547
53633
53566
53631
53459
53629
53465
53589
53541
53539
53541
53628
53798
53507
167653
172008
59422
66753
53638
53605
53532
53690
53632
53555
53558
53737
53565
53567
53534
53544
53628
53529
53553
53585
53715
53636
56321
53667
53603
53691
53603
53628
53592
53791
53613
53537
53645
53507
53716
53596
156734
173545
58636
53579
53563
53602
53627
54208
61576
61595
61575
61591
61595
61597
61609
60290
53568
53537
53777
53674
53666
53602
53614
53569
53630
53698
53588
53539
53551
53652
53498
53478
53547
53642
53611
53519
147738
157931
59732
113129
126192
126153
126096
58929
53511
53533
53613
53548
53621
53490
53514
53484
53776
53591
53487
53552
53561
53681
53556
53670
53466
53733
53552
53546
53501
53605
53564
53499
53546
53529
53707
53530
141968
149568
59050
62558
126131
126156
126245
109082
53712
53540
53536
53565
53540
53658
53524
53519
53657
53605
53509
53599
53591
53716
53595
53546
53486
53588
53612
53499
53566
53558
53588
53531
53497
53531
53665
53610
128418
143720
59332
53596
66140
126229
126132
126110
105569
53602
53641
53556
53534
53564
53653
53528
53529
53636
53551
53522
53601
53580
53516
53652
53520
53617
53601
53590
54015
53749
53670
53570
53667
53594
53765
53708
87978
131037
57758
54015
53814
53622
56759
61598
61623
61590
61589
61608
61607
61601
58104
53734
53687
53865
53773
53654
53631
53527
53542
53683
53512
53715
53651
53659
53645
53669
53592
53586
53677
53608
53718
53509
54240
117663
53597
53580
53828
53632
53625
53745
53635
53550
53721
53657
53774
53679
53507
53691
53618
53579
53581
53929
53673
53511
53707
53581
53622
53568
53655
53564
53668
53571
53643
53610
53569
53728
168711
53933
53522
54713
59080
61601
61562
61619
61601
61592
61578
61566
55417
53538
53713
53528
53565
53581
53660
53593
53777
53839
53579
53626
74573
53508
53570
53642
53587
54231
53777
53572
53695
53531
53584
53546
168633
173790
59146
53659
53526
53734
53646
58171
64054
64072
64049
64055
64033
64050
64031
55315
53532
53706
53537
53564
53572
53554
53658
53581
53710
53559
53705
53647
53566
53608
53586
53762
53534
53742
53537
53650
156930
168331
98763
53575
53683
53537
53510
53618
53712
53615
53682
53571
53634
53659
53566
53567
53600
53753
53635
53746
53576
53519
53692
53543
53567
53520
53662
53556
53689
53522
53546
53590
53545
53508
53510
53593
147012
158316
59672
53568
53576
53615
55723
66730
66748
66742
66718
66744
66778
66809
55055
54034
53816
53578
53566
53585
53622
53678
53586
53910
53534
53568
53755
53553
53557
53572
53668
53468
53815
53512
53505
53589
137911
155400
97592
53712
53650
53556
53587
53878
54007
53893
53517
53574
53631
53662
53548
53556
53675
53673
53725
53597
53526
53581
53626
53594
53630
53551
53521
53692
53567
53539
53666
53570
53529
53573
53574
53565
128475
143510
59355
53547
53552
53592
54162
61618
61650
61568
61558
61579
61612
61608
60649
53635
53586
53517
53588
53574
53603
53647
53533
53803
53559
53545
53572
53627
53540
53627
53591
53549
53795
53542
53646
53666
117403
133279
58639
62873
64085
64099
64048
64077
64033
64079
61695
53546
53521
53529
53632
53565
53629
53568
53603
53946
54054
53924
53549
53574
53543
53564
53528
53719
53652
53608
53628
53568
53533
53798
53542
53717
54225
115784
53688
53589
53571
53601
53606
53597
53525
53741
53580
53548
53648
53520
53659
53597
53594
53550
53713
53518
53513
53523
53552
53631
53527
53504
53521
53752
53465
53482
53584
53456
53605
53500
174459
53513
53545
54669
53585
53641
53547
53505
53530
53786
53580
53563
53575
53602
53641
53563
53607
53593
53726
53583
53586
53485
53533
53633
53517
53560
53548
53793
53539
53517
53579
53868
53880
56423
53582
53547
153071
171526
66605
68766
61666
59309
57223
57230
57253
57210
53661
53638
53921
79634
53572
53895
57223
57204
53829
55369
53842
56401
54044
124219
53627
53700
57300
57262
53682
97898
57282
57220
57202
57209
58923
57241
170693
218958
66575
68776
89639
59304
57251
59286
57192
57245
57248
57210
97611
53604
53567
57328
57266
53613
53669
53648
93080
53622
53672
57209
57219
53668
53686
53719
83718
53643
53545
57178
57213
53657
53586
53625
159820
158522
64030
66239
61506
82230
126087
57278
126075
59301
59886
122148
126246
126199
124076
53528
53827
53716
53567
53592
53957
53869
53657
53617
53527
53586
54046
53576
53585
53640
53640
53521
53757
53621
53580
53573
140963
148825
60171
53529
53739
65202
53554
53575
53599
53590
53499
53664
53530
53632
53570
53604
53546
53661
53561
53576
53681
53505
53599
53554
53592
53545
53532
53574
53497
53696
53517
53636
53483
53566
53556
53658
128722
139997
59338
53560
53575
53721
53561
53703
55567
57230
57200
57245
57242
57227
57190
57240
57232
53599
53582
53526
53572
53576
53634
53831
53624
53706
53613
53584
53618
53582
53618
53547
53689
53619
53609
53915
87606
131612
57832
53773
53611
53939
59339
59350
59360
59317
59349
59340
59361
59302
54248
53561
53579
53602
53608
53586
53695
53568
53586
53731
53515
53730
53585
53573
53603
53555
53555
53570
53656
53620
53702
53536
54143
117534
53606
53546
116574
116570
116567
116623
66249
53554
53622
53535
53527
53576
53524
53689
53544
53619
53582
53663
53629
53617
53505
53555
53694
53573
53738
53609
53562
53613
53617
53559
53530
53750
170795
53576
53561
54490
53548
53648
53687
53572
58317
61768
59296
59302
59298
59354
59295
59331
55749
53575
53656
53779
53652
53571
53521
53746
53524
53617
53572
55814
53618
53571
53596
53544
53704
53531
53627
53556
167428
171174
59335
73795
53572
53649
53622
53554
53589
53587
53691
53696
53894
53634
53567
53606
53586
53561
53555
53622
53861
53530
53675
53610
53609
53614
53565
53602
53817
53665
53506
53986
53702
53725
53863
53849
157583
168615
58756
53563
53561
53560
53624
55315
61609
61587
61586
61639
61619
61615
61577
59224
53579
53570
53696
53791
53630
53566
53656
53633
53704
53537
53609
53624
53660
53669
53508
53524
53651
53734
53632
53554
147548
159497
63239
126184
126283
126214
115641
53552
53569
53656
53639
53554
53517
53594
53496
53773
53568
53545
53584
53607
53522
53630
53612
53569
53786
53774
53893
53821
53959
53991
53828
53578
53600
53756
53557
53625
141975
148970
58946
91966
126274
126122
126125
79750
53558
53677
53522
53671
53535
53587
53628
53534
53873
53609
53558
53598
53664
53564
53525
53732
53586
53754
53945
53696
53588
53715
53711
53495
53497
54015
53971
53550
129846
142744
59387
53636
103503
126170
126236
124388
69793
53704
53765
53657
53684
53586
53589
53656
53566
53737
53588
53485
53611
53735
53534
53598
53547
53556
53777
53984
53576
53604
53642
53785
53789
53629
53584
53799
85243
131326
57501
53491
53587
53719
58295
59316
59324
59341
59343
59315
59336
59337
56075
53523
53555
53593
53589
53664
53579
53546
53665
53798
53620
53558
53547
53646
53594
53601
53649
53577
53703
53613
53578
53537
54142
117553
53617
53636
53719
53558
53555
53645
53510
53646
53581
53585
53535
53701
53585
53638
53600
53661
53666
53608
53581
53556
53687
53721
53559
53605
53524
53699
53545
53616
53594
53720
53621
53579
169294
53560
53663
54775
61024
64104
64056
64081
64047
64048
64072
63641
53575
53578
53598
53809
53551
53845
53579
53561
53692
53752
53627
53911
53649
53561
53990
53841
53569
57234
53667
53594
53659
53616
53676
53597
181100
199101
66556
68899
61479
59360
118337
126147
57253
59291
59213
59394
107344
57211
57270
57275
57254
57211
57177
57428
53544
57287
53680
53676
53582
53633
53656
53615
69993
53792
53680
57260
57196
53651
53643
53794
164656
168351
66523
68548
61545
90644
57207
57253
57280
57216
57202
57225
53597
89086
53695
53586
57228
57207
55292
53612
53669
77388
53623
126071
57231
57195
57184
57232
84435
57222
57200
57185
57215
57213
57232
53654
164744
158115
63977
66178
61453
114620
57187
57276
59319
