0, 66046
1, 45598
2, 36215
3, 31471
4, 28453
5, 26432
6, 26267
7, 26214
8, 26063
9, 27133
10, 27056
11, 27103
12, 27114
13, 28119
14, 27456
15, 26726
16, 26093
17, 26053
18, 25964
19, 25970
20, 26263
21, 26440
22, 27837
23, 26291
24, 26146
25, 26059
26, 26190
27, 26194
28, 26359
29, 26809
30, 26355
31, 27046
32, 27869
33, 25973
34, 26481
35, 25989
36, 26321
37, 26202
38, 26093
39, 26334
40, 26268
41, 26218
42, 26651
43, 26335
44, 26699
45, 27043
46, 26585
47, 26791
48, 26173
49, 27689
50, 28179
51, 27140
52, 26807
53, 27267
54, 27343
55, 26147
56, 26760
57, 26105
58, 27433
59, 25967
60, 26237
61, 26538
62, 26192
63, 26012
64, 26129
65, 26430
66, 26029
67, 26589
68, 27669
69, 26370
70, 26029
71, 26087
72, 26338
73, 26078
74, 26219
75, 26660
76, 26990
77, 26242
78, 26204
79, 26173
80, 26701
81, 26129
82, 25925
83, 26185
84, 26106
85, 26688
86, 27616
87, 26077
88, 26343
89, 26304
90, 26193
91, 26229
92, 26081
93, 26195
94, 26443
95, 25976
96, 26250
97, 26380
98, 26277
99, 27128
100, 27154
101, 25998
102, 25988
103, 26722
104, 28968
105, 26520
106, 26106
107, 26175
108, 25930
109, 26065
110, 25690
111, 26096
112, 26249
113, 26340
114, 26136
115, 26635
116, 26019
117, 26357
118, 26447
119, 28499
120, 26265
121, 26326
122, 26085
123, 26000
124, 26050
125, 26878
126, 26737
127, 26547
128, 27042
129, 27149
130, 27250
131, 27121
132, 26102
133, 26529
134, 27894
135, 26223
136, 26061
137, 26326
138, 26583
139, 26180
140, 25832
141, 26076
142, 25748
143, 26066
144, 26789
145, 25993
146, 26026
147, 25821
148, 25915
149, 26865
150, 26270
151, 26386
152, 26133
153, 26776
154, 26659
155, 26466
156, 26314
157, 26611
158, 26162
159, 26314
160, 26036
161, 26234
162, 26171
163, 25987
164, 26356
165, 25851
166, 26209
167, 26270
168, 26198
169, 26444
170, 26223
171, 26261
172, 25847
173, 26211
174, 26325
175, 26100
176, 26703
177, 25996
178, 26098
179, 26245
180, 26384
181, 27962
182, 25957
183, 26069
184, 25997
185, 26063
186, 25684
187, 26262
188, 26648
189, 26326
190, 26039
191, 26058
192, 26332
193, 26168
194, 26620
195, 26371
196, 26405
197, 26328
198, 26813
199, 26108
200, 26439
201, 26088
202, 26354
203, 25804
204, 26679
205, 26044
206, 26058
207, 25880
208, 26082
209, 25734
210, 26106
211, 25995
212, 26333
213, 25589
214, 26275
215, 26821
216, 26060
217, 26327
218, 26128
219, 26040
220, 26031
221, 25945
222, 25962
223, 26119
224, 26138
225, 26146
226, 25921
227, 26435
228, 25774
229, 26147
230, 26843
231, 26843
232, 26769
233, 26561
234, 27651
235, 27559
236, 26743
237, 26793
238, 26970
239, 26504
240, 26454
241, 25626
242, 26160
243, 26685
244, 26971
245, 26133
246, 25978
247, 26291
248, 26075
249, 26095
250, 25804
251, 26418
252, 25996
253, 26004
254, 26505
255, 26074
256, 25912
257, 26137
258, 26314
259, 26684
260, 26221
261, 26173
262, 26246
263, 26019
264, 26463
265, 28439
266, 26307
267, 25831
268, 26009
269, 26439
270, 26945
271, 26082
272, 26165
273, 26431
274, 25914
275, 26093
276, 25977
277, 25961
278, 25729
279, 26112
280, 25906
281, 26279
282, 25946
283, 26038
284, 25859
285, 25951
286, 26047
287, 26310
288, 26234
289, 26016
290, 26153
291, 26111
292, 26051
293, 26139
294, 26285
295, 25911
296, 26299
297, 25891
298, 25863
299, 25922
300, 25992
301, 26096
302, 26119
303, 26307
304, 26373
305, 25881
306, 25899
307, 25700
308, 26219
309, 25870
310, 26331
311, 25908
312, 26019
313, 25957
314, 26365
315, 25948
316, 26015
317, 26026
318, 25822
319, 26081
320, 26182
321, 25959
322, 25941
323, 25895
324, 26317
325, 26030
326, 26324
327, 26022
328, 25856
329, 26006
330, 26036
331, 26059
332, 26211
333, 26257
334, 26249
335, 25875
336, 25921
337, 26077
338, 25686
339, 25960
340, 25880
341, 26184
342, 26138
343, 25919
344, 26332
345, 25941
346, 25943
347, 26027
348, 25551
349, 26329
350, 26058
351, 26007
352, 25573
353, 26261
354, 26220
355, 25979
356, 25839
357, 26284
358, 26964
359, 26299
360, 26331
361, 25907
362, 26279
363, 26371
364, 26412
365, 26210
366, 26028
367, 27025
368, 26777
369, 26853
370, 26941
371, 26763
372, 27800
373, 27139
374, 27524
375, 26737
376, 26673
377, 26197
378, 25969
379, 26199
380, 26175
381, 26098
382, 26247
383, 25994
384, 27724
385, 26215
386, 26311
387, 26116
388, 25890
389, 26328
390, 26056
391, 26209
392, 26822
393, 25752
394, 26428
395, 26230
396, 25933
397, 26141
398, 26160
399, 25957
400, 26131
401, 26096
402, 25934
403, 26311
404, 26164
405, 26107
406, 25978
407, 26453
408, 26011
409, 26357
410, 26462
411, 26105
412, 26477
413, 25995
414, 27824
415, 26035
416, 26272
417, 26115
418, 26242
419, 26010
420, 26295
421, 26337
422, 26688
423, 26337
424, 26481
425, 26013
426, 26329
427, 26189
428, 26227
429, 26206
430, 26153
431, 26526
432, 25870
433, 26226
434, 26692
435, 26336
436, 26000
437, 26104
438, 26120
439, 26008
440, 26310
441, 25768
442, 26207
443, 25772
444, 26263
445, 25644
446, 26297
447, 26252
448, 26162
449, 26052
450, 26582
451, 26282
452, 25886
453, 25996
454, 26165
455, 26143
456, 26393
457, 25949
458, 26161
459, 26368
460, 26663
461, 26161
462, 26070
463, 26343
464, 26405
465, 25864
466, 25951
467, 25586
468, 26244
469, 25986
470, 26060
471, 25961
472, 26162
473, 25717
474, 26291
475, 26452
476, 26235
477, 26002
478, 26003
479, 26328
480, 26020
481, 26111
482, 26160
483, 26039
484, 26274
485, 26147
486, 25745
487, 26436
488, 26077
489, 25997
490, 26150
491, 26066
492, 26191
493, 26182
494, 26438
495, 26096
496, 25931
497, 26002
498, 26350
499, 25985
500, 26049
501, 25678
502, 26091
503, 26174
504, 26351
505, 25970
506, 26141
507, 26044
508, 26417
509, 26010
510, 26059
511, 26344
512, 25954
513, 26274
514, 26265
515, 26256
516, 25970
517, 26284
518, 26079
519, 26309
520, 25905
521, 26036
522, 26228
523, 25927
524, 26350
525, 26115
526, 26185
527, 26057
528, 26535
529, 26326
530, 26103
531, 26579
532, 25972
533, 26330
534, 26210
535, 25928
536, 25802
537, 26656
538, 26294
539, 26231
540, 26149
541, 25885
542, 26227
543, 26147
544, 27193
545, 26634
546, 26412
547, 26543
548, 27347
549, 26911
550, 26619
551, 26519
552, 26784
553, 26783
554, 26816
555, 26039
556, 26349
557, 26050
558, 25852
559, 25910
560, 25976
561, 25851
562, 26171
563, 27350
564, 26918
565, 25928
566, 25989
567, 26258
568, 26012
569, 26060
570, 26326
571, 25988
572, 25897
573, 25923
574, 26318
575, 26281
576, 26399
577, 25470
578, 26195
579, 25918
580, 27208
581, 26872
582, 26103
583, 26075
584, 25861
585, 27098
586, 26273
587, 26061
588, 26301
589, 26377
590, 26402
591, 26314
592, 25962
593, 26041
594, 26274
595, 26304
596, 25954
597, 25956
598, 26050
599, 25949
600, 26125
601, 26292
602, 25989
603, 26033
604, 26892
605, 26201
606, 25952
607, 26158
608, 26301
609, 26026
610, 26133
611, 26131
612, 26202
613, 26406
614, 26845
615, 26164
616, 26190
617, 26241
618, 26318
619, 26186
620, 26287
621, 26199
622, 26157
623, 25937
624, 26602
625, 25880
626, 26066
627, 26389
628, 25875
629, 26244
630, 26192
631, 25930
632, 26353
633, 26240
634, 26374
635, 26053
636, 26347
637, 26047
638, 25990
639, 26077
640, 25722
641, 26059
642, 26511
643, 26045
644, 26338
645, 25831
646, 25827
647, 26419
648, 26104
649, 26282
650, 26368
651, 26715
652, 25902
653, 26363
654, 26515
655, 26037
656, 26242
657, 25954
658, 26221
659, 26194
660, 26490
661, 26103
662, 26284
663, 26266
664, 26751
665, 25953
666, 26261
667, 25928
668, 26405
669, 25920
670, 26624
671, 26088
672, 26167
673, 26140
674, 26267
675, 26417
676, 26174
677, 26155
678, 26403
679, 26021
680, 26485
681, 26111
682, 26080
683, 26776
684, 26517
685, 26351
686, 26054
687, 26385
688, 27294
689, 26747
690, 27059
691, 26043
692, 26067
693, 26625
694, 26515
695, 26144
696, 26062
697, 26169
698, 26311
699, 26140
700, 26067
701, 26175
702, 26126
703, 25854
704, 26469
705, 26063
706, 26367
707, 25952
708, 26344
709, 26349
710, 25843
711, 26396
712, 26018
713, 25947
714, 26344
715, 26425
716, 26156
717, 26142
718, 26206
719, 26363
720, 25984
721, 26102
722, 26158
723, 26093
724, 26402
725, 26287
726, 26204
727, 26430
728, 26332
729, 26330
730, 26181
731, 26271
732, 26416
733, 26270
734, 26393
735, 25887
736, 26383
737, 25945
738, 26076
739, 26280
740, 26544
741, 26013
742, 26102
743, 26100
744, 26225
745, 26229
746, 26446
747, 26055
748, 26237
749, 26825
750, 26217
751, 26117
752, 26221
753, 26139
754, 27833
755, 26164
756, 25963
757, 26198
758, 25977
759, 26183
760, 26090
761, 26054
762, 27136
763, 26201
764, 26558
765, 26617
766, 26022
767, 26197
768, 26496
769, 26117
770, 26537
771, 26266
772, 25935
773, 26070
774, 26657
775, 26785
776, 26876
777, 27014
778, 27015
779, 26510
780, 26512
781, 26656
782, 26611
783, 26707
784, 27777
785, 26260
786, 26158
787, 26421
788, 26144
789, 26068
790, 26124
791, 26560
792, 26286
793, 25907
794, 26653
795, 26166
796, 26393
797, 25982
798, 26281
799, 26239
800, 26346
801, 25807
802, 26160
803, 26576
804, 26743
805, 63601
806, 27002
807, 26087
808, 26339
809, 26147
810, 26771
811, 26128
812, 26270
813, 26284
814, 26405
815, 26815
816, 26291
817, 25907
818, 26387
819, 26113
820, 26094
821, 26102
822, 26153
823, 25584
824, 25992
825, 26652
826, 25913
827, 26224
828, 26282
829, 26198
830, 26026
831, 26097
832, 25889
833, 26180
834, 26512
835, 26299
836, 26154
837, 26064
838, 26428
839, 25870
840, 26236
841, 26122
842, 25990
843, 25959
844, 26136
845, 26292
846, 26149
847, 26034
848, 26191
849, 26081
850, 26439
851, 26194
852, 26287
853, 26095
854, 26049
855, 26272
856, 26991
857, 26455
858, 26403
859, 26098
860, 25998
861, 26151
862, 26258
863, 25987
864, 25934
865, 26005
866, 25958
867, 26458
868, 25937
869, 25660
870, 25991
871, 25955
872, 25673
873, 26118
874, 26042
875, 26264
876, 25937
877, 26157
878, 27202
879, 26631
880, 26384
881, 26037
882, 26346
883, 26007
884, 25985
885, 26335
886, 25974
887, 26148
888, 25953
889, 26019
890, 26365
891, 25986
892, 26227
893, 26039
894, 26018
895, 26512
896, 25983
897, 26190
898, 26167
899, 25904
900, 25936
901, 25957
902, 25945
903, 26238
904, 26006
905, 26391
906, 25979
907, 26246
908, 25921
909, 26032
910, 26344
911, 26125
912, 25977
913, 26053
914, 26135
915, 26385
916, 26414
917, 26683
918, 26114
919, 26062
920, 26120
921, 25981
922, 26136
923, 25998
924, 25948
925, 26883
926, 26271
927, 26230
928, 26113
929, 26004
930, 26091
931, 26133
932, 26008
933, 25957
934, 25987
935, 26314
936, 26018
937, 26297
938, 26200
939, 25913
940, 26027
941, 26085
942, 26044
943, 26350
944, 27936
945, 26073
946, 26020
947, 26084
948, 25977
949, 26019
950, 26284
951, 26197
952, 26353
953, 25943
954, 26405
955, 26440
956, 44266
957, 26251
958, 26336
959, 26008
960, 26043
961, 26040
962, 26002
963, 25924
964, 25878
965, 25983
966, 26104
967, 25633
968, 26176
969, 26205
970, 25809
971, 25677
972, 25749
973, 25799
974, 26072
975, 25630
976, 26091
977, 25908
978, 25877
979, 25707
980, 26070
981, 25793
982, 25998
983, 25799
984, 25700
985, 25660
986, 26246
987, 25820
988, 25824
989, 26183
990, 26050
991, 26013
992, 26186
993, 25836
994, 25872
995, 25889
996, 26135
997, 25983
998, 25524
999, 26045
