2801076718
3359592116
1989942
42780990
2776404
44971779
2853305
44959876
2540767
45249691
2991169
44848934
3253545
44611493
3272885
44490105
3000766
44742833
3088378
44751237
3281001
44335847
2012526
45912863
3149020
44546993
1858686
49915802
2176267
45545513
2569283
45167339
1681705
41966263
1624316
42150177
1613963
46249138
1674585
42010576
1601900
42244012
1795123
42019556
1783620
42101464
1848106
45819734
1949104
41880168
2078905
45734517
1889818
41825519
1754923
42110684
1783844
41796490
1529634
42250671
1698222
42312751
1915774
50067077
2249285
49337272
2129288
45729266
2594077
45321867
2541257
45196388
2520067
85228177
2615256
45190176
2533904
45239288
2491301
45111344
1685675
46278061
3003583
44769625
2508321
45248818
2382490
45473444
2467342
45279490
2451392
45241861
2420419
45500008
2557357
45339908
2445735
49270684
2240909
49413325
2773383
45181003
2505418
45143076
2528045
45343973
2526531
45187502
2334918
45491664
2464218
45349457
2515737
45194705
2515434
45300201
2473448
45306464
2318861
45471448
2665695
45162749
2356694
45403311
2375877
45389468
2378583
45442205
2423729
45265358
2446813
45402876
2632146
45164725
2470135
45189842
2291018
45659858
2307701
45439578
2436046
45384922
2364587
45338230
2421453
45429451
2349347
45441311
2368447
45392356
2418266
49238430
2593839
45323897
2317194
45483121
2361456
45542429
2355911
45319780
2332544
45414325
2296978
45543269
2538454
45202725
3620205
44128137
2665235
45161906
2577339
45171316
2301011
45444408
2308534
45538416
2277815
45481524
2285125
45483764
2321778
45441155
2243482
45602586
2379894
45348212
2312974
45471168
2489118
45337539
2417459
45320727
2256829
45558826
2232822
45616235
2218722
45497597
2378447
45407565
2249742
45524248
2588440
45264787
2206433
45759399
2198583
45431881
2262485
45541543
2259749
45540953
2412132
45340020
2348051
45431978
2288801
45498630
2269939
45499497
2241516
45524340
2143974
45639471
2188327
45624678
2280111
45530816
2333624
45404905
2395063
45430242
2419906
45341695
2308534
45477154
2360817
45439034
2151603
45653571
2276391
45475704
2322698
45468544
2346047
45454714
2406786
45344553
2502132
45309046
3133290
44619255
2599827
45228685
2271158
45520853
2325258
45480414
2382553
45345626
2178817
45594302
2118717
45665128
2163477
45637278
2159400
45651884
2145667
45563366
2141927
45650754
2062048
45776956
2134854
45660924
2066495
45671977
2091585
45701867
2244249
45533277
2143851
45674320
2252486
45500547
2340844
45450161
2176487
45575299
2175313
45638615
2171409
45563813
2144387
45667694
2142797
45660327
2190816
45558440
2310321
45484654
2138464
45676623
2227489
45572343
2141814
45566140
2154227
45723807
2135164
45596026
2192956
45560312
2185280
45629468
2133900
45640824
2167340
45550983
2073208
45717823
2143274
45727273
2157167
45571573
2138300
45675027
2293741
45520383
2173217
45649384
2164070
45577236
2149890
45655365
2182923
45513497
2085028
45793756
2133577
45598668
2139127
45681781
2137477
45688147
2113314
45646084
2170064
45589265
2171596
45656504
2279882
45457358
2196003
45584693
2205369
45624908
2192859
45574466
2262725
45496344
2321774
45470165
2204210
45607162
2251192
45532967
2271722
45530767
2277902
45433711
2185107
45631328
2318317
45492544
2232369
45547413
5776339
46071920
2760527
44932297
2604013
45217622
2113795
45633415
2196083
45602769
2085458
45635538
2151747
45683158
2121251
45706164
2104485
45669517
2104781
45661077
2150387
45642505
2051289
45768129
2147874
45553099
2088355
45689520
2156704
45605262
2177366
45644004
2212913
45573233
2157927
45576533
2139827
45646371
2178090
45647428
2088628
45574409
2083889
45826717
2095418
45718327
2129711
45665267
2171340
45591015
2235089
45599918
1989057
45760013
2059189
45706821
2134377
45645368
2106185
45718150
2117921
45541650
2098114
45759726
2124164
45734647
2068371
45631915
2148464
45629795
2092265
45718689
2117781
45714911
2128768
45622742
2110545
45648204
2145411
45614845
2297008
45496660
2316241
45477884
2202036
45488927
2186740
45684930
2137070
45607745
2129158
45678394
2187770
45559292
2195636
45580439
2253985
45646004
2123387
45556156
2147194
45687044
2086818
45661330
2141494
45588523
2164030
45652251
2086715
45716197
2204843
45559890
2169080
45568262
2111445
45706853
2101977
45717240
2225283
45565476
2334044
45377545
2435229
45417395
2419046
45311153
2377337
45393369
2232949
45607192
2366630
45368940
2312122
45573839
2084362
45583516
2083708
45707543
2133401
45658447
2033286
45734566
2040983
45787933
2065412
45709060
1995713
45743729
2099564
45696893
2029246
45778315
2025510
45767536
1993429
45792732
2060695
45728560
2219539
45563623
2089675
45671298
2101998
45681724
2119054
45651441
2033736
45767116
2041749
45757453
2109054
45661228
2159964
45645637
2144553
45623776
2044712
45752312
2076205
45719783
2102014
45753553
2030939
45616401
1998953
45815272
2025375
45756299
2005973
45758236
1999390
45853464
1977096
45740313
2059535
45743827
2042536
45729533
2007073
45770578
2027956
45770093
2039346
45756580
2129597
45653877
2120984
45648781
2029575
45666501
1986187
45894300
2006153
45783032
1984650
45807405
2008342
45721546
2080305
45742263
2092891
45702390
2141470
45623395
2067341
45714983
2026646
45764069
2135711
45637441
1973724
45618582
1328185
42370926
1349557
42554010
1424140
42353590
1518918
42602736
2181287
49460484
2021629
45734463
2060982
45724613
2054802
45727369
2027713
45730413
2201120
45624061
1992663
45700330
2010596
45865231
2021266
45736739
2135710
45684487
2066959
45649665
2142494
45617891
2037965
45817205
2070415
45695573
2016313
45743186
2029646
45836048
1951951
45695710
2031279
45818161
2005243
45720270
2051685
45739611
1989507
45859688
2023519
45764970
2046259
45707156
2052272
45756613
2029522
45674507
2001603
45849087
2028623
45714190
1991853
45787822
2011496
45837371
2014329
45748466
2032539
45751619
2011523
45731864
1908935
45903217
2027592
45754872
2065246
45686600
2082372
45741556
2013326
45522730
1378556
42275401
1322618
42508357
1342584
42507601
1374414
42618392
2080331
45700403
2089099
45782902
2138850
45629701
2044015
45745656
2022046
45755836
2003786
45799702
2082878
45697594
2008446
45741823
1953174
45859764
1983543
45741466
1965110
45893027
2031196
45739167
2003903
45697867
1979623
45884308
1938021
45850144
1987623
45813112
2009320
45728703
2016907
45774672
1889132
45685077
1350368
42643419
2143970
45640081
1937681
45848418
2011220
45808252
2021322
45746563
2104932
45685247
2117891
45660268
2010913
45769076
1998196
45767116
2051219
45805965
2009830
45643517
2152940
45719666
2286362
45520117
2627122
45145333
3014342
44731690
1711761
42091714
2040069
45512319
1300134
42506641
1338281
42508583
1331754
42638773
2052672
45723587
1827663
41951837
1858068
41916144
2011873
45792735
1912701
45922670
2074195
47153216
2136159
44230437
2008129
45702747
1804617
41999543
1840253
41923917
1863835
41948340
1880582
41894468
1911171
45805215
1910641
41969016
1896418
45901906
1921725
45850001
1894424
45907466
1879748
45899658
1900431
45885244
1942477
45848957
1838123
41967335
1935537
45699017
1915801
45939950
1835499
41914853
1939870
45953339
1987660
45664894
1953807
45814338
1985260
45813178
1833876
41937866
1890595
41887751
1962654
45876784
1816149
41952797
1956507
45770992
2063755
45767436
2031049
45721530
2006539
45739836
1984166
45860614
1966886
45832681
1895075
45901317
1874411
45853224
1863279
41973570
1937401
45831194
1951713
45819172
1849473
41893575
1934370
41869388
1908715
45826472
1862252
41956014
1912528
41886784
1961260
45805988
1876311
41934524
1910871
45832894
1937537
41927487
1904664
45815125
1866829
41948890
1965407
45839861
1827176
41920914
1951740
41832029
1878575
41938594
1969437
45785328
1881255
41880131
1879455
41948517
1842852
41944206
1961154
45889694
1920947
45794791
1888135
41928691
1886391
41868022
1891772
41923513
1855956
41913604
1943534
41884864
1889838
41889644
1830899
41917490
1916244
41866338
1847109
41962533
1877681
41871411
1928344
41870514
1848029
41951130
1859646
41873698
1903177
41919647
1960437
45846707
1964487
45814145
1905641
41819959
1907161
41940774
1890198
45990705
1955280
45712647
1868048
41905128
1843119
41993649
1972666
45791752
1882312
41885959
1886361
41936776
1895368
41822543
1860099
41972510
1828713
41961019
1902394
41832796
1909832
41896507
2027390
45741660
2006380
45722094
1821253
42026259
1995890
45824915
2027193
45765453
2056089
45729626
1844703
45678450
1364827
42333760
1414862
42446248
1384403
42630675
2201073
45594142
1923344
45865027
1884368
41905882
1887505
45837837
1843689
41991449
1906078
45899811
2061942
45680870
