48
93
117
145
176
192
214
234
258
306
332
362
382
410
435
463
487
505
526
546
567
594
620
639
660
687
714
743
773
793
813
823
842
863
888
908
927
951
973
991
1015
1041
1050
1074
1100
1128
1149
1170
1200
1220
1238
1266
1292
1320
1349
1371
1395
1428
1458
1483
1511
1541
1565
1592
1619
1629
1654
1666
1697
1708
1734
1760
1786
1808
1831
1850
1874
1897
1917
1925
1934
1959
1971
1984
2007
2018
2030
2042
2052
2077
2087
2098
2125
2138
2147
2177
2190
2203
2216
2226
2239
2259
2273
2301
2321
2332
2360
2370
2379
2400
2409
2419
2443
2456
2465
2492
2505
2526
2539
2552
2571
2583
2597
2619
2631
2643
2669
2682
2690
2714
2737
2748
2760
2780
2790
2802
2813
2827
2840
2868
2878
2886
2898
2910
2936
2949
2957
2981
3015
3035
3065
3095
3118
3146
3172
3192
3215
3240
3267
3294
3322
3360
3392
3416
3432
3448
3466
3491
3523
3546
3571
3597
3620
3641
3667
3697
3718
3744
3771
3794
3823
3856
3890
3913
3939
3960
3983
4009
4038
4072
4097
4119
4145
4174
4197
4225
4254
4280
4308
4334
4358
4376
4399
4427
4459
4477
4496
4515
4550
4575
4595
4614
4643
4670
4691
4712
4736
4762
4799
4821
4840
4861
4887
4917
4941
4969
4996
5015
5027
5060
5073
5105
5119
5153
5164
5196
5208
5225
5236
5247
5271
5281
5294
5327
5340
5364
5379
5394
5414
5426
5442
5472
5483
5514
5543
5567
5580
5590
5616
5640
5650
5674
5698
5721
5733
5744
5775
5789
5803
5836
5849
5861
5872
5895
5904
5915
5942
5951
5963
5976
6000
6012
6025
6057
6069
6085
6113
6125
6149
6178
6197
6229
6254
6280
6313
6344
6370
6399
6425
6448
6469
6507
6534
6551
6567
6588
6611
6637
6665
6689
6718
6745
6770
6789
6815
6855
6875
6902
6935
6965
6994
7023
7048
7075
7113
7133
7153
7182
7210
7243
7271
7295
7324
7353
7373
7393
7413
7431
7462
7482
7502
7520
7528
7556
7581
7608
7632
7656
7681
7704
7740
7766
7795
7820
7846
7870
7902
7933
7962
7991
8002
8022
8031
8059
8084
8105
8126
8145
8164
8174
8174
8204
8218
8247
8275
8301
8324
8347
8377
8406
8439
8469
8494
8521
8547
8574
8598
8628
8651
8676
8711
8741
8761
8789
8816
8837
8871
8893
8918
8937
8953
8977
9001
9027
9050
9073
9093
9121
9157
9179
9205
9238
9260
9290
9318
9347
9374
9400
9425
9449
9484
9504
9522
9547
9557
9580
9590
9620
9641
9667
9678
9703
9725
9744
9753
9772
9786
9816
9826
9841
9870
9881
9910
9920
9930
9958
9971
9996
10029
10054
10082
10113
10139
10163
10191
10221
10250
10281
10304
10331
10349
10368
10396
10435
10454
10471
10491
10509
10537
10572
10588
10604
10626
10638
10660
10670
10699
10725
10750
10777
10803
10827
10851
10873
10898
10921
10942
10967
11006
11034
11060
11090
11110
11139
11164
11191
11210
11229
11248
11276
11300
11325
11352
11364
11393
11406
11427
11451
11475
11499
11523
11544
11563
11583
11609
11623
11635
11669
11696
11720
11731
11744
11766
11778
11778
11799
11811
11835
11845
11858
11880
11891
11900
11924
11948
11965
11991
12014
12024
12039
12053
12082
12095
12109
12122
12149
12174
12185
12194
12222
12234
12244
12274
12288
12301
12312
12321
12348
12360
12387
12400
12410
12437
12447
12447
12480
12494
12506
12536
12548
12561
12585
12595
12608
12621
12635
12645
12657
12686
12711
12724
12736
12752
12776
12787
12801
12833
12847
12862
12889
12903
12917
12949
12961
12961
12971
12981
12996
13027
13047
13056
13071
13084
13105
13118
13132
13149
13183
13194
13219
13232
13246
13260
13293
13305
13318
13332
13361
13374
13387
13401
13413
13426
13454
13467
13477
13498
13523
13532
13560
13570
13595
13608
13621
13631
13658
13670
13697
13723
13747
13747
13776
13789
13804
13832
13858
13881
13894
13894
13910
13933
13957
13969
13981
13996
14025
14038
14047
14057
14081
14091
14119
14132
14132
14148
14181
14194
14207
14222
14248
14275
14287
14298
14320
14332
14348
14376
14387
14397
14424
14437
14449
14472
14485
14499
14526
14539
14551
14564
14584
14595
14608
14632
14645
14658
14671
14685
14714
14725
14737
14764
14791
14814
14827
14859
14872
14885
14898
14926
14937
14948
14956
14984
15007
15034
15045
15057
15071
15097
15110
15110
15136
15150
15160
15174
15188
15218
15232
15232
15260
15273
15284
15298
15312
15326
15354
15395
15415
15442
15471
15499
15524
15554
15575
15603
15632
15658
15687
15707
15727
15744
15774
15803
15831
15849
15866
15887
15918
15936
15961
15988
16000
16031
16045
16056
16083
16110
16137
16148
16174
16194
16213
16236
16261
16286
16298
16308
16334
16360
16372
16387
16405
16435
16448
16462
16485
16504
16514
16537
16558
16586
16605
16626
16649
16660
16673
16689
16718
16730
16756
16769
16797
16810
16825
16837
16869
16895
16916
16929
16954
16965
16994
17005
17016
17029
17059
17073
17073
17084
17104
17115
17128
17154
17163
17190
17214
17225
17250
17260
17273
17301
17314
17334
17345
17358
17372
17399
17412
17425
17451
17466
17466
17494
17508
17508
17521
17551
17563
17577
17597
17609
17621
17633
17659
17670
17687
17699
17699
17724
17735
17747
17774
17801
17813
17839
17849
17849
17884
17894
17907
17920
17941
17953
17977
17991
18020
18034
18047
18066
18075
18084
18109
18121
18132
18145
18176
18188
18199
18214
18242
18253
18265
18292
18302
18322
18333
18333
18361
18373
18385
18410
18423
18423
18451
18460
18473
18497
18508
18521
18543
18552
18561
18570
18591
18603
18616
18626
18646
18659
18669
18679
18691
18715
18725
18725
18738
18762
18784
18795
18826
18844
18868
18880
18908
18922
18947
18956
18985
18996
19008
19017
19038
19048
19058
19077
19088
19099
19125
19136
19146
19174
19186
19208
19218
19218
19248
19261
19273
19299
19318
19318
19331
19352
19362
19379
19399
19411
19425
19453
19466
19466
19482
19501
19514
19528
19552
19562
19562
19572
19597
19611
19618
19626
19653
19665
19675
19687
19714
19747
19772
19803
19824
19845
19872
19899
19917
19942
19966
19994
20019
20041
20066
20093
20120
20157
20173
20200
20226
20235
20255
20265
20286
20308
20319
20346
20370
20395
20407
20417
20428
20457
20470
20483
20503
20514
20525
20553
20564
20576
20588
20602
20624
20648
20648
20662
20675
20689
20713
20725
20739
20769
20782
20792
20802
20812
20826
20841
20850
20874
20887
20900
20914
20943
20956
20968
20981
21006
21017
21030
21059
21085
21085
21115
21128
21141
21154
21168
21182
21196
21225
21235
21248
21275
21288
21288
21309
21319
21328
21341
21353
21380
21394
21394
21425
21450
21450
21479
21505
21516
21529
21539
21566
21579
21592
21619
21633
21647
21672
21693
21703
21715
21728
21743
21765
21778
21792
21819
21832
21842
21855
21867
21879
21906
21916
21943
21955
21979
21992
21992
22021
22050
22062
22073
22099
22113
22124
22138
22166
22190
22201
22212
22225
22237
22253
22283
22301
22314
22323
22353
22363
22383
22392
22411
22423
22436
22449
22480
22494
22507
22530
22554
22566
22577
22605
22618
22629
22654
22668
22680
22710
22736
22745
22760
22775
22803
22817
22817
22845
22856
22868
22878
22904
22924
22934
22944
22968
22980
23003
23029
23041
23054
23078
23090
23102
23128
23141
23141
23163
23173
23184
23212
23224
23236
23249
23271
23283
23297
23308
23338
23352
23363
23376
23407
23420
23430
23449
23470
23480
23507
23520
23530
23546
23575
23586
23601
23632
23644
23644
23678
23689
23705
23734
23749
23749
23765
23792
23803
23816
23851
23864
23877
23909
23936
23948
23962
23990
24001
24012
24031
24041
24052
24062
24080
24092
24106
24127
24139
24152
24175
24188
24202
24212
24240
24253
24265
24295
24308
24320
24351
24364
24378
24402
24414
24426
24453
24462
24472
24493
24504
24515
24540
24553
24580
24594
24605
24630
24658
24671
24702
24716
24727
24754
24767
24780
24790
24817
24829
24841
24867
24881
24902
24914
24939
24952
24952
24966
24993
25004
25014
25035
25046
25046
25061
25073
25093
25104
25120
25131
25160
25175
25191
25218
25230
25242
25271
25285
25296
25309
25323
25355
25384
25396
25411
25426
25455
25479
25493
25508
25517
25526
25548
25558
25568
25597
25610
25610
25638
25652
25665
25675
25702
25713
25713
25727
25755
25768
25779
25806
25817
25837
25847
25858
25879
25894
25910
25938
25951
25951
25978
25989
26002
26016
26029
26039
26059
26069
26082
26096
26107
26133
26145
26159
26181
26192
26219
26233
26246
26280
26290
26290
26304
26318
26347
26360
26372
26382
26408
26420
26433
26448
26458
26480
26505
26517
26530
26546
26566
26576
26586
26600
26614
26628
26660
26674
26674
26706
26718
26718
26733
26762
26775
26775
26790
26804
26818
26833
26848
26859
26875
26891
26906
26922
26953
26980
27003
27003
27031
27041
27050
27060
27084
27097
27108
27133
27152
27169
27193
27203
27212
27225
27247
27259
27274
27288
27316
27328
27355
27367
27382
27396
27424
27438
27448
27469
27482
27482
27504
27519
27532
27545
27564
27574
27596
27608
27631
27644
27644
27679
27692
27703
27729
27742
27755
27767
27796
27807
27817
27829
27841
27862
27891
27903
27925
27935
27951
27965
27978
27998
28019
28030
28043
28071
28083
28083
28092
28113
28124
28137
28146
28165
28178
28187
28198
28224
28235
28261
28274
28301
28321
28330
28342
28367
28377
28389
28417
28427
28437
28452
28476
28485
28498
28511
28526
28540
28571
28580
28599
28609
28630
28641
28655
28668
28693
28702
28729
28738
28751
28764
28778
28805
28818
28827
28858
28870
28882
28894
28920
28931
28943
28956
28969
28994
29021
29033
29048
29061
29091
29101
29111
29129
29149
29149
29177
29196
29217
29229
29245
29261
29274
29288
29314
29327
29340
29370
29397
29422
29449
29462
29484
29507
29532
29553
29577
29599
29623
29649
29677
29686
29695
29716
29738
29761
29786
29804
29826
29851
29875
29901
29911
29921
29950
29964
29987
30001
30016
30030
30056
30069
30082
30095
30109
30137
30147
30147
30161
30182
30193
30205
30229
30238
30248
30258
30285
30296
30306
30306
30320
30355
30375
30389
30417
30427
30440
30469
30479
30505
30530
30539
30565
30577
30588
30618
30631
30642
30654
30667
30701
30713
30721
30729
30750
30762
30775
30789
30815
30827
30840
30853
30885
30898
30911
30924
30939
30966
30989
31001
31028
31052
31061
31080
31093
31107
31134
31159
31170
31179
31191
31221
31247
31259
31269
31278
31304
31315
31328
31335
31361
31374
31384
31406
31419
31430
31444
31475
31486
31514
31528
31558
31571
31584
31593
31606
31621
31650
31659
31673
31706
31718
31748
31760
31760
31784
31793
31806
31831
31844
31857
31870
31882
31909
31918
31930
31943
31956
31987
32014
32024
32038
32051
32065
32092
32111
32121
32135
32169
32193
32206
32221
32234
32246
32273
32286
32309
32319
32339
32359
32368
32382
32403
32413
32424
32452
32466
32492
32504
32514
32542
32568
32587
32609
32619
32647
32660
32675
32697
32708
32721
32748
32760
32774
32787
32816
32829
32841
32852
32871
32880
32900
32913
32913
32940
32966
32966
32979
33002
33014
33026
33047
33059
33071
33081
33112
33125
33137
33150
33164
33188
33201
33214
33246
33261
33276
33292
33319
33332
33354
33365
33378
33387
33398
33410
33437
33446
33457
33487
33500
33515
33529
33542
33569
33582
33594
33624
33650
33661
33682
33693
33709
33720
33748
33761
33774
33800
33812
33822
33837
33852
33868
33895
33905
33918
33928
33957
33970
33980
33994
34022
34032
34042
34067
34080
34093
34121
34134
34144
34177
34190
34199
34213
34229
34252
34264
34277
34290
34304
34335
34347
34355
34364
34377
34388
34408
34418
34427
34435
34465
34477
34486
34500
34514
34536
34549
34561
34590
34602
34614
34627
34640
34653
34667
34692
34705
34718
34727
34756
34768
34780
34809
34821
34835
34849
34874
34887
34897
34922
34932
34940
34967
34992
35003
35031
35043
35054
35065
35089
35101
35127
35152
35177
35188
35188
35225
35239
35266
35288
35288
35301
35316
35339
35362
35362
35372
35386
35414
35426
35447
35458
35470
35485
35499
35526
35536
35562
35574
35585
35599
35613
35626
35654
35681
35701
35701
35716
35734
35745
35755
35780
35790
35816
35830
35852
35862
35882
35893
35921
35944
35968
35987
36000
36013
36025
36055
36066
36079
36091
36117
36126
36138
36165
36179
36191
36204
36218
36243
36256
36282
36291
36306
36331
36340
36340
36351
36379
36391
36404
36427
36439
36452
36464
36487
36498
36509
36518
36539
36548
36556
36576
36585
36585
36607
36633
36645
36657
36684
36697
36709
36709
36723
36736
36748
36761
36774
36784
36814
36840
36851
36866
36894
36923
36936
36961
36981
37000
37018
37037
37059
37083
37115
37127
37137
37165
37188
37210
37236
37261
37282
37294
37322
37346
37371
37395
37418
37442
37466
37478
37504
37530
37551
37562
37591
37602
37615
37624
37633
37642
37668
37685
37685
37697
37724
37737
37746
37761
37793
37804
37816
37841
37863
37873
37885
37914
37927
37927
37942
37952
37965
37978
38001
38014
38014
38025
38054
38067
38079
38103
38113
38113
38124
38145
38154
38165
38188
38198
38210
38221
38251
38263
38276
38302
38315
38328
38340
38354
38382
38392
38405
38418
38439
38448
38476
38489
38502
38529
38542
38542
38556
38568
38596
38606
38624
38635
38647
38677
38687
38696
38728
38741
38753
38778
38788
38788
38817
38828
38839
38867
38877
38877
38892
38925
38936
38936
38951
38978
38991
38991
39008
39021
39034
39064
39075
39085
39094
39113
39139
39170
39191
39203
39217
39228
39260
39271
39295
39308
39308
39321
39349
39363
39375
39401
39424
39448
39459
39486
39486
39507
39519
39532
39542
39574
39586
39599
39612
39622
39631
39653
39672
39672
39680
39689
39701
39726
39752
39763
39778
39805
39818
39833
39845
39872
39884
39884
39911
39923
39937
39962
39983
39996
40022
40034
40045
40068
40081
40081
40094
40107
40127
40137
40150
40164
40177
40205
40217
40246
40255
40268
40280
40293
40319
40332
40345
40359
40389
40403
40416
40430
40457
40469
40481
40493
40524
40537
40549
40559
40586
40598
40611
40621
40631
40657
40682
40694
40716
40725
40750
40750
40760
40770
40781
40805
40819
40834
40860
40874
40874
40908
40921
40935
40962
40973
40985
40997
41008
41043
41056
41078
41089
41102
41126
41136
41145
41156
41186
41199
41209
41228
41241
41255
41279
41293
41321
41341
41354
41367
41378
41390
41417
41430
41454
41468
41480
41495
41529
41556
41566
41593
41605
41615
41627
41641
41669
41681
41694
41718
41731
41749
41760
41768
41794
41805
41815
41830
41846
41874
41886
41886
41906
41916
41925
41948
41957
41971
41996
42006
42037
42048
42073
42086
42099
42109
42137
42149
42159
42168
42177
42203
42229
42241
42255
42265
42295
42307
42317
42332
42364
42376
42389
42419
42429
42442
42470
42483
42498
42514
42539
42563
42586
42611
42635
42660
42672
42682
42710
42724
42734
42744
42763
42773
42787
42813
42822
42822
42851
42878
42902
42914
42927
42936
42962
42975
42985
42999
43032
43045
43069
43081
43105
43105
43132
43144
43158
43186
43212
43225
43238
43264
43274
43283
43295
43308
43332
43345
43361
43382
43395
43409
43432
43442
43472
43482
43495
43508
43521
43546
43559
43559
43581
43595
43614
43640
43653
43680
43705
43717
43742
43754
43781
43793
43806
43826
43845
43855
43888
43902
43914
43922
43932
43960
43980
43991
44005
44032
44044
44059
44084
44096
44108
44134
44147
44175
44186
44209
44222
44222
44236
44265
44278
44288
44313
44328
44344
44358
44379
44388
44413
44426
44439
44448
44467
44481
44491
44501
44528
44553
44565
44578
44606
44630
44653
44675
44684
44697
44725
44736
44747
44772
44787
44801
44833
44846
44859
44890
44914
44928
44949
44960
44970
44997
45015
45024
45036
45050
45072
45099
45111
45127
45152
45163
45188
45198
45208
45222
45235
45248
45261
45283
45294
45294
45294
45326
45350
45350
45379
45407
45407
45430
45439
45459
45469
45469
45502
45515
45528
45542
45556
45567
45598
45609
45609
45624
45638
45659
45668
45680
45707
45720
45747
45767
45779
45792
45820
45833
45833
45848
45862
45893
45906
45919
45929
45952
45963
45963
45993
46004
46013
46042
46054
46064
46076
46101
46114
46144
46168
46168
46182
46209
46220
46231
46257
46268
46296
46321
46321
46337
46365
46379
46391
46418
46431
46443
46453
46473
46483
46498
46531
46544
46575
46588
46598
46622
46632
46644
46657
46669
46697
46708
46722
46749
46763
46772
46801
46811
46825
46838
46865
46891
46914
46926
46950
46961
46974
47001
47010
47010
47036
47046
47058
47068
47092
47105
47117
47130
47159
47173
47187
47204
47232
47245
47258
47286
47298
47325
47338
47338
47351
47366
47396
47410
47425
47452
47465
47478
47506
47516
47525
47543
47566
47579
47593
47603
47628
47639
47651
47679
47689
47689
47712
47721
47734
47746
47758
47772
47785
47813
47824
47835
47850
47867
47900
47912
47926
47951
47963
47976
48002
48011
48021
48029
48049
48061
48074
48083
48109
48118
48129
48158
48170
48183
48198
48213
48240
48253
48253
48281
48294
48306
48319
48344
48356
48356
48387
48398
48413
48426
48438
48452
48466
48479
48502
48511
48531
48544
48556
48580
48592
48592
48625
48635
48648
48674
48686
48686
48714
48727
48737
48762
48783
48796
48809
48821
48834
48859
48872
48882
48909
48922
48942
48954
48966
48978
48998
49018
49027
49039
49074
49084
49094
49106
49132
49141
49156
49169
49190
49200
49214
49233
49257
49270
49280
49305
49317
49330
49342
49369
49382
49382
49394
49409
49420
49434
49463
49475
49493
49502
49522
49534
49534
49549
49571
49582
49598
49608
49635
49646
49658
49668
49692
49705
49714
49724
49751
49762
49775
49801
49812
49826
49841
49871
49881
49881
49911
49924
49924
49957
49967
49977
49997
50010
50026
50039
50051
50058
50090
50104
50114
50139
50149
50176
50188
50201
50227
50238
50254
50268
50303
50317
50331
50356
50383
50395
50405
50415
50446
50460
50474
50488
50510
50519
50529
50541
50554
50567
50590
50602
50602
50627
50638
50650
50662
50691
50703
50714
50727
50741
50755
50768
50796
50822
50835
50845
50875
50888
50914
50928
50941
50953
50967
50981
50996
51010
51031
51040
51050
51063
51087
51096
51119
51148
51160
51172
51201
51213
51223
51252
51267
51279
51305
51333
51343
51358
51373
51395
51407
51432
51442
51442
51475
51485
51499
51512
51528
51543
51565
51587
51608
51620
51647
51656
51671
51704
51714
51723
51736
51750
51763
51776
51787
51814
51837
51849
51860
51891
51903
51912
51941
51953
51965
51995
52008
52017
52047
52070
52080
52089
52110
52122
52134
52161
52174
52183
52210
52222
52231
52243
52270
52283
52311
52322
52322
52350
52376
52388
52397
52425
52438
52449
52480
52493
52506
52518
52531
52541
52554
52582
52594
52617
52627
52627
52648
52661
52687
52699
52712
52727
52752
52766
52780
52794
52809
52823
52855
52869
52897
52912
52922
52939
52970
52981
52994
53008
53035
53047
53062
53075
53104
53120
53134
53144
53164
53185
53194
53207
53234
53242
53252
53266
53279
53292
53321
53359
53380
53408
53437
53458
53492
53522
53545
53576
53606
53625
53654
53686
53712
53733
53756
53785
53812
53851
53873
53893
53909
53940
53958
53981
54012
54035
54064
54094
54120
54140
54157
54195
54216
54245
54273
54282
54313
54340
54352
54362
54375
54404
54425
54440
54470
54498
54508
54534
54558
54580
54605
54626
54635
54646
54667
54677
54702
54713
54725
54732
54745
54772
54782
54782
54812
54822
54834
54849
54871
54885
54897
54928
54941
54953
54966
54978
55008
55020
55020
55035
55060
55070
55098
55113
55135
55156
55177
55199
55214
55240
55265
55288
55313
55331
55355
55378
55398
55422
55422
55433
55460
55472
55494
55506
55518
55531
55544
55556
55582
55614
55641
55671
55698
55726
55751
55775
55794
55815
55834
55860
55886
55908
55929
55946
55972
55994
56022
56045
56071
56091
56102
56133
56154
56165
56193
56220
56247
56269
56289
56311
56334
56355
56378
56390
56402
56431
56439
56448
56457
56484
56497
56507
56520
56533
56544
56575
56587
56601
56614
56641
56670
56695
56695
56711
56736
56750
56778
56790
56790
56821
56831
56844
56856
56878
56887
56917
56930
56944
56953
56970
56979
56993
57006
57015
57040
57053
57053
57076
57089
57103
57114
57128
57143
57168
57180
57194
57204
57222
57256
57277
57289
57302
57312
57342
57365
57384
57384
57411
57426
57426
57436
57456
57468
57482
57495
57505
57536
57548
57558
57571
57589
57598
57609
57621
57645
57654
57668
57698
57708
57722
57735
57745
57759
57771
57784
57804
57827
57838
57848
57875
57888
57914
57914
57934
57944
57955
57968
57989
57998
58009
58021
58031
58059
58083
58095
58104
58117
58130
58166
58178
58210
58222
58236
58254
58269
58298
58310
58324
58360
58386
58386
58404
58438
58459
58468
58468
58491
58505
58518
58548
58561
58574
58589
58603
58617
58630
58641
58654
58667
58690
58717
58751
58774
58803
58832
58853
58872
58901
58932
58964
58995
59025
59055
59087
59117
59144
59161
59183
59203
59224
59244
59259
59283
59305
59336
59359
59400
59424
59442
59462
59472
59495
59522
59533
59563
59584
59593
59623
59651
59681
59710
59738
59765
59795
59819
59863
59888
59912
59931
59953
59964
59985
60010
60035
60055
60068
60094
60105
60135
60147
60160
60177
60192
60215
60225
60242
60275
60304
60316
60326
60355
60368
60381
60410
60423
60423
60452
60464
60464
60486
60495
60504
60526
60539
60553
60579
60587
60596
60609
60630
60644
60670
60679
60691
60716
60726
60738
60765
60779
60807
60820
60831
60842
60868
60880
60892
60905
60935
60945
60958
60971
60999
61009
61019
61028
61040
61065
61078
61078
61092
61106
61128
61139
61152
61161
61169
61194
61205
61215
61247
61256
61273
61285
61295
61308
61327
61337
61346
61358
61387
61412
61433
61452
61471
61482
61505
61517
61525
61551
61562
61562
61588
61611
61611
61630
61640
61653
61662
61689
61703
61716
61745
61759
61759
61790
61801
61813
61823
61836
61866
61876
61888
61903
61927
61937
61937
61948
61978
62006
62017
62027
62059
62072
62085
62112
62125
62136
62163
62176
62196
62208
62221
62250
62263
62290
62300
62328
62351
62364
62388
62401
62412
62441
62454
62466
62488
62501
62511
62535
62560
62585
62594
62594
62626
62635
62649
62662
62688
62699
62726
62736
62751
62764
62790
62803
62817
62828
62856
62869
62883
62915
62928
62941
62973
62983
62994
63020
63031
63031
63065
63078
63101
63111
63124
63134
63147
63162
63189
63200
63215
63229
63238
63254
63283
63292
63320
63333
63342
63366
63380
63391
63416
63427
63438
63452
63464
63486
63507
63533
63542
63559
63591
63618
63638
63667
63697
63723
63747
63780
63801
63829
63856
63885
63914
63941
63962
63988
64016
64054
64080
64105
64134
64153
64180
64211
64234
64254
64271
64291
64311
64349
64371
64391
64423
64451
64474
64503
64534
64558
64578
64594
64603
64624
64650
64659
64688
64709
64734
64760
64786
64809
64834
64856
64879
64890
64921
64946
64967
64977
64998
65017
65036
65065
65089
65098
65110
65126
65140
65171
65199
65224
65243
65253
65269
65280
65308
65338
65366
65380
65380
65395
65429
65429
65444
65458
65486
65499
65528
65541
65551
65560
65578
65589
65604
65635
65648
65664
65677
65707
65718
65718
65756
65769
65781
65807
65818
65846
65872
65885
65908
65920
65934
65948
65976
65986
66001
66015
66036
66050
66064
66078
66101
66113
66123
66133
66146
66172
66182
66182
66196
66227
66240
66253
66276
66288
66303
66332
66343
66343
66374
66387
66400
66412
66439
66451
66462
66475
66496
66508
66519
66529
66541
66566
66578
66586
66596
66614
66625
66656
66683
66696
66726
66740
66754
66765
66793
66806
66816
66846
66859
66869
66885
66917
66927
66940
66957
66980
66993
67007
67033
67044
67044
67060
67088
67100
67100
67113
67124
67135
67156
67194
67223
67240
67262
67294
67325
67349
67376
67405
67429
67458
67484
67509
67534
67569
67593
67614
67641
67672
67692
67729
67752
67778
67801
67831
67856
67894
67920
67939
67960
67980
68001
68029
68051
68080
68106
68132
68160
68193
68217
68246
68265
68275
68304
68316
68334
68343
68373
68395
68409
68420
68452
68481
68491
68503
68536
68563
68593
68615
68636
68658
68682
68695
68709
68730
68751
68751
68769
68780
68798
68810
68822
68843
68856
68869
68897
68910
68941
68953
68965
68979
69007
69021
69048
69077
69102
69113
69128
69141
69166
69179
69188
69202
69234
69261
69273
69292
69313
69326
69326
69341
69369
69382
69395
69406
69437
69461
69472
69485
69518
69539
69539
69553
69567
69581
69594
69607
69633
69659
69683
69683
69699
69729
69741
69753
69781
69790
69799
69809
69832
69845
69845
69870
69879
69902
69912
69923
69939
69952
69982
69993
70007
70021
70046
70060
70089
70102
70114
70144
70157
70170
70196
70208
70221
70248
70258
70267
70276
70288
70312
70324
70347
70359
70359
70374
70385
70413
70426
70449
70461
70476
70498
70511
70539
70551
70577
70590
70590
70605
70616
70643
70668
70668
70703
70717
70730
70757
70770
70779
70800
70810
70823
70837
70848
70858
70884
70897
70918
70928
70939
70951
70981
70994
71015
71029
71042
71054
71068
71082
71096
71123
71150
71164
71176
71190
71206
71229
71243
71273
71283
71283
71294
71315
71328
71340
71353
71381
71394
71408
71430
71443
71456
71482
71494
71509
71536
71545
71573
71597
71597
71625
71639
71662
71688
71701
71726
71754
71781
71807
71807
71824
71854
71863
71888
71899
71911
71924
71949
71958
71984
71997
72008
72021
72049
72063
72078
72109
72120
72148
72161
72176
72199
72209
72221
72247
72259
72259
72282
72311
72342
72370
72401
72433
72464
72487
72507
72525
72545
72570
72599
72623
72663
72689
72708
72731
72741
72770
72791
72819
72843
72864
72893
72917
72939
72965
72988
72999
73023
73051
73068
73084
73112
73126
73157
73183
73205
73215
73215
73228
73241
73270
73280
73299
73312
73324
73335
73348
73376
73389
73402
73416
73443
73476
73506
73517
73540
73553
73566
73590
73602
73627
73639
73670
73684
73694
73725
73737
73766
73776
73776
73788
73803
73829
73842
73855
73869
73881
73891
73917
73930
73953
73967
73978
73992
74027
74038
74065
74078
74104
74130
74143
74168
74182
74209
74222
74235
74246
74260
74274
74304
74325
74334
74343
74355
74383
74395
74404
74430
74441
74441
74455
74470
74485
74499
74528
74549
74573
74585
74616
74627
74656
74669
74690
74701
74715
74730
74747
74779
74790
74803
74818
74834
74849
74870
74894
74906
74920
74948
74970
74982
74996
75024
75036
75048
75058
75090
75104
75115
75141
75150
75162
75175
75203
75228
75237
75251
75283
75294
75307
75322
75332
75349
75379
75390
75411
75420
75429
75439
75468
75478
75487
75511
75525
75536
75557
75567
75579
75590
75603
75616
75626
75655
75666
75677
75705
75737
75746
75761
75777
75801
75813
75826
75847
75860
75871
75901
75912
75922
75941
75954
75966
75992
76018
76033
76049
76073
76084
76096
76107
76138
76149
76160
76174
76200
76213
76222
76233
76261
76273
76285
76298
76308
76321
76349
76358
76372
76401
76415
76426
76436
76456
76469
76469
76479
76487
76510
76538
76551
76583
76607
76618
76631
76645
76654
76666
76699
76723
76747
76772
76793
76803
76830
76843
76870
76883
76895
76919
76930
76930
76941
76955
76988
77014
77027
77039
77063
77075
77086
77099
77120
77133
77147
77158
77172
77201
77211
77226
77240
77251
77281
77295
77323
77336
77336
77365
77377
77387
77416
77429
77439
77462
77472
77472
77502
77512
77523
77536
77551
77578
77590
77590
77604
77620
77634
77643
77671
77698
77709
77724
77737
77747
77775
77787
77800
77812
77842
77853
77879
77895
77910
77937
77949
77949
77972
77983
77995
78008
78021
78053
78064
78094
78120
78120
78130
78144
78172
78184
78197
78206
78225
78239
78252
78262
78277
78305
78318
78331
78365
78378
78405
78417
78429
78443
78453
78462
78485
78497
78510
78520
78537
78550
78563
78586
78597
78611
78622
78654
78668
78678
78708
78721
78735
78763
78777
78797
78820
78843
78854
78868
78899
78909
78933
78946
78959
78969
78979
78988
79010
79022
79035
79047
79059
79085
79096
79106
79134
79147
79156
79171
79200
79210
79221
79249
79260
79273
79305
79316
79328
79357
79384
79395
79409
79423
79444
79458
79471
79482
79501
79511
79531
79544
79556
79581
79603
79614
79645
79659
79671
79698
79712
79726
79754
79764
79776
79803
79816
79830
79860
79873
79882
79894
79921
79932
79947
79975
79987
79987
80017
80027
80038
80047
80056
80079
80089
80101
80121
80147
80159
80169
80196
80206
80221
80238
80271
80282
80309
80322
80334
80347
80365
80379
80408
80421
80421
80432
80466
80479
80488
80523
80537
80547
80568
80578
80589
80616
80629
80639
80651
80664
80675
80696
80716
80725
80740
80767
80790
80810
80810
80838
80862
80874
80887
80900
80921
80933
80948
80974
80986
80986
80996
81009
81036
81061
81081
81099
81107
81116
81125
81138
81164
81176
81202
81213
81222
81235
81270
81284
81317
81332
81367
81379
81391
81410
81420
81433
81443
81473
81499
81499
81513
81545
81559
81585
81598
81611
81622
81634
81654
81678
81705
81705
81714
81742
81755
81769
81782
81813
81825
81842
81880
81890
81904
81937
81948
81948
81981
81994
82007
82034
82055
82068
82097
82110
82120
82146
82158
82168
82192
82203
82212
82233
82246
82246
82272
82286
82301
82323
82348
82360
82360
82378
82410
82421
82432
82447
82479
82492
82505
82534
82547
82575
82589
82602
82628
82642
82655
82670
82698
82711
82732
82743
82756
82768
82783
82808
82818
82844
82856
82856
82883
82899
82913
82929
82958
82984
83015
83015
83047
83060
83074
83102
83111
83111
83140
83149
83176
83189
83200
83214
83228
83252
83277
83287
83297
83318
83331
83343
83354
83370
83386
83397
83426
83456
83476
83489
83526
83549
83560
83573
83587
83621
83648
83659
83672
83686
83716
83726
83738
83751
83772
83785
83798
83810
83834
83844
83866
83876
83890
83900
83918
83927
83939
83965
83988
84012
84024
84033
84046
84073
84085
84099
84112
84124
84151
84166
84176
84188
84217
84231
84245
84259
84285
84296
84309
84323
84350
84360
84370
84379
84389
84415
84426
84435
84450
84464
84488
84499
84513
84532
84557
84567
84580
84608
84621
84634
84649
84669
84678
84678
84693
84707
84735
84747
84760
84774
84788
84801
84831
84852
84852
84863
84872
84898
84912
84912
84921
84949
84973
84983
85011
85038
85051
85069
85082
85093
85121
85132
85159
85170
85196
85210
85210
85240
85255
85269
85303
85314
85332
85364
85375
85375
85395
85405
85419
85450
85476
85476
85493
85522
85548
85573
85602
85602
85635
85662
85662
85678
85705
85719
85751
85764
85778
85805
85816
85842
85854
85878
85889
85901
85915
85945
85954
85954
85976
85990
86004
86013
86032
86042
86042
86069
86091
86104
86120
86153
86166
86166
86177
86192
86222
86233
86247
86261
86283
86293
86324
86337
86350
86363
86391
86401
86416
86430
86455
86466
86475
86500
86512
86525
86554
86565
86595
86609
86637
86647
86661
86672
86691
86719
86746
86757
86771
86786
86800
86826
86838
86849
86878
86889
86922
86934
86946
86973
86985
86997
87008
87019
87046
87060
87070
87078
87087
87117
87130
87144
87159
87174
87205
87218
87218
87228
87240
87254
87266
87281
87296
87328
87341
87367
87381
87393
87423
87438
87447
87474
87487
87498
87507
87518
87543
87557
87569
87596
87609
87636
87658
87684
87709
87721
87741
87754
87767
87776
87786
87814
87827
87840
87853
87876
87885
87897
87926
87939
87950
87966
87988
88010
88027
88040
88069
88080
