3
5
5
6
7
7
8
8
9
10
11
12
14
16
17
18
19
20
21
22
22
23
25
25
27
27
29
30
31
32
33
34
35
35
36
38
38
40
40
42
42
43
45
45
46
46
47
48
49
50
51
52
53
54
55
56
57
59
60
61
63
64
66
66
68
70
72
74
76
77
78
79
80
81
82
84
85
86
87
88
90
91
92
93
95
96
97
99
100
102
103
105
107
109
111
112
113
115
117
119
119
122
124
125
126
127
129
131
132
134
136
136
137
138
139
139
141
141
142
142
143
143
144
145
146
147
148
149
151
152
154
155
157
159
160
161
163
165
166
168
170
171
173
175
177
179
181
183
184
186
188
189
191
193
195
196
198
200
202
203
205
207
209
210
212
214
215
216
218
220
221
223
225
227
229
230
232
234
235
237
239
241
243
244
246
248
249
251
253
254
256
258
260
262
264
265
267
269
270
272
274
276
277
278
280
282
283
285
287
289
291
292
294
296
298
299
301
302
304
306
307
309
310
313
315
316
318
319
321
322
324
326
328
330
332
334
336
338
339
341
343
345
347
348
350
352
354
356
358
360
361
363
365
366
368
369
371
372
374
376
378
379
381
383
385
387
388
389
391
393
394
396
398
399
401
402
404
406
407
409
411
412
414
416
418
419
421
422
424
425
427
429
431
432
434
436
437
438
439
441
442
444
445
447
449
450
452
454
455
457
460
462
464
465
466
467
468
469
471
472
473
475
475
476
477
477
478
479
480
481
481
482
483
484
485
486
487
488
489
490
491
492
493
494
495
496
498
500
501
503
505
507
507
508
510
511
511
512
513
515
517
518
519
520
522
524
525
527
528
530
531
533
534
536
538
540
541
543
545
546
548
550
552
554
556
558
559
561
563
565
566
568
570
571
573
575
577
578
580
582
584
586
587
588
590
591
593
595
596
598
600
602
604
606
608
610
611
612
614
616
617
618
619
620
621
623
624
626
628
630
631
633
635
637
638
640
641
643
645
647
648
650
652
653
655
657
659
660
662
664
666
668
668
670
671
673
675
677
677
678
679
680
680
682
682
683
684
684
685
686
687
688
688
689
690
691
692
693
695
696
698
699
700
702
704
706
708
710
711
713
714
716
717
719
721
723
725
727
729
730
732
733
735
737
738
740
742
744
745
747
749
751
752
754
756
758
759
761
763
765
766
767
769
771
773
775
776
778
779
781
783
784
786
788
790
791
793
795
796
798
800
802
804
805
807
809
810
812
813
815
817
818
820
822
823
825
827
829
831
832
834
836
837
839
841
843
844
846
848
850
852
854
855
857
858
860
862
863
865
867
869
871
873
875
876
878
879
881
883
885
887
889
891
892
893
895
897
899
901
902
904
906
907
909
910
912
913
914
916
917
919
921
923
925
926
928
930
932
933
935
937
939
940
942
944
945
947
949
950
951
952
954
956
958
959
961
963
964
966
968
970
971
973
975
976
978
980
981
983
984
986
988
989
991
993
994
996
998
1000
1002
1003
1005
1007
1009
1011
1012
1014
1016
1018
1019
1021
1023
1024
1026
1028
1030
1032
1034
1035
1037
1039
1041
1043
1044
1046
1048
1050
1052
1054
1055
1056
1058
1059
1061
1063
1065
1066
1068
1070
1072
1073
1075
1077
1078
1080
1082
1084
1086
1087
1089
1091
1093
1095
1096
1098
1100
1101
1103
1104
1106
1108
1110
1111
1113
1115
1116
1118
1120
1121
1123
1125
1126
1128
1130
1131
1133
1135
1137
1138
1140
1141
1143
1145
1146
1148
1150
1151
1153
1155
1157
1158
1160
1161
1163
1165
1167
1169
1170
1172
1173
1175
1176
1178
1179
1181
1183
1184
1186
1187
1189
1190
1192
1193
1195
1196
1198
1200
1202
1203
1205
1207
1208
1209
1211
1213
1215
1216
1218
1220
1221
1223
1225
1227
1228
1230
1232
1233
1235
1237
1239
1240
1242
1244
1245
1247
1249
1251
1252
1254
1256
1257
1259
1261
1262
1264
1266
1268
1269
1271
1273
1274
1276
1277
1279
1280
1282
1284
1286
1288
1290
1291
1293
1295
1297
1298
1300
1302
1303
1305
1307
1309
1311
1312
1314
1315
1317
1319
1321
1322
1323
1325
1327
1328
1330
1332
1334
1335
1337
1339
1340
1342
1343
1345
1346
1348
1350
1351
1353
1355
1357
1358
1360
1362
1364
1366
1367
1369
1371
1373
1374
1376
1378
1379
1381
1383
1384
1386
1388
1389
1391
1393
1395
1396
1398
1400
1402
1403
1405
1407
1408
1410
1412
1413
1415
1416
1418
1420
1422
1424
1426
1428
1429
1431
1433
1435
1437
1438
1440
1442
1444
1446
1448
1449
1451
1453
1454
1456
1458
1460
1462
1464
1466
1468
1469
1471
1473
1474
1476
1477
1479
1481
1483
1484
1486
1488
1490
1492
1493
1495
1497
1498
1500
1502
1504
1505
1507
1509
1511
1512
1514
1516
1517
1518
1520
1522
1523
1525
1527
1528
1530
1532
1534
1535
1537
1538
1540
1542
1544
1546
1547
1549
1550
1552
1553
1554
1556
1558
1559
1561
1562
1564
1566
1568
1570
1571
1573
1575
1577
1579
1581
1582
1584
1586
1587
1589
1591
1592
1594
1596
1597
1599
1601
1603
1604
1606
1608
1610
1612
1613
1615
1617
1618
1620
1622
1623
1625
1627
1628
1630
1632
1633
1635
1637
1638
1640
1642
1643
1644
1646
1648
1650
1651
1653
1655
1657
1659
1660
1662
1664
1665
1667
1669
1670
1672
1674
1675
1677
1679
1680
1682
1684
1685
1687
1689
1691
1692
1694
1696
1698
1700
1702
1704
1705
1705
1707
1709
1710
1712
1714
1715
1716
1718
1720
1722
1723
1725
1726
1728
1730
1732
1734
1736
1737
1739
1741
1742
1744
1745
1747
1749
1750
1752
1754
1756
1757
1759
1761
1762
1764
1765
1767
1769
1771
1773
1774
1776
1777
1779
1781
1782
1784
1786
1787
1789
1791
1793
1794
1796
1798
1799
1801
1803
1805
1806
1808
1810
1812
1813
1815
1817
1818
1820
1822
1824
1825
1827
1829
1830
1832
1833
1834
1836
1838
1840
1842
1844
1846
1847
1849
1851
1852
1854
1856
1857
1859
1860
1862
1864
1866
1867
1869
1870
1872
1874
1876
1878
1879
1881
1883
1884
1886
1888
1890
1892
1894
1895
1897
1899
1900
1902
1904
1906
1908
1909
1911
1912
1914
1916
1918
1920
1921
1923
1925
1926
1928
1929
1931
1933
1935
1936
1938
1940
1942
1944
1946
1947
1949
1951
1953
1954
1956
1958
1960
1961
1963
1965
1966
1968
1970
1971
1973
1975
1977
1979
1981
1982
1984
1986
1987
1989
1991
1992
1994
1995
1997
1999
2001
2003
2005
2006
2008
2010
2012
2014
2015
2017
2019
2020
2022
2024
2025
2027
2028
2030
2032
2033
2035
2037
2038
2040
2042
2043
2044
2046
2047
2049
2051
2052
2053
2054
2056
2058
2059
2061
2062
2064
2066
2067
2069
2071
2073
2074
2076
2078
2079
2081
2082
2084
2086
2087
2089
2091
2092
2094
2095
2097
2099
2100
2102
2104
2106
2107
2109
2110
2112
2114
2115
2117
2118
2120
2122
2124
2125
2127
2129
2130
2132
2134
2136
2137
2139
2140
2142
2144
2146
2147
2149
2151
2153
2155
2157
2158
2160
2162
2163
2165
2167
2168
2170
2171
2173
2174
2176
2178
2180
2182
2183
2185
2187
2189
2191
2193
2194
2194
2196
2197
2199
2199
2200
2201
2202
2203
2204
2205
2207
2208
2210
2211
2213
2215
2216
2218
2220
2221
2223
2225
2226
2228
2230
2232
2234
2236
2237
2239
2241
2242
2244
2246
2247
2249
2251
2252
2254
2256
2257
2259
2261
2262
2264
2266
2267
2269
2270
2272
2274
2276
2277
2279
2281
2282
2284
2286
2287
2289
2291
2292
2294
2296
2297
2299
2301
2303
2304
2306
2307
2309
2311
2313
2315
2317
2318
2320
2321
2323
2325
2327
2329
2331
2332
2334
2336
2337
2339
2341
2342
2344
2346
2348
2350
2351
2352
2354
2355
2357
2359
2361
2363
2365
2367
2368
2370
2372
2376
2379
2380
2382
2384
2385
2386
2387
2388
2389
2390
2390
2391
2392
2393
2394
2395
2396
2397
2398
2399
2400
2401
2402
2404
2405
2406
2408
2410
2411
2413
2415
2417
2419
2420
2422
2423
2425
2426
2427
2429
2431
2432
2434
2436
2437
2439
2441
2442
2443
2445
2447
2448
2450
2452
2453
2455
2456
2458
2460
2462
2464
2465
2467
2469
2470
2472
2474
2475
2477
2479
2481
2482
2484
2485
2487
2489
2491
2493
2494
2496
2498
2500
2502
2503
2505
2507
2509
2511
2512
2514
2515
2517
2519
2520
2522
2524
2525
2527
2529
2530
2532
2534
2536
2538
2540
2541
2543
2545
2546
2548
2550
2552
2553
2553
2555
2556
2557
2558
2559
2560
2561
2563
2565
2567
2568
2570
2572
2574
2575
2577
2578
2580
2582
2584
2585
2587
2589
2591
2592
2594
2596
2598
2600
2601
2603
2605
2606
2608
2610
2611
2612
2614
2615
2617
2619
2620
2622
2624
2626
2628
2630
2631
2633
2635
2637
2639
2640
2642
2644
2646
2648
2650
2652
2653
2655
2657
2658
2660
2662
2664
2665
2667
2669
2671
2673
2675
2677
2679
2681
2682
2684
2686
2687
2689
2691
2693
2694
2696
2697
2699
2701
2703
2704
2706
2708
2710
2711
2713
2715
2717
2719
2721
2722
2724
2725
2727
2729
2730
2732
2734
2736
2738
2739
2741
2742
2744
2745
2747
2748
2750
2752
2754
2755
2757
2759
2760
2761
2763
2765
2767
2768
2770
2772
2773
2774
2776
2777
2779
2781
2783
2785
2787
2788
2790
2792
2794
2795
2797
2799
2800
2801
2803
2805
2807
2808
2810
2812
2813
2815
2817
2818
2820
2822
2823
2824
2826
2828
2829
2830
2832
2834
2836
2838
2838
2842
2843
2846
2847
2848
2849
2850
2851
2852
2853
2854
2855
2856
2857
2858
2860
2861
2863
2865
2866
2868
2870
2871
2873
2875
2877
2877
2879
2879
2881
2882
2883
2884
2886
2888
2890
2892
2894
2894
2897
2899
2900
2902
2904
2905
2906
2907
2909
2910
2913
2914
2915
2916
2916
2917
2918
2919
2920
2920
2921
2922
2923
2924
2926
2927
2929
2930
2931
2932
2934
2935
2937
2939
2941
2943
2944
2946
2948
2949
2951
2952
2954
2956
2958
2960
2962
2963
2964
2966
2968
2969
2971
2972
2974
2975
2977
2979
2981
2982
2983
2985
2986
2988
2990
2991
2993
2994
2996
2998
3000
3001
3003
3005
3007
3009
3011
3013
3015
3016
3018
3020
3021
3023
3025
3026
3028
3030
3032
3033
3035
3037
3039
3040
3042
3043
3045
3046
3048
3049
3051
3053
3055
3057
3058
3060
3062
3063
3065
3067
3069
3070
3072
3074
3076
3077
3079
3080
3082
3083
3085
3087
3089
3090
3092
3094
3095
3097
3098
3099
3101
3102
3104
3106
3108
3110
3111
3112
3114
3116
3117
3119
3120
3122
3124
3125
3127
3129
3130
3132
3134
3136
3138
3139
3141
3143
3145
3146
3148
3150
3152
3153
3155
3157
3158
3160
3161
3162
3164
3166
3167
3169
3171
3172
3174
3176
3178
3180
3181
3183
3185
3186
3188
3189
3191
3193
3195
3197
3199
3200
3202
3203
3205
3207
3208
3210
3212
3213
3215
3216
3218
3220
3222
3223
3225
3226
3228
3230
3231
3233
3235
3236
3238
3239
3241
3242
3244
3245
3247
3249
3250
3252
3254
3255
3257
3258
3260
3262
3264
3266
3268
3269
3271
3273
3275
3277
3279
3281
3283
3284
3286
3288
3290
3292
3293
3295
3297
3298
3300
3302
3303
3305
3307
3309
3311
3312
3314
3316
3317
3319
3321
3322
3324
3326
3328
3330
3332
3333
3335
3337
3339
3340
3342
3344
3345
3347
3349
3350
3352
3353
3355
3356
3358
3360
3361
3363
3364
3365
3367
3369
3371
3373
3374
3376
3378
3380
3381
3383
3385
3387
3388
3389
3391
3393
3394
3396
3397
3399
3400
3402
3403
3405
3406
3408
3409
3411
3412
3413
3415
3416
3417
3419
3421
3423
3424
3426
3428
3429
3431
3433
3434
3435
3436
3438
3440
3441
3443
3445
3447
3448
3450
3452
3453
3455
3456
3458
3460
3462
3463
3465
3466
3467
3469
3471
3472
3474
3476
3477
3479
3480
3482
3484
3485
3487
3488
3489
3491
3493
3495
3497
3499
3500
3502
3504
3505
3507
3508
3510
3512
3513
3515
3517
3518
3520
3522
3524
3526
3527
3528
3530
3532
3534
3536
3537
3539
3540
3542
3544
3545
3547
3548
3550
3551
3553
3555
3557
3559
3560
3562
3564
3566
3567
3569
3571
3572
3574
3576
3577
3578
3580
3581
3583
3585
3587
3589
3590
3592
3594
3595
3597
3599
3601
3603
3605
3606
3608
3610
3612
3613
3615
3617
3618
3620
3622
3623
3625
3627
3629
3631
3633
3634
3636
3638
3640
3641
3643
3645
3647
3649
3650
3651
3653
3655
3657
3659
3661
3662
3664
3666
3667
3669
3671
3672
3674
3676
3677
3678
3680
3682
3684
3685
3688
3689
3690
3692
3694
3696
3696
3698
3699
3701
3702
3704
3705
3707
3709
3710
3712
3713
3715
3717
3718
3720
3722
3724
3725
3727
3729
3730
3732
3734
3735
3737
3739
3740
3742
3744
3745
3746
3748
3749
3751
3752
3754
3756
3758
3759
3761
3762
3764
3766
3768
3769
3770
3771
3773
3775
3777
3779
3780
3782
3784
3786
3788
3789
3791
3793
3795
3796
3798
3800
3801
3803
3805
3807
3809
3810
3812
3814
3815
3817
3819
3821
3822
3824
3826
3827
3829
3830
3832
3834
3836
3837
3838
3840
3842
3843
3845
3847
3848
3850
3852
3854
3855
3857
3859
3861
3863
3865
3867
3869
3871
3872
3874
3876
3878
3880
3881
3883
3885
3887
3889
3891
3892
3894
3896
3898
3899
3901
3903
3904
3905
3906
3908
3910
3911
3913
3915
3916
3918
3919
3921
3922
3924
3926
3928
3929
3931
3933
3935
3936
3938
3939
3941
3943
3944
3946
3948
3950
3952
3953
3955
3957
3958
3960
3962
3963
3965
3966
3968
3970
3972
3974
3975
3977
3979
3980
3982
3984
3986
3987
3989
3991
3993
3994
3996
3998
4000
4001
4003
4005
4007
4008
4010
4012
4013
4015
4017
4019
4020
4022
4024
4025
4027
4028
4030
4031
4033
4035
4037
4039
4040
4042
4044
4046
4047
4049
4051
4052
4054
4056
4057
4059
4061
4062
4064
4066
4068
4069
4071
4073
4075
4077
4079
4081
4082
4084
4086
4087
4089
4091
4093
4094
4095
4096
4098
4099
4101
4103
4105
4106
4108
4110
4112
4113
4115
4117
4118
4119
4121
4123
4125
4126
4128
4130
4132
4134
4136
4137
4139
4141
4142
4144
4145
4147
4149
4150
4151
4153
4155
4156
4158
4160
4161
4163
4165
4166
4167
4169
4171
4173
4175
4176
4178
4180
4182
4184
4185
4187
4189
4190
4192
4194
4195
4197
4198
4200
4202
4203
4205
4207
4208
4210
4212
4213
4215
4216
4218
4219
4221
4223
4225
4227
4229
4231
4232
4234
4236
4237
4238
4240
4242
4244
4246
4247
4249
4251
4252
4254
4256
4258
4259
4261
4263
4264
4266
4268
4270
4272
4274
4276
4277
4278
4280
4281
4283
4284
4286
4287
4288
4289
4290
4292
4294
4296
4298
4299
4301
4303
4304
4306
4308
4310
4312
4314
4315
4317
4319
4320
4322
4324
4326
4328
4330
4331
4333
4334
4336
4338
4339
4341
4343
4344
4346
4348
4350
4351
4353
4354
4356
4358
4359
4361
4363
4364
4366
4368
4370
4371
4373
4374
4376
4378
4380
4381
4383
4384
4386
4388
4389
4391
4392
4394
4396
4397
4398
4399
4400
4401
4402
4403
4404
4406
4407
4409
4410
4412
4414
4416
4417
4419
4421
4422
4424
4425
4427
4429
4431
4433
4434
4436
4438
4439
4441
4443
4445
4446
4448
4450
4451
4453
4455
4457
4458
4459
4461
4463
4464
4466
4468
4469
4471
4472
4474
4475
4477
4479
4481
4483
4484
4486
4487
4489
4491
4493
4494
4496
4498
4499
4501
4503
4504
4506
4508
4509
4511
4513
4515
4517
4519
4520
4522
4524
4526
4527
4529
4531
4533
4534
4536
4538
4540
4542
4544
4546
4548
4549
4551
4553
4554
4556
4558
4559
4561
4563
4564
4566
4568
4569
4571
4572
4574
4576
4578
4579
4581
4583
4585
4586
4588
4590
4591
4592
4593
4595
4597
4599
4600
4602
4604
4605
4607
4609
4611
4612
4613
4615
4617
4619
4620
4622
4624
4625
4627
4629
4631
4632
4634
4635
4637
4638
4640
4641
4643
4645
4647
4648
4650
4652
4653
4655
4657
4658
4660
4662
4664
4666
4668
4670
4672
4674
4676
4678
4680
4681
4683
4685
4686
4688
4689
4691
4693
4695
4696
4698
4700
4701
4703
4704
4706
4708
4710
4711
4713
4714
4716
4718
4719
4721
4723
4724
4726
4728
4729
4731
4732
4734
4735
4737
4739
4740
4742
4743
4745
4747
4748
4749
4751
4753
4754
4756
4758
4760
4762
4764
4766
4768
4770
4771
4773
4775
4777
4779
4781
4782
4784
4785
4787
4789
4791
4792
4794
4795
4797
4798
4800
4802
4803
4805
4807
4808
4810
4812
4813
4815
4817
4818
4820
4822
4823
4825
4827
4828
4830
4832
4833
4834
4836
4838
4839
4841
4843
4844
4846
4847
4849
4850
4852
4854
4856
4858
4859
4860
4862
4864
4865
4866
4868
4870
4872
4874
4876
4877
4879
4881
4882
4883
4884
4886
4888
4889
4891
4893
4895
4896
4898
4900
4901
4903
4905
4907
4908
4909
4911
4913
4914
4916
4918
4919
4921
4923
4925
4926
4928
4930
4931
4933
4935
4936
4938
4940
4941
4943
4945
4946
4948
4949
4951
4953
4955
4956
4958
4959
4961
4962
4964
4965
4967
4969
4970
4972
4974
4976
4977
4979
4981
4982
4984
4986
4987
4989
4991
4992
4994
4996
4997
4999
5000
5002
5004
5006
5007
5009
5011
5012
5014
5016
5018
5019
5021
5023
5025
5027
5029
5031
5033
5035
5037
5039
5041
5043
5045
5047
5049
5050
5052
5054
5055
5056
5058
5060
5062
5063
5065
5067
5068
5070
5072
5073
5075
5077
5079
5080
5082
5084
5085
5087
5089
5091
5093
5094
5096
5098
5100
5101
5103
5104
5106
5108
5109
5111
5113
5114
5116
5118
5120
5121
5123
5125
5127
5129
5131
5133
5134
5135
5137
5139
5141
5143
5145
5147
5149
5151
5152
5153
5155
5157
5158
5160
5162
5163
5165
5166
5168
5169
5171
5172
5174
5176
5178
5179
5181
5182
5184
5186
5188
5190
5191
5193
5195
5196
5198
5200
5201
5203
5205
5206
5208
5210
5211
5213
5214
5216
5218
5219
5221
5222
5224
5226
5228
5229
5231
5233
5234
5236
5237
5239
5241
5243
5244
5245
5247
5249
5251
5252
5254
5256
5258
5259
5261
5263
5265
5267
5269
5271
5273
5275
5277
5279
5281
5283
5285
5286
5287
5289
5291
5292
5294
5296
5298
5300
5302
5303
5305
5307
5309
5310
5312
5313
5315
5317
5319
5321
5323
5324
5326
5328
5330
5331
5333
5335
5337
5339
5340
5342
5344
5345
5347
5349
5351
5353
5354
5355
5357
5359
5360
5362
5364
5365
5367
5369
5370
5372
5374
5376
5378
5379
5381
5383
5384
5386
5388
5390
5392
5393
5395
5397
5398
5400
5402
5403
5405
5406
5408
5410
5412
5413
5414
5416
5418
5419
5421
5423
5424
5426
5428
5430
5432
5433
5435
5437
5438
5440
5442
5443
5444
5445
5447
5449
5450
5451
5453
5454
5456
5458
5460
5461
5463
5465
5466
5468
5470
5471
5473
5475
5477
5478
5480
5482
5483
5484
5486
5487
5489
5491
5492
5494
5496
5498
5499
5499
5501
5503
5504
5506
5508
5510
5512
5513
5515
5517
5518
5519
5520
5521
5523
5524
5525
5525
5527
5528
5529
5530
5531
5532
5533
5533
5534
5536
5537
5538
5538
5539
5540
5541
5541
5542
5543
5545
5546
5548
5549
5550
5551
5553
5554
5556
5558
5560
5562
5563
5565
5567
5569
5571
5573
5575
5576
5578
5579
5581
5583
5585
5587
5589
5590
5592
5593
5595
5596
5598
5599
5601
5602
5603
5605
5607
5608
5610
5612
5614
5616
5617
5619
5620
5622
5624
5625
5627
5629
5631
5633
5634
5635
5637
5639
5640
5642
5644
5646
5648
5649
5651
5653
5655
5656
5658
5660
5662
5664
5666
5667
5669
5670
5672
5674
5676
5677
5678
5680
5682
5684
5686
5687
5689
5691
5692
5693
5695
5697
5698
5700
5702
5703
5705
5706
5708
5709
5711
5713
5715
5716
5718
5720
5722
5723
5725
5727
5728
5730
5732
5733
5735
5737
5739
5741
5742
5744
5746
5748
5749
5750
5751
5753
5755
5757
5758
5760
5762
5763
5765
5766
5768
5770
5772
5773
5775
5777
5778
5780
5782
5784
5786
5787
5789
5791
5793
5795
5797
5799
5801
5802
5804
5806
5808
5809
5811
5813
5814
5816
5818
5819
5821
5822
5824
5826
5828
5830
5832
5833
5835
5837
5838
5840
5842
5844
5845
5847
5849
5850
5852
5854
5855
5857
5859
5860
5862
5864
5865
5866
5868
5869
5871
5873
5874
5876
5878
5880
5881
5883
5885
5886
5888
5889
5891
5892
5894
5896
5897
5899
5900
5902
5904
5905
5907
5909
5910
5912
5914
5915
5917
5918
5920
5922
5924
5925
5927
5929
5930
5932
5934
5935
5937
5939
5941
5942
5944
5945
5947
5949
5951
5952
5954
5956
5958
5959
5961
5962
5964
5966
5967
5969
5971
5973
5975
5976
5978
5980
5982
5983
5985
5987
5989
5990
5992
5994
5996
5997
5999
6001
6002
6004
6006
6008
6010
6011
6013
6014
6016
6018
6020
6022
6024
6025
6027
6029
6031
6033
6034
6036
6038
6040
6041
6043
6045
6046
6047
6049
6051
6052
6054
6055
6057
6058
6060
6062
6064
6065
6067
6069
6071
6072
6073
6075
6077
6079
6080
6082
6084
6085
6087
6089
6091
6092
6094
6096
6097
6098
6100
6102
6103
6104
6106
6108
6109
6111
6112
6114
6116
6118
6119
6121
6123
6125
6127
6128
6130
6131
6132
6133
6135
6137
6139
6141
6143
6144
6145
6147
6149
6150
6152
6154
6155
6157
6159
6160
6162
6164
6166
6167
6169
6170
6172
6174
6176
6178
6180
6181
6183
6185
6187
6188
6190
6192
6193
6195
6197
6198
6200
6202
6204
6206
6207
6209
6211
6213
6214
6216
6218
6219
6221
6223
6225
6226
6227
6229
6231
6232
6234
6236
6238
6239
6241
6243
6245
6246
6248
6250
6252
6254
6256
6257
6259
6260
6262
6264
6266
6268
6270
6271
6273
6275
6276
6278
6279
6281
6283
6285
6286
6288
6290
6291
6293
6295
6297
6298
6300
6301
6303
6305
6306
6308
6309
6311
6313
6315
6316
6318
6320
6321
6323
6325
6326
6328
6330
6331
6333
6335
6337
6339
6341
6342
6344
6345
6347
6348
6350
6352
6354
6355
6357
6359
6360
6362
6364
6365
6367
6369
6371
6372
6374
6376
6377
6379
6380
6382
6384
6385
6387
6388
6390
6392
6393
6395
6397
6398
6400
6402
6403
6405
6407
6408
6410
6411
6413
6414
6416
6418
6420
6422
6423
6425
6427
6429
6431
6432
6434
6436
6437
6439
6441
6442
6444
6446
6447
6449
6451
6452
6454
6456
6458
6459
6461
6462
6464
6466
6468
6470
6472
6474
6475
6477
6479
6480
6482
6484
6485
6487
6489
6490
6492
6493
6495
6497
6499
6501
6503
6504
6506
6508
6509
6511
6513
6515
6516
6518
6520
6521
6523
6525
6527
6528
6530
6532
6533
6535
6537
6539
6540
6542
6544
6545
6547
6549
6550
6552
6554
6555
6557
6559
6561
6563
6564
6566
6568
6569
6571
6573
6575
6577
6579
6580
6582
6584
6585
6587
6589
6591
6592
6594
6596
6597
6599
6600
6602
6604
6606
6607
6609
6611
6613
6615
6617
6619
6621
6622
6624
6626
6628
6630
6631
6633
6635
6636
6638
6639
6641
6643
6644
6645
6647
6649
6650
6652
6654
6656
6658
6659
6661
6663
6665
6666
6668
6670
6671
6672
6674
6675
6677
6678
6680
6682
6683
6685
6687
6688
6689
6691
6693
6694
6696
6698
6700
6701
6703
6705
6707
6709
6711
6713
6714
6715
6717
6719
6720
6722
6724
6725
6727
6729
6730
6732
6733
6735
6737
6739
6741
6743
6745
6746
6747
6749
6751
6752
6754
6756
6758
6760
6762
6764
6766
6768
6769
6771
6773
6775
6777
6779
6781
6783
6785
6787
6789
6790
6792
6794
6795
6797
6799
6800
6802
6804
6806
6808
6810
6811
6813
6814
6816
6818
6819
6820
6822
6823
6825
6827
6828
6829
6831
6833
6835
6837
6839
6840
6842
6844
6846
6847
6849
6851
6852
6853
6855
6857
6858
6859
6861
6863
6865
6867
6869
6871
6873
6875
6877
6879
6880
6882
6884
6885
6887
6888
6890
6891
6892
6894
6896
6897
6899
6901
6903
6905
6907
6909
6911
6912
6913
6914
6916
6918
6920
6922
6923
6925
6927
6928
6930
6932
6933
6935
6937
6939
6940
6942
6944
6945
6947
6948
6950
6952
6954
6955
6957
6959
6960
6962
6964
6966
6967
6969
6971
6972
6974
6976
6977
6979
6981
6982
6984
6986
6988
6989
6991
6993
6994
6996
6998
7000
7001
7003
7005
7006
7008
7010
7012
7013
7015
7016
7018
7020
7022
7023
7025
7027
7028
7030
7032
7034
7036
7037
7039
7041
7042
7044
7046
7047
7049
7050
7052
7054
7056
7057
7059
7060
7062
7064
7065
7067
7069
7071
7072
7074
7076
7077
7078
7080
7082
7083
7084
7086
7088
7090
7091
7092
7093
7095
7096
7098
7100
7102
7102
7106
7107
7110
7111
7112
7113
7114
7114
7115
7116
7117
7117
7119
7119
7121
7122
7123
7124
7125
7126
7127
7127
7128
7130
7131
7132
7132
7133
7133
7135
7136
7137
7138
7139
7140
7141
7142
7143
7145
7146
7148
7149
7150
7152
7153
7155
7157
7158
7160
7162
7164
7166
7167
7169
7170
7172
7174
7175
7177
7179
7181
7183
7185
7186
7188
7190
7192
7193
7195
7197
7198
7200
7202
7203
7205
7207
7208
7210
7212
7213
7215
7217
7219
7220
7222
7224
7225
7227
7229
7230
7232
7234
7236
7237
7239
7241
7243
7244
7246
7248
7250
7251
7253
7255
7257
7258
7260
7262
7264
7265
7267
7268
7270
7272
7273
7275
7276
7278
7280
7281
7283
7285
7287
7289
7290
7292
7293
7295
7297
7298
7300
7302
7304
7306
7307
7308
7310
7312
7314
7315
7316
7318
7320
7321
7322
7324
7326
7328
7329
7331
7333
7335
7336
7338
7340
7341
7343
7345
7347
7348
7350
7351
7353
7355
7356
7358
7360
7361
7363
7365
7367
7369
7371
7372
7374
7376
7378
7379
7381
7383
7385
7386
7387
7388
7390
7391
7393
7395
7396
7397
7399
7401
7403
7405
7407
7408
7409
7411
7413
7414
7416
7417
7419
7421
7423
7424
7426
7427
7429
7431
7433
7435
7436
7438
7440
7442
7444
7446
7448
7449
7451
7453
7454
7456
7458
7459
7461
7463
7465
7466
7468
7470
7471
7473
7475
7477
7479
7481
7483
7484
7486
7488
7490
7492
7493
7495
7497
7498
7500
7502
7504
7505
7507
7509
7510
7512
7514
7515
7517
7518
7520
7521
7523
7524
7525
7527
7529
7530
7532
7533
7535
7536
7538
7540
7541
7543
7545
7547
7549
7550
7552
7553
7555
7557
7558
7560
7562
7563
7565
7567
7569
7571
7573
7575
7577
7579
7580
7581
7583
7585
7586
7588
7589
7591
7593
7594
7596
7597
7599
7601
7602
7603
7605
7607
7609
7610
7612
7614
7615
7617
7619
7620
7622
7624
7625
7626
7628
7630
7632
7633
7635
7637
7639
7641
7643
7645
7646
7648
7650
7651
7653
7655
7657
7658
7660
7662
7663
7665
7667
7669
7671
7672
7674
7676
7678
7680
7682
7684
7685
7686
7688
7690
7692
7694
7695
7697
7699
7700
7702
7704
7705
7706
7708
7710
7711
7713
7715
7716
7718
7720
7721
7723
7725
7726
7728
7729
7731
7732
7734
7736
7738
7739
7741
7743
7745
7746
7748
7750
7751
7753
7755
7756
7758
7760
7762
7763
7765
7767
7769
7771
7772
7774
7776
7777
7779
7781
7783
7784
7786
7788
7790
7792
7794
7795
7797
7799
7801
7802
7804
7805
7807
7809
7811
7813
7815
7817
7818
7820
7822
7823
7825
7827
7828
7830
7832
7833
7835
7837
7839
7841
7843
7845
7847
7849
7850
7852
7854
7856
7858
7860
7862
7864
7866
7868
7870
7871
7873
7875
7876
7878
7879
7881
7883
7885
7886
7887
7889
7891
7893
7895
7896
7897
7899
7901
7902
7904
7906
7907
7909
7910
7912
7913
7915
7917
7919
7920
7922
7924
7926
7927
7929
7931
7932
7933
7935
7937
7938
7940
7942
7943
7945
7947
7949
7950
7952
7954
7955
7957
7958
7960
7961
7963
7965
7966
7968
7970
7972
7974
7975
7977
7979
7980
7982
7984
7986
7988
7990
7991
7993
7995
7997
7999
8001
8003
8005
8006
8008
8010
8012
8013
8015
8016
8018
8019
8021
8023
8025
8026
8028
8030
8032
8034
8035
8037
8039
8040
8042
8044
8045
8047
8049
8050
8052
8054
8056
8057
8059
8061
8063
8065
8066
8068
8070
8072
8074
8076
8078
8079
8081
8083
8085
8086
8088
8090
8090
8092
8096
8097
8100
8101
8102
8103
8103
8104
8105
8106
8107
8108
8108
8109
8110
8111
8112
8112
8113
8114
8115
8116
8117
8119
8121
8123
8125
8127
8129
8130
8132
8134
8135
8137
8138
8139
8141
8143
8144
8146
8148
8150
8151
8153
8155
8156
8158
8160
8161
8163
8165
8166
8168
8170
8171
8172
8174
8176
8177
8179
8181
8182
8184
8186
8188
8189
8191
8193
8195
8197
8199
8200
8202
8204
8206
8208
8210
8212
8214
8215
8217
8218
8219
8221
8222
8224
8226
