13
20
24
31
40
56
68
78
87
94
101
112
119
126
126
134
140
146
146
160
169
169
189
189
196
207
216
216
239
239
247
247
256
256
264
272
278
291
312
330
343
356
376
390
404
419
429
444
455
468
489
509
521
535
550
561
578
588
600
617
791
815
835
841
851
863
872
872
891
902
914
923
939
957
967
981
998
1014
1030
1047
1061
1070
1086
1103
1112
1127
1142
1151
1165
1184
1195
1213
1224
1232
1248
1265
1277
1294
1305
1322
1338
1349
1366
1380
1393
1410
1426
1436
1453
1468
1485
1501
1513
1525
1536
1546
1563
1581
1597
1607
1622
1635
1649
1658
1675
1692
1701
1716
1732
1743
1758
1773
1787
1805
1817
1827
1843
1855
1864
1879
1894
1915
1931
1944
1955
1972
1982
1998
2008
2019
2034
2051
2062
2085
2104
2113
2132
2151
2168
2179
2192
2208
2226
2237
2253
2263
2275
2288
2303
2320
2338
2348
2361
2377
2397
2414
2432
2442
2455
2472
2489
2500
2515
2532
2548
2558
2574
2587
2605
2613
2626
2644
2664
2675
2692
2700
2713
2726
2742
2752
2769
2782
2792
2808
2819
2835
2853
2866
2881
2900
2922
2939
2958
2966
2981
2993
3002
3020
3033
3041
3057
3075
3092
3109
3127
3140
3147
3159
3173
3192
3203
3215
3230
3242
3257
3272
3290
3299
3314
3326
3343
3363
3377
3395
3403
3420
3440
3452
3465
3484
3498
3517
3527
3540
3549
3565
3582
3600
3617
3625
3639
3654
3665
3677
3693
3706
3713
3729
3740
3758
3776
3786
3801
3812
3828
3839
3864
3877
3896
3907
3925
3942
3955
3968
3978
3994
4009
4021
4034
4048
4065
4083
4099
4119
4130
4147
4162
4173
4188
4205
4221
4238
4254
4270
4281
4295
4306
4361
4380
4389
4389
4405
4417
4433
4450
4466
4478
4492
4511
4521
4538
4555
4571
4578
4595
4612
4623
4639
4657
4669
4686
4694
4705
4719
4737
4746
4763
4773
4787
4805
4814
4827
4844
4854
4865
4880
4889
4905
4922
4931
4950
4968
4977
4992
5004
5026
5033
5046
5054
5070
5092
5114
5126
5140
5158
5168
5179
5196
5211
5222
5230
5245
5257
5272
5287
5297
5315
5333
5343
5355
5367
5378
5390
5405
5413
5429
5443
5454
5470
5488
5500
5514
5522
5540
5562
5582
5598
5610
5620
5637
5656
5666
5681
5696
5707
5723
5740
5752
5768
5780
5791
5807
5822
5833
5844
5856
5873
5889
5889
5908
5934
5956
5956
5980
5992
6003
6012
6038
6050
6061
6072
6079
6086
6095
6095
6104
6123
6133
6133
6156
6166
6177
6190
6197
6205
6214
6214
6224
6240
6248
6258
6258
6268
6268
6280
6287
6287
6446
6460
6480
6496
6508
6528
6670
6695
6707
6729
6753
6767
6785
6796
6815
6815
6842
6873
6910
6917
6927
6936
6936
6945
6951
6959
6968
6968
6978
6978
6992
6998
7006
7014
7022
7027
7032
7045
7067
7078
7090
7247
7265
7265
7286
7286
7307
7323
7334
7346
7359
7381
7395
7405
7415
7431
7448
7471
7492
7506
7523
7541
7553
7572
7589
7606
7618
7638
7656
7667
7680
7696
7706
7723
7739
7754
7762
7780
7792
7810
7822
7837
7856
7874
7891
7910
7918
7933
7950
7960
7978
7995
8006
8022
8041
8059
8070
8086
8105
8120
8133
8149
8166
8177
8194
8206
8216
8232
8249
8269
8278
8296
8316
8337
8350
8366
8384
8404
8416
8430
8450
8458
8475
8493
8505
8523
8537
8551
8563
8580
8593
8611
8628
8639
8653
8669
8681
8697
8715
8726
8733
8750
8768
8785
8805
8822
8833
8847
8857
8872
8890
8906
8919
8930
8945
8963
8983
9003
9013
9030
9046
9057
9067
9082
9095
9106
9120
9138
9159
9171
9186
9206
9217
9233
9250
9262
9275
9291
9308
9324
9335
9348
9359
9376
9395
9406
9424
9439
9453
9471
9490
9501
9514
9522
9539
9555
9567
9582
9594
9603
9614
9630
9651
9670
9682
9692
9711
9729
9748
9768
9776
9785
9799
9818
9829
9842
9856
9868
9885
9901
9913
9927
9945
9958
9975
9992
10009
10018
10035
10054
10072
10089
10101
10114
10126
10143
10160
10172
10184
10201
10212
10228
10244
10256
10268
10280
10302
10317
10329
10342
10354
10371
10392
10410
10421
10436
10446
10461
10478
10489
10502
10514
10528
10538
10552
10571
10585
10600
10620
10637
10659
10678
10688
10701
10715
10730
10741
10758
10771
10780
10798
10816
10830
10847
10860
10877
10896
10907
10925
10943
10956
10966
10982
11002
11014
11028
11042
11061
11072
11089
11107
11116
11132
11152
11162
11177
11187
11201
11214
11232
11243
11260
11276
11292
11305
11319
11329
11346
11360
11367
11380
11397
11410
11428
11446
11458
11467
11486
11497
11512
11526
11535
11554
11572
11584
11600
11614
11624
11638
11654
11671
11682
11691
11709
11728
11749
11768
11780
11793
11812
11823
11840
11862
11875
11885
11902
11921
11937
11948
11962
11977
11996
12008
12026
12036
12049
12068
12081
12097
12113
12130
12144
12168
12180
12196
12214
12221
12232
12250
12266
12277
12294
12308
12319
12332
12350
12362
12378
12390
12402
12420
12436
12447
12460
12474
12486
12504
12521
12532
12548
12565
12587
12599
12617
12636
12650
12661
12677
12695
12706
12718
12729
12742
12762
12782
12799
12811
12822
12838
12859
12871
12883
12890
12905
12920
12936
12954
12966
12977
12993
13010
13021
13035
13047
13063
13074
13090
13100
13115
13130
13149
13167
13186
13197
13211
13223
13244
13256
13263
13280
13297
13305
13322
13343
13355
13371
13380
13396
13416
13434
13446
13461
13475
13485
13497
13507
13527
13538
13547
13557
13566
13580
13598
13605
13617
13633
13645
13661
13675
13688
13695
13706
13722
13742
13754
13767
13784
13796
13807
13817
13834
13845
13857
13873
13895
13917
13926
13943
13963
13980
13994
14011
14023
14034
14055
14074
14092
14102
14116
14128
14145
14160
14174
14188
14199
14219
14230
14244
14263
14275
14289
14300
14316
14333
14349
14363
14371
14382
14398
14414
14422
14435
14450
14462
14472
14490
14505
14524
14535
14550
14557
14569
14587
14598
14612
14618
14631
14642
14654
14665
14683
14703
14719
14728
14745
14762
14772
14789
14803
14814
14830
14847
14859
14872
14884
14895
14912
14921
14941
14952
14965
14982
14994
15011
15030
15045
15060
15078
15097
15107
15123
15136
15146
15165
15183
15194
15212
15229
15246
15257
15272
15283
15300
15314
15327
15338
15355
15373
15388
15402
15419
15436
15448
15465
15479
15487
15500
15511
15531
15546
15558
15573
15593
15611
15629
15643
15652
15665
15683
15693
15706
15723
15733
15749
15766
15777
15794
15806
15814
15824
15841
15860
15872
15880
15897
15908
15925
15943
15953
15966
15976
15987
16007
16022
16036
16056
16068
16086
16109
16129
16142
16156
16167
16187
16205
16224
16233
16251
16270
16280
16296
16307
16320
16335
16348
16364
16375
16388
16402
16421
16443
16460
16460
16478
16489
16516
16540
16561
16568
16576
16588
16599
16609
16609
16623
16623
16630
16640
16650
16650
16669
16669
16677
16677
16688
16699
16705
16712
16718
16730
16730
16763
16787
16808
16833
16843
16855
16882
16900
16900
16912
16912
16924
16924
16939
16939
16960
16960
16972
16972
16977
16977
16985
16992
17006
17016
17032
17045
17063
17077
17097
17097
17106
17127
17139
17139
17161
17182
17190
17199
17199
17208
17216
17222
17228
17235
17243
17249
17256
17261
17272
17284
17298
17319
17340
17351
17370
17382
17396
17418
17435
17451
17465
17486
17509
17532
17542
17558
17570
17584
17601
17614
17628
17644
17662
17674
17691
17708
17718
17729
17741
17758
17774
17785
17798
17816
17829
17847
17870
17880
17896
17907
17926
17934
17947
17955
17969
17989
17999
18016
18031
18046
18056
18074
18094
18105
18115
18128
18139
18157
18174
18191
18200
18217
18228
18250
18267
18276
18293
18310
18327
18341
18355
18369
18386
18397
18413
18431
18449
18462
18479
18489
18507
18525
18542
18553
18572
18589
18608
18618
18632
18647
18664
18675
18691
18707
18720
18731
18747
18768
18785
18785
18800
18809
18832
18855
18877
18884
18894
18905
18918
18929
18929
18949
18949
18971
18983
18995
19017
19033
19044
19068
19089
19097
19121
19131
19141
19141
19152
19159
19166
19174
19184
19194
19207
19223
19235
19248
19260
19273
19289
19299
19311
19343
19351
19373
19388
19397
19406
19417
19426
19448
19456
19466
19491
19515
19526
19548
19554
19563
19563
19573
19582
19590
19597
19605
19614
19624
19634
19643
19649
19658
19666
19675
19684
19691
19696
19701
19714
19726
19748
19758
19768
19918
19944
19954
19954
19971
19996
20019
20034
20053
20053
20061
20075
20095
20108
20123
20136
20149
20160
20178
20191
20206
20219
20230
20240
20252
20269
20283
20293
20310
20321
20336
20349
20357
20368
20386
20403
20417
20433
20445
20463
20474
20483
20502
20516
20526
20543
20553
20569
20588
20604
20624
20636
20653
20673
20687
20699
20715
20735
20756
20767
20774
20793
20804
20821
20839
20848
20864
20882
20893
20911
20928
20939
20951
20971
20991
21011
21027
21037
21053
21077
21088
21107
21230
21255
21255
21283
21283
21298
21319
21343
21356
21373
21385
21398
21411
21431
21452
21473
21491
21517
21538
21550
21569
21586
21595
21613
21624
21635
21652
21661
21673
21692
21712
21732
21743
21753
21765
21778
21796
21809
21827
21839
21851
21868
21880
21898
21914
21926
21935
21950
21972
21984
21997
22146
22170
22170
22196
22214
22231
22247
22260
22272
22285
22294
22311
22323
22338
22358
22367
22384
22395
22412
22430
22447
22461
22473
22490
22507
22518
22530
22538
22555
22575
22595
22611
22624
22639
22656
22666
22681
22699
22712
22724
22740
22761
22772
22783
22797
22809
22824
22842
22853
22865
22879
22896
22906
22921
22939
22949
22964
22982
23001
23012
23029
23043
23054
23070
23091
23102
23113
23127
23143
23156
23173
23189
23203
23215
23230
23250
23261
23275
23289
23301
23319
23328
23348
23361
23370
23379
23400
23414
23428
23442
23454
23471
23488
23500
23514
23533
23552
23568
23578
23589
23604
23623
23633
23648
23665
23673
23686
23704
23715
23732
23750
23768
23782
23792
23809
23820
23836
23852
23866
23876
23894
23907
23918
23928
23940
23951
23969
23986
24007
24021
24033
24052
24070
24081
24095
24108
24123
24133
24147
24166
24177
24190
24210
24222
24238
24248
24262
24279
24290
24305
24325
24345
24359
24374
24385
24399
24417
24428
24441
24458
24469
24488
24506
24514
24526
24543
24556
24566
24581
24597
24611
24632
24644
24663
24679
24689
24705
24722
24734
24751
24770
24785
24801
24818
24828
24844
24856
24864
24880
24899
24910
24928
24941
24960
24971
24988
25005
25015
25029
25046
25065
25084
25094
25106
25119
25132
25147
25167
25188
25205
25217
25234
25251
25251
25273
25281
25306
25326
25340
25351
25362
25368
25379
25390
25390
25413
25413
25428
25428
25436
25436
25446
25446
25454
25459
25470
25487
25503
25519
25519
25524
25540
25554
25566
25578
25591
25610
25622
25634
25651
25664
25677
25698
25718
25727
25740
25759
25771
25786
25796
25816
25830
25840
25851
25868
25889
25901
25909
25925
25941
25953
25970
25984
26001
26021
26034
26049
26061
26068
26079
26094
26114
26123
26140
26154
26166
26185
26203
26217
26226
26239
26258
26270
26287
26305
26315
26331
26350
26362
26379
26392
26401
26418
26426
26443
26463
26477
26496
26508
26526
26544
26556
26572
26593
26606
26625
26642
26650
26661
26680
26700
26712
26729
26742
26759
26767
26783
26799
26810
26823
26839
26859
26877
26888
26909
26921
26938
26950
26969
26986
26998
27011
27021
27032
27050
27069
27078
27095
27113
27126
27143
27159
27169
27177
27196
27214
27232
27250
27265
27274
27287
27297
27312
27331
27345
27356
27373
27393
27413
27429
27449
27467
27479
27489
27499
27513
27530
27530
27570
27578
27609
27618
27628
27637
27646
27646
27653
27672
27684
27692
27701
27708
27714
27722
27733
27743
27749
27757
27762
27769
27781
27803
27824
27845
27862
27885
27904
27921
27932
27944
27955
27975
27989
28001
28015
28028
28043
28054
28064
28077
28104
28119
28137
28147
28157
28170
28186
28208
28220
28231
28244
28251
28258
28266
28266
28288
28303
28314
28323
28323
28330
28337
28346
28357
28372
28385
28400
28408
28420
28586
28601
28618
28640
28653
28665
28679
28689
28707
28723
28723
28754
28776
28799
28810
28821
28833
28857
28872
28882
28893
28918
28945
28952
28967
28990
29001
29024
29050
29058
29080
29103
29112
29144
29152
29161
29161
29170
29179
29189
29195
29203
29213
29223
29231
29238
29247
29253
29260
29268
29278
29287
29292
29296
29304
29311
29319
29330
29352
29362
29375
29394
29547
29570
29570
29583
29604
29614
29623
29638
29649
29663
29676
29688
29704
29710
29728
29740
29752
29771
29934
29954
29977
29997
30012
30026
30041
30059
30070
30080
30099
30116
30127
30146
30160
30173
30186
30200
30221
30235
30254
30265
30280
30295
30308
30326
30337
30349
30365
30375
30385
30402
30419
30431
30445
30459
30476
30492
30503
30517
30531
30551
30563
30581
30598
30606
30617
30632
30649
30656
30668
30682
30691
30706
30724
30734
30748
30762
30774
30790
30800
30816
30835
30845
30858
30876
30887
30903
30916
30928
30945
30960
30970
30986
31001
31011
31021
31031
31048
31060
31073
31090
31101
31111
31127
31141
31148
31163
31180
31198
31211
31227
31241
31252
31268
31287
31298
31311
31330
31341
31359
31368
31383
31395
31407
31426
31435
31453
31463
31476
31494
31505
31521
31531
31547
31559
31573
31593
31604
31616
31633
31644
31662
31679
31691
31706
31721
31738
31749
31763
31774
31786
31802
31824
31834
31851
31862
31874
31892
31903
31919
31938
31950
31962
31981
32000
32010
32028
32037
32051
32069
32079
32097
32116
32127
32141
32158
32176
32187
32204
32216
32229
32240
32261
32272
32288
32302
32312
32329
32347
32358
32370
32383
32401
32421
32440
32450
32461
32472
32485
32503
32520
32531
32549
32561
32576
32596
32605
32619
32633
32646
32664
32686
32705
32719
32728
32742
32760
32776
32794
32812
32820
32831
32848
32866
32876
32886
32901
32917
32928
32943
32962
32977
32994
33014
33031
33050
33063
33077
33087
33101
33117
33125
33140
33154
33170
33182
33199
33211
33222
33235
33254
33271
33289
33299
33314
33332
33343
33359
33376
33397
33407
33424
33441
33454
33470
33486
33504
33521
33534
33550
33569
33584
33599
33610
33620
33630
33639
33651
33672
33694
33711
33730
33738
33755
33767
33786
33805
33822
33832
33841
33857
33877
33898
33906
33923
33941
33954
33972
33993
34002
34019
34036
34051
34064
34081
34094
34105
34123
34141
34154
34161
34173
34191
34203
34221
34233
34247
34264
34284
34294
34310
34320
34334
34350
34362
34378
34393
34404
34416
34431
34448
34458
34473
34481
34492
34509
34527
34547
34564
34564
34579
34588
34613
34635
34653
34662
34674
34685
34698
34710
34710
34728
34728
34752
34763
34775
34792
34811
34823
34846
34871
34878
34894
34918
34928
34958
34970
34977
34984
34984
34994
35003
35011
35017
35017
35028
35028
35048
35057
35077
35092
35099
35120
35143
35156
35165
35181
35198
35216
35227
35247
35256
35275
35287
35305
35326
35337
35346
35364
35381
35394
35409
35426
35434
35444
35463
35477
35494
35505
35514
35529
35551
35562
35573
35586
35598
35612
35629
35638
35655
35669
35680
35690
35705
35721
35732
35745
35762
35774
35791
35810
35821
35835
35852
35863
35881
35892
35905
35918
35929
35942
35961
35985
35999
36021
36037
36056
36066
36083
36094
36105
36121
36134
36152
36171
36180
36196
36212
36229
36242
36257
36274
36285
36301
36314
36331
36344
36360
36371
36388
36407
36419
36433
36442
36460
36480
36493
36511
36529
36540
36556
36574
36595
36603
36620
36636
36648
36663
36679
36688
36707
36726
36736
36746
36758
36772
36784
36802
36820
36831
36844
36862
36874
36893
36911
36922
36935
36948
36960
36970
36986
37009
37024
37040
37053
37069
37088
37107
37122
37137
37148
37165
37183
37201
37210
37226
37245
37265
37278
37292
37310
37327
37337
37352
37374
37387
37403
37420
37440
37450
37469
37485
37497
37512
37532
37542
37555
37572
37591
37610
37626
37647
37661
37672
37690
37707
37720
37737
37751
37761
37772
37790
37810
37821
37832
37850
37872
37892
37903
37915
37933
37951
37963
37982
37998
38011
38029
38049
38062
38080
38099
38114
38126
38141
38159
38170
38186
38194
38205
38224
38235
38253
38274
38289
38300
38317
38333
38343
38355
38369
38378
38396
38409
38425
38438
38448
38462
38478
38490
38507
38520
38539
38553
38570
38581
38601
38615
38625
38644
38662
38672
38688
38699
38707
38723
38743
38760
38771
38786
38805
38827
38838
38855
38869
38887
38898
38912
38930
38941
38955
38969
38985
38996
39006
39025
39039
39051
39068
39079
39095
39113
39122
39139
39157
39177
39196
39209
39219
39229
39246
39265
39276
39291
39311
39322
39338
39353
39372
39381
39399
39415
39433
39444
39461
39475
39487
39502
39521
39537
39553
39566
39587
39605
39625
39643
39655
39672
39686
39704
39714
39733
39747
39767
39777
39795
39812
39825
39840
39857
39868
39885
39896
39909
39923
39936
39952
39972
39991
40003
40023
40043
40059
40069
40085
40098
40116
40127
40143
40161
40173
40188
40207
40223
40241
40258
40271
40283
40301
40320
40338
40354
40367
40379
40396
40414
40432
40447
40455
40472
40489
40502
40522
40538
40549
40566
40582
40594
40604
40617
40635
40654
40666
40682
40696
40705
40720
40739
40757
40769
40782
40793
40805
40819
40834
40845
40858
40874
40886
40903
40920
40932
40944
40959
40972
40989
41007
41018
41031
41043
41060
41071
41089
41104
41115
41131
41150
41162
41174
41188
41205
41222
41239
41248
41269
41281
41292
41303
41325
41338
41347
41364
41381
41392
41410
41420
41434
41449
41466
41486
41496
41508
41520
41532
41550
41566
41588
41596
41608
41625
41641
41660
41678
41691
41704
41715
41731
41749
41760
41773
41795
41807
41823
41844
41864
41873
41889
41907
41918
41941
41954
41971
41982
42000
42020
42032
42047
42065
42077
42094
42115
42123
42134
42153
42173
42184
42203
42215
42229
42241
42259
42277
42295
42303
42318
42329
42347
42358
42375
42389
42405
42424
42434
42452
42471
42485
42495
42506
42517
42534
42554
42566
42576
42593
42610
42621
42639
42654
42663
42674
42692
42711
42730
42745
42756
42766
42783
42801
42812
42824
42842
42856
42872
42889
42907
42921
42937
42954
42965
42981
42989
43000
43020
43031
43042
43058
43075
43084
43099
43117
43132
43148
43160
43173
43182
43199
43218
43236
43250
43264
43274
43290
43310
43332
43341
43357
43374
43386
43396
43414
43427
43436
43452
43463
43478
43499
43511
43529
43547
43564
43575
43588
43601
43612
43628
43646
43665
43679
43700
43715
43727
43744
43767
43779
43794
43814
43821
43837
43846
43857
43867
43882
43896
43907
43924
43945
43961
43973
43986
44005
44016
44034
44055
44067
44076
44089
44107
44117
44128
44142
44154
44171
44189
44199
44208
44224
44244
44255
44271
44287
44299
44314
44325
44343
44354
44370
44389
44398
44416
44434
44453
44465
44477
44489
44504
44522
44538
44560
44571
44585
44594
44603
44614
44630
44638
44653
44665
44684
44703
44714
44728
44745
44757
44775
44787
44800
44814
44832
44843
44855
44875
44883
44900
44916
44936
44958
44971
44986
44996
45013
45030
45040
45057
45076
45087
45101
45117
45129
45148
45157
45173
45193
45207
45223
45241
45253
45270
45287
45301
45319
45334
45345
45361
45380
45398
45412
45430
45442
45461
45479
45498
45510
45520
45538
45559
45577
45588
45601
45613
45630
45649
45666
45677
45690
45709
45727
45737
45754
45762
45775
45794
45814
45827
45843
45857
45868
45875
45886
45895
45912
45925
45945
45959
45977
45989
46004
46022
46038
46050
46066
46083
46095
46102
46121
46140
46151
46162
46174
46186
46205
46221
46232
46241
46253
46270
46281
46299
46310
46323
46335
46345
46355
46374
46394
46404
46419
46439
46450
46471
46482
46495
46514
46526
46543
46563
46576
46587
46604
46624
46645
46661
46674
46690
46706
46716
46732
46749
46762
46774
46791
46810
46829
46842
46857
46869
46884
46898
46909
46919
46932
46943
46958
46973
46992
47005
47021
47032
47049
47069
47080
47092
47110
47120
47137
47155
47162
47174
47186
47202
47220
47238
47256
47266
47282
47299
47316
47334
47349
47366
47384
47396
47408
47430
47445
47457
47471
47482
47499
47519
47533
47549
47560
47577
47594
47605
47614
47624
47641
47663
47683
47699
47699
47717
47752
47774
47774
47793
47802
47814
47827
47840
47848
47848
47870
47895
47895
47906
47906
47913
47913
47933
47943
47954
47960
47969
47979
47988
48007
48023
48029
48039
48050
48081
48091
48105
48112
48120
48130
48147
48147
48162
48170
48182
48195
48206
48216
48223
48223
48232
48241
48248
48254
48254
48260
48260
48266
48271
48271
48277
48289
48302
48316
48330
48341
48357
48370
48386
48399
48411
48425
48568
48582
48593
48603
48615
48631
48644
48664
48682
48694
48701
48719
48740
48751
48767
48781
48790
48805
48824
48836
48855
48864
48879
48890
48906
48924
48934
48948
48967
48979
48996
49005
49022
49030
49046
49066
49084
49103
49117
49127
49145
49165
49175
49186
49196
49212
49232
49247
49266
49275
49288
49306
49319
49336
49355
49368
49385
49393
49410
49428
49447
49456
49467
49485
49503
49519
49536
49544
49560
49576
49592
49609
49620
49632
49651
49662
49679
49695
49702
49717
49733
49747
49765
49777
49793
49810
49821
49834
49852
49869
49883
49892
49907
49922
49942
49953
49967
49981
49992
50011
50021
50035
50048
50067
50077
50087
50105
50119
50128
50138
50156
50175
50192
50201
50216
50235
50258
50278
50288
50302
50319
50338
50358
50358
50375
50382
50408
50431
50453
50453
50459
50466
50466
50476
50486
50494
50494
50512
50512
50537
50548
50559
50568
50580
50590
50590
50600
50600
50610
50616
50869
50883
50893
50908
50922
50938
50952
50968
50978
51003
51014
51024
51034
51041
51041
51049
51058
51068
51068
51084
51092
51092
51115
51115
51140
51149
51160
51173
51185
51195
51202
51202
51212
51228
51238
51247
51247
51255
51255
51274
51285
51304
51321
51335
51354
51371
51389
51401
51415
51437
51457
51474
51490
51506
51515
51529
51541
51558
51575
51593
51602
51616
51636
51647
51662
51673
51685
51702
51721
51733
51741
51755
51769
51780
51798
51817
51830
51845
51863
51873
51891
51907
51918
51931
51949
51960
51976
51994
52001
52008
52022
52040
52205
52224
52241
52250
52250
52266
52290
52301
52317
52446
52467
52486
52486
52503
52525
52539
52552
52564
52564
52588
52617
52627
52650
52671
52680
52689
52689
52699
52707
52716
52725
52735
52755
52767
52780
52795
52808
52825
52984
53005
53019
53036
53055
53066
53083
53091
53104
53125
53137
53154
53164
53184
53201
53219
53239
53250
53269
53286
53303
53321
53333
53351
53372
53381
53397
53408
53424
53441
53453
53465
53490
53510
53520
53538
53553
53573
53591
53608
53630
53642
53653
53667
53685
53702
53719
53730
53742
53759
53778
53800
53820
53834
53850
53867
53885
53903
53920
53930
53947
53958
53975
53987
54001
54013
54028
54037
54053
54071
54083
54094
54112
54131
54148
54167
54184
54199
54215
54226
54243
54260
54279
54294
54305
54322
54339
54350
54362
54376
54389
54400
54416
54430
54444
54463
54483
54498
54515
54528
54542
54560
54579
54598
54615
54623
54636
54653
54664
54683
54693
54711
54727
54738
54753
54774
54787
54801
54962
54987
54987
54996
55012
55035
55055
55068
55086
55213
55227
55239
55251
55265
55279
55295
55317
55339
55359
55371
55379
55390
55407
55424
55444
55455
55468
55481
55498
55510
55526
55541
55550
55569
55589
55601
55619
55632
55640
55656
55676
55688
55707
55719
55729
55745
55756
55773
55790
55798
55809
55826
55844
55856
55871
55890
55909
55928
55945
55955
55968
55986
56003
56015
56030
56038
56048
56064
56077
56092
56110
56122
56131
56148
56170
56189
56206
56221
56240
56258
56268
56276
56291
56304
56320
56335
56357
56369
56384
56396
56413
56426
56441
56454
56466
56478
56490
56502
56511
56522
56534
56544
56563
56575
56592
56610
56625
56637
56654
56666
56682
56701
56715
56734
56753
56765
56781
56796
56810
56828
56839
56854
56871
56878
56890
56905
56924
56943
56961
56969
56984
56997
57014
57031
57041
57057
57072
57089
57099
57113
57132
57141
57158
57176
57188
57206
57225
57238
57256
57273
57283
57296
57309
57321
57333
57351
57372
57389
57397
57414
57426
57443
57462
57474
57494
57507
57525
57544
57563
57575
57587
57600
57609
57628
57638
57649
57668
57680
57698
57711
57721
57736
57747
57762
57778
57790
57803
57822
57834
57850
57869
57880
57888
57899
57908
57924
57941
57950
57967
57985
57998
58014
58037
58053
58072
58083
58093
58108
58125
58138
58156
58173
58184
58198
58209
58222
58238
58247
58264
58277
58288
58302
58313
58330
58349
58369
58378
58394
58413
58424
58440
58458
58469
58486
58496
58511
58533
58549
58556
58569
58587
58605
58625
58633
58641
58658
58676
58694
58705
58721
58736
58747
58762
58780
58788
58802
58819
58832
58852
58873
58891
58911
58929
58947
58958
58974
58989
59006
59018
59030
59046
59062
59071
59083
59101
59119
59137
59137
59154
59162
59187
59209
59230
59241
59253
59265
59272
59280
59280
59299
59309
59309
59315
59336
59336
59345
59345
59356
59362
59369
59378
59401
59413
59421
59431
59445
59465
59479
59491
59506
59522
59541
59562
59582
59603
59612
59624
59642
59659
59669
59686
59700
59721
59733
59751
59767
59776
59786
59797
59808
59827
59839
59852
59870
59881
59897
59905
59921
59934
59944
59961
59972
59980
59992
60010
60021
60040
60052
60068
60078
60094
60114
60133
60148
60157
60171
60191
60204
60221
60231
60245
60265
60278
60295
60314
60328
60342
60352
60371
60390
60411
60419
60439
60459
60474
60487
60500
60518
60540
60550
60568
60590
60599
60621
60629
60650
60667
60677
60690
60706
60724
60743
60755
60767
60781
60797
60809
60818
60831
60842
60850
60861
60874
60887
60899
60916
60928
60940
60957
60971
60982
60999
61019
61040
61058
61077
61094
61102
61119
61135
61157
61170
61181
61197
61215
61226
61242
61260
61275
61283
61299
61317
61328
61346
61359
61379
61398
61410
61427
61439
61451
61472
61492
61505
61522
61542
61550
61570
61588
61604
61615
61630
61643
61655
61674
61695
61707
61722
61739
61759
61772
61790
61802
61810
61828
61839
61854
61874
61887
61901
61918
61937
61957
61982
61996
62012
62023
62040
62057
62068
62080
62097
62114
62125
62141
62160
62167
62186
62206
62216
62232
62250
62260
62276
62297
62315
62326
62340
62357
62368
62388
62405
62416
62429
62448
62469
62491
62513
62527
62547
62558
62575
62593
62613
62627
62651
62669
62691
62710
62726
62734
62753
62770
62789
62800
62812
62829
62840
62856
62866
62883
62896
62906
62921
62930
62945
62962
62971
62987
63003
63015
63032
63042
63061
63080
63092
63108
63124
63136
63144
63159
63177
63195
63204
63217
63230
63248
63267
63287
63305
63315
63333
63350
63369
63380
63396
63409
63422
63441
63459
63478
63492
63507
63524
63536
63553
63564
63582
63601
63621
63645
63669
63692
63707
63729
63748
63759
63775
63788
63800
63817
63834
63844
63861
63875
63892
63910
63928
63947
63966
63978
63996
64015
64034
64054
64065
64081
64100
64111
64122
64140
64149
64162
64183
64204
64216
64227
64242
64255
64266
64276
64293
64307
64320
64336
64351
64370
64395
64409
64422
64440
64459
64470
64484
64491
64506
64524
64536
64557
64570
64585
64603
64614
64631
64651
64668
64680
64697
64716
64736
64747
64760
64777
64796
64818
64834
64849
64849
64869
64880
64904
64927
64943
64952
64963
64975
64988
64996
64996
65020
65020
65044
65053
65063
65089
65114
65125
65136
65145
65155
65155
65173
65173
65196
65204
65228
65251
65262
65284
65304
65312
65331
65354
65364
65391
65408
65419
65442
65468
65479
65499
65527
65538
65573
65584
65590
65599
65599
65609
65618
65627
65634
65640
65640
65646
65656
65666
65674
65674
65690
65690
65697
65716
65716
65739
65749
65778
65787
65796
65796
65802
65807
65814
65824
65842
65863
65883
65903
65909
65928
65953
65978
65993
66002
66010
66023
66036
66054
66065
66077
66092
66104
66123
66142
66151
66162
66178
66195
66207
66226
66246
66254
66275
66287
66299
66316
66334
66342
66358
66369
66380
66397
66411
66420
66437
66451
66470
66477
66492
66505
66517
66532
66543
66558
66571
66588
66600
66614
66631
66642
66654
66667
66680
66698
66718
66739
66747
66762
66780
66793
66811
66823
66834
66845
66855
66875
66886
66903
66916
66939
66952
66962
66979
66991
66999
67015
67032
67050
67069
67077
67093
67114
67127
67143
67161
67176
67188
67205
67222
67243
67257
67272
67289
67303
67322
67341
67357
67373
67390
67410
67429
67441
67454
67465
67475
67485
67504
67519
67527
67545
67556
67574
67590
67602
67621
67639
67662
67674
67684
67696
67707
67724
67742
67760
67779
67792
67809
67822
67832
67850
67859
67872
67891
67902
67918
67936
67947
67959
67971
67988
67998
68010
68020
68036
68054
68065
68077
68089
68106
68125
68142
68158
68170
68183
68202
68213
68224
68240
68251
68265
68283
68295
68314
68331
68339
68356
68375
68387
68404
68426
68434
68452
68472
68490
68507
68514
68526
68547
68558
68576
68597
68611
68619
68632
68650
68672
68684
68697
68711
68728
68738
68746
68763
68779
68800
68820
68831
68847
68857
68875
68893
68911
68932
68944
68959
68971
68980
68998
69014
69025
69038
69049
69066
69077
69093
69106
69124
69136
69155
69174
69191
69204
69222
69244
69262
69280
69290
69307
69325
69343
69354
69367
69384
69395
69412
69426
69444
69462
69473
69488
69507
69516
69533
69550
69564
69579
69598
69614
69625
69641
69663
69680
69698
69712
69722
69740
69757
69768
69777
69789
69812
69831
69848
69866
69875
69891
69903
69922
69943
69964
69978
69997
70009
70020
70030
70045
70057
70073
70092
70105
70122
70137
70150
70171
70187
70209
70225
70233
70249
70266
70276
70290
70302
70315
70326
70343
70362
70373
70387
70406
70418
70435
70451
70465
70472
70490
70511
70535
70553
70563
70573
70583
70601
70620
70635
70643
70659
70676
70689
70707
70721
70733
70744
70763
70781
70804
70815
70831
70851
70870
70881
70896
70906
70923
70941
70959
70978
70990
70998
71018
71031
71049
71059
71067
71085
71099
71110
71130
71141
71153
71165
71182
71200
71222
71231
71247
71265
71277
71292
71302
71321
71341
71354
71370
71389
71403
71414
71433
71453
71470
71491
71500
71511
71530
71542
71556
71569
71576
71591
71607
71628
71640
71653
71665
71682
71700
71712
71729
71746
71762
71773
71789
71807
71826
71839
71857
71867
71885
71902
71910
71918
71936
71948
71962
71977
71990
71999
72014
72030
72043
72061
72076
72088
72103
72121
72137
72147
72161
72172
72188
72206
72219
72233
72244
72257
72274
72292
72309
72323
72340
72359
72370
72387
72406
72415
72432
72453
72465
72480
72495
72504
72516
72527
72546
72557
72573
72584
72602
72620
72630
72640
72654
72669
72686
72697
72713
72724
72736
72756
72777
72789
72804
72813
72829
72839
72856
72877
72892
72900
72917
72936
72957
72970
72985
73003
73021
73033
73050
73066
73081
73104
73127
73138
73148
73156
73172
73183
73202
73220
73238
73247
73264
73286
73298
73316
73329
73338
73358
73376
73392
73404
73419
73440
73459
73477
73495
73503
73516
73527
73545
73561
73577
73588
73603
73614
73631
73654
73666
73679
73812
73834
73834
73849
73864
73882
73896
73905
73929
73942
73951
