25644904
28787256
55434096
58036376
38118888
58112144
38145040
58103312
38102032
38106640
38132752
38130792
38075384
38139032
57842152
38126360
38130464
37747032
37719712
37720320
58090120
57983904
37811904
58213600
37809216
58043168
38074016
57806592
38034464
38103320
37746752
37716504
37716968
58135424
57996808
37813200
58056928
37824936
58121240
38014880
58063888
38112704
37809704
58054928
37861800
58125656
37776912
37718256
37770080
37765640
37725000
37729736
37817984
37821600
57798256
58102472
58032240
37811864
58073296
58001984
37734216
58024736
37816320
58004000
37748784
37806384
37742400
37717456
37881088
58084048
58040040
58070200
57988040
58041888
58044456
37782744
58052536
58016232
58027736
58027192
37770048
57729128
58104296
58034408
37770808
58094032
57994032
37807800
57994504
37742344
57994768
37701376
37828856
37729176
37754408
58043688
58002184
37766208
37741008
37810920
58027792
37976360
38095912
57720912
38054952
38165544
38050088
38031400
57793904
38009384
38035240
58138944
38182728
38096424
37794384
58076136
38054440
58189072
37813056
58039040
37824880
58027560
57722536
37703888
37809176
37798136
57813264
57789760
37758968
58091568
37710496
58013704
37829144
37747448
58022952
58089488
37721472
37730464
58022928
37780408
37711160
58012432
37753408
37737568
37765720
37757368
37828808
37769296
58016528
37765648
37725120
58027792
37776608
37775752
37831168
58075408
37742584
37792264
37800880
58060048
37764752
37711320
37787752
58024208
37794816
37783192
58051344
57993488
37756912
37715264
58082064
37774824
37706936
37803560
37798528
57987344
37779848
37817240
58055184
37761720
37712488
37780592
37727512
58019344
37721080
37793264
58063632
37748584
37743736
58031376
37725320
37823992
37757336
37823240
37731592
58012944
37780392
37711896
58015504
37735008
37709320
37726256
58004752
58029072
37810504
37821840
58062352
37758680
37702272
37790096
37804656
58003216
37793416
37734048
37723168
58006800
37804584
58022160
37767528
37724736
58021392
37754056
57758448
37718808
37751768
58055472
37798344
58003728
37728632
57990928
37808528
37826328
37792808
37817312
37783016
37713568
37719240
37776112
58029840
37761192
37765032
37757888
37826888
58152208
37792024
37782848
37816864
37830216
37775952
37739224
58059024
37810480
37754784
57985040
37723520
58102032
37828616
58009872
37771944
37760320
37834856
58063120
37730912
37795112
37814288
37767568
58113296
58010384
37781448
37754840
58007568
37715704
37772224
58000144
37720152
58047504
37797688
37743520
58019856
37743840
37711432
58009616
37805624
37749032
37791224
58050064
37723848
58010128
37764808
58086672
37731992
37764832
37714800
58062864
37753392
37702160
58017040
58034704
57925904
37788816
57973008
37724296
58093584
37833528
37805960
58024720
37815616
37781752
58096144
37710616
38015760
38045456
38044432
57783128
38091816
38048040
38096424
37733832
37985320
38079528
38071080
37793272
58070800
37804328
37717544
58104360
57832472
38173992
37772144
37754496
57947616
37818480
37701832
37825256
37823504
37717008
37736752
37735688
37816776
37783048
37702456
37777160
37724760
37720088
37744840
57807584
37718216
37786240
58062384
37797440
37734048
37760160
57988152
58035224
37744960
37817304
58054704
58119984
58040040
37710640
37719752
58059816
58009896
58004520
37827808
37800736
58055952
37784104
58072592
37793344
58083344
37730520
58048016
37809128
37799472
37783128
58149648
37758800
37736616
58014224
37745448
37742656
37738672
37724152
37798024
37779912
58027536
37825752
37800120
37756528
58032144
37719976
37754824
57976592
37728392
37798944
37777832
58033680
37707768
37808464
37741160
37815352
58019856
58056464
37706944
58009104
37820224
37708192
57990672
37748632
37814808
37809560
37719896
37807792
37809864
37816864
58134544
58044176
37735872
37710952
58056464
58092304
57956112
57933584
57963280
37716264
58023952
37760984
37787832
37840368
58061328
37746160
37709232
37796224
58010384
37801144
58066704
37707080
37765064
37707576
58095120
37791736
37750728
58044176
37746816
37768568
37806696
58042128
37792560
37717056
37722064
37750936
58002448
38027816
38058792
37996840
38025512
38059304
58025744
38055720
38106408
37807488
58080888
37793296
58174736
37926680
37717480
58226224
57725744
38039592
37770168
37740488
57981760
37849872
37729264
37762184
57728888
58061088
37739352
57982512
37825744
58170096
58038768
37814576
37764712
37725384
37759872
37725232
58070544
37793320
58029328
37735640
58032656
37811416
37711328
37827120
37766208
37761528
37719240
58065424
37723752
57979920
37811760
37704240
58022160
37775304
37822616
37827840
58083856
37832416
37702352
37737592
58048528
37714440
37720440
37742912
58096144
37790096
37755456
37747432
58015504
58080272
37768968
37708888
37769288
37722312
58040080
37776640
58048528
37750336
37736856
58116624
37746616
37724864
37724736
58030608
37722984
37793896
58014736
37755936
37763720
37780168
37831752
58096912
37797408
37721624
57989648
37734280
58025232
37743480
37757256
58035728
37824904
37786560
58004496
37722776
37799216
37823384
37821904
58065168
37713288
37741992
58025744
37745704
37732168
37788192
58000656
37748344
37710776
37714168
37785544
37840056
58158352
37710936
58025744
37724376
37793568
58053904
37810552
37706528
37796128
37747776
37750472
37742216
58022416
37727800
57985296
37779656
37702944
37795632
37775984
37783616
37721544
58118416
58052368
37744160
37710640
37846672
37716496
58026768
37775768
37739688
58025744
37706248
57992208
37764424
58093584
57990928
37728200
58142224
37796480
37792176
37769264
37730504
58009616
37737368
37788416
37782056
58123280
37718344
37742488
37822632
57977872
37793680
37756400
58031632
37748360
37707704
57990672
58028304
57996816
37746120
37787816
37836240
58026768
37757704
37713560
58046480
37783704
37733624
37746064
58015760
37785464
37709512
58003728
37827552
37702152
57991184
37713768
58073872
37782768
37707608
58022928
37720296
37785440
58003728
37743672
37740280
37742128
37817624
57984016
37792240
37795944
37709736
37759016
58021904
37818552
37729288
37785280
58039056
37708104
37817456
57980176
37803824
37821960
37835912
37780336
37762984
57984528
37753648
37742648
37829200
37735112
58011920
37708096
37789816
37810536
37754512
37804040
57957648
58051600
37818936
58043920
37736656
37785144
37795712
58065168
37789248
37797912
37795112
58012432
37737912
37812144
58059792
37826920
37726456
37703592
37796280
58002960
37748280
37807688
37826040
37789456
58014480
37785448
37733720
58096912
37702072
57993744
37798760
37822832
37819448
58063888
37779512
37771536
58009104
37744584
37727768
58016016
37782984
37734464
58051856
37831544
37730312
58046736
37799512
37723912
37857184
58043664
37719136
58031120
37827208
37741952
58067472
37725632
37711656
58100752
37780152
37704496
37742624
58025744
37773256
58051600
37780216
37772720
37767000
37743696
58064912
37704288
57990672
37760968
58073360
37712440
57995280
37816600
37797408
58019344
37796112
58020368
37764896
58041104
37710784
58044688
37760232
58008080
37729928
37727040
37822264
58047504
37736328
37735344
58032656
58026512
37735176
37711088
37791504
58062352
37771112
37761248
58015504
37741536
37706952
37813824
58033424
37795056
37709128
57977872
37819880
37739752
37770616
58029072
37759192
37702720
58000656
37776328
37720888
37730160
58049808
37728160
37786240
57975312
37704480
37767656
57995792
37807256
37708584
37757488
58012176
37747304
37702528
58010896
37738744
58045968
37754848
58028560
37789992
37789848
37851584
37756000
37718384
58032656
37714184
37706592
37794072
58007312
37824792
37755808
58027024
37744872
37746592
37824216
37814656
58072080
37722288
58019088
37720456
37806104
37728904
58044432
58021136
37799904
37803976
58077712
37708080
37818672
37844224
58002960
37732960
37806808
57996304
37791120
58014736
37785544
58059280
37711384
37796656
58067984
37738872
37777072
37799792
58051600
37785040
37714144
37746032
37743600
58006544
37761944
37737176
37728400
58058256
37711448
37774272
57982224
37803800
37775112
58005008
37824640
37734808
58008592
37788392
37763128
37768552
58006800
37750104
37735232
37780240
58070032
37703176
37751160
58047760
37764088
37734856
58042896
37811056
58057744
37714824
37741608
37817168
37828664
37776728
37785376
58019088
37754984
37738648
37723184
37813800
57988112
37768392
37752408
37803656
37714952
37778320
58043152
37778592
37820568
58063120
37758456
37710040
37811488
37771752
37702584
37723592
37811856
57986576
37753272
37816736
58073104
37808176
58006800
37739856
37710712
37714160
58026768
37713304
37715864
37762792
37808584
58043664
37811424
37831328
57984528
37724816
37828904
37855040
58108176
37746096
37748264
37821856
58093840
37758792
37718664
58020624
58079248
37795440
37826688
58035472
37822936
37734344
57997584
37785440
37740720
37796080
58065168
37762248
58078224
37812672
37718184
37745616
37776992
57954576
37754824
58083088
37708920
37743992
58067984
37774320
37801584
57971728
37785080
57975824
37775928
37728784
37756824
37706040
58085648
37793288
37752792
37760088
37743456
37809864
58065680
37825016
37743576
57990672
37715432
37743224
58052112
37736656
37813832
58014480
37760032
37831776
37781288
58101264
37708648
37782520
37799416
37729088
58026256
37749192
37760768
58039312
37704184
37740208
58033936
37706824
37813544
58067472
37794104
37822648
58017552
37759504
37711464
58062608
37717312
37741512
58006032
57964816
37780312
37712808
37802128
58021648
37737352
37760488
37762304
37812184
58013456
37756048
37736808
58075408
37817488
37707144
58023184
37709144
37708792
58045456
37728936
37723744
58034704
37825256
37800320
57970960
37716120
37731312
37775920
57980688
37815048
37795792
37704512
37746720
37733312
37736920
37736728
58033704
37722768
37819392
58061352
37702808
37830784
58099728
58115344
37803192
37708568
37780816
58070544
37819960
57964560
37720984
37776528
37748448
37718816
37711440
58041104
37753432
37734856
58106128
37808408
57998608
37816936
37762880
58007568
37819544
37717384
37806728
58029072
37781952
37786792
58021392
37762720
57991440
37795688
37714128
37753976
37738424
57991440
37725288
58009616
37750184
37737144
58063888
37730736
37767056
58033168
37749976
37710232
37702016
58071056
37807784
37763152
58037008
37754952
37799064
37778504
58053136
37716264
37831680
37728448
58022928
37720192
37766520
58037520
37783944
37766120
37778640
58035984
37829096
37709336
58070800
37741976
57930768
58038800
37755128
37723448
37781648
37794416
37742864
37768240
58041872
37714728
37828632
57994512
37755728
37784088
58088464
37828576
58008336
37826408
37727352
37823576
58032912
37736424
58028048
37703464
37732104
37729992
37821016
57986064
37720488
37830704
58038544
37821312
37788912
37826216
37746808
37701864
58018576
37752608
37828848
58069776
37758040
37712248
37763616
37703976
58051600
37780248
58085904
37784984
37808904
37752544
37709312
58073616
37787216
37788112
57976080
37760408
58133776
37706168
37789168
37748048
58030864
37787224
37790784
37799792
37731040
37723648
58035472
37808968
37705472
37740688
58024976
37744520
37799688
37808096
58096144
37783880
37799232
58054416
37791320
37733816
58009872
37744792
37808400
37772040
37808032
37821912
58036496
37768376
37709936
58009360
37702608
37760744
57986320
37723016
57959952
37803208
37741888
37827496
37724912
37799576
58059792
37753256
37707384
37836608
37776328
58117648
37734976
37746952
58075152
37795256
37740032
58025488
37778232
58003984
37701576
37789736
58055440
37820184
37829472
58050064
37744576
37725512
58075408
58007824
37747960
58110992
37766952
37776672
58059536
58069008
57962512
37749448
37767152
57994512
37774728
58058000
37709608
37802056
57962512
37789512
37791168
37813752
58075408
37730424
37815408
58021648
37733728
58045200
37732424
37768784
57985552
37800424
37801312
58078992
37707824
57977104
37777256
37707560
58002960
37802712
37806480
37746520
58044432
37758520
58089488
37773360
37832784
58121232
37806424
58007824
37744936
37748776
37702832
58039056
37758216
37735352
58093072
37706184
37764280
37733536
58035472
37724760
58007568
37796744
37831816
37719664
57997840
37780072
37713600
37730240
37796432
37756576
58065424
37744824
37725680
58067472
37816552
37790808
57989392
37711128
58007568
37800216
58010384
37706520
37823560
37738024
37774624
58016016
37741272
37738248
37801400
37742784
37712424
37746992
58055472
37837328
58015216
37752616
58019880
58096176
58077024
58041368
58072856
58014752
58020144
37805776
57835072
37813248
58232568
37716888
37750568
58013968
37762432
37816640
58119184
37766920
37737696
58001168
37801528
37722504
37753136
37725328
37740928
57986576
37725064
37737576
58003216
37716336
37731288
58025232
37739792
37764080
58042128
37798880
37706584
58035984
37717352
37801880
58018832
37755256
37764352
58055952
37759256
58051600
37742240
37822544
37776768
58083856
37817688
37833440
58017040
37739608
37789840
57997584
37801008
37785016
58092048
37706216
37774968
58006800
37713904
37766264
37764544
58040592
37742168
58059536
37708536
37755192
37735376
37762560
37705464
58049296
37828264
58000912
37755392
37833728
37709992
37740448
37787632
58052368
37716472
37818824
57963792
37803088
37714136
58012176
37822792
37768448
37828832
37764704
58055952
57991952
37721800
58034704
37706968
37813920
37828760
37810008
37744312
37758040
58002448
37752536
37708936
37715408
38010152
37730928
38085160
38001448
57779440
38124072
38155560
38098728
37765576
37750424
57990192
37751272
37822664
37764128
37799800
37820320
37750792
37816856
37747400
37712968
37821384
37821704
57715744
37755816
58042096
57773888
37757520
37789304
58040616
37764048
37735880
37735176
37740808
57723680
37804544
58040616
37752160
58008048
58000944
37747840
37772272
58064144
37707224
37725600
58071056
37733480
37772656
57969936
58037520
37802056
37769400
58058256
37711976
37735032
57974800
37722568
58103312
37751224
37741912
37800224
37831848
58035216
37768184
37718032
58049296
37727128
37815536
57993744
37800288
37718696
37826176
58112016
37774472
58011920
37819016
37785944
37791248
37801024
58011408
37756144
37711432
37734824
37753456
58007568
37763192
37727352
37794144
37754056
58057744
37779760
58067728
37811040
37738896
58037776
37809000
37826616
58006800
37808152
37702864
57960720
37788104
37781440
37770440
37801128
37781400
58060048
37763400
37751880
58040848
37774488
37784768
37818872
37797768
58014768
37799632
37751368
37829568
57989928
58114576
58038032
57978096
37797544
37757520
37716120
58044176
37792360
37757600
37713488
57999376
37771512
57998608
37821256
37716112
37713768
58023952
37708144
37772384
37745736
58114320
37718008
37746312
37780304
37762288
58047760
37741672
37736664
58064656
37763640
37707752
58020624
58003472
37708520
58066704
37736072
37733912
58056464
37794000
37727520
37746704
37720768
37762784
58046480
37760944
37708016
37787136
37770072
58080528
37749784
37761440
37823216
37702384
37813136
37735456
58064656
37761304
37739944
58075408
37740816
37799944
37804072
58065936
37745448
37732648
37816504
37768736
37718304
37711560
37730656
37769488
58053648
37721392
37757288
57987088
37822624
37800864
37820936
58054416
37769160
58016528
37826472
37771088
37831272
58053136
37718936
37703568
37754192
58040848
37716616
37712344
37830976
37768552
37795120
58037008
37772320
58072848
37706008
37712704
58004752
37792920
37708448
37756016
37810632
58093328
37774840
58028304
37740504
58052112
37760960
58059280
37819992
37705792
37763776
58043920
37701128
37805392
57982480
58016528
37747864
37819840
37775216
58048528
37773880
37715112
57975568
57965168
37814368
58037520
37805448
37822128
37823432
37714224
37706952
58032144
37731224
37807464
37739720
58084368
37749280
37760096
57965584
57994000
37714728
37704448
37764960
58101520
37707048
37746216
58092304
37731960
37822240
57975312
37728088
37732528
58062096
57965328
37735328
37711104
58106896
58047760
37737440
37739160
37826504
37798272
58019856
38064680
38097960
37777864
37783000
37831720
37799896
37704224
37739176
37761040
37753000
37760456
37792152
37819336
37767200
57713320
37778984
58028272
37751920
37721168
57684248
37803968
37743424
58025520
37807440
37765168
37769280
57990968
37820072
57972520
37777088
58037888
58041432
58028808
37779624
37733576
37739016
37747464
37743624
58072592
38061608
37991464
37730808
38068264
38062120
57793056
38101800
38051112
38026792
57779944
37801064
37727384
37729616
37714824
58168240
57754016
38111016
37769736
37754624
57914464
37748824
37732104
37761568
57818184
37824368
58050904
37712336
58009896
57993768
58044456
37813784
58016528
37813112
37803784
37760512
37799600
58031120
37760152
37745640
58117904
37794752
58073616
37773560
37787208
37774752
37719264
37778632
58035984
58048016
37829976
37749600
58008592
37831112
58052624
37788920
58019600
37747536
37793800
37753312
58095376
58003472
37819944
58106384
37771456
37781416
58028816
37831688
58064656
37773848
37705312
37734448
58006800
37705792
37706880
37818736
37827544
37830936
37723304
37828040
58038288
37762416
37791616
58041360
37726984
37802608
58001424
37787496
37753032
37801704
58058256
37767520
37751320
37824360
57995536
37744560
58045968
37768408
58012944
37760360
58043664
37826488
37773824
37715080
37784816
58043152
37714456
37755480
57995280
37763608
37715544
37831560
58049040
37810552
37823472
37800224
58100752
37830792
58024464
37745368
37758952
37778336
37787024
37768432
58032912
37716160
37715128
58003216
37708352
57979664
58052624
37734928
58048016
37721368
37762088
37748136
37794544
58056208
58101008
37826080
37765464
58043408
37708920
58026000
37770008
37799352
58000144
37804568
37724888
58074128
37771352
37708856
37802696
37708056
58051600
37749880
37797792
37794704
58070544
37796904
37758776
37729272
58043408
37785896
37724192
58088464
37714456
37801552
58016016
37750024
37770256
58087696
37702256
37752504
58014480
37719656
37708664
37798424
37746632
58129936
37792424
37739672
58025232
37738432
58077968
37791192
37726592
37776688
37826832
37817768
58060048
37813832
58020112
37751784
37711424
58034704
37814544
37769840
57980944
37769416
58046224
37788744
37702336
37807344
58017808
37781904
58045456
37799800
37708904
58063888
37789064
37734120
58052880
37726984
58059024
37758192
58050064
37757472
58026256
37778136
37813224
57997328
37820952
37708160
58052112
37728800
58016784
37815880
37755992
37751864
37748216
37763936
58011152
37760376
37741696
37789360
37789768
37798032
37735336
37765832
58082576
37726328
37712072
37795568
37736136
58120720
37730528
37808712
58024464
37716472
37706160
58047504
37831968
37712896
37829664
37765576
58054416
37749720
37779776
57988368
37811816
37724632
58029072
37816792
37740648
37782432
37814096
37807512
58086160
37718040
37714088
37778512
58065168
37825016
37729320
58099984
37796848
37747248
57997584
37721224
58002448
37729944
58016272
37726968
37815152
58021648
37737632
37799336
58053392
37813584
37797560
37730912
37825224
58127120
37801672
37822384
37827424
58043152
37794496
37715096
37735288
58092304
58063888
37733232
37772048
57999888
37773568
58009104
37751872
58066704
37757752
57985296
37736208
58044688
37737520
58005776
37719608
57970704
57976080
37831080
57994768
58003472
37712080
37731136
37799848
58046736
37823048
37820936
58019600
37703608
37824640
58029072
58067472
58035472
37714776
37704440
58093072
37775136
37747928
37751056
58054416
37794504
37798192
58030608
37753768
58017808
37703768
37734384
37756504
58132240
37782400
58051600
58022160
37785528
37731440
58050064
37733824
37774216
57994768
37732312
58095888
37738264
37717912
57989648
37713944
57978128
58047248
37722944
37718576
37727664
37815248
37808080
58043152
37812200
37710400
58022928
37751624
58043152
37770328
37717936
58099728
37764536
37735096
58067472
37798480
37708104
37790112
37814768
58017296
58004240
37736832
37740016
37791968
37765064
58037264
37771368
58070800
37764104
37780392
58089488
37706888
58032400
37774272
58036496
37728480
37756064
37761960
37753488
58076432
37756792
37735768
37786304
58078736
37730584
37709064
58022928
37712216
37719328
57984016
57999888
37728288
58001424
37746144
37725528
37747696
37749856
58038032
37760672
37733480
58050832
37773296
37819552
37846056
37721480
37730912
58070288
37756928
37712456
37747024
58002448
37712168
37766864
58025232
37779656
37711448
58131472
37739224
37829784
37796792
37706568
37767688
58048784
37813200
37820848
37713032
58028304
37829808
37830688
37732968
37756896
58046736
57974288
37701704
37818992
37798784
37772664
37767536
58010640
37728696
37793648
58004240
37776304
37821896
58004496
37735064
37792952
58040592
58067216
37743512
37761200
37775288
58138384
37750216
37705728
57978200
37778736
37805752
37739496
57950336
37724800
37778376
37733944
58004520
37726464
58052952
37784664
37818184
58049808
37722880
58077456
37815424
37739440
58079504
37763696
37710616
37718552
58045712
37806760
37706584
58005520
37754664
37730040
58051344
37828472
37710952
58019088
37779512
37805920
58027280
58014224
37824664
58004752
37710152
58008592
37791192
37752096
37761376
58025488
37755840
58027024
37700968
37773808
37774216
58056208
58060560
58055952
37735928
37824856
37768016
37741256
58088976
37756864
37756160
37798960
37814176
58065680
37802360
37814424
37805088
58055184
37705160
37807448
58011152
37766416
37721304
37703208
37738584
58068752
37725560
37829632
57964560
37708584
37818272
37756832
57984784
37706104
37707616
58059792
37746168
57980688
37818936
37812704
37838976
58070800
58018832
37802120
37815368
58007824
37723400
37814672
58008336
37763816
37742024
37748784
58039824
37711440
37776064
37765256
37732952
37789952
37778032
37754312
37819288
58058512
37804280
37773312
37754640
37733536
57999888
37768328
37733832
37818808
37780792
37720264
58049552
37803032
37787720
37747808
58045968
37708472
37822128
58002448
58047504
57988368
37775504
37721408
58041616
37757584
37710424
57986576
37735960
57978128
37832920
58036496
37701480
37707488
37707720
58068752
37750208
37764872
37735112
58058256
37751208
58025744
37733120
37829216
58029840
37701976
37742872
37769344
37781616
58052112
37748560
37720640
58012688
37714888
37724952
58049040
37822096
58068496
37716568
37762864
37837272
37808920
58029072
37742328
37773584
57993488
37752168
37781000
37748304
58067728
37750672
37750520
37757824
58081552
37735688
37726216
37768248
58064144
37705112
37822608
37752192
58116624
37722024
37720384
58114064
37745992
37769800
37761872
58040080
37801192
37708488
58027024
37825288
58063888
37713128
58010896
37722840
37771432
37772752
37763840
57972496
37790080
37713728
37794680
58035728
37739920
37772648
58040592
37755928
37736664
58018320
37789720
37734472
58090000
37821032
37730224
37845832
58085392
37821496
37746816
37811976
37755968
37816008
37742160
58050320
37806856
37822656
58023952
37770024
37812744
37780936
58061072
58038032
58069008
37774368
58128656
37808504
37717096
37762888
58092048
37704456
37708840
37808104
58014736
37775000
37718200
58004496
57983760
37710808
37759120
37791680
58080784
37727056
37801056
37766880
37792976
37722016
58002704
37733880
37772592
58040848
37711336
58061584
37726904
37827496
58027536
58009104
37772352
37819584
58128144
37791168
37809120
58035728
37722840
37708144
58037520
58050576
37828808
37810352
37745640
37704136
58039568
37741840
37803040
37796432
37811744
58022160
37811800
37701952
58019600
37734400
37730800
58093840
37770984
58011664
37759192
37724152
58046736
37808680
37816408
58031120
37731272
37799136
58016784
37724040
58093840
37757968
58047504
37715912
37729880
37738632
37754936
37732040
37750744
58058256
37756504
37713640
58070032
58015504
37797160
37783232
37712920
37789824
58038800
37819000
37774680
58059024
37752744
37729432
37715528
58012176
37775128
37760488
58008592
37758512
37720104
37826280
37821440
37760456
37756176
58028560
57998096
37709920
58041104
37751096
58003472
37705184
57973520
58003472
57985040
58103824
37761256
37728896
37785128
37739720
57985552
37729080
37706160
58008592
37749440
37709896
37762200
37728984
37805512
58059024
37706680
37818408
58006288
37728952
37718032
37757160
37741352
37780344
58053904
37761960
58073104
37813232
37730528
58069776
37786776
37707800
58031888
37756824
37769224
37832736
58033168
37829832
58077712
37776448
37735192
58040848
37745992
37805752
58043920
37752696
37777312
37732272
58035984
37793224
58104848
37781768
37708512
37809384
58050064
37707192
58037008
37800272
37826040
58060048
37721704
58010640
37826760
37825384
58018064
58032656
58080272
57957136
58038800
57990928
58035472
58058256
37764648
58015248
37764584
58020112
37805976
37789296
37803352
58046992
37710096
37727760
58099984
37792904
58035216
37789648
37782528
37816368
37724880
58002704
37726872
37726744
58063120
37765192
37810736
37848632
58009104
37760408
37759768
58030608
37703824
37784952
37763608
58049552
58050832
37730688
37740680
58091792
37793584
37709304
57984272
37778480
58022928
37763064
58063888
37713008
37763952
37744680
37789824
58009872
37748672
57937936
37754056
37702376
37773600
58000144
37759352
37709112
58023696
37785896
37715856
58114320
37809192
37795960
58035728
37777176
37800288
37781472
37816360
37704920
58048016
37780160
37772760
37748128
58091280
37755984
37747680
37827080
58050832
37817528
37738736
37808792
37702368
37771384
37758512
37709256
58063120
37732472
37726632
58040592
37750456
37709000
58063120
37773728
37805048
58010128
37720208
37748816
58053136
37789096
57999632
37815224
37750968
37702000
58049808
37819416
37724936
37804064
57999120
37761544
37720328
58064144
58083856
57958416
37790152
37788880
37798824
58016784
37828360
37796912
58032400
37798416
37762800
37764072
58106896
57973520
37709256
37717032
37810024
58025744
37804248
37725760
58094352
37793280
37758424
37763400
58012944
37729560
57990416
37740784
58011408
37756456
58098192
37766520
37772408
37823408
58001168
37777064
37729480
58048272
37746696
37708904
57990672
37710376
37792832
37750784
37775360
37759696
37735368
37724608
37829832
37831840
37759688
37757984
58047248
37819072
37718520
58019856
37713000
58004496
37708072
37711368
37762248
58047760
37745816
37790576
58050832
37827560
57956112
37829976
37833008
37759592
58046224
37703608
58013968
37773256
37778032
58007824
37821784
37706072
58086928
37721944
37743904
58002448
37768776
58054672
37782544
57957136
37773000
37823536
58037520
37724216
58075920
37788856
37814472
58060560
57990928
37716008
37757440
57998864
37760664
37820040
37788608
37829488
37730872
37739456
37820760
37745864
58116368
37780504
37766056
37732720
37826504
37779400
58069008
37708248
58009360
37754392
37733608
37792952
58089232
37771016
57974032
37769752
58156560
37828088
37726296
57978128
37746952
37712816
58069776
37712232
37761368
58022160
37750872
37704152
58021648
37747024
37712160
58053648
37789608
37815744
58059024
37715080
37722096
58023440
58093328
37797376
37732576
57978640
37718288
37778384
58016784
37762328
58027792
37709944
58016016
37793192
37714464
37829576
37814320
58063376
57975312
37822632
37711992
58022416
58041616
37726520
37761056
37767776
37804208
37716936
58046480
37712736
37706920
58019600
58008080
57996304
37800824
37748848
58016784
37737384
37776608
37737728
57966096
37740456
37771072
58046480
37770264
37708680
37702872
58047760
58024720
37728416
37800672
57983248
37816280
37824232
58031376
37795992
37776248
37773192
58032400
37720008
37792888
58020880
37762312
37710600
58053648
37731352
37745408
58100752
37802616
37717808
58086928
37794424
58037008
37827384
37720088
37770048
58039056
37755240
58010640
37754568
58028304
37737040
58013712
37779320
37757352
58018576
37741064
37727576
37767656
57967632
37768184
37784920
58006288
37789544
37706096
58041360
37786720
37715064
58011920
37752952
37822120
58026000
37771720
58074896
37733608
37805256
37708800
58074384
37801288
37735400
58074384
37777160
37746608
37808792
58084112
37778176
37796584
37782000
37821560
37782360
37777096
37814936
37739040
37829576
37798000
37809096
37776816
37738952
37741792
37751240
58037264
37725048
37825920
58059536
58042128
37737888
37772744
37752776
58053392
37749848
37748824
57968656
37733840
37741016
58062864
37748616
37788664
37757608
58085648
37825376
37710872
58032912
37706176
37755104
37716032
37710712
58037520
37810456
37804784
37812952
58048272
37725720
57967376
37761376
37710088
58005776
37706264
37785208
58017040
37753600
37785824
37753248
58071312
37826152
37730304
37746480
37735080
37772960
37831112
57998864
58020112
37709672
37799488
37800768
37716216
37715216
37768784
37768544
37738184
58048272
58024976
37829176
37816984
58002448
37738056
37817072
58015504
37746576
58026000
37822792
58082320
37744536
58032144
37811048
37794096
37801472
58077712
37821064
58019344
37768280
37706768
37751056
37770200
57999888
37744632
37708136
58045200
37805736
37776928
58029328
37741208
37781848
58010896
37719112
37822024
58036240
37770848
57983760
37723808
37727624
58004752
37786776
58045968
37707208
37813600
37709568
58007568
37737440
37751808
58034448
37730808
57990672
37806928
37729904
37725080
57977616
58029584
37776072
37781024
37796960
58104592
37783544
37752592
37853864
58069264
37825744
37735408
37713096
37759824
37747680
37766176
37721544
37766464
37764296
37730424
37797712
37747400
37737368
58083344
58026256
37773472
37712056
58059792
37707432
37819728
37826376
37828072
37781944
58037008
37752744
37723368
37800080
58013712
37720064
58056208
37732328
37763280
37826312
37758832
37719264
58116880
37765840
37815176
37730328
58048784
37722056
37809280
37755264
37729312
58095376
37736360
37713080
58093840
37778400
37710456
37814456
37817360
58048528
58030096
37820424
37780640
58050064
37786816
37798776
58011664
37741936
37805752
58046736
37739368
37712184
37754672
37715000
58030096
37728040
37789048
58015248
37708776
37747776
37755696
37721664
58023184
37732792
37815600
58085392
37746328
37778808
58016784
37746368
58103824
37748376
37785144
37787288
58053648
58082320
37810952
37751056
58078480
37808056
37735424
58081296
37752768
37777064
37727336
37709336
58075408
37774168
37760400
58023696
37725856
37718680
58050576
58013712
57966864
37706184
37807080
58065680
58015504
37823480
58090512
37804616
37756352
37858424
58026000
37712584
37716656
58033936
37756944
37712296
57998864
37758184
37810976
37778096
58018320
37750760
37732592
58050832
58071056
37831880
57969168
37777168
37703376
58015504
37755328
37810048
37734672
37802408
58042416
37819912
37710416
58074408
37765744
37767112
37796064
37717768
58109312
37785360
37808520
58053672
58103168
58048856
58043184
37733656
58007896
58021680
78169360
38037800
38147880
38073384
38113320
37730552
37831088
37795944
58138864
57968408
38089256
37769608
37952360
58149448
37794904
37769672
37768056
58003752
57809496
58050680
37707728
58090032
37707768
58043488
58055472
58080536
37722328
57988880
37773976
37753808
37823032
37705232
58073104
37773608
37735816
37747216
37760536
37763280
37809576
58061584
37720680
58073616
37754360
37702632
37773672
37750144
37729992
58088976
37784264
58042384
37722440
58072848
37823232
57993744
37719896
58042640
58040336
37741400
37708616
58077968
37763304
37779048
37773256
37795512
58054928
37764096
58007824
37780936
37745144
58064912
37763992
37795232
37779264
37725344
58043152
57985040
37796936
37806704
57996048
37782216
37717960
37825504
37709656
58050832
37829816
37789912
37750512
58044432
37716752
37755544
37816744
37714480
37774720
58021648
37813424
58021392
37790104
37772496
37806416
58015248
57998864
37717448
37812008
37744224
37756608
58017296
37780968
37710080
58002448
58056208
37801584
37822584
58047760
37790664
37725368
57994512
37768280
58013200
37723064
58029072
37711944
37798192
37739064
58096144
37725048
37713968
37729744
58023952
37711320
37761952
57998352
37803016
37768416
58021648
37829752
37747456
37792824
37801768
58035728
37719176
37726128
37753896
58053648
58033424
57948176
37714912
37726360
37803800
58059024
37705048
37706408
57992976
37735432
58022672
37757040
37772256
37810824
58081552
37703688
37773480
58034704
37745496
37795544
37726560
37815072
58043920
37720544
37774592
37829824
37799704
37764080
37799464
37758152
58098960
37701728
37751376
37812016
58035728
37809208
37719304
58000656
37804776
37709920
58035984
37768328
58055440
37795544
37808136
37754152
37711264
37796496
58041104
37722728
37733416
58050832
37732976
37829032
37773392
58055952
37752504
37785472
58077200
37724016
37774296
57999888
37739776
37766312
57990928
37740248
37715800
58033680
58074896
37755136
58056720
37786936
37724048
58072592
37708840
37707224
37722392
57970704
37764952
37711208
58030608
37754184
58003216
37798912
58105872
37811184
37777448
58018064
37748680
58009104
37755480
37735400
58020624
37747088
37816952
58028048
37708056
37751784
57999120
37794048
58057488
37781304
37763680
37735856
58039312
37756864
37814560
58073104
37720664
37786536
58072080
37773520
37773584
37753752
58039056
37714104
58065168
37736328
37708464
37736760
58078992
37701888
37828856
37818568
58074640
37761384
58035984
37756488
37800480
58085392
37761688
37709952
37778712
37748984
57970448
37777880
37709912
37735536
58029072
37754464
37827056
37848872
58078480
37752128
37814928
37837128
58068496
37785512
37825216
58050576
37819896
37813248
37740944
37717632
57998352
37754872
58012432
37720488
37774536
37743744
37785424
37807024
58005264
37812680
37798312
37820832
37743864
58035728
37712072
37761696
37727584
58027792
37704552
37769480
57992208
58021904
37771616
37807352
58036496
37825240
58030096
37744360
58029072
37711840
37784392
37834240
58056976
37737592
37701144
37824632
58093328
58073616
37769960
37828152
37780616
58071056
37717312
37730240
58063888
37783040
37758504
37770128
58026000
37742632
37725592
58000400
58005776
37754904
37743872
58069008
58043152
37801184
37736960
58024720
37737328
57986064
37708808
37709256
37715816
58061328
37760504
37736504
37801104
37796040
58064144
37787032
58041616
58006544
58037008
37778376
37719712
37716168
37768544
37787600
58023440
58060304
37813064
37775208
58021648
37793432
37724096
58056208
37726136
37821648
58080528
37731448
37742072
37838584
58034704
37737080
57987088
37812376
37777704
37762320
37791472
37750640
57990160
37728120
37792600
37702016
58035216
37768424
37738736
58041360
37706056
37761104
58057488
37764840
37777912
37759424
37807408
58090000
37781096
37736808
37711472
58009616
37765848
37759208
58015504
37807448
37770368
37712552
58116880
58030352
37768016
37813168
58082320
37781200
37801864
37747584
58038288
37734168
37804904
37857728
58073104
37712904
37794824
37769864
37801440
37802112
58067216
37730648
58091536
37746256
37762944
37829928
37818032
37786032
58033424
37704184
37735648
58009104
37757976
57992976
37802152
37707528
37760072
58027536
37829144
37726616
58031376
37743672
37764256
37747384
58041360
37702488
58030352
37730224
37729000
58061328
37814536
58027792
37751672
37741400
37723992
58019856
37783512
37820216
58023696
37791512
37771288
58078480
37733368
37734272
57975312
37717864
37777248
37766280
37794176
37799672
58039568
37785176
58070288
37750024
58065168
37790944
37779720
37754440
58028048
37771576
37780360
58063632
37801000
37733864
58025232
37805248
37709088
37859704
58035216
37761896
37748160
58064144
37791896
58009616
37766832
37825960
58007056
37704480
58009104
37703856
37717416
58037008
37732936
37733552
58005776
37709896
37762232
58047504
37818776
37713816
57994768
37725160
58065936
37721768
58043664
37800264
37714120
37809360
37719968
58074128
37819184
37797568
37708224
37781704
58049808
37796680
37736536
58000400
37789176
37785672
58022928
37739448
37817760
58088208
37779016
37718376
57983760
37707304
37733992
37822288
57986832
37831224
58035472
37766504
37792616
37736640
37715536
37740744
37746504
58072336
37729808
37744264
57987088
37748104
37709872
58061584
37832040
37795552
58033680
37823320
58036240
37725432
37734920
37854888
37778864
37758152
58048272
37795248
37822848
58116112
37805568
37727416
37759184
58078736
37807176
37788304
58077712
37737688
37778320
37762152
58031120
37793064
37756864
58037008
37772712
37716640
37703264
57992976
37816648
37770512
58017808
37800680
37736184
58055952
37749368
37710760
58015248
37744632
37739544
37823696
37729656
57963792
37724200
37735864
57997328
37721064
37743320
37781824
37718144
37739104
58081040
37731656
37806040
58027536
37755032
37724440
37792168
58017808
37776568
37708584
58016784
37743896
58084624
37758904
37755776
37809200
58081296
37783448
37828088
37785936
37809224
37779192
37816856
37808624
58040336
37780832
37733984
37786808
37761608
58046480
37741904
37777744
58015248
37810312
58052624
37707392
37804928
58064656
58073616
37763848
37784168
58023696
37721032
37718048
37795344
37721616
58055184
37833608
37762088
37787568
58075152
37814872
37714976
58012176
57953296
37815520
58053648
37748040
58090512
37753016
37738240
58032656
37818192
37732784
58022160
58040080
37829688
37814480
58011664
37764200
37815592
37730504
58082320
37762248
37724248
37750800
37796624
37731944
37754536
58001168
58028560
37713704
37806048
58097424
37785096
37778016
58025488
37806600
37729160
58035216
37710728
58060304
37806936
37809304
37734680
37707088
37788328
37788816
57972240
57998864
37739672
37771112
58035216
37760240
37763648
37732936
37763440
37801600
37716936
37756848
37815752
58083856
37731944
37801776
37715984
37822704
37822248
37712328
37785296
37711560
37727600
37814472
58077200
37769872
37773248
58028816
37828312
37804632
58024464
37750088
37789488
37812056
37762336
37831880
58049040
37736480
58036240
37766008
37780856
57969680
57953296
37741728
58077200
37714712
37828728
58010128
58023952
37768904
37713984
37796808
37767080
37798960
58042128
37811976
37808640
37737616
58032656
37826728
37716088
57949200
58020624
37803672
37793616
58059024
58011664
37737408
37777928
37769680
37776392
37758336
37772544
37764040
37711400
37777040
37776528
58039056
37715080
37719032
58030352
37774960
58012176
37812808
58102288
58006288
37711816
37829976
58062352
37808328
37783144
37844000
37815792
37784288
37805256
37702792
58078224
58024208
58017808
37724104
37754424
37745400
37815776
58010128
37810888
37811848
58036752
37754488
37826184
57982480
37740568
37713224
37751272
58043664
37765008
37709736
58002448
37806728
58057744
37747936
37810008
37819272
58067216
37750056
37796880
58025744
37772488
37793488
37772920
58029328
37727048
37771992
58072336
37705976
37727960
57997584
37802832
37719752
58080784
37730968
37784760
37785960
58107664
37738256
37783792
58055440
37712664
37724232
37821064
58049808
37807208
37716800
57977616
37709728
37770000
37788224
58065168
37829672
58007312
37709880
37759488
37774184
58056720
37742632
37754648
58059792
37797880
37710312
37766656
37795392
58068496
37782152
37708040
58006288
37744352
37740168
58087696
37797656
57979408
37756736
37737888
37767128
58060048
37773816
57994000
37704488
37726136
58037008
37704280
37736216
37787040
58024720
37825176
37711016
58037008
58040592
37798088
37716312
57961488
58010896
37721632
37798584
37726880
58072336
58072080
58079504
37712808
37732840
37717544
37821152
37723640
58024720
38074664
38090280
37776680
38124840
37731912
37733376
37719992
58271128
57928512
38096424
37770648
57999752
38023208
58072384
38014504
57792896
38072616
38160168
37731544
37732736
37847744
58208216
57946472
37757488
37764920
37750528
57973272
37830928
58096720
37753568
37781504
37799880
37741640
37744960
37714712
37820616
37796872
57770464
37739464
58007896
37769840
58002216
58051368
37738656
58039056
37761912
37714072
58142480
37794600
37748904
37736616
37810200
57980432
37760704
57964560
37705184
37709840
58043664
37766528
37715648
37785736
37817168
37827416
58120720
37762520
37721720
37810392
58008336
37722416
37731544
58071824
37760200
37733272
58056720
37726504
37709480
58083856
37732168
37714616
58119184
37729272
37798000
37755928
58056208
37790520
37738048
57998608
37780936
37825888
58023696
37824536
37823560
37771624
58059792
37707112
37802272
37799920
58087440
37742904
37791840
37780736
58007824
37735232
37742296
37844160
58058512
37821336
37732744
37793736
58086160
37736848
58038032
37703832
37750664
58049552
37750920
58040080
37739176
37778120
58016784
37717344
37749960
37815472
37705712
58005264
37744136
58031120
37778400
37732888
58013968
37746768
37760816
37794920
37737320
58022160
58079504
37775320
37745592
37817264
57975056
57964048
37710392
37806568
58010128
58026256
37835800
37715440
37829472
57989904
37823640
37747544
37818288
58041872
37807176
37753880
58070544
37746168
37763608
37753296
58095888
37723128
58033424
37742776
37718640
58057488
37760384
37784240
58044688
37736632
37814224
37841752
37722616
37774792
58006800
37759920
37723464
37779992
58069264
37809784
37801328
37819224
58086928
58025232
57923600
37798168
58079248
37745288
37797576
58048016
58027024
37795152
37757368
37755528
37816144
37778376
58016784
58048784
37734920
37740912
58063888
37751432
58078992
37734664
37792016
37819984
58119952
37723800
58053136
37799584
37831144
37797680
37814784
58039056
37774264
37723592
37713736
37810184
37706728
37738952
58015248
37832696
37748368
57984528
37814696
37732848
58012944
37799192
37755336
37826960
58016016
37787928
37720176
57989648
37706656
37714632
37746432
37781624
37774360
37794936
58016784
37801832
37780952
37762200
37770552
58031376
37803648
37735176
58110736
37805728
37774432
37776856
58035984
37752264
37711776
58034448
37766424
37771112
58034960
37709832
58011664
37775304
58049296
37761368
57957392
58012944
37767192
37745080
58063120
37714024
58057232
37773568
57988368
37702600
37827392
57982992
37788544
37781160
37743440
37808072
58080272
37721632
58002704
37768296
37780504
58061840
37818296
37718480
58058512
37722248
37826144
37764200
37804576
37780712
37816072
37715912
37801280
57999376
58027280
37762344
37822664
58068496
37741688
58077456
37702888
37772832
58068752
37728280
57985040
37826200
37814096
58046992
58037776
37739416
37759728
37738800
58145808
37759880
37706784
58005776
37790136
37782448
58057488
37702616
37706632
58097424
58085136
37733088
37743272
37818528
58080016
37801568
37701104
37773936
37741504
37821536
37708544
58014224
37753672
37734872
58078224
37826120
37777904
37789888
58023184
37723424
37788568
58047248
37817224
37718424
37781432
37730464
58064400
37704888
37709400
37767952
37809304
37828496
37728456
58098448
58021648
37737984
37772136
37809656
37816008
58074640
37758768
37734136
57994768
37725544
37706376
57973520
57997584
37751232
37712184
57997840
37785288
37773008
57983248
37723848
37792944
58005264
37819192
37731552
58092048
37745856
58048528
37701408
57976336
37712312
37738408
37840520
58096144
37805448
37832352
37852456
58080016
37813296
37720264
58045200
37732920
37709880
58078992
37800768
37766464
37780624
57980176
37766520
37792256
37781832
37729184
58006800
37810824
37798248
58088208
37770512
37766632
37745608
58081296
37752584
37750512
37744352
37714736
37706784
58035728
37808584
37823704
37822360
58048528
37770712
58039312
37722520
37766776
37760104
37737352
37827016
37716728
58019600
37813624
37823032
58031632
37773496
37778096
58093584
37752040
37737176
58085392
37710936
37726952
37730920
37715984
37813472
37783200
37722312
37815432
58014480
37770056
37745232
37802064
37828752
37781536
37745096
37730560
37722824
37748240
37841296
58031376
37731656
37703200
58032656
37789176
57937936
37708648
37790944
37721696
58073616
58085904
37779856
37764560
37826384
37800904
58138640
57964048
37729272
37723016
57999888
37817840
37703320
58084368
37827824
58029840
37764672
58062352
37737120
37818224
37752792
58080016
37810216
37781088
37803768
58037520
37802624
37813024
58072592
58014224
37702136
37820192
57985296
37715352
37794880
58043920
37704752
37776056
37790192
58037776
37818472
37773296
58036240
37718424
58014480
37822248
58036752
37736888
37733408
58052368
37706728
37755016
37775792
37812840
58035472
37713176
37710520
57970960
37739480
37830416
37722216
37770520
37799896
57967632
37818880
37813608
37820568
37744632
37726080
37819712
37736648
58075152
37753656
37805040
37783792
58025232
37765568
58045712
37820728
58011408
37831096
37704544
37785424
58020880
37786024
37792168
37775000
37721168
57995280
37761224
37743200
58069264
37757048
37754432
58026768
37734584
37731792
58062352
37727960
37789976
37764432
58077200
37713448
37807376
37792512
37775880
57986064
37830824
37733288
37726920
37796528
37825568
37774024
58060560
37715608
37724752
37746944
58040592
37720768
37795256
58036752
37997864
37703128
38035752
37814104
37730632
37830824
37975576
58267920
57917248
38058024
37738216
37822584
37869080
58159408
58025168
38084136
37737224
37886240
58129408
37814104
37745352
37725216
57708920
58054608
37727784
37705376
37748168
37732832
37829384
37739264
57975864
37787904
37809960
58072368
37704992
58113112
58059864
37716448
37707792
58030608
37768856
37708072
37713464
58039312
37756440
37711752
58032656
37829800
37759416
57995536
37714920
37780224
58058000
37789464
37796920
58002192
58017808
37794568
37739768
58067472
37767352
37711736
58101520
37825432
37732728
37799120
58106128
37797408
37798456
37702808
37781736
37783288
58071312
37762888
37793032
37837528
37746328
37740496
37759488
37806464
58096656
37714096
57948688
58001168
37710208
58125840
37786880
37718720
