28835840
41353216
56033280
57212928
55967744
53673984
52690944
82771968
82771968
82771968
80281600
77922304
75694080
73531392
73531392
78839808
76546048
74383360
74383360
70320128
68419584
68419584
64946176
68878336
67108864
65404928
68157440
68157440
64684032
68943872
84869120
84869120
82247680
82247680
79757312
77398016
75169792
73072640
69140480
65601536
63963136
79691776
75104256
73007104
70975488
67239936
65536000
62783488
69271552
69271552
67436544
64094208
62521344
59637760
57868288
59244544
56688640
59834368
57212928
55312384
64946176
76611584
76611584
74448896
72351744
70385664
68485120
68485120
65011712
63438848
61931520
60489728
57802752
55377920
59047936
56492032
55312384
54198272
53149696
57737216
55312384
59244544
56688640
55246848
59572224
57016320
55246848
59572224
57016320
55246848
59965440
57278464
54853632
60358656
57671680
55246848
60358656
57671680
55246848
54132736
58392576
59899904
57212928
55246848
54132736
53084160
52101120
59965440
57278464
55246848
54132736
53084160
59113472
59375616
56819712
59179008
56623104
55443456
55181312
59113472
56557568
55377920
54263808
59506688
56950784
55246848
59506688
56950784
55246848
59506688
56950784
55246848
54132736
53084160
59637760
59899904
57212928
55246848
59572224
57016320
55181312
54067200
53018624
57933824
59441152
56885248
59637760
57081856
60489728
57868288
55443456
54329344
59834368
57212928
54788096
59834368
57212928
55246848
54132736
60424192
57737216
55312384
54198272
59113472
56557568
59310080
56754176
54460416
53411840
52363264
51380224
59244544
56688640
55246848
54132736
53084160
52101120
59179008
56623104
55443456
55181312
59113472
56557568
55377920
54263808
59506688
56950784
59703296
57147392
59965440
57278464
55246848
54132736
59047936
56492032
59244544
56688640
55246848
54132736
59047936
56492032
55312384
59244544
56688640
59179008
56623104
55181312
59310080
57999360
55574528
55181312
54067200
53018624
59244544
56688640
59572224
60096512
57409536
54984704
60030976
57344000
55246848
54132736
53084160
52101120
51183616
59047936
56492032
54198272
53149696
59179008
56623104
55443456
59047936
56492032
55312384
54198272
59113472
56557568
59179008
56623104
55443456
55181312
54067200
58982400
56426496
54132736
59375616
56819712
55246848
59506688
56950784
59965440
57278464
59572224
57016320
55181312
54067200
53018624
59310080
56754176
55246848
59572224
59637760
57081856
55246848
59834368
57212928
59637760
57081856
55246848
59375616
56819712
59637760
57081856
54722560
53608448
52559872
51576832
59768832
57212928
55246848
54132736
53084160
59310080
56754176
55246848
59179008
56623104
55443456
54329344
53280768
52232192
57999360
59375616
56819712
55246848
59179008
56623104
55443456
54329344
53280768
52232192
51249152
59375616
56819712
55181312
58916864
64290816
64290816
64290816
62717952
61210624
58458112
55967744
55181312
59441152
56885248
55246848
59506688
56950784
55246848
54132736
60030976
57344000
54919168
60030976
57344000
55246848
54132736
53084160
60293120
60489728
57802752
55377920
59310080
56754176
59179008
56623104
55443456
58982400
56426496
55246848
59179008
59244544
56688640
59179008
56623104
55443456
59113472
56557568
55377920
59310080
56754176
59179008
58130432
56885248
55246848
59375616
56819712
55246848
54132736
59637760
58327040
55902208
59834368
59834368
57212928
55246848
59375616
59637760
57081856
59047936
56492032
55312384
58982400
56426496
55246848
59375616
56819712
55246848
59572224
59834368
57212928
59572224
57016320
55246848
59834368
57212928
55181312
59310080
56754176
59637760
57081856
55246848
54132736
53084160
58458112
59506688
56950784
55246848
58916864
56360960
54067200
59113472
56557568
55377920
59047936
56492032
54198272
59244544
56688640
54394880
59441152
56885248
55246848
54132736
53084160
58982400
69271552
65732608
62521344
69009408
65470464
82706432
82706432
82706432
77856768
82706432
82706432
82706432
80216064
77856768
75628544
75628544
78774272
74317824
72220672
72220672
68419584
82706432
82706432
82706432
80216064
77856768
75628544
75628544
78774272
76480512
74317824
73203712
73203712
71172096
71172096
78774272
78315520
78315520
76021760
73859072
69861376
66256896
64618496
62783488
67764224
80412672
80412672
78053376
73662464
71630848
67829760
66060288
62849024
62849024
69206016
71172096
77594624
77594624
77594624
77201408
77201408
79036416
76742656
74579968
72482816
72482816
70516736
70516736
66846720
65142784
63504384
61997056
60555264
59179008
69206016
69206016
65667072
64028672
62717952
67698688
80347136
80347136
80347136
80347136
75759616
71565312
69664768
67829760
66060288
62849024
61341696
60620800
59899904
57212928
54788096
53673984
52625408
57606144
55312384
54657024
59244544
56688640
55246848
54657024
59375616
56819712
55246848
59572224
57016320
54722560
59834368
57212928
55246848
54132736
60424192
57737216
60424192
57737216
60620800
57933824
55508992
54394880
53346304
52297728
59179008
56623104
55443456
59047936
56492032
55312384
54198272
53149696
52166656
57671680
59244544
56688640
55246848
54657024
59244544
56688640
54394880
59506688
56950784
55246848
59572224
57016320
55246848
54132736
59047936
56492032
55312384
54657024
59244544
56688640
55246848
54657024
59244544
56688640
55246848
59506688
56950784
55246848
59834368
57212928
55246848
54132736
59375616
56819712
59179008
56623104
55443456
58982400
56426496
55246848
59179008
56623104
54329344
59047936
59572224
57016320
55246848
54657024
53542912
52494336
51511296
50659328
59047936
56492032
55312384
54657024
53542912
59310080
56754176
54657024
53542912
52494336
59572224
57016320
54722560
59965440
60162048
57475072
55246848
60358656
57671680
55246848
54132736
59047936
56492032
55312384
59244544
56688640
55246848
54657024
53542912
52494336
51511296
57802752
59179008
56623104
59375616
56819712
55246848
59572224
57016320
55246848
59179008
56623104
55443456
59375616
57344000
60030976
57344000
54919168
59047936
56492032
54198272
59244544
59506688
56950784
55246848
54657024
53542912
59047936
56492032
54657024
53542912
52494336
59375616
59899904
57212928
55246848
59572224
57016320
55246848
59965440
57278464
55246848
59179008
56623104
55443456
54657024
53542912
52494336
57737216
59244544
57344000
55246848
54132736
53084160
59310080
56754176
59179008
56623104
55443456
58982400
56426496
54657024
59375616
56819712
55246848
59572224
57344000
60686336
58458112
55967744
60162048
57475072
59572224
57016320
55246848
54657024
58982400
56426496
59637760
57081856
55246848
59572224
57016320
55246848
54132736
59637760
57081856
54722560
59047936
57737216
55312384
54657024
53542912
52494336
59375616
56819712
55246848
54132736
59637760
57081856
55246848
59506688
56950784
54657024
58982400
56426496
55246848
54657024
53542912
59441152
56885248
54657024
53542912
59768832
57212928
55246848
59834368
57212928
55246848
54132736
60358656
57671680
55246848
59506688
56950784
55246848
59179008
56623104
58982400
56426496
55246848
54657024
59244544
56688640
55246848
54657024
59244544
56688640
60620800
58785792
56229888
59899904
57212928
55246848
60293120
57606144
55246848
54132736
60424192
57737216
60817408
58130432
55705600
60817408
58130432
55705600
60030976
57344000
55246848
59179008
57344000
55246848
54132736
59047936
59572224
57016320
55246848
54657024
53542912
59047936
56492032
55312384
59637760
57081856
55246848
54132736
59703296
57147392
55246848
54657024
59244544
56688640
55246848
54657024
59572224
57016320
60555264
58720256
56164352
59834368
57212928
55246848
54132736
59047936
56492032
60424192
59047936
57344000
60358656
57671680
55246848
54132736
60686336
57999360
55574528
61079552
58392576
55967744
60293120
57606144
55246848
59572224
57016320
55246848
59179008
56623104
55443456
58982400
56426496
55246848
59179008
56623104
55443456
54657024
59244544
56688640
55246848
54657024
59244544
56688640
55246848
59506688
56950784
54657024
59768832
57212928
55246848
54132736
53084160
60293120
57606144
55246848
60489728
57802752
60882944
58195968
55771136
54657024
53542912
52494336
60882944
58195968
55771136
60358656
57671680
55246848
54132736
59047936
56492032
59244544
57344000
54919168
53805056
52756480
51773440
59310080
56754176
54657024
53542912
52494336
59047936
56492032
54198272
59441152
56885248
55246848
59506688
56950784
59572224
57016320
55246848
54657024
59244544
56688640
55246848
59506688
59572224
60358656
58785792
59834368
59768832
61079552
60424192
57737216
55312384
59441152
57344000
55246848
59441152
56885248
59047936
56492032
60030976
59834368
57212928
57737216
59441152
56885248
55246848
59441152
59244544
59113472
56557568
55377920
59506688
56950784
55246848
54657024
59244544
56688640
55246848
58064896
55640064
54657024
53542912
59441152
56885248
55246848
54132736
59703296
57147392
59965440
57278464
55246848
59572224
57016320
54722560
53608448
59113472
56557568
55377920
54657024
53542912
59113472
56557568
55377920
54263808
53215232
59244544
56688640
55246848
54132736
59113472
56557568
54263808
52232192
59047936
56492032
54198272
53149696
59047936
56492032
59244544
56688640
55246848
54657024
53542912
59113472
56557568
54657024
59375616
59899904
57212928
55246848
54132736
59637760
57081856
55246848
59965440
57278464
55246848
59179008
57344000
55246848
59179008
56623104
55443456
58982400
56426496
59965440
58195968
59047936
56492032
54657024
59375616
56819712
55246848
54657024
53542912
58130432
55705600
59244544
56688640
55246848
59572224
57016320
55246848
59572224
57016320
55246848
54132736
59047936
56492032
59244544
57344000
54919168
59047936
59310080
56754176
55246848
54132736
53084160
52101120
51118080
58982400
56426496
54132736
59047936
59572224
59834368
58327040
55902208
59047936
56492032
55312384
54657024
53542912
52494336
59179008
56623104
55443456
59375616
56819712
54657024
59768832
57212928
55246848
59965440
57278464
55246848
60358656
60358656
57671680
55246848
60751872
60948480
58261504
60686336
57999360
55574528
61079552
58392576
62193664
61800448
58982400
61865984
59047936
56492032
61997056
59179008
56623104
55443456
54329344
53280768
59834368
57212928
55246848
54657024
59244544
56688640
55246848
59506688
57344000
60424192
57737216
55312384
60030976
57344000
59637760
57081856
55246848
54657024
53542912
52494336
59047936
69271552
69271552
65732608
62521344
59637760
82706432
82706432
82706432
80216064
77856768
77856768
73465856
73465856
71434240
69533696
68222976
68222976
66453504
68812800
85000192
85000192
82378752
79888384
77529088
75300864
73203712
71958528
79167488
76414976
78774272
78774272
74317824
82706432
82706432
80216064
85393408
85393408
85393408
85393408
85393408
85393408
80281600
80281600
77922304
77922304
84934656
84934656
82313216
82313216
79822848
77463552
75235328
79953920
75366400
73269248
69337088
67502080
64159744
64159744
69140480
69140480
67305472
79691776
77332480
70975488
70975488
70582272
70582272
68681728
66912256
65208320
63569920
62062592
60620800
59244544
57933824
69206016
69206016
69206016
67371008
64028672
61276160
60620800
59244544
59310080
57344000
55246848
53084160
69206016
69206016
65667072
62455808
59572224
59572224
58261504
59637760
57344000
55246848
59375616
56819712
55246848
54657024
58982400
56426496
54132736
53084160
59375616
59899904
57344000
54919168
59965440
57278464
55246848
60358656
57671680
55246848
60358656
57671680
61014016
59768832
58458112
55967744
61014016
58327040
55902208
61407232
58589184
56033280
54853632
59965440
57278464
55246848
59179008
59244544
56688640
59047936
56492032
55312384
54198272
59310080
56754176
60162048
58327040
55902208
59047936
56492032
55312384
54657024
59375616
56819712
55246848
54657024
59375616
56819712
55246848
54132736
53084160
58327040
59834368
57212928
55246848
54132736
53084160
52101120
51118080
57933824
59047936
56492032
55312384
54657024
59244544
56688640
55246848
54657024
59244544
56688640
55246848
54132736
59703296
69206016
69206016
65667072
62455808
59572224
82706432
82706432
82706432
80216064
77856768
77856768
75628544
75628544
71434240
82706432
82706432
80216064
75628544
82706432
82706432
77856768
82706432
85590016
85590016
85590016
85590016
82968576
80478208
78118912
75890688
73728000
78774272
76480512
72220672
70254592
79691776
77332480
75104256
70975488
69074944
68747264
63635456
75235328
75235328
71106560
82706432
82706432
82706432
80216064
75628544
82706432
82706432
80216064
75628544
82706432
85590016
85590016
85590016
85590016
82968576
80478208
78118912
75890688
73728000
71696384
69730304
67895296
66125824
64487424
62914560
61407232
59965440
58589184
57737216
57999360
69206016
69206016
69206016
65667072
64028672
62717952
67698688
80347136
80347136
80347136
77987840
73596928
69664768
67829760
64421888
64421888
79757312
77398016
73072640
71041024
67305472
63963136
62390272
60948480
58261504
59375616
56819712
54525952
59244544
59506688
59965440
57278464
55246848
59375616
56819712
59047936
56492032
55312384
58982400
56426496
54657024
53542912
59047936
56492032
55312384
54198272
59310080
59834368
57212928
55246848
59834368
57212928
59637760
57344000
54919168
53805056
52756480
59047936
56492032
55312384
54657024
58916864
56360960
55181312
54657024
59244544
59506688
56950784
59637760
57081856
55246848
59965440
57278464
55246848
60358656
57671680
55246848
59572224
57016320
55246848
54657024
53542912
57802752
59310080
56754176
55246848
59572224
58654720
62980096
73924608
73924608
73924608
73924608
69926912
66322432
63111168
61603840
59244544
59899904
57212928
59637760
57081856
55246848
54657024
69206016
67371008
64028672
62455808
59572224
57016320
59047936
56492032
59113472
59572224
57016320
59375616
57344000
55246848
69206016
67371008
65667072
64028672
63504384
61997056
59179008
59637760
57344000
55246848
59965440
57278464
60096512
57409536
55246848
54132736
59179008
56623104
55443456
59375616
58654720
62980096
73924608
73924608
73924608
69926912
66322432
64684032
63111168
62717952
59768832
59506688
56950784
59572224
57016320
55246848
59834368
57212928
60096512
57409536
55246848
54132736
53084160
58982400
56426496
55246848
59179008
56623104
58982400
56426496
54132736
53084160
52101120
51118080
50659328
57868288
59375616
56819712
55246848
54657024
59244544
56688640
55246848
59506688
57344000
54919168
59637760
57081856
55246848
59965440
57278464
55246848
54132736
60030976
57344000
54919168
60424192
57737216
55312384
54198272
60751872
58064896
55640064
60882944
58195968
55771136
60489728
59113472
56557568
55377920
59310080
56754176
55246848
54657024
59244544
56688640
55246848
59506688
57344000
55246848
59506688
56950784
60882944
59047936
56492032
59899904
59703296
57147392
59375616
56819712
55246848
59441152
57344000
54919168
59113472
56557568
55377920
57737216
55312384
58982400
59244544
56688640
55246848
59441152
57344000
55246848
59375616
56819712
55246848
59375616
57344000
54919168
53805056
52756480
59047936
56492032
59244544
56688640
54394880
57802752
59310080
56754176
54460416
59047936
59310080
56754176
59375616
56819712
54525952
53477376
52428800
59310080
56754176
54657024
59244544
56688640
55246848
54657024
59375616
56819712
55246848
59572224
57016320
55246848
59965440
57278464
60358656
57671680
55246848
59375616
57344000
55246848
54132736
53084160
57999360
59047936
56492032
55312384
59244544
56688640
54394880
59113472
56557568
55377920
59310080
56754176
54460416
59179008
59441152
56885248
55246848
54657024
53542912
59047936
56492032
55312384
59637760
57081856
55246848
59572224
57016320
55246848
54132736
53084160
52101120
59179008
56623104
54657024
59244544
56688640
55246848
59506688
58261504
55836672
54722560
59834368
57212928
55246848
59179008
56623104
55443456
54657024
53542912
59113472
56557568
55377920
59310080
56754176
55246848
54132736
53084160
52101120
51118080
50659328
59113472
69206016
69206016
65667072
62455808
59572224
82706432
82706432
82706432
80216064
77856768
77856768
73465856
73465856
69533696
69533696
84934656
84934656
82313216
82313216
81854464
79429632
78446592
73990144
71958528
68157440
68157440
79953920
75366400
73269248
71237632
69337088
67502080
64159744
62586880
62259200
59441152
57344000
59703296
57147392
55246848
59965440
57278464
54853632
60096512
57409536
61407232
59703296
57147392
61865984
61014016
58327040
55902208
61210624
61210624
58458112
55967744
60162048
57475072
55246848
54132736
53084160
58982400
56426496
55246848
59179008
59572224
57016320
55246848
59375616
57344000
55246848
59375616
56819712
55246848
59179008
59572224
57016320
55246848
59441152
57344000
55246848
59375616
56819712
55246848
59179008
57344000
55246848
59179008
56623104
59375616
56819712
55246848
54657024
53542912
59113472
56557568
54657024
59244544
56688640
55246848
59506688
56950784
55246848
59965440
60424192
57737216
55312384
59637760
57081856
55246848
54657024
59375616
56819712
55246848
59572224
57344000
55246848
54132736
53084160
59637760
57081856
55902208
54722560
58982400
56426496
54132736
53084160
52101120
59310080
59572224
57016320
55246848
59572224
57016320
54722560
59047936
56492032
55312384
59244544
59768832
57212928
55246848
54132736
53084160
52101120
58982400
56426496
59179008
56623104
55443456
54657024
59244544
56688640
55246848
54657024
53542912
52494336
57999360
59506688
59572224
60358656
57671680
55246848
59965440
75366400
75366400
80084992
80084992
80084992
77725696
75497472
75497472
78774272
76087296
73924608
71892992
71565312
69664768
67829760
66060288
64421888
62849024
61341696
59899904
58523648
57212928
69206016
69206016
65667072
65077248
65077248
61931520
59113472
57868288
59244544
56688640
59047936
56492032
55312384
59441152
56885248
55246848
54657024
59375616
59441152
57344000
53805056
52297728
52428800
82706432
82706432
82706432
77856768
73465856
82706432
82706432
82706432
80216064
77856768
75628544
75628544
71434240
69533696
68222976
67829760
67829760
66060288
64421888
62849024
69206016
69206016
69206016
65667072
64028672
62783488
67764224
73596928
80412672
78053376
75825152
73662464
69664768
67829760
64421888
61931520
61931520
69206016
65667072
62455808
82706432
82706432
82706432
77856768
73465856
82706432
82706432
80216064
75628544
82706432
82706432
77856768
82706432
82706432
77856768
82706432
82706432
77856768
82706432
85590016
85590016
85590016
85590016
82968576
80478208
78118912
75890688
73728000
71696384
69730304
67895296
66125824
64487424
62914560
61407232
59965440
58589184
57278464
56033280
54853632
53739520
52690944
57933824
69206016
69206016
67371008
65667072
62717952
67698688
80347136
80347136
80347136
77987840
75759616
73596928
71565312
69664768
67829760
66060288
64421888
61341696
69271552
69271552
67436544
65732608
62783488
62783488
73596928
80412672
78053376
75825152
71630848
69664768
66060288
64421888
80150528
75563008
71368704
69468160
65929216
64290816
62717952
61210624
58458112
55967744
59113472
56557568
59179008
57344000
54919168
59113472
56557568
55377920
54657024
53542912
59047936
59572224
57016320
55246848
59375616
56819712
55246848
53542912
52494336
59703296
57147392
55246848
54132736
60030976
57344000
55246848
59834368
57212928
54788096
53673984
59244544
56688640
55246848
59506688
56950784
55246848
59965440
57278464
55246848
59572224
57016320
59572224
57016320
55246848
59179008
57344000
55246848
59179008
56623104
55443456
58982400
56426496
55246848
59179008
56623104
55443456
58982400
59506688
59244544
56688640
59047936
56492032
55312384
59441152
59703296
57147392
55246848
59375616
56819712
55246848
54657024
59375616
56819712
55246848
59572224
57344000
55246848
59572224
57016320
55246848
59572224
57016320
60162048
57475072
55246848
59179008
56623104
60030976
58261504
59113472
56557568
55377920
59047936
56492032
60030976
58327040
59441152
57344000
55246848
59441152
56885248
55246848
59375616
57344000
55246848
58916864
56360960
55181312
54657024
58982400
56426496
59179008
56623104
54329344
53280768
59572224
57016320
60096512
57409536
55246848
59179008
57344000
55246848
59179008
57868288
55443456
54657024
59244544
56688640
59572224
57016320
55246848
59572224
57016320
54722560
59834368
57212928
55246848
54132736
60424192
57737216
55312384
60424192
60882944
58195968
60489728
57802752
55377920
59506688
57344000
55246848
59179008
56623104
55443456
54657024
53542912
52494336
59047936
56492032
59441152
56885248
55246848
54132736
59703296
57147392
59572224
57016320
55246848
59179008
57344000
55246848
59179008
56623104
55443456
54657024
53542912
59113472
56557568
55377920
54263808
53215232
52232192
59310080
59637760
57081856
55246848
59179008
59572224
57016320
55246848
59375616
57344000
55246848
54132736
53084160
57671680
55312384
54198272
57999360
55574528
59113472
56557568
54657024
59375616
56819712
55246848
54132736
59703296
57147392
59965440
57278464
55246848
54132736
53084160
52101120
59179008
56623104
55443456
59047936
56492032
54657024
53542912
59113472
56557568
54657024
59375616
56819712
55246848
54132736
53084160
59637760
57081856
55246848
54132736
53084160
59113472
59375616
59899904
59572224
57016320
55246848
54132736
53084160
57671680
59244544
56688640
59179008
57344000
54919168
57737216
59113472
59572224
57016320
55246848
54657024
59375616
56819712
54525952
59572224
57016320
55246848
59572224
57016320
55246848
54132736
59244544
56688640
55246848
59179008
57344000
55246848
59179008
59244544
56688640
55246848
59179008
56623104
59375616
56819712
55246848
54657024
58982400
56426496
59572224
57016320
54722560
59768832
57212928
55246848
59965440
57278464
55246848
54657024
59375616
56819712
59572224
57016320
55246848
54132736
53084160
52101120
59637760
69140480
69140480
65601536
62390272
59572224
82706432
82706432
82706432
80216064
77856768
77856768
75628544
75628544
71434240
82706432
82706432
80216064
75628544
82706432
82706432
77856768
82706432
82706432
77856768
82706432
85590016
85590016
85590016
82968576
82968576
80478208
78118912
75890688
73728000
73728000
71696384
71696384
67895296
66125824
62914560
59965440
69271552
69271552
66322432
64684032
63111168
61210624
58458112
55967744
69206016
69206016
67371008
64028672
62783488
59834368
57344000
59572224
59441152
56885248
54657024
59965440
57278464
54853632
60096512
60489728
57802752
60489728
57802752
55377920
60686336
57999360
55574528
59768832
58458112
55967744
59179008
57344000
55246848
59375616
56819712
55246848
59179008
59572224
57016320
55246848
59375616
57344000
55246848
59179008
56623104
55443456
58982400
56426496
55246848
59179008
56623104
58982400
56426496
54132736
59179008
56623104
54657024
53542912
52494336
51511296
57737216
55312384
59244544
57344000
54919168
59244544
56688640
59179008
56623104
55443456
59113472
56557568
55377920
54263808
58982400
56426496
55246848
59179008
56623104
58982400
56426496
55246848
54657024
59375616
56819712
55246848
54657024
53542912
59441152
56885248
55246848
59506688
56950784
55246848
59834368
57212928
55246848
54132736
59047936
56492032
55312384
59244544
56688640
55246848
59179008
57344000
55246848
59179008
59244544
56688640
55246848
59375616
56819712
55246848
59375616
57344000
55246848
59179008
56623104
54329344
59047936
56492032
55312384
59244544
59310080
56754176
55246848
54132736
53084160
59375616
56819712
55246848
54657024
53542912
57802752
59310080
56754176
55246848
54657024
59572224
57016320
55246848
54132736
59703296
58392576
55967744
54788096
60030976
57344000
55246848
54132736
53084160
52101120
51118080
60030976
57344000
54919168
59506688
56950784
55246848
59834368
57212928
54788096
53673984
52625408
51642368
50724864
58785792
60227584
57540608
55246848
60358656
57671680
55246848
61603840
61079552
58392576
55967744
59637760
57081856
55246848
54132736
59047936
60489728
57802752
55377920
54263808
60948480
58261504
55836672
54722560
53608448
52559872
59113472
56557568
55377920
54657024
59113472
56557568
54263808
59506688
56950784
59572224
57016320
55246848
59965440
57278464
55246848
54657024
59244544
56688640
55246848
59506688
57344000
55246848
59572224
57016320
59965440
57278464
55246848
59179008
57344000
55246848
59179008
56623104
55443456
54657024
59244544
56688640
59572224
58327040
55902208
59572224
57016320
55246848
59834368
57212928
54788096
59375616
56819712
55246848
54132736
59244544
56688640
54657024
53542912
59047936
56492032
55312384
54198272
59441152
56885248
55246848
59506688
56950784
55246848
54657024
59244544
59506688
56950784
55246848
59572224
57016320
59637760
57081856
55246848
59965440
57278464
54853632
53739520
52690944
51707904
59572224
59834368
57212928
55246848
59572224
57016320
55246848
59572224
57016320
55246848
54657024
59244544
56688640
55246848
54657024
59244544
56688640
55246848
59506688
56950784
55246848
59834368
57212928
54788096
58523648
55967744
54788096
53673984
52625408
51642368
50724864
57802752
59310080
56754176
55246848
54132736
59047936
56492032
54657024
59375616
56819712
55246848
59572224
57344000
59572224
57016320
55246848
59834368
57212928
55246848
54657024
53542912
52494336
51511296
50659328
59047936
56492032
55312384
54657024
59375616
56819712
55246848
54132736
53084160
52101120
58130432
55705600
54591488
53477376
58982400
56426496
55246848
54657024
53542912
57737216
59113472
56557568
55377920
57999360
55574528
59506688
57344000
55246848
59179008
56623104
55443456
58982400
56426496
55246848
59179008
59244544
56688640
55246848
54132736
59244544
56688640
55246848
59179008
56623104
55443456
54657024
59244544
56688640
55246848
54657024
53542912
57999360
59506688
56950784
54657024
59768832
57212928
55246848
59965440
57278464
54853632
58982400
56426496
54657024
58982400
56426496
59637760
57081856
59637760
57081856
55246848
59834368
57212928
55246848
59572224
57016320
55246848
54657024
53542912
52494336
59047936
56492032
55312384
59572224
59834368
57212928
59637760
59899904
57212928
55246848
58916864
56360960
59113472
56557568
55377920
54657024
53542912
59047936
56492032
54657024
59375616
56819712
54525952
53477376
59768832
57212928
55246848
58589184
56033280
54853632
53739520
57999360
59047936
56492032
55312384
59244544
57344000
55246848
59179008
56623104
55443456
54657024
58916864
56360960
55181312
60358656
58392576
55967744
54788096
59506688
56950784
55246848
59179008
56623104
55443456
59375616
57344000
54919168
59244544
56688640
55246848
54657024
59375616
56819712
55246848
54657024
59244544
56688640
55246848
54132736
59703296
57147392
59965440
57278464
60358656
57671680
55246848
54132736
53084160
58982400
56426496
54657024
53542912
59113472
59637760
59375616
56819712
55246848
54132736
59637760
57081856
55246848
59572224
57016320
55246848
59179008
59572224
57016320
55246848
54657024
53542912
59047936
59572224
57016320
55246848
59375616
56819712
55246848
59834368
57212928
55246848
54657024
53542912
52494336
57737216
59244544
57344000
59637760
57344000
54919168
59506688
59768832
57212928
54788096
60030976
57344000
55246848
54132736
53084160
52101120
51118080
60620800
57933824
55508992
54394880
53346304
52297728
59113472
56557568
54657024
53542912
59113472
56557568
55377920
54263808
59506688
56950784
55246848
59506688
56950784
59572224
57016320
55246848
54657024
53542912
52494336
57737216
59244544
56688640
54657024
59375616
56819712
55246848
54132736
53084160
51118080
58458112
55967744
54788096
53673984
59244544
56688640
55246848
59179008
56623104
59768832
59375616
60162048
58064896
55640064
59310080
57344000
55246848
54132736
59179008
56623104
54657024
59244544
56688640
55246848
54657024
59375616
56819712
55246848
59572224
60096512
57409536
60096512
57409536
55246848
60293120
60489728
57802752
55377920
59047936
56492032
54657024
59244544
56688640
59637760
57081856
59637760
57081856
54722560
59768832
57212928
55246848
54132736
59244544
56688640
54657024
59244544
56688640
55246848
54657024
59375616
58064896
60358656
59899904
60096512
57409536
59965440
57278464
60555264
57868288
55443456
60162048
57475072
55050240
59244544
56688640
59047936
56492032
55312384
54657024
59375616
56819712
55246848
59572224
57344000
54919168
53805056
52756480
51773440
50855936
59768832
57212928
55246848
59834368
57212928
55246848
59506688
56950784
55246848
59179008
58261504
59113472
56557568
54657024
59375616
56819712
55246848
59375616
56819712
54657024
59703296
57147392
55246848
59834368
57212928
55246848
54132736
53084160
52101120
60293120
57606144
55181312
54067200
59244544
60686336
57999360
55574528
54460416
60751872
58064896
61145088
58392576
55967744
54788096
59703296
57147392
55246848
54657024
59244544
56688640
59572224
57016320
55246848
54132736
59703296
57147392
55246848
59506688
60030976
57344000
59179008
56623104
55443456
54657024
59375616
56819712
59572224
57016320
55246848
54657024
59375616
56819712
55246848
59572224
60096512
57409536
55246848
59834368
60555264
57868288
60162048
57475072
55246848
59441152
59703296
57147392
55246848
59441152
57344000
59047936
56492032
55312384
59441152
59703296
57147392
55246848
59441152
56885248
55246848
59375616
58392576
59506688
57344000
55246848
59441152
56885248
55246848
54657024
58982400
56426496
55246848
54657024
59375616
58064896
55640064
54657024
59572224
57016320
55246848
54132736
60030976
57344000
55246848
54132736
53084160
58327040
59047936
56492032
55312384
59244544
57344000
55246848
59179008
56623104
55443456
54657024
53542912
57802752
59310080
56754176
55246848
59572224
57344000
55246848
59572224
57016320
55246848
59179008
57344000
55246848
54132736
53084160
57999360
55574528
59113472
56557568
55377920
59310080
57344000
55246848
54132736
53084160
58982400
59244544
56688640
55508992
59179008
56623104
59375616
56819712
55246848
54657024
53542912
59113472
56557568
55377920
54263808
59506688
59768832
57212928
55246848
54132736
53084160
59375616
69140480
65601536
62390272
68878336
65404928
82706432
82706432
82706432
80216064
77856768
77856768
73465856
69533696
69533696
84934656
84934656
82313216
82313216
78774272
76480512
74317824
72220672
70254592
68419584
66650112
63373312
69140480
69140480
67305472
65601536
60948480
61079552
58392576
57147392
55967744
54788096
58851328
69074944
69074944
82706432
82706432
82706432
80216064
77856768
75628544
75628544
78774272
76480512
74317824
73859072
73859072
71827456
71827456
78708736
76414976
76414976
77004800
74776576
72679424
70713344
68812800
79822848
75235328
73138176
69206016
67371008
65667072
62914560
61276160
59834368
59441152
59506688
57344000
59572224
59834368
57212928
54788096
53673984
60227584
57540608
55246848
60489728
57802752
55377920
60882944
58195968
55771136
61276160
58458112
61341696
58523648
61341696
58523648
55967744
60096512
57409536
54984704
59572224
57016320
60096512
57409536
60096512
57409536
55246848
54132736
53084160
52101120
59637760
57081856
55246848
59179008
59572224
59310080
56754176
55246848
59441152
56885248
59047936
56492032
55312384
58982400
56426496
55246848
54132736
53084160
58982400
56426496
55246848
54657024
59244544
59506688
56950784
55246848
54132736
58327040
59375616
56819712
55246848
58261504
55836672
59047936
56492032
55312384
59244544
56688640
55246848
59179008
57344000
54919168
59047936
56492032
59244544
56688640
54394880
59113472
56557568
54657024
57671680
55312384
58982400
56426496
55246848
54657024
59375616
56819712
55246848
59572224
57016320
59965440
57278464
54853632
53739520
60424192
60424192
57737216
55312384
60358656
61079552
58392576
55967744
54788096
60686336
57999360
55574528
58195968
55771136
58982400
56426496
55246848
54132736
53084160
58982400
69206016
69206016
65667072
62455808
59572224
68747264
84934656
84017152
84017152
83558400
81002496
78577664
78577664
76283904
76283904
72089600
82706432
82706432
82706432
80216064
77856768
77856768
75628544
75628544
78708736
78118912
78118912
85721088
94633984
105054208
105054208
105054208
101449728
98041856
94765056
88735744
85917696
83296256
80805888
78381056
78381056
78774272
76480512
74317824
74317824
70254592
70254592
70254592
66650112
69009408
65470464
82706432
82706432
82706432
80216064
77856768
75628544
75628544
78774272
76480512
74317824
73859072
73859072
71827456
71827456
68026368
69206016
69206016
65667072
62455808
59572224
57737216
57999360
59572224
60686336
57999360
55574528
57802752
57868288
57933824
59310080
56754176
59047936
56492032
55312384
54591488
59310080
56754176
55246848
59375616
57278464
54853632
59899904
57212928
55246848
54132736
60030976
57344000
55246848
60358656
57671680
55246848
59572224
57016320
55246848
59179008
57278464
55246848
59179008
56623104
55443456
59375616
57278464
55246848
59179008
59244544
56688640
54591488
59179008
68681728
74711040
74711040
74711040
70647808
66977792
65273856
62783488
62783488
73596928
80412672
80412672
78053376
73662464
71630848
69664768
67829760
80281600
77922304
71499776
75890688
75890688
80609280
80609280
80609280
80609280
78249984
75956224
73793536
73793536
79691776
75104256
73007104
70975488
67239936
65536000
62783488
61276160
58982400
57278464
58392576
55967744
59506688
56950784
59965440
57278464
55246848
59965440
57278464
60227584
58654720
56098816
54919168
54591488
59179008
56623104
55443456
54591488
53477376
59375616
56819712
55246848
59506688
56950784
59965440
57278464
54853632
53739520
52690944
51707904
50790400
59179008
56623104
54591488
53477376
57671680
55312384
54591488
59179008
57868288
55443456
54591488
53477376
52428800
59506688
56950784
55246848
54591488
53477376
52428800
51445760
58195968
55771136
54657024
53542912
58261504
59637760
57081856
59965440
57278464
60358656
57671680
55246848
54132736
60030976
57344000
55246848
54591488
53477376
57737216
55312384
57933824
55508992
54591488
53477376
57737216
59244544
56688640
55246848
54591488
53477376
59375616
56819712
55246848
59506688
56950784
55246848
59834368
60293120
57606144
60096512
57409536
55246848
54591488
53477376
57737216
59244544
56688640
55246848
54591488
53477376
52428800
59310080
56754176
55246848
59834368
57278464
60751872
58916864
56360960
59572224
57016320
55246848
59375616
58589184
62849024
73662464
73662464
73662464
71630848
67829760
66060288
64421888
62717952
67698688
73531392
80347136
80347136
80347136
75759616
71565312
67829760
64421888
61341696
59899904
59834368
59899904
57212928
55246848
54591488
59310080
56754176
55246848
54591488
59637760
57081856
55246848
59572224
57016320
55246848
59965440
57278464
55246848
59965440
57278464
55246848
59179008
56623104
55443456
59375616
57278464
59179008
57278464
55246848
59179008
59244544
57671680
55312384
58982400
56426496
54132736
53084160
52101120
51118080
58982400
56426496
55246848
54591488
59179008
56623104
59375616
56819712
54525952
59637760
57081856
54722560
53608448
59899904
57212928
55246848
54132736
53084160
58916864
56360960
55181312
59441152
59965440
57278464
55246848
54591488
53477376
52428800
58982400
56426496
55246848
54591488
59506688
56950784
59703296
57147392
54788096
53673984
52625408
59834368
60030976
57344000
59637760
57081856
59637760
57081856
55246848
54591488
59310080
56754176
59572224
57016320
55246848
54591488
53477376
52428800
59637760
57081856
54722560
53608448
52559872
59768832
57212928
54788096
59703296
57147392
55246848
58589184
56033280
54853632
59965440
57278464
60358656
57671680
55246848
60751872
59375616
56819712
55246848
60751872
58064896
55640064
61145088
58392576
55967744
61472768
58654720
56098816
54919168
53805056
52756480
59637760
57081856
59572224
57016320
59179008
56623104
55443456
54591488
59179008
56623104
59375616
56819712
55246848
59572224
58720256
60030976
57344000
54919168
53805056
52756480
60096512
60293120
60489728
57802752
60096512
60686336
57999360
60882944
58195968
55771136
54657024
53542912
59047936
56492032
55312384
59244544
57278464
54853632
59441152
56885248
55246848
54591488
59310080
59375616
59637760
57081856
58261504
59375616
57278464
55246848
59965440
57278464
55246848
54591488
53477376
59375616
59441152
56885248
55246848
54591488
53477376
52428800
59310080
56754176
59572224
57016320
55246848
59965440
57278464
55246848
59572224
57016320
59572224
57016320
55246848
54591488
59179008
56623104
55443456
59375616
57278464
55246848
59572224
57016320
59965440
57278464
55246848
54591488
59179008
56623104
55443456
54591488
53477376
59375616
59637760
58392576
55967744
54788096
59834368
57212928
55246848
59965440
57278464
55246848
59179008
57278464
54853632
58982400
56426496
55246848
54591488
53477376
52428800
57671680
59244544
56688640
55246848
54132736
58064896
59572224
57016320
55246848
59179008
57278464
55246848
54132736
53084160
58982400
69337088
69337088
65798144
62586880
59703296
82706432
82706432
82706432
80216064
77856768
77856768
73465856
71434240
71434240
69533696
67698688
69271552
84934656
84934656
82313216
79822848
77463552
75235328
71106560
69206016
79429632
77135872
74907648
70844416
68943872
79953920
77135872
72810496
68943872
65470464
62259200
59441152
59572224
59703296
57147392
55246848
59375616
56819712
55246848
54591488
59179008
56623104
55443456
59572224
59637760
60096512
60489728
58458112
59834368
57212928
55246848
59965440
57278464
60227584
58130432
55705600
59244544
56688640
59047936
59506688
56950784
55246848
59375616
56819712
59375616
56819712
59047936
56492032
55312384
54591488
53477376
59375616
56819712
54591488
59637760
57081856
59637760
57081856
55246848
59965440
57278464
55246848
54132736
53084160
59310080
56754176
54460416
53411840
58982400
56426496
55246848
54591488
59179008
56623104
54329344
53280768
59506688
56950784
55246848
59506688
58654720
57344000
55246848
57868288
59375616
56819712
55246848
54591488
53477376
59375616
56819712
55246848
54132736
59375616
59637760
57081856
55246848
59572224
60096512
57409536
55246848
59375616
57278464
55246848
59179008
56623104
59375616
59637760
57278464
54853632
53739520
52690944
51707904
50790400
58982400
56426496
54132736
53084160
59310080
57999360
55574528
54591488
59179008
56623104
55443456
54591488
59506688
56950784
55246848
59506688
56950784
54657024
53542912
52494336
51511296
50593792
60030976
57344000
55246848
54132736
60162048
57475072
55246848
59506688
58458112
55967744
54788096
59113472
56557568
54591488
59310080
56754176
55246848
59572224
57278464
54853632
53739520
59637760
57081856
54722560
59834368
57212928
60096512
57409536
55246848
54132736
53084160
59244544
56688640
55246848
54132736
53084160
52101120
59179008
56623104
55443456
59047936
56492032
55312384
54591488
59179008
56623104
55443456
60227584
58327040
55902208
59572224
57016320
54722560
59768832
57212928
55246848
54132736
60030976
57344000
54919168
60424192
57737216
55312384
60030976
57344000
55246848
54591488
53477376
52428800
57671680
55312384
59244544
56688640
55246848
54591488
58195968
55771136
57999360
55574528
54460416
53411840
59310080
56754176
55246848
54591488
59179008
56623104
55443456
59375616
57278464
59572224
57016320
54722560
59834368
57212928
61014016
59310080
56754176
60620800
57933824
55508992
61014016
58327040
61210624
59441152
56885248
59506688
56950784
55246848
54132736
59179008
56623104
55443456
54329344
59047936
56492032
55312384
54198272
53149696
52166656
57671680
59244544
56688640
55246848
54591488
59179008
56623104
55443456
59375616
57278464
54853632
53739520
52690944
58261504
55836672
59768832
57212928
59965440
57278464
54853632
53739520
69206016
67371008
65667072
62455808
59572224
57606144
59244544
56688640
55246848
54591488
57868288
55443456
58982400
56426496
55246848
54591488
53477376
52428800
51445760
57999360
59506688
56950784
55246848
54591488
53477376
59703296
57147392
55246848
59834368
57212928
55246848
61014016
58327040
55902208
54722560
59310080
59572224
57016320
59179008
59441152
59899904
58458112
55967744
54788096
53673984
52625408
57737216
55312384
54198272
59310080
56754176
55246848
59179008
56623104
59375616
56819712
55246848
59179008
58195968
55771136
54657024
53542912
59047936
56492032
55312384
54591488
59179008
56623104
55443456
54591488
59506688
56950784
55246848
54591488
53477376
52428800
51445760
59572224
69271552
69271552
65732608
62521344
59637760
82706432
82706432
82706432
80216064
77856768
77856768
75628544
75628544
71434240
82706432
82706432
80216064
75628544
83427328
83427328
83427328
80871424
80871424
78446592
78446592
73990144
82706432
82706432
77856768
82706432
82706432
77856768
82706432
82706432
77856768
82706432
82706432
77856768
82706432
82706432
77856768
82706432
82706432
77856768
82706432
85590016
85590016
85590016
82968576
82968576
80478208
78118912
75890688
74842112
74448896
74448896
78839808
76546048
74383360
72286208
72286208
68419584
69140480
67305472
63963136
69468160
65929216
82706432
85590016
85590016
85590016
85590016
82968576
80478208
78118912
75890688
71696384
67895296
64487424
61407232
69271552
69271552
65732608
65142784
65142784
65142784
63504384
61997056
59179008
56623104
58982400
56426496
55246848
59441152
57278464
54853632
59047936
56492032
55312384
54591488
59310080
56754176
55246848
59572224
58195968
59572224
60030976
57344000
55246848
59965440
57278464
59572224
60030976
57344000
55246848
59441152
57278464
54853632
53739520
59244544
56688640
54591488
59179008
56623104
59375616
56819712
54525952
53477376
59441152
56885248
55246848
59572224
57016320
54722560
59310080
56754176
55246848
54591488
59310080
56754176
55246848
59179008
56623104
55443456
54329344
59572224
60096512
57409536
59637760
57081856
55246848
54591488
59310080
59375616
56819712
55246848
59375616
56819712
54525952
53477376
52428800
59506688
56950784
55246848
59179008
56623104
55443456
54591488
59179008
56623104
55443456
54591488
53477376
52428800
51445760
59310080
56754176
54591488
58261504
58458112
55967744
54788096
58195968
59703296
57278464
60096512
60293120
60096512
57409536
55246848
60555264
57868288
60293120
57606144
55246848
54591488
53477376
52428800
51445760
58982400
59244544
56688640
59637760
57081856
55246848
54591488
53477376
52428800
57999360
59506688
59965440
57278464
59572224
57016320
55246848
59834368
57212928
55246848
59375616
56819712
59179008
56623104
59113472
56557568
59310080
56754176
55246848
58916864
59703296
57147392
55246848
54591488
53477376
58064896
59113472
56557568
55377920
59506688
59637760
57081856
60096512
57409536
55246848
59375616
57278464
55246848
59375616
56819712
55246848
59179008
57278464
55246848
59179008
56623104
55443456
54591488
53477376
59047936
56492032
55312384
59244544
56688640
55246848
54591488
59834368
60030976
57344000
55246848
59965440
58589184
56033280
54853632
60096512
60555264
57868288
55443456
54329344
53280768
60489728
57802752
55377920
54263808
53215232
58130432
55705600
59244544
57278464
59179008
59506688
56950784
59047936
57737216
55312384
58982400
56426496
59179008
57278464
55246848
54132736
59244544
56688640
55246848
54132736
58982400
56426496
54591488
53477376
52428800
58982400
56426496
55246848
54591488
53477376
52428800
51445760
59310080
56754176
55246848
54132736
53084160
59637760
57081856
54722560
58982400
56426496
54591488
59310080
56754176
54460416
53411840
59310080
56754176
55246848
54591488
53477376
52428800
59506688
56950784
55246848
59834368
60030976
57344000
55246848
54132736
53084160
52101120
58982400
56426496
59179008
56623104
55443456
54591488
53477376
52428800
59244544
59506688
59572224
57016320
59572224
57016320
55246848
59834368
57278464
54853632
59441152
56885248
55246848
54591488
53477376
58982400
56426496
55246848
59572224
57016320
55246848
54591488
59506688
56950784
55246848
59834368
57212928
55246848
60162048
57475072
55246848
60358656
60358656
57671680
55246848
54591488
57999360
59047936
59310080
60358656
57671680
55246848
54132736
59637760
57081856
54722560
59768832
57212928
55246848
53084160
59965440
57278464
55246848
54132736
60424192
59047936
56492032
55312384
59244544
56688640
59179008
56623104
54329344
53280768
52232192
57802752
59310080
56754176
59179008
56623104
60030976
59703296
57147392
59047936
59506688
56950784
55246848
54591488
59179008
56623104
55443456
54591488
59310080
56754176
55246848
59572224
57016320
60555264
58851328
56295424
60489728
57802752
55377920
54591488
59310080
56754176
55246848
54591488
53477376
59375616
59637760
57081856
59637760
57081856
55246848
59834368
57212928
54788096
53673984
60358656
58982400
60424192
57737216
55312384
60817408
58130432
55705600
61210624
61341696
58523648
55967744
54788096
53673984
52625408
60489728
57802752
55377920
59637760
60162048
57475072
59179008
56623104
55443456
54591488
59310080
56754176
55246848
59572224
57278464
55246848
59572224
57016320
55246848
54132736
59047936
56492032
59244544
56688640
55246848
59179008
57278464
54853632
59179008
56623104
55443456
54591488
53477376
52428800
57671680
59244544
56688640
55246848
59572224
57016320
55246848
59572224
57278464
55246848
59179008
56623104
58982400
56426496
59179008
56623104
59375616
56819712
55246848
60096512
59244544
56688640
59047936
56492032
59113472
56557568
59179008
56623104
55443456
54591488
59179008
56623104
59375616
56819712
59637760
57081856
55246848
54132736
60030976
57344000
55246848
54591488
59179008
56623104
55443456
54591488
59506688
56950784
55246848
54591488
53477376
52428800
59506688
59834368
59834368
57212928
60096512
57409536
55246848
54132736
60030976
57344000
55246848
59179008
57278464
54853632
59179008
56623104
55443456
54591488
59310080
56754176
55246848
54591488
53477376
52428800
59244544
56688640
59703296
57147392
55246848
54132736
60030976
57344000
59572224
57016320
55246848
59179008
58589184
62849024
73662464
73662464
73662464
71630848
67829760
66060288
64421888
61341696
58523648
59310080
