2.317895
0.412468
0.113980
0.126693
0.110769
0.088189
0.107370
0.074186
0.094316
0.134436
0.107735
0.112282
0.112024
0.124587
0.115874
0.106963
0.090372
0.074313
0.080514
0.075623
0.086818
0.128403
0.139254
0.087427
0.099766
0.116048
0.108956
0.113914
0.107332
0.082610
0.096319
0.083665
0.082302
0.120004
0.113708
0.112568
0.103187
0.119026
0.111260
0.110047
0.111038
0.136135
0.092508
0.126291
0.239093
0.129975
0.108730
0.089136
0.119502
0.090683
0.107983
0.098534
0.102256
0.133300
0.126520
0.129023
0.096236
0.141496
0.127118
0.122552
0.111957
0.113909
0.092155
0.103478
0.107207
0.085928
0.092507
0.083128
0.103751
0.081589
0.117553
0.117151
0.107092
0.100455
0.107622
0.102362
0.107167
0.120458
0.120425
0.083469
0.082811
0.120433
0.109020
0.112397
0.109269
0.087087
0.098770
0.100369
0.086002
0.116813
0.093711
0.100083
0.127347
0.099664
0.095683
0.131333
0.096864
0.111535
0.108257
0.116163
0.105635
0.106006
0.103915
0.118349
0.103292
0.104984
0.127409
0.587417
0.080565
0.096391
0.089600
0.097719
0.119018
0.099343
0.088124
0.113988
0.103376
0.112139
0.104409
0.106182
0.114087
0.095410
0.114805
0.103998
0.099541
0.109696
0.119299
0.108473
0.092102
0.115349
0.112733
0.092728
0.106407
0.107422
0.099394
0.102687
0.095097
0.121667
0.103663
0.123383
0.087694
0.080452
0.096927
0.101422
0.109228
0.091232
0.079701
0.105274
0.100166
0.087769
0.126422
0.127482
0.124895
0.102039
0.098912
0.093789
0.098540
0.101579
0.106824
0.100822
0.121364
0.146725
0.106445
0.092811
0.072162
0.063836
0.088214
0.116253
0.094518
0.088232
0.094071
0.098156
0.104914
0.085835
0.121187
0.103627
0.085998
0.098404
0.100091
0.099801
0.138982
0.146496
0.110811
0.088849
0.096811
0.079298
0.093387
0.104458
0.123662
0.104132
0.089229
0.130553
0.119628
0.088128
0.092485
0.122452
0.116538
0.128830
0.097869
0.096288
0.092829
0.080092
0.103703
0.124864
0.108932
0.068293
0.071373
0.089377
0.103223
0.109029
0.115841
0.070707
0.109704
0.099438
0.083846
0.088248
0.100927
0.127227
0.102296
0.085159
0.086960
0.094558
0.121338
0.107898
0.103188
0.098930
0.178862
0.086536
0.096866
0.111284
0.083243
0.103022
0.095362
0.110593
0.076121
0.108474
0.102793
0.091588
0.075710
0.062072
0.083260
0.061872
0.086421
0.110775
0.090409
0.100518
0.087871
0.090544
0.080756
0.088368
0.088941
0.102760
0.066931
0.106437
0.098217
0.117979
0.101489
0.114923
0.131347
0.113578
0.103419
0.101908
0.106364
0.119910
0.098172
0.101152
0.142828
0.107204
0.107632
0.142489
0.097437
0.105870
0.080924
0.104835
0.077579
0.104844
0.125094
0.073457
0.097496
0.101210
0.103165
0.102830
0.104110
0.132651
0.091779
0.122998
0.117053
0.082474
0.117935
0.113238
0.077906
0.140304
0.125438
0.091012
0.117537
0.115322
0.104017
0.103837
0.096403
0.099573
0.107442
0.122843
0.108971
0.099505
0.071158
0.087573
0.102214
0.128615
0.095512
0.097000
0.106262
0.101265
0.090742
0.097532
0.134806
0.120640
0.112805
0.090413
0.107771
0.105505
0.105647
0.104519
0.103756
0.125775
0.098494
0.076894
0.087343
0.105686
0.099143
0.134840
0.123643
0.091716
0.106292
0.101102
0.087513
0.092307
0.088033
0.111598
0.098821
0.081494
0.081474
0.088995
0.059289
0.093125
0.100228
0.120616
0.110060
0.100809
0.112563
0.096937
0.116537
0.102958
0.120689
0.121992
0.128378
0.103568
0.111665
0.111388
0.109329
0.115045
0.082051
0.079282
0.062579
0.112666
0.101252
0.097890
0.112320
0.092527
0.196142
0.083255
0.077649
0.128487
0.104212
0.126475
0.122626
0.117921
0.112224
0.132301
0.123765
0.116510
0.122521
0.108616
0.086179
0.119872
0.122294
0.125106
0.107465
0.136346
0.108726
0.104989
0.115336
0.111786
0.085331
0.095527
0.108970
0.112370
0.104329
0.087038
0.099438
0.084226
0.089603
0.080908
0.078308
0.087146
0.088712
0.072141
0.094858
0.133479
0.112887
0.084644
0.103200
0.143585
0.134494
0.104360
0.107515
0.102950
0.100270
0.095404
0.105537
0.112850
0.107374
0.082217
0.084380
0.102716
0.078585
0.102341
0.117895
0.108614
0.091348
0.114860
0.095803
0.121611
0.099654
0.092982
0.076164
0.108299
0.096092
0.134248
0.086101
0.125631
0.123028
0.093102
0.121093
0.095692
0.083628
0.116888
0.101405
0.100710
0.123693
0.093778
0.122511
0.102918
0.102615
0.096311
0.105510
0.116073
0.126287
0.091914
0.090693
0.093340
0.073371
0.090682
0.127614
0.105957
0.076684
0.069405
0.075969
0.102638
0.115497
0.092319
0.066845
0.078973
0.100373
0.085239
0.085686
0.084207
0.119477
0.116161
0.113135
0.121371
0.100773
0.108327
0.114508
0.112557
0.109813
0.121145
0.124420
0.167969
0.150659
0.117054
0.126042
0.092878
0.073715
0.138426
0.090460
0.099844
0.074128
0.080945
0.105458
0.076689
0.096621
0.091527
0.102894
0.083226
0.110616
0.090992
0.086736
0.128281
0.114042
0.109307
0.108862
0.103025
0.100592
0.107807
0.112461
0.101424
0.097261
0.124958
0.116023
0.105110
0.090756
0.104977
0.113176
0.101219
0.088771
0.101633
0.091819
0.121007
0.094604
0.085501
0.093561
0.077917
0.092080
0.114686
0.121486
0.089186
0.109488
0.111371
0.083320
0.122613
0.122443
0.122818
0.090568
0.114871
0.100920
0.111866
0.124784
0.094614
0.089773
0.127441
0.089503
0.094762
0.133162
0.098523
0.103265
0.094228
0.080867
0.113956
0.087362
0.109512
0.112070
0.092741
0.108429
0.087390
0.072222
0.133144
0.097999
0.103730
0.129370
0.097100
0.086907
0.116546
0.107378
0.112193
0.096252
0.117960
0.101972
0.099416
0.114134
0.104663
0.090987
0.089787
0.116845
0.115101
0.080405
0.108348
0.139033
0.099618
0.110952
0.139645
0.095422
0.113323
0.133049
0.088689
0.064508
0.083266
0.080193
0.106181
0.110629
0.103199
0.094378
0.119058
0.109963
0.103721
0.088439
0.198492
0.114210
0.138311
0.094555
0.120280
0.107058
0.118895
0.107513
0.137139
0.086062
0.099825
0.107249
0.133200
0.096447
0.098259
0.094832
0.107917
0.097261
0.122928
0.095821
0.080598
0.095164
0.106041
0.080217
0.123262
0.097241
0.110698
0.092505
0.105071
0.082978
0.124335
0.098721
0.123041
0.118443
0.109405
0.073969
0.129368
0.105726
0.112753
0.126032
0.119472
0.108326
0.095527
0.080467
0.137587
0.114666
0.123182
0.088585
0.094990
0.104733
0.126591
0.084263
0.085864
0.093809
0.110997
0.089065
0.126110
0.088376
0.074683
0.112817
0.138427
0.084742
0.096398
0.112342
0.115054
0.134176
0.098727
0.080925
0.122717
0.095830
0.127608
0.128975
0.101042
0.087362
0.122845
0.098181
0.102661
0.108508
0.097021
0.109158
0.108104
0.091455
0.100174
0.105596
0.100019
0.079282
0.092463
0.102833
0.089210
0.100159
0.094539
0.098344
0.121995
0.080092
0.101536
0.108619
0.105834
0.117551
0.077029
0.134431
0.090291
0.109400
0.101472
0.114059
0.087823
0.098972
0.081382
0.122677
0.112569
0.119486
0.087371
0.090874
0.106195
0.112207
0.106770
0.091647
0.122209
0.080316
0.084145
0.096654
0.120364
0.126069
0.082837
0.078345
0.121703
0.096302
0.092994
0.097070
0.105838
0.098637
0.101668
0.129998
0.087330
0.118305
0.119782
0.117201
0.122774
0.103892
0.090647
0.109005
0.104061
0.108146
0.110050
0.095442
0.098098
0.068606
0.105505
0.104133
0.097364
0.077029
0.082491
0.113340
0.083356
0.084651
0.096727
0.107833
0.081736
0.114595
0.098430
0.079045
0.099154
0.098095
0.118699
0.101129
0.124970
0.111544
0.112167
0.111280
0.109173
0.128956
0.110366
0.092734
0.121493
0.123303
0.252176
0.124850
0.087671
0.117327
0.099156
0.087920
0.095522
0.100290
0.087925
0.104003
0.098388
0.129148
0.082429
0.108985
0.117597
0.085415
0.111767
0.124397
0.129829
0.096747
0.123111
0.094814
0.132185
0.095426
0.113465
0.126485
0.138414
0.108847
0.099454
0.108610
0.139240
0.100210
0.120599
0.086734
0.084105
0.112374
0.125755
0.093067
0.069162
0.081475
0.106471
0.089560
0.096553
0.115605
0.100933
0.114302
0.126977
0.089825
0.118119
0.098783
0.094576
0.122224
0.117778
0.112122
0.083765
0.105728
0.111104
0.121196
0.094132
0.099437
0.123411
0.100148
0.083506
0.121484
0.096761
0.081482
0.098361
0.126274
0.094260
0.107448
0.104274
0.103192
0.092304
0.097486
0.120063
0.085301
0.094691
0.102108
0.084794
0.117264
0.090387
0.092945
0.122007
0.109649
0.091585
0.112016
0.098278
0.093428
0.152608
0.097079
0.109021
0.104824
0.102481
0.085334
0.120891
0.091880
0.125680
0.112181
0.091593
0.607086
0.096698
0.083304
0.115757
0.100239
0.104916
0.106053
0.132895
0.116512
0.101646
0.117761
0.124700
0.093357
0.099905
0.124889
0.083224
0.108291
0.092009
0.097239
0.122952
0.099835
0.103949
0.115246
0.102354
0.084523
0.118964
0.071924
0.110808
0.112017
0.094545
0.091151
0.120562
0.082323
0.079284
0.073355
0.104992
0.093820
0.099067
0.088276
0.110026
0.099390
0.104140
0.091471
0.112482
0.114505
0.098758
0.081523
0.109072
0.124111
0.109215
0.114737
0.138527
0.097739
0.118370
0.093808
0.136809
0.092081
0.119779
0.086479
0.131724
0.093344
0.095711
0.075691
0.118789
0.097734
0.082643
0.092785
0.082851
0.094067
0.116772
0.089997
0.100979
0.123260
0.098234
0.094377
0.094154
0.090090
0.126864
0.091139
0.093353
0.117225
0.100335
0.086697
0.111461
0.122929
0.087313
0.125613
0.105337
0.096334
0.115312
0.131340
0.099249
0.083789
0.119731
0.103255
0.100394
0.111627
0.124475
0.078060
0.067001
0.078789
0.115164
0.102873
0.086164
0.075823
0.117290
0.091649
0.087022
0.101847
0.101973
0.107532
0.090347
0.132337
0.110815
0.085173
0.102527
0.095688
0.086562
0.113936
0.128581
0.080835
0.097488
0.086914
0.091963
0.105869
0.130047
0.095909
0.078566
0.100330
0.115581
0.080692
0.089102
0.076610
0.093308
0.109941
0.108088
0.125681
0.105085
0.125162
0.093348
0.092608
0.106296
0.131932
0.098770
0.105224
0.106921
0.085487
0.100345
0.122807
0.096301
0.106269
0.094996
0.105216
0.109439
0.110324
0.094524
0.110571
0.099138
0.097134
0.114962
0.101559
0.110328
0.133346
0.077923
0.078779
0.088471
0.089018
0.112290
0.099362
0.072394
0.109430
0.097186
0.099219
0.099738
0.125251
0.089337
0.097230
0.093344
0.116067
0.084822
0.105720
0.112195
0.113180
0.078670
0.126624
0.095878
0.099107
0.098491
0.098887
0.105416
0.101418
0.119875
0.082467
0.097398
0.125673
0.089760
0.087344
0.106361
0.088488
0.076174
0.101792
0.097671
0.122646
0.094547
0.082584
0.133148
0.111393
0.071893
0.129305
0.110476
0.083208
0.101449
0.088003
0.118990
0.095177
0.102657
0.125667
0.103654
0.094223
0.099096
0.108554
0.095109
0.102298
0.101862
0.118054
0.115917
0.099985
0.109461
0.117235
0.089876
0.080115
0.092717
0.109831
0.099820
0.114558
0.087000
0.125324
0.095939
0.117976
0.095951
0.091319
0.133249
0.123271
0.090485
0.093777
0.116427
0.093315
0.098517
0.108567
0.127138
0.113149
0.087980
0.094920
0.104693
0.095204
0.117327
0.115602
0.100092
0.095867
0.085774
0.134300
0.080768
0.089720
0.079851
0.095395
0.091393
0.096217
0.101211
0.121001
0.096059
0.093769
0.119615
0.113030
0.093006
0.087174
0.119836
0.095831
0.094209
0.130224
0.095052
0.096689
0.124463
0.118733
0.075347
0.129592
0.118946
0.123001
0.108851
0.091503
0.147417
0.092134
0.095319
0.104456
0.109202
0.096703
0.073773
0.082261
0.113918
0.098715
0.095305
0.097601
0.102625
0.094673
0.116021
0.089940
0.094416
0.125174
0.091737
0.094357
0.113485
0.090319
0.097360
0.125444
0.092325
0.107612
0.101765
0.112313
0.098609
0.105162
0.100539
0.122710
0.100062
0.091043
0.110922
0.135416
0.093370
0.077942
0.084353
0.099958
0.083456
0.121395
0.098309
0.105131
0.119395
0.134829
0.081725
0.111383
0.134103
0.100646
0.081433
0.142591
0.085497
0.117174
0.127534
0.102207
0.092614
0.117150
0.124938
0.085082
0.100334
0.146729
0.100949
0.107498
0.131063
0.110366
0.092346
0.107637
0.118490
0.089374
0.094428
0.103833
0.090137
0.096042
0.072300
0.094831
0.090603
0.104886
0.104475
0.102494
0.104921
0.120774
0.107076
0.115828
0.084742
0.125496
0.095468
0.102103
0.129797
0.097266
0.092702
0.131482
0.091703
0.110637
0.108605
0.094956
0.103097
0.617977
0.079911
0.087564
0.109055
0.092213
0.099567
0.113702
0.091647
0.120123
0.104908
0.092827
0.104930
0.107327
0.076201
0.130707
0.094369
0.095174
0.130736
0.092495
0.101234
0.095700
0.113971
0.094608
0.102151
0.123226
0.097819
0.108018
0.092952
0.106846
0.081609
0.073510
0.104951
0.124204
0.085478
0.078718
0.090488
0.088726
0.072985
0.109021
0.092100
0.092420
0.102305
0.121025
0.082456
0.122134
0.102599
0.109913
0.122359
0.095905
0.086677
0.138997
0.098337
0.117623
0.103446
0.098777
0.130942
0.123941
0.107046
0.123289
0.118812
0.128476
0.109594
0.120620
0.115673
0.082027
0.082223
0.102238
0.079199
0.093569
0.125264
0.091913
0.079361
0.111882
0.090794
0.095894
0.091488
0.120788
0.094172
0.081406
0.109091
0.122291
0.094434
0.108039
0.133731
0.095591
0.111262
0.093359
0.099278
0.102130
0.091231
0.117149
0.111955
0.091928
0.080513
0.125548
0.097712
0.109225
0.100450
0.092425
0.083596
0.106537
0.076384
0.099810
0.111486
0.074934
0.097097
0.087311
0.105228
0.110147
0.089208
0.120033
0.097038
0.106706
0.141568
0.083702
0.092701
0.097116
0.099697
0.118403
0.086327
0.102643
0.088401
0.121283
0.094555
0.091451
0.126013
0.103332
0.098126
0.116014
0.087812
0.113327
0.101016
0.098941
0.092216
0.101522
0.120006
0.110490
0.108726
0.133665
0.093958
0.074326
0.128560
0.099433
0.094533
0.107582
0.114689
0.094428
0.095442
0.134862
0.112340
0.116564
0.088693
0.091863
0.077759
0.088852
0.090446
0.085421
0.096050
0.117827
0.116708
0.105777
0.078072
0.123986
0.077632
0.081751
0.077754
0.112897
0.094602
0.100574
0.118571
0.100745
0.113279
0.120111
0.078136
0.089885
0.108558
0.120776
0.093225
0.114818
0.101301
0.122761
0.088885
0.119696
0.096324
0.111240
0.106877
0.124215
0.097121
0.083007
0.111929
0.102928
0.088870
0.110086
0.119791
0.113703
0.105682
0.095066
0.074001
0.099884
0.085521
0.105450
0.097477
0.082445
0.150834
0.101343
0.094747
0.123507
0.089487
0.104121
0.100253
0.134309
0.091190
0.091437
0.097345
0.100979
0.097470
0.128250
0.097789
0.109252
0.105852
0.129885
0.115243
0.109440
0.101770
0.111644
0.091866
0.096109
0.125329
0.086298
0.064651
0.088888
0.103734
0.090092
0.099381
0.083158
0.091574
0.100167
0.101019
0.082508
0.104489
0.088721
0.106830
0.091155
0.110824
0.115920
0.088243
0.093839
0.121531
0.093145
0.099180
0.123253
0.080906
0.096004
0.111198
0.114405
0.091954
0.100522
0.108244
0.106997
0.100631
0.133463
0.075151
0.093919
0.078542
0.132203
0.093335
0.117667
0.105217
0.119156
0.092813
0.119330
0.085374
0.112169
0.101973
0.116413
0.125567
0.098109
0.080532
0.134405
0.095524
0.099615
0.088783
0.119628
0.088638
0.097886
0.100934
0.102703
0.119714
0.124572
0.115693
0.116036
0.119338
0.137600
0.079698
0.078350
0.095704
0.097395
0.079835
0.130464
0.089769
0.115062
0.099820
0.117398
0.118510
0.111206
0.101113
0.119818
0.098201
0.269690
0.126400
0.100888
0.112128
0.122181
0.117374
0.121817
0.109726
0.115560
0.096678
0.246715
0.096118
0.099961
0.119234
0.106984
0.083887
0.071638
0.101099
0.104331
0.109609
0.109398
0.108461
0.107243
0.121592
0.131103
0.133783
0.094170
0.094423
0.142977
0.099723
0.111186
0.092177
0.115732
0.104499
0.128179
0.092611
0.094147
0.105761
0.101628
0.120036
0.091505
0.081036
0.110802
0.105978
0.097089
0.096079
0.123016
0.078208
0.084559
0.096585
0.125775
0.093832
0.099224
0.068395
0.116262
0.144317
0.111653
0.117150
0.131852
0.091547
0.106560
0.135215
0.092685
0.111416
0.123247
0.089656
0.121601
0.094468
0.087568
0.126998
0.093231
0.098530
0.100120
0.102713
0.135765
0.580771
0.070280
0.084757
0.115329
0.102010
0.108950
0.112628
0.129288
0.092771
0.102471
0.104783
0.141034
0.103455
0.113925
0.095943
0.106401
0.108660
0.111319
0.095800
0.114229
0.101851
0.104741
0.107229
0.095377
0.113218
0.131197
0.111506
0.100076
0.079433
0.099875
0.134804
0.116189
0.094684
0.091681
0.094318
0.125626
0.099188
0.090107
0.092621
0.127294
0.099375
0.092053
0.116300
0.094102
0.091425
0.112973
0.135428
0.095288
0.138716
0.100025
0.135372
0.096411
0.108497
0.089004
0.093412
0.117132
0.127386
0.092007
0.117091
0.137052
0.101975
0.126107
0.101120
0.103701
0.109180
0.071035
0.094344
0.119075
0.098120
0.097861
0.101503
0.104000
0.135398
0.093415
0.102806
0.099282
0.096841
0.119844
0.125435
0.088899
0.106903
0.098301
0.103913
0.107516
0.100008
0.091158
0.115459
0.133073
0.114056
0.097840
0.116205
0.111891
0.102387
0.107538
0.101870
0.099116
0.073726
0.092459
0.094631
0.092264
0.110507
0.099268
0.080611
0.086044
0.162004
0.105112
0.121513
0.095905
0.081650
0.122566
0.119311
0.114668
0.105969
0.106909
0.122175
0.090089
0.114021
0.104666
0.098869
0.108045
0.126544
0.101606
0.112708
0.088791
0.131542
0.100200
0.106065
0.081358
0.109876
0.087827
0.108735
0.095358
0.087928
0.122630
0.111234
0.084317
0.092690
0.115132
0.101691
0.094439
0.117017
0.098324
0.100905
0.087751
0.133136
0.092704
0.105195
0.100385
0.104634
0.107023
0.105475
0.099724
0.144903
0.101447
0.116459
0.100209
0.125717
0.098162
0.125661
0.087176
0.088991
0.094814
0.088353
0.102334
0.108965
0.074728
0.108266
0.130493
0.102924
0.115986
0.108861
0.106952
0.123135
0.087677
0.103003
0.140391
0.121987
0.088743
0.113594
0.097912
0.117473
0.095228
0.121335
0.092271
0.108495
0.128598
0.097141
0.073716
0.112771
0.116301
0.118607
0.105883
0.078330
0.093520
0.098189
0.119743
0.101731
0.084687
0.107852
0.120378
0.076591
0.085004
0.120324
0.101831
0.104325
0.120980
0.092871
0.086716
0.133296
0.103928
0.084737
0.105807
0.117499
0.108438
0.098871
0.092922
0.104176
0.102905
0.144212
0.088422
0.082130
0.091775
0.105509
0.100106
0.093005
0.073746
0.076909
0.088578
0.124031
0.094322
0.085307
0.114358
0.107201
0.105413
0.100984
0.100195
0.135710
0.088497
0.110088
0.092780
0.102765
0.101376
0.110529
0.119861
0.093629
0.098658
0.092385
0.122440
0.093603
0.087335
0.128762
0.096061
0.100835
0.103509
0.119934
0.090035
0.111998
0.119939
0.078986
0.080108
0.123542
0.111338
0.089223
0.129554
0.095228
0.094746
0.093404
0.125229
0.097823
0.115901
0.123125
0.117097
0.106840
0.098015
0.166430
0.103864
0.114915
0.113570
0.079949
0.110322
0.117487
0.125910
0.111158
0.087972
0.098694
0.111566
0.120576
0.095142
0.097522
0.076963
0.099965
0.117959
0.110045
0.100245
0.087834
0.113066
0.094091
0.097382
0.108335
0.106860
0.101006
0.112496
0.126593
0.092938
0.081091
0.121764
0.129892
0.108964
0.100862
0.107092
0.089644
0.120410
0.100706
0.112849
0.090016
0.100506
0.089972
0.118113
0.133720
0.114144
0.096944
0.082751
0.083585
0.093070
0.131710
0.095543
0.101281
0.103320
0.120167
0.078375
0.112692
0.120962
0.102251
0.096120
0.101980
0.095460
0.118357
0.101604
0.117683
0.094420
0.109962
0.118865
0.090284
0.087779
0.119533
0.123122
0.093069
0.100625
0.112180
0.086901
0.098556
0.105509
0.103290
0.076641
0.088846
0.093103
0.118060
0.085813
0.071582
0.094754
0.101087
0.085824
0.108319
0.111344
0.090123
0.098633
0.123057
0.091737
0.100054
0.080337
0.117557
0.108104
0.096489
0.100105
0.081599
0.071333
0.112891
0.121519
0.245805
0.120238
0.094749
0.114639
0.107000
0.112327
0.103088
0.092575
0.082677
0.097229
0.131090
0.267909
0.155026
0.092027
0.099188
0.126898
0.129020
0.107972
0.120877
0.114637
0.108192
0.091033
0.124596
0.114696
0.120107
0.125279
0.098930
0.128859
0.121900
0.094639
0.125955
0.116342
0.106155
0.087309
0.136232
0.089113
0.093410
0.086936
0.087891
0.081521
0.119895
0.102748
0.061839
0.083477
0.120730
0.086937
0.080177
0.116699
0.138275
0.087756
0.102639
0.114292
0.107770
0.081566
0.097124
0.124600
0.108340
0.082737
0.105225
0.090536
0.100439
0.107617
0.114639
0.099142
0.109382
0.095323
0.122976
0.088756
0.104272
0.108104
0.077044
0.062202
0.092787
0.099120
0.077705
0.093031
0.106750
0.091716
0.108609
0.090367
0.131053
0.098250
0.102094
0.109784
0.094823
0.093393
0.098865
0.099972
0.115157
0.087707
0.102978
0.099254
0.091069
0.097515
0.128911
0.092869
0.105287
0.112992
0.094928
0.083467
0.109383
0.104408
0.108288
0.076723
0.101843
0.095164
0.100371
0.122330
0.081821
0.084884
0.143775
0.088122
0.105195
0.105644
0.098910
0.075515
0.133074
0.107440
0.088713
0.128882
0.091036
0.099795
0.117529
0.142068
0.099896
0.099852
0.113456
0.117336
0.098181
0.095981
0.119060
0.106305
0.116733
0.133002
0.084256
0.091198
0.110678
0.094866
0.119826
0.130720
0.114544
0.095699
0.120550
0.087437
0.134327
0.091657
0.117246
0.099127
0.111070
0.094497
0.125888
0.095704
0.103842
0.108283
0.122399
0.118241
0.107098
0.115924
0.085844
0.113334
0.096903
0.109888
0.101974
0.136114
0.093483
0.091921
0.091192
0.081604
0.075239
0.123849
0.104057
0.072696
0.069309
0.083049
0.102723
0.113199
0.124708
0.089342
0.103616
0.124874
0.098032
0.119412
0.098716
0.114574
0.095774
0.082490
0.123158
0.093821
0.101441
0.108766
0.108475
0.088570
0.118405
0.089990
0.101610
0.111094
0.101237
0.081239
0.108788
0.084842
0.095347
0.082140
0.101367
0.105517
0.106755
0.110640
0.105730
0.131577
0.085488
0.095477
0.104019
0.100227
0.118630
0.104142
0.102315
0.113946
0.143497
0.103060
0.103575
0.117477
0.125638
0.099424
0.106523
0.105693
0.123950
0.095531
0.099662
0.107505
0.123657
0.092139
0.098721
0.078653
0.077081
0.102756
0.111054
0.095161
0.115446
0.077443
0.114529
0.080813
0.085328
0.094785
0.102531
0.122742
0.103175
0.116723
0.122080
0.112931
0.092999
0.144165
0.112284
0.108190
0.125861
0.095899
0.106192
0.111928
0.104175
0.142405
0.104443
0.108145
0.096117
0.100074
0.120521
0.071774
0.082973
0.096058
0.134422
0.088218
0.079802
0.100902
0.098132
0.105640
0.119079
0.102389
0.124981
0.105926
0.100653
0.096488
0.086913
0.101873
0.119819
0.094863
0.126494
0.100310
0.086765
0.101036
0.139994
0.120117
0.074511
0.126459
0.091560
0.088040
0.099578
0.112926
0.118255
0.098951
0.080346
0.112468
0.103521
0.128620
0.088401
0.079929
0.122958
0.087219
0.091065
0.108415
0.117183
0.124534
0.103885
0.093118
0.104711
0.077516
0.085179
0.115237
0.078364
0.105319
0.117633
0.078848
0.126169
0.136843
0.121716
0.184117
0.104887
0.094313
0.122101
0.094445
0.090808
0.074805
0.078423
0.128211
0.111301
0.096949
0.106840
0.087147
0.131302
0.088420
0.085072
0.111296
0.138080
0.089045
0.103281
0.135945
0.088974
0.109201
0.140525
0.089971
0.111299
0.117690
0.120378
0.108406
0.106517
0.109519
0.124783
0.116071
0.094310
0.089578
0.133283
0.093921
0.100732
0.089449
0.102656
0.086489
0.101322
0.118648
0.076448
0.076592
0.129785
0.110378
0.108918
0.093006
0.105971
0.087914
0.123097
0.095940
0.095840
0.114658
0.137326
0.094410
0.120276
0.097951
0.115664
0.080250
0.135895
0.096851
0.116227
0.125072
0.112982
0.092010
0.099349
0.118667
0.087558
0.072964
0.087853
0.089355
0.116864
0.102967
0.113217
0.110436
0.094864
0.102271
0.115503
0.094210
0.129068
0.084389
0.101185
0.102907
0.099648
0.116446
0.112739
0.084251
0.112592
0.093763
0.122685
0.125022
0.099079
0.113555
0.129281
0.100591
0.114474
0.093195
0.127556
0.095063
0.098645
0.100975
0.088680
0.088153
0.145669
0.093457
0.074755
0.079862
0.090845
0.109896
0.097456
0.100427
0.108311
0.120386
0.102858
0.104783
0.115162
0.085829
0.102021
0.116401
0.092058
0.121132
0.096324
0.109954
0.097904
0.081824
0.100456
0.126132
0.102225
0.081913
0.121886
0.107298
0.122573
0.093917
0.108363
0.080902
0.116301
0.101512
0.094800
0.092174
0.090250
0.097985
0.095277
0.095166
0.122694
0.113714
0.076212
0.106365
0.121017
0.109707
0.106141
0.110395
0.075316
0.093433
0.123713
0.084069
0.101773
0.124217
0.109961
0.099349
0.133985
0.095517
0.121948
0.124854
0.125920
0.098268
0.098041
0.082604
0.100082
0.129610
0.099698
0.071491
0.115006
0.109093
0.092861
0.124495
0.091714
0.116814
0.121877
0.094218
0.122013
0.087386
0.086866
0.103502
0.102037
0.097084
0.100981
0.106376
0.097495
0.093983
0.109780
0.138951
0.112783
0.073530
0.127157
0.121818
0.094606
0.109843
0.079978
0.115872
0.084416
0.081323
0.132559
0.101919
0.109892
0.098601
0.092790
0.094677
0.132019
0.092911
0.082474
0.114951
0.131274
0.109239
0.099453
0.104787
0.120797
0.093888
0.115763
0.097244
0.089107
0.099377
0.124311
0.093794
0.086326
0.107412
0.106803
0.136901
0.098275
0.098731
0.073898
0.100583
0.085240
0.093079
0.135632
0.079015
0.100190
0.128873
0.088200
0.102156
0.101178
0.118884
0.090873
0.126549
0.115129
0.072111
0.105919
0.126506
0.094188
0.095328
0.117801
0.097910
0.130921
0.110984
0.101627
0.122746
0.130745
0.097304
0.113442
0.128782
0.098590
0.090811
0.079194
0.104806
0.078864
0.111076
0.137141
0.097251
0.132329
0.096536
0.087342
0.110783
0.099492
0.101124
0.100744
0.106408
0.120899
0.085338
0.112553
0.112386
0.097101
0.084613
0.125775
0.085452
0.105617
0.103254
0.120512
0.108876
0.107202
0.087946
0.116793
0.090438
0.094164
0.113363
0.082691
0.073633
0.135323
0.096132
0.105578
0.076818
0.106170
0.099152
0.104831
0.116853
0.130481
0.106356
0.109682
0.124453
0.122733
0.095480
0.103503
0.120325
0.098025
0.123977
0.104783
0.085193
0.116450
0.117773
0.128048
0.096667
0.119046
0.120099
0.092143
0.105867
0.129529
0.080623
0.074231
0.099958
0.107997
0.094789
0.102911
0.095824
0.111976
0.077794
0.090728
0.136906
0.102556
0.076649
0.117533
0.085286
0.097047
0.088606
0.107122
0.112120
0.102906
0.120488
0.096062
0.082097
0.120679
0.128284
0.135771
0.106058
0.111207
0.121316
0.094402
0.105272
0.125387
0.082316
0.088941
0.085757
0.106298
0.096127
0.105823
0.069686
0.117648
0.080566
0.104812
0.125210
0.097446
0.109679
0.106860
0.111958
0.116819
0.087981
0.089092
0.124798
0.099468
0.090836
0.096582
0.115859
0.095197
0.080827
0.141441
0.092849
0.115996
0.098867
0.097523
0.099439
0.103497
0.095417
0.089870
0.079334
0.100072
0.093096
0.103455
0.116111
0.095039
0.098979
0.146220
0.082518
0.105914
0.120477
0.098135
0.084868
0.128421
0.097202
0.096671
0.117970
0.121367
0.095433
0.112080
0.102951
0.107792
0.112950
0.104895
0.092528
0.121643
0.092375
0.114854
0.096410
0.100728
0.104323
0.110812
0.093214
0.076124
0.190801
0.133480
0.077920
0.103606
0.115314
0.122464
0.079723
0.119297
0.102685
0.108682
0.089977
0.106723
0.106414
0.125093
0.098812
0.080893
0.121879
0.098159
0.091530
0.102795
0.119927
0.095550
0.077478
0.111618
0.107130
0.088303
0.109318
0.122032
0.091970
0.096238
0.074486
0.102457
0.096500
0.089154
0.119105
0.122607
0.097646
0.123352
0.090055
0.119218
0.094419
0.095652
0.090521
0.117021
0.090959
0.091665
0.088947
0.121066
0.086429
0.104301
0.112690
0.089451
0.101189
0.111513
0.126073
0.090506
0.080305
0.121095
0.096006
0.086982
0.137306
0.085969
0.079780
0.097883
0.087073
0.104302
0.103651
0.097855
0.086481
0.131013
0.096382
0.081357
0.116446
0.090217
0.120969
0.102131
0.113005
0.120147
0.086958
0.124026
0.106784
0.146438
0.099240
0.105820
0.130005
0.113559
0.094916
0.090628
0.092675
0.128881
0.096325
0.112055
0.100762
0.113203
0.077155
0.079372
0.086051
0.095375
0.101383
0.113514
0.092501
0.088311
0.115651
0.078783
0.096045
0.105558
0.131290
0.096478
0.107188
0.100159
0.104729
0.107102
0.096141
0.105456
0.128517
0.098652
0.100391
0.127397
0.092559
0.132556
0.093799
0.103638
0.094538
0.099663
0.111929
0.105403
0.095628
0.091404
0.083424
0.094561
0.106357
0.113081
0.072139
0.111033
0.121845
0.091029
0.098691
0.123762
0.092838
0.104440
0.124194
0.105174
0.103315
0.124254
0.123913
0.086793
0.114777
0.119212
0.108897
0.096858
0.117699
0.088396
0.081225
0.149092
0.082010
0.114375
0.106093
0.121006
0.105577
0.087124
0.107918
0.103455
0.098141
0.124814
0.094252
0.118567
0.135685
0.087085
0.097736
0.105509
0.101284
0.098755
0.099159
0.085644
0.115938
0.119534
0.089281
0.101804
0.134184
0.099384
0.092514
0.134820
0.097116
0.119485
0.128684
0.097340
0.091024
0.132614
0.113629
0.090365
0.073311
0.099936
0.086071
0.093196
0.117902
0.088965
0.085259
0.122954
0.108890
0.093691
0.091761
0.121491
0.089629
0.128231
0.107023
0.079685
0.136079
0.118054
0.094089
0.100670
0.124036
0.096871
0.092784
0.124880
0.100558
0.088930
0.099785
0.099717
0.079317
0.107403
0.116054
0.097882
0.116597
0.080485
0.067549
0.105760
0.094172
0.121848
0.089568
0.105735
0.114336
0.110780
0.111791
0.103580
0.102198
0.115022
0.105464
0.126312
0.097084
0.123473
0.103555
0.083913
0.103664
0.125106
0.083032
0.097649
0.103598
0.127237
0.089788
0.113635
0.102666
0.126940
0.109284
0.099175
0.078315
0.087753
0.102143
0.084185
0.096161
0.119372
0.068687
0.094521
0.100426
0.098905
0.094800
0.107043
0.110203
0.080764
0.131414
0.113083
0.090017
0.134398
0.137779
0.097462
0.105835
0.138042
0.106221
0.107502
0.121236
0.096187
0.089288
0.097084
0.105612
0.128482
0.109713
0.091036
0.086480
0.088582
0.096091
0.093175
0.115872
0.111414
0.113065
0.105182
0.107955
0.086245
0.090705
0.095221
0.116242
0.077198
0.097336
0.130211
0.066375
0.116513
0.113073
0.079255
0.077467
0.074616
0.099681
0.081125
0.080686
0.103341
0.118466
0.099690
0.125604
0.128100
0.116790
0.112723
0.110982
0.083798
0.090215
0.101989
0.078652
0.110782
0.091103
0.085210
0.082720
0.100799
0.122475
0.087682
0.096271
0.137197
0.090862
0.107118
0.109730
0.115733
0.104461
0.106248
0.133184
0.096722
0.106436
0.098464
0.100564
0.131080
0.093132
0.098630
0.097962
0.131938
0.091427
0.247927
0.094621
0.087064
0.091111
0.098890
0.093473
0.123001
0.124320
0.114681
0.109888
0.106591
0.086855
0.103167
0.124462
0.107505
0.111454
0.094722
0.096174
0.128883
0.098911
0.127902
0.108400
0.105825
0.097454
0.105908
0.107293
0.108085
0.119633
0.095794
0.109458
0.123119
0.125427
0.123786
0.091611
0.076645
0.102904
0.097024
0.092109
0.099393
0.073277
0.070295
0.082931
0.102884
0.109807
0.095874
0.088950
0.095966
0.100174
0.083895
0.116552
0.101849
0.080968
0.116527
0.119482
0.128711
0.106836
0.104955
0.105136
0.118405
0.113624
0.114701
0.093940
0.108189
0.126897
0.578106
0.093008
0.081221
0.123048
0.096579
0.101653
0.107527
0.103306
0.094044
0.122005
0.101093
0.098727
0.096779
0.115483
0.125368
0.115477
0.079182
0.126860
0.113946
0.103262
0.117118
0.108723
0.087414
0.131750
0.084510
0.105191
0.105458
0.108557
0.089062
0.133935
0.091846
0.102854
0.079207
0.100496
0.084813
0.105091
0.093067
0.071833
0.113660
0.101397
0.076770
0.118312
0.099840
0.123669
0.108566
0.110452
0.119245
0.124740
0.090511
0.111582
0.086391
0.137112
0.138790
0.117668
0.095307
0.108379
0.098859
0.132967
0.116558
0.091273
0.076818
0.148795
0.111161
0.084510
0.078660
0.100042
0.093183
0.113873
0.104180
0.104060
0.140237
0.103897
0.078487
0.103014
0.090458
0.082704
0.096422
0.097931
0.128993
0.086174
0.113904
0.133819
0.088206
0.116347
0.105359
0.087617
0.102720
0.106828
0.099503
0.094350
0.116996
0.090137
0.093562
0.129133
0.084138
0.117964
0.069669
0.106842
0.075699
0.097545
0.110702
0.108800
0.074130
0.094300
0.111853
0.091942
0.117006
0.117303
0.093685
0.094514
0.095609
0.101986
0.138837
0.113278
0.137994
0.098310
0.114125
0.121113
0.108406
0.127583
0.093907
0.106182
0.145999
0.109769
0.073534
0.136118
0.144990
0.097226
0.071579
0.070764
0.112936
0.094373
0.092021
0.128750
0.098228
0.104433
0.099873
0.103310
0.098212
0.110232
0.099993
0.089872
0.083427
0.105751
0.109114
0.104881
0.091137
0.102180
0.123479
0.106201
0.117966
0.100452
0.107445
0.105808
0.106741
0.113941
0.116753
0.119767
0.129078
0.119633
0.065455
0.092232
0.090967
0.122594
0.121549
0.064376
0.093570
0.089513
0.116974
0.120033
0.106254
0.093108
0.082747
0.103942
0.091858
0.095743
0.112259
0.072774
0.109049
0.104280
0.074294
0.113943
0.105863
0.120041
0.102890
0.100571
0.100067
0.113809
0.116866
0.112500
0.092830
0.092855
0.088146
0.091865
0.101043
0.103491
0.115710
0.118658
0.137253
0.103744
0.123748
0.082211
0.136389
0.102731
0.099121
0.124466
0.110659
0.114008
0.088913
0.123268
0.148515
0.120277
0.096993
0.102550
0.122096
0.099555
0.091584
0.129602
0.095608
0.082217
0.123729
0.096594
0.086083
0.118545
0.072810
0.077566
0.114655
0.110601
0.118166
0.105613
0.087414
0.091574
0.095234
0.113897
0.101418
0.130035
0.089426
0.103629
0.114804
0.093340
0.090832
0.109695
0.093891
0.120980
0.104211
0.107624
0.092568
0.118579
0.091549
0.101262
0.098723
0.133491
0.084742
0.108035
0.101775
0.123082
0.082412
0.097723
0.090415
0.098471
0.122557
0.098659
0.090388
0.114169
0.106120
0.109018
0.099248
0.103118
0.081988
0.081424
0.117954
0.094752
0.100290
0.137495
0.096670
0.259535
0.098032
0.230438
0.087080
0.102467
0.096220
0.150019
0.109089
0.222809
0.113774
0.118976
0.087777
0.114102
0.083034
0.178342
0.135256
0.086123
0.110699
0.096931
0.066831
0.113461
0.107779
0.076542
0.092954
0.101454
0.112619
0.083319
0.121256
0.097437
0.105927
0.120210
0.098438
0.078518
0.127062
0.095186
0.107318
0.103150
0.101318
0.118574
0.088108
0.100768
0.111452
0.126645
0.076121
0.073536
0.095413
0.135672
0.130518
0.095308
0.103501
0.140868
0.092116
0.111301
0.122646
0.097653
0.099619
0.122737
0.096694
0.107193
0.099855
0.093272
0.136270
0.100267
0.125932
0.081472
0.113448
0.124450
0.091638
0.114826
0.096875
0.098129
0.134327
0.102527
0.093195
0.114817
0.091811
0.092359
0.125535
0.118790
0.130408
0.086998
0.080606
0.141145
0.083795
0.117246
0.115298
0.133833
0.102891
0.126491
0.087365
0.113985
0.106279
0.125682
0.100262
0.111715
0.091301
0.122578
0.106268
0.098399
0.132758
0.097652
0.094549
0.147162
0.587264
0.092503
0.112590
0.098590
0.081291
0.239254
0.097181
0.112956
0.090846
0.115056
0.097692
0.125450
0.123279
0.124620
0.092350
0.110709
0.103064
0.093955
0.117189
0.122454
0.086394
0.126602
0.094804
0.095823
0.116401
0.110453
0.084983
0.117191
0.091925
0.100190
0.101481
0.086400
0.119120
0.104291
0.104634
0.089317
0.080753
0.121768
0.094404
0.089727
0.128923
0.125467
0.127276
0.095072
0.117277
0.113880
0.132011
0.100163
0.105212
0.099850
0.112782
0.094180
0.107977
0.126140
0.115856
0.079939
0.101796
0.120257
0.112762
0.095813
0.105570
0.096675
0.084546
0.073241
0.090844
0.124981
0.118123
0.091376
0.096376
0.116248
0.108400
0.085150
0.107806
0.121769
0.102809
0.078494
0.089369
0.075101
0.099213
0.117382
0.075090
0.125671
0.098342
0.112157
0.114554
0.123304
0.277024
0.121365
0.100056
0.087336
0.087564
0.092370
0.100361
0.081399
0.067307
0.078747
0.086212
0.098939
0.114214
0.107396
0.073726
0.081105
0.083612
0.091398
0.126196
0.128578
0.111091
0.098111
0.081246
0.118360
0.083602
0.145430
0.123087
0.256450
0.110721
0.074331
0.100610
0.111088
0.093386
0.106081
0.115768
0.119998
0.104729
0.128209
0.095412
0.091932
0.081967
0.102239
0.075069
0.115498
0.121208
0.094650
0.111390
0.094175
0.133232
0.091670
0.114656
0.163549
0.098779
0.114294
0.112207
0.094755
0.122508
0.125629
0.091445
0.120027
0.082842
0.102804
0.100810
0.120764
0.083781
0.122641
0.106161
0.105522
0.100311
0.102870
0.105894
0.110395
0.085231
0.087452
0.090814
0.091528
0.118043
0.074689
0.078519
0.107415
0.122996
0.096349
0.098767
0.105066
0.088290
0.104459
0.122668
0.079905
0.079664
0.130293
0.091410
0.100114
0.101158
0.115285
0.092314
0.101754
0.101809
0.109277
0.094759
0.098356
0.089443
0.096750
0.118717
0.106262
0.075519
0.076977
0.094310
0.086518
0.135120
0.120471
0.078733
0.132569
0.096736
0.093559
0.101533
0.124299
0.101619
0.098766
0.129012
0.095479
0.084931
0.128508
0.127660
0.084191
0.103308
0.129149
0.113150
0.093899
0.103435
0.117652
0.098826
0.080964
0.112550
0.119462
0.107648
0.082447
0.114141
0.094108
0.077917
0.083582
0.115435
0.096698
0.090400
0.091827
0.107641
0.111899
0.091282
0.091675
0.104476
0.096062
0.100033
0.097108
0.110241
0.129804
0.103576
0.093681
0.084297
0.099504
0.112204
0.105355
0.100809
0.088015
0.102165
0.093467
0.111339
0.121000
0.105088
0.092543
0.085822
0.081708
0.119529
0.110197
0.083009
0.087226
0.114028
0.092623
0.114461
0.135062
0.096617
0.095921
0.106704
0.106499
0.078062
0.100635
0.067288
0.069903
0.058622
0.100918
0.098667
0.082842
0.074908
0.118789
0.105843
0.083587
0.099095
0.123267
0.125483
0.126538
0.106826
0.102130
0.114583
0.108443
0.096883
0.094589
0.097315
0.088348
0.105678
0.124259
0.088125
0.093160
0.083836
0.102785
0.106438
0.095940
0.107631
0.118662
0.093795
0.132833
0.087003
0.109811
0.108055
0.138462
0.091752
0.118693
0.121730
0.116060
0.093329
0.109020
0.102843
0.120837
0.101291
0.088424
0.104774
0.136565
0.118763
0.078163
0.099314
0.096497
0.097669
0.084406
0.103509
0.121193
0.095333
0.099463
0.089172
0.135313
0.110500
0.087801
0.093507
0.131965
0.103928
0.084215
0.110972
0.119570
0.109233
0.106297
0.095032
0.110892
0.118183
0.115775
0.079804
0.122381
0.135489
0.097088
0.093355
0.129846
0.086424
0.083926
0.073834
0.113211
0.095269
0.081409
0.121243
0.079810
0.117280
0.096657
0.089007
0.130072
0.100930
0.128981
0.104047
0.102077
0.095818
0.113831
0.116386
0.129625
0.097092
0.105873
0.130723
0.094078
0.097936
0.122083
0.097042
0.112737
0.118961
0.085757
0.579588
0.082370
0.094330
0.112724
0.099263
0.124945
0.100206
0.087179
0.113636
0.094914
0.130368
0.098130
0.114599
0.096042
0.125634
0.106042
0.096585
0.126927
0.092768
0.130772
0.094386
0.085123
0.117846
0.106568
0.125648
0.112968
0.079353
0.139545
0.095034
0.094907
0.122181
0.095129
0.079187
0.103938
0.093743
0.098913
0.107381
0.094179
0.077380
0.117566
0.094870
0.106156
0.099709
0.099526
0.095219
0.132949
0.108652
0.118220
0.095272
0.123999
0.100459
0.117017
0.106661
0.097032
0.107699
0.130523
0.095767
0.096323
0.121836
0.109430
0.091318
0.112193
0.124956
0.082484
0.068747
0.085747
0.107387
0.094087
0.099902
0.101210
0.121305
0.094968
0.103948
0.104672
0.093830
0.102045
0.119649
0.094017
0.116616
0.119954
0.075303
0.117630
0.118560
0.072460
0.125849
0.105877
0.116295
0.115191
0.093502
0.136090
0.120824
0.124022
0.107321
0.091026
0.126979
0.125074
0.073705
0.105930
0.081894
0.096436
0.093856
0.105203
0.078949
0.122497
0.095914
0.092953
0.094126
0.124329
0.093478
0.115177
0.130559
0.089680
0.118638
0.101696
0.114579
0.109600
0.086779
0.102830
0.120402
0.103154
0.096508
0.116609
0.124631
0.128397
0.090401
0.140984
0.135879
0.125288
0.088925
0.088931
0.076605
0.080048
0.095624
0.108690
0.122946
0.106600
0.087353
0.084519
0.111555
0.083837
0.112935
0.090352
0.108534
0.120476
0.115446
0.115330
0.114336
0.100896
0.109486
0.107970
0.088958
0.116554
0.119238
0.112754
0.119777
0.119884
0.099176
0.127106
0.115915
0.101125
0.073295
0.061685
0.097523
0.092818
0.117887
0.091811
0.098213
0.094788
0.106081
0.085317
0.100216
0.126510
0.097768
0.088436
0.107146
0.117664
0.140894
0.126440
0.092426
0.109704
0.096699
0.097524
0.110227
0.093358
0.113898
0.097040
0.141499
0.098596
0.083977
0.130862
0.108179
0.139035
0.080644
0.062599
0.098202
0.110090
0.124462
0.093152
0.108779
0.105962
0.101273
0.084766
0.129227
0.102131
0.121212
0.108446
0.089104
0.092278
0.140681
0.094057
0.130643
0.090525
0.113982
0.117309
0.079843
0.109494
0.089889
0.109738
0.102348
0.112614
0.098814
0.102334
0.106869
0.116338
0.111168
0.083664
0.089239
0.093205
0.114335
0.093903
0.074430
0.116961
0.093231
0.077479
0.102524
0.105795
0.113048
0.103866
0.114540
0.131040
0.116773
0.088493
0.137590
0.085054
0.131144
0.097667
0.105294
0.090796
0.115513
0.112065
0.117096
0.139874
0.085155
0.109801
0.114257
0.124293
0.105491
0.087969
0.116979
0.089264
0.104617
0.121548
0.102357
0.104527
0.117239
0.129614
0.097908
0.096447
0.090304
0.125246
0.105927
0.090922
0.119640
0.073613
0.105936
0.098916
0.120988
0.105848
0.090433
0.109004
0.135642
0.088773
0.105371
0.112043
0.093688
0.124416
0.128210
0.090790
0.103956
0.069516
0.090902
0.100191
0.127385
0.086445
0.081850
0.113396
0.103109
0.092173
0.108000
0.097995
0.116806
0.107732
0.106378
0.106279
0.105563
0.119684
0.102210
0.102321
0.115168
0.146042
0.087753
0.114454
0.113173
0.124963
0.093166
0.095675
0.103777
0.097466
0.109239
0.128344
0.086566
0.082868
0.099942
0.095824
0.116570
0.120926
0.109089
0.111010
0.120395
0.116998
0.101800
0.110150
0.099291
0.134327
0.091299
0.088724
0.108313
0.121002
0.097057
0.081717
0.097948
0.120502
0.088668
0.103703
0.095022
0.101251
0.115352
0.121913
0.074650
0.110583
0.129053
0.106507
0.081892
0.087487
0.099916
0.104828
0.081697
0.100426
0.072114
0.097361
0.125699
0.244759
0.140043
0.103525
0.102478
0.089838
0.090436
0.069827
0.087191
0.126577
0.118238
0.110454
0.126265
0.100920
0.088705
0.122137
0.095361
0.118344
0.096118
0.105608
0.119559
0.588270
0.076509
0.091406
0.115039
0.142576
0.114347
0.102822
0.097981
0.116101
0.093994
0.100678
0.095177
0.112163
0.096254
0.113163
0.094466
0.108331
0.127693
0.084891
0.110155
0.116819
0.090373
0.122299
0.094105
0.117250
0.092761
0.101941
0.123919
0.099307
0.099079
0.122794
0.096135
0.084210
0.107923
0.090979
0.082915
0.127721
0.075577
0.101174
0.101908
0.107742
0.117914
0.098751
0.107548
0.110761
0.122960
0.109473
0.087089
0.119083
0.122823
0.094518
0.115064
0.102353
0.087424
0.118426
0.097557
0.110743
0.104055
0.125977
0.089589
0.123172
0.112341
0.117257
0.123236
0.084681
0.069168
0.110121
0.089467
0.106724
0.100288
0.130197
0.141633
0.085744
0.126126
0.110102
0.078066
0.100413
0.117121
0.122407
0.095350
0.111420
0.081749
0.103160
0.088940
0.110297
0.092978
0.104579
0.126948
0.096358
0.098968
0.143939
0.090127
0.117213
0.094919
0.104430
0.107794
0.091130
0.078295
0.106725
0.090748
0.108936
0.073777
0.103002
0.097695
0.103631
0.108280
0.096101
0.114285
0.095299
0.136684
0.096571
0.085558
0.134952
0.102902
0.106017
0.123975
0.100559
0.104462
0.128347
0.124550
0.093900
0.102572
0.139384
0.085797
0.118422
0.095432
0.098416
0.095513
0.080263
0.077371
0.103356
0.094410
0.101581
0.096797
0.101374
0.121325
0.109193
0.083938
0.124512
0.093112
0.092178
0.117749
0.127544
0.078463
0.101181
0.123479
0.103768
0.119310
0.141895
0.088490
0.115984
0.125457
0.112038
0.090165
0.101536
0.095285
0.108887
0.101286
0.114128
0.104678
0.089981
0.070630
0.129056
0.096800
0.099711
0.103650
0.099294
0.088810
0.131246
0.087375
0.106562
0.122720
0.094484
0.101182
0.124294
0.078100
0.099732
0.125677
0.104903
0.095695
0.130972
0.089915
0.093736
0.091908
0.123358
0.094463
0.115945
0.127647
0.102904
0.081840
0.130006
0.089838
0.099493
0.082584
0.082760
0.110893
0.108449
0.102900
0.103575
0.118286
0.095331
0.081759
0.120708
0.097847
0.114506
0.120976
0.142705
0.086654
0.125899
0.094609
0.097303
0.097663
0.127130
0.119303
0.127954
0.101259
0.100960
0.092435
0.149232
0.090372
0.094886
0.144835
0.100058
0.079308
0.101652
0.074671
0.087805
0.124794
0.105200
0.088898
0.082939
0.097414
0.096713
0.091966
0.110480
0.090931
0.113977
0.123083
0.113307
0.105232
0.081549
0.127743
0.111379
0.099362
0.107952
0.102145
0.106519
0.090343
0.105994
0.124252
0.109355
0.093874
0.102749
0.106160
0.123663
0.119312
0.098333
0.082340
0.073692
0.082779
0.088267
0.098218
0.110123
0.091976
0.119220
0.093137
0.103502
0.104153
0.137663
0.118505
0.144467
0.116029
0.160114
0.105088
0.100947
0.088609
0.093519
0.090337
0.091796
0.123850
0.132324
0.101628
0.123717
0.144360
0.097432
0.121740
0.096436
0.098609
0.078122
0.085363
0.092573
0.111700
0.124374
0.065834
0.089681
0.114437
0.097770
0.093156
0.100266
0.134324
0.090575
0.128460
0.150713
0.087266
0.099818
0.136330
0.093237
0.093139
0.139243
0.094906
0.103794
0.112562
0.109615
0.092523
0.128332
0.085332
0.091497
0.124887
0.105979
0.101337
0.105867
0.076833
0.078445
0.110064
0.091937
0.082998
0.134653
0.093521
0.117676
0.096834
0.110390
0.094456
0.088517
0.127702
0.128553
0.080059
0.117087
0.117460
0.132615
0.094943
0.106331
0.138766
0.103375
0.122287
0.099540
0.096738
0.115857
0.093041
0.101392
0.113807
0.119606
0.086770
0.097239
0.076533
0.084289
0.115965
0.100460
0.100227
0.072090
0.108387
0.094855
0.068102
0.127773
0.104776
0.109074
0.110587
0.120292
0.113862
0.134061
0.093583
0.129607
0.118074
0.107184
0.124768
0.088442
0.080180
0.128174
0.094861
0.124965
0.091149
0.102277
0.101447
0.103312
0.103166
0.111647
0.076826
0.086019
0.117738
0.098255
0.094334
0.093180
0.113289
0.120226
0.097001
0.116247
0.137589
0.101942
0.080688
0.146747
0.109896
0.098340
0.091617
0.110194
0.123808
0.129528
0.083658
0.098881
0.102109
0.124256
0.081307
0.103399
0.102146
0.109615
0.093662
0.101715
0.094940
0.113745
0.073864
0.108409
0.079733
0.109812
0.093658
0.090324
0.081891
0.098303
0.116641
0.114730
0.113448
0.095216
0.080677
0.111074
0.123645
0.096610
0.100884
0.098230
0.117323
0.125189
0.107852
0.086807
0.097428
0.130514
0.108937
0.103723
0.103138
0.116516
0.088907
0.103849
0.099468
0.123687
0.076156
0.077485
0.075903
0.091403
0.114727
0.088696
0.097313
0.122515
0.104159
0.102157
0.091249
0.107310
0.095152
0.114146
0.091565
0.113429
0.115453
0.104962
0.105007
0.117559
0.098143
0.076192
0.065404
0.105435
0.097626
0.123497
0.090230
0.101010
0.105101
0.102869
0.099765
0.129376
0.098161
0.059762
0.079686
0.077287
0.132611
0.098273
0.074609
0.074005
0.115540
0.116639
0.081861
0.117423
0.118178
0.115231
0.129886
0.112184
0.093537
0.130264
0.088553
0.116121
0.084145
0.129898
0.089262
0.081793
0.134815
0.201464
0.124228
0.146705
0.082607
0.130036
0.131148
0.093335
0.072266
0.095106
0.074343
0.107065
0.129570
0.110194
0.075185
0.122673
0.126486
0.115206
0.118606
0.127381
0.076488
0.125069
0.119593
0.075657
0.111791
0.132307
0.092053
0.135775
0.093638
0.103144
0.116864
0.094509
0.121092
0.096480
0.226147
0.088327
0.097173
0.113552
0.120983
0.081364
0.065076
0.102459
0.092080
0.100352
0.085288
0.092969
0.095938
0.085058
0.120013
0.104079
0.104982
0.120997
0.139879
0.100469
0.077692
0.101682
0.124750
0.129402
0.082794
0.110564
0.102969
0.095357
0.079550
0.129650
0.096159
0.108352
0.112645
0.116031
0.101855
0.123078
0.098919
0.114514
0.081807
0.086151
0.106507
0.094308
0.102412
0.121789
0.090492
0.138495
0.085496
0.118690
0.094192
0.107378
0.101745
0.132448
0.141887
0.121807
0.085772
0.133039
0.118369
0.103544
0.115683
0.099078
0.098597
0.114900
0.101356
0.136763
0.095885
0.095402
0.123497
0.095057
0.196014
0.087266
0.089233
0.117746
0.099313
0.089192
0.070511
0.080021
0.139552
0.090399
0.107737
0.114058
0.115730
0.125750
0.103777
0.080693
0.099002
0.105171
0.100658
0.088788
0.088268
0.088568
0.115814
0.092408
0.122036
0.095032
0.105332
0.127225
0.102092
0.085843
0.126242
0.103606
0.099231
0.078854
0.088816
0.111373
0.098372
0.105385
0.121540
0.104773
0.118372
0.115598
0.103911
0.111137
0.093870
0.113184
0.092596
0.111869
0.086800
0.097224
0.122473
0.089547
0.095296
0.098086
0.120161
0.079447
0.091059
0.129337
0.090401
0.110470
0.116676
0.110028
0.100367
0.124820
0.096798
0.125845
0.074629
