4
5
5
5
5
5
5
5
6
6
6
6
6
6
6
7
7
7
7
7
7
7
7
7
8
8
8
8
8
8
8
8
8
8
8
8
9
9
9
9
9
9
9
9
9
9
9
9
9
10
10
10
10
10
10
10
10
10
10
10
10
10
10
11
11
11
11
11
11
11
11
11
11
11
11
11
11
11
11
12
12
12
12
12
12
12
12
12
12
12
12
12
12
12
13
13
13
13
13
13
13
13
13
13
13
13
13
13
13
13
14
14
14
14
14
14
14
14
14
14
14
14
14
14
14
14
14
14
15
15
15
15
15
15
15
15
15
15
15
15
15
15
15
15
15
16
16
16
16
16
16
16
16
16
16
16
16
16
16
16
16
16
17
17
17
17
17
17
17
17
17
17
17
17
17
17
17
17
18
18
18
18
18
18
18
18
18
18
18
18
18
18
18
18
18
19
19
19
19
19
19
19
19
19
19
19
19
19
19
19
19
19
20
20
20
20
20
20
20
20
20
20
20
20
20
20
20
20
20
21
21
21
21
21
21
21
21
21
21
21
21
21
21
21
21
21
22
22
22
22
22
22
22
22
22
22
22
22
22
22
22
22
22
23
23
23
23
23
23
23
23
23
23
23
4
23
4
23
5
23
5
23
5
23
5
23
5
24
5
24
6
24
6
24
6
24
6
24
6
24
6
24
6
24
6
24
7
24
7
24
7
24
7
24
7
24
7
24
7
24
7
25
7
25
8
25
8
25
8
25
8
25
8
25
8
25
8
25
8
25
8
25
8
25
8
25
8
25
9
25
9
25
9
25
9
26
9
26
9
26
9
26
9
26
9
26
9
26
9
26
9
26
9
26
10
26
10
26
10
26
10
26
10
26
10
26
10
26
10
27
10
27
10
27
10
27
10
27
10
27
10
27
10
27
11
27
11
27
11
27
11
27
11
27
11
27
11
27
11
27
11
27
11
28
11
28
11
28
11
28
11
28
11
28
12
28
12
28
12
28
12
28
12
28
12
28
12
28
12
28
12
28
12
28
12
28
12
29
12
29
12
29
12
29
13
29
13
29
13
29
13
29
13
29
13
29
13
29
13
29
13
29
13
29
13
29
13
29
13
29
13
30
13
30
13
30
14
30
14
30
14
30
14
30
14
30
14
30
14
30
14
30
14
30
14
30
14
30
14
30
14
30
14
30
14
31
14
31
14
31
15
31
15
31
15
31
15
31
15
31
15
31
15
31
15
31
15
31
15
31
15
31
15
31
15
31
15
32
15
32
15
32
15
32
16
32
16
32
16
32
16
32
16
32
16
32
16
32
16
32
16
32
16
32
16
32
16
32
16
32
16
33
16
33
16
33
16
33
17
33
17
33
17
33
17
33
17
33
17
33
17
33
17
33
17
33
17
33
17
33
17
33
17
33
17
34
17
34
17
34
18
34
18
34
18
34
18
34
18
34
18
34
18
34
18
34
18
34
18
34
18
34
18
34
18
34
18
34
18
35
18
35
18
35
18
35
19
35
19
35
19
35
19
35
19
35
19
35
19
35
19
35
19
35
19
35
19
35
19
35
19
35
19
36
19
36
19
36
20
36
20
36
20
36
20
36
20
36
20
36
20
36
20
36
20
36
20
36
20
36
20
36
20
36
20
36
20
37
20
37
20
37
21
37
21
37
21
37
21
37
21
37
21
37
21
37
21
37
21
37
21
37
21
37
21
37
21
37
21
37
21
38
21
38
21
38
22
38
22
38
22
38
22
38
22
38
22
38
22
38
22
38
22
38
22
38
22
38
22
38
22
38
22
38
22
39
22
39
22
39
23
39
23
39
23
39
23
39
23
39
23
39
23
39
23
39
23
39
23
39
23
39
23
39
23
39
23
39
23
40
23
40
23
40
24
40
24
40
24
40
24
40
24
40
24
40
24
40
24
40
24
40
24
40
24
40
24
40
24
40
24
40
24
41
24
41
24
41
25
41
25
41
25
41
25
41
25
41
25
41
25
41
25
41
25
41
25
41
25
41
25
41
25
41
25
41
25
42
25
42
25
42
26
42
26
42
26
42
26
42
26
42
26
42
26
42
26
42
26
42
26
42
26
42
26
42
26
42
26
42
26
43
26
43
26
43
27
43
27
43
27
43
27
43
27
43
27
43
27
43
27
43
27
43
27
43
27
43
27
43
27
43
27
43
27
44
27
44
27
44
28
44
28
44
28
44
28
44
28
44
28
44
28
44
28
44
28
44
28
44
28
44
28
44
28
44
28
44
28
45
