5
6
6
6
6
6
6
6
8
8
8
8
8
8
8
10
10
10
10
10
10
10
10
10
11
11
11
11
11
11
11
11
11
11
11
11
12
12
12
12
12
12
12
12
12
12
12
12
12
13
13
13
13
13
13
13
13
13
13
13
13
13
13
14
14
14
14
14
14
14
14
14
14
14
14
14
14
14
14
15
15
15
15
15
15
15
15
15
15
15
15
15
15
15
15
15
15
15
15
15
15
15
15
15
15
15
15
15
15
15
16
16
16
16
16
16
16
16
16
16
16
16
16
16
16
16
16
16
17
17
17
17
17
17
17
17
17
17
17
17
17
17
17
17
17
18
18
18
18
18
18
18
18
18
18
18
18
18
18
18
18
18
18
18
18
18
18
18
18
18
18
18
18
18
18
18
18
18
19
19
19
19
19
19
19
19
19
19
19
19
19
19
19
19
19
19
19
19
19
19
19
19
19
19
19
19
19
19
19
19
19
19
20
20
20
20
20
20
20
20
20
20
20
20
20
20
20
20
20
21
21
21
21
21
21
21
21
21
21
21
21
21
21
21
21
21
22
22
22
22
22
22
22
22
22
22
22
22
22
22
22
22
22
23
23
23
23
23
23
23
23
23
23
23
5
23
5
23
6
23
6
23
6
23
6
23
6
24
6
24
7
24
7
24
7
24
7
24
7
24
7
24
7
24
7
24
9
24
9
24
9
24
9
24
9
24
9
24
9
24
9
25
9
25
10
25
10
25
10
25
10
25
10
25
10
25
10
25
10
25
10
25
10
25
10
25
10
25
11
25
11
25
11
25
11
26
11
26
11
26
11
26
11
26
11
26
11
26
11
26
11
26
11
26
12
26
12
26
12
26
12
26
12
26
12
26
12
26
12
27
12
27
12
27
12
27
12
27
12
27
12
27
12
27
13
27
13
27
13
27
13
27
13
27
13
27
13
27
13
27
13
27
13
27
13
27
13
27
13
27
13
27
13
27
13
27
13
27
13
27
13
27
13
27
13
27
13
27
13
27
13
27
13
27
13
27
13
28
13
28
13
28
13
28
13
28
13
28
13
28
13
28
13
28
13
28
13
28
13
28
13
28
13
28
13
28
13
28
13
28
13
29
13
29
13
29
13
29
13
29
13
29
13
29
13
29
13
29
13
29
13
29
13
29
13
29
13
29
13
29
13
29
13
29
13
30
13
30
13
30
14
30
14
30
14
30
14
30
14
30
14
30
14
30
14
30
14
30
14
30
14
30
14
30
14
30
14
31
14
31
14
31
14
31
15
31
15
31
15
31
15
31
15
31
15
31
15
31
15
31
15
31
15
31
15
31
15
31
15
31
15
32
15
32
15
32
15
32
16
32
16
32
16
32
16
32
16
32
16
32
16
32
16
32
16
32
16
32
16
32
16
32
16
32
16
32
16
32
16
32
16
32
16
32
16
32
16
32
16
32
16
32
16
32
16
32
16
32
16
32
16
32
16
32
16
32
16
32
16
32
16
32
16
32
16
32
17
32
17
32
17
32
17
32
17
32
17
32
17
32
17
32
17
32
17
32
17
32
17
32
17
32
17
33
17
33
17
33
18
33
18
33
18
33
18
33
18
33
18
33
18
33
18
33
18
33
18
33
18
33
18
33
18
33
18
33
18
34
18
34
18
34
19
34
19
34
19
34
19
34
19
34
19
34
19
34
19
34
19
34
19
34
19
34
19
34
19
34
19
34
19
34
19
34
19
34
20
34
20
34
20
34
20
34
20
34
20
34
20
34
20
34
20
34
20
34
20
34
20
34
20
34
20
34
20
34
20
34
20
34
21
34
21
34
21
34
21
34
21
34
21
34
21
34
21
34
21
34
21
34
21
34
21
34
21
34
21
34
21
34
21
34
21
34
21
34
21
34
21
34
21
34
21
34
21
34
21
34
21
34
21
34
21
34
21
34
21
34
21
34
21
34
21
35
21
35
21
35
22
35
22
35
22
35
22
35
22
35
22
35
22
35
22
35
22
35
22
35
22
35
22
35
22
35
22
35
22
35
22
35
22
35
23
35
23
35
23
35
23
35
23
35
23
35
23
35
23
35
23
35
23
35
23
35
23
35
23
35
23
35
23
36
23
36
23
36
23
36
23
36
23
36
23
36
23
36
23
36
23
36
23
36
23
36
23
36
23
36
23
36
23
36
23
36
23
37
23
37
23
37
24
37
24
37
24
37
24
37
24
37
24
37
24
37
24
37
24
37
24
37
24
37
24
37
24
37
24
37
24
38
