2.526572
0.034090
0.023882
0.032228
0.033538
0.036961
0.034294
0.033740
0.034355
0.034820
0.037858
0.036917
0.034353
0.021641
0.031387
0.039959
0.047382
0.035772
0.035866
0.034187
0.028682
0.030102
0.037492
0.028638
0.020806
0.021597
0.020331
0.025351
0.035042
0.033769
0.032547
0.034906
0.029831
0.043956
0.033828
0.037110
0.029263
0.032766
0.036688
0.037975
0.024968
0.025128
0.024209
0.024275
0.018956
0.027027
0.035516
0.036840
0.025998
0.034750
0.030638
0.036523
0.035976
0.035726
0.035543
0.037698
0.036884
0.034511
0.037039
0.018495
0.034391
0.032859
0.038663
0.038544
0.034683
0.048759
0.037464
0.036227
0.035619
0.031450
0.032683
0.035449
0.035341
0.037166
0.035258
0.035817
0.035655
0.035748
0.037278
0.024310
0.019937
0.020195
0.018972
0.022705
0.034161
0.035234
0.035930
0.044887
0.036390
0.035846
0.036038
0.032798
0.019606
0.033786
0.031469
0.035518
0.040007
0.035584
0.036435
0.031814
0.035913
0.035460
0.035440
0.020320
0.034905
0.034151
0.033026
0.035590
0.036782
0.035266
0.037168
0.036265
0.035495
0.035627
0.021214
0.034311
0.034552
0.032473
0.035866
0.036621
0.034403
0.036073
0.035346
0.034761
0.035169
0.022203
0.033303
0.033504
0.036240
0.035189
0.035199
0.034247
0.034768
0.036773
0.035262
0.019555
0.018729
0.018935
0.019877
0.032302
0.036850
0.036310
0.036131
0.035149
0.042872
0.035894
0.036605
0.025372
0.033052
0.030569
0.036380
0.022874
0.023907
0.021979
0.025889
0.017995
0.034647
0.032943
0.033433
0.027505
0.045824
0.038529
0.043061
0.035018
0.035146
0.035516
0.036575
0.034924
0.034516
0.024284
0.019010
0.022127
0.027381
0.034204
0.035339
0.035361
0.032808
0.034902
0.035991
0.033941
0.034533
0.017401
0.034956
0.030014
0.034232
0.033382
0.033686
0.032902
0.033003
0.033698
0.035642
0.031171
0.019188
0.019753
0.018752
0.025389
0.026940
0.036728
0.035184
0.035675
0.034922
0.036645
0.035051
0.036254
0.020329
0.032658
0.034467
0.034146
0.034204
0.033931
0.034587
0.034898
0.035202
0.034551
0.033484
0.028048
0.032263
0.034965
0.034656
0.042808
0.036110
0.036124
0.035572
0.035587
0.019796
0.032825
0.035023
0.025598
0.033545
0.033894
0.033557
0.033197
0.034395
0.033957
0.033822
0.031958
0.033090
0.032159
0.036331
0.034392
0.034189
0.033286
0.033153
0.032445
0.033906
0.032493
0.036564
0.028964
0.019119
0.019243
0.018654
0.021039
0.032073
0.033218
0.031499
0.033899
0.032666
0.035897
0.041460
0.034567
0.029983
0.031411
0.033367
0.034182
0.031837
0.023077
0.024516
0.023547
0.016818
0.029505
0.033962
0.033500
0.027919
0.090787
2.582816
0.034935
0.024484
0.020727
0.022495
0.024203
0.033601
0.033042
0.032994
0.026328
0.038420
0.033794
0.036819
0.035049
0.026459
0.035060
0.035485
0.031569
0.036791
0.034558
0.038071
0.032424
0.036839
0.037529
0.036241
0.026935
0.033250
0.032338
0.037616
0.033856
0.038144
0.021183
0.031793
0.034163
0.036612
0.027311
0.034648
0.033220
0.036541
0.033983
0.036549
0.033174
0.036668
0.033149
0.037025
0.033235
0.025913
0.035048
0.033689
0.032140
0.044630
0.034225
0.037769
0.034442
0.035118
0.034268
0.022482
0.018339
0.019643
0.019077
0.024204
0.034074
0.036161
0.034446
0.035029
0.033829
0.036887
0.034442
0.037155
0.019638
0.034931
0.028891
0.036851
0.020928
0.028189
0.021431
0.025048
0.023054
0.023169
0.034905
0.034354
0.022276
0.034788
0.028096
0.036832
0.033559
0.035943
0.031383
0.036554
0.041156
0.036958
0.034032
0.021648
0.033667
0.034018
0.034029
0.033932
0.035210
0.035623
0.034070
0.036671
0.034422
0.035851
0.019874
0.036607
0.031012
0.036919
0.041003
0.036279
0.034352
0.035481
0.035539
0.030578
0.019435
0.020651
0.020105
0.022358
0.035203
0.037099
0.035500
0.035571
0.035473
0.036022
0.034602
0.036117
0.019703
0.042467
0.029407
0.034833
0.033951
0.035804
0.034306
0.036780
0.032880
0.035920
0.033678
0.020103
0.030353
0.033944
0.034960
0.035734
0.034263
0.034398
0.031046
0.036789
0.036680
0.043218
0.029634
0.035490
0.035421
0.036945
0.034939
0.035485
0.033819
0.035229
0.034354
0.034561
0.033946
0.024139
0.026116
0.035801
0.034369
0.034783
0.041627
0.035487
0.034014
0.034363
0.034348
0.019680
0.017796
0.021905
0.023072
0.035207
0.035625
0.035683
0.034036
0.036769
0.034209
0.036313
0.032452
0.020230
0.030515
0.037061
0.033224
0.028995
0.023592
0.024732
0.023285
0.018557
0.035023
0.035698
0.033065
0.018229
0.032052
0.027844
0.034550
0.034542
0.033708
0.035074
0.032975
0.035254
0.034191
0.035724
0.018091
0.034167
0.222325
0.244273
0.034576
0.035783
0.034406
0.034985
0.026451
0.033689
0.032754
0.034858
0.035307
0.035562
0.035102
0.034095
0.042345
0.021443
0.018689
0.021209
0.022418
0.026848
0.034516
0.037506
0.033788
0.037104
0.034944
0.034633
0.034050
0.029396
0.031980
0.032549
0.034673
0.034791
0.041827
0.036655
0.037124
0.034353
0.033642
0.038533
0.021830
0.033995
0.032283
0.034795
0.032930
0.035998
0.025080
0.034960
0.035552
0.034645
0.019029
0.030853
0.036838
0.034476
0.033581
0.033529
0.033122
0.034552
0.034567
0.034079
0.034001
0.019375
0.033878
0.028412
0.033339
0.034819
0.034149
0.035603
0.035295
0.034563
0.033924
0.021764
0.022381
0.019713
0.023636
0.036010
0.034680
0.036430
0.035553
0.036326
0.036091
0.035384
0.033733
0.020985
0.034146
0.029968
0.035171
0.021618
0.021378
0.022777
0.023003
0.037939
0.035026
0.035998
0.019520
0.032048
0.027938
0.036431
0.035446
0.022689
0.035902
0.036493
0.033933
0.035679
0.034475
0.025747
0.033627
0.033256
0.035314
0.035731
0.035105
0.035597
0.034653
0.034504
0.034885
0.024482
0.027874
0.030607
0.030769
0.036497
0.034366
0.033998
0.033854
0.036060
0.034400
0.032563
0.017790
0.018617
0.020001
0.023238
0.028577
0.034273
0.034214
0.036071
0.034740
0.036299
0.029998
0.032507
0.019628
0.032187
0.032256
0.033265
0.035280
0.034489
0.035345
0.034785
0.036297
0.034849
0.041721
0.019201
0.033088
0.034246
0.031473
0.033545
0.033717
0.034182
0.034049
0.034488
0.032554
0.034986
0.033204
0.018565
0.030837
0.029841
0.033864
0.040806
0.033100
0.035789
0.033257
0.035239
0.034610
0.033009
0.018844
0.033167
0.095804
0.034232
0.034510
0.026868
0.033729
0.034039
0.032832
0.035729
0.020825
0.024856
0.022780
0.022658
0.024475
0.037342
0.035067
0.035446
0.033212
0.034474
0.033842
0.033318
0.018680
0.030749
0.018899
0.021123
0.023432
0.026008
0.021910
0.024138
0.018429
0.033760
0.043385
0.031117
0.023539
0.087243
0.028191
0.034577
0.032034
0.060280
0.033662
0.035932
0.033776
0.078157
0.085915
0.032422
0.034251
0.034767
0.149580
0.036764
0.042439
0.045782
0.033585
0.036376
0.033618
0.035179
0.034031
0.034477
0.034189
0.036047
0.034427
0.032762
0.018894
0.020344
0.018428
0.032834
0.029685
0.040191
0.034666
0.036656
0.033339
0.046220
0.026536
0.027068
0.022067
0.021882
0.028571
0.030561
0.027374
0.031552
0.030824
0.025430
0.030754
0.031779
0.032240
0.028481
0.040103
0.035086
0.034087
0.033640
0.034687
0.033819
0.033153
0.035936
0.537051
0.041750
0.034399
0.035288
0.035067
0.035581
0.034434
0.020583
0.038155
0.028290
0.035287
0.034593
0.032623
0.032990
0.027886
0.033849
0.033594
0.018735
0.019623
0.022232
0.029895
0.033873
0.032777
0.037951
0.035116
0.034533
0.033959
0.040463
0.028960
0.033781
0.033986
0.033879
0.029821
0.032859
0.022427
0.020709
0.024784
0.017939
0.034585
0.034222
0.027540
0.029059
0.032149
0.033644
0.032998
0.040887
0.034916
0.034544
0.034254
0.033931
0.023845
0.033166
0.033224
0.034893
0.032914
0.033710
0.033412
0.036035
0.024530
0.035200
0.024033
0.019499
0.031686
0.038559
0.033975
0.033567
0.033309
0.033222
0.032676
0.032976
0.033097
0.023714
0.018360
0.018940
0.018890
0.023059
0.033824
0.033293
0.033322
0.035381
0.034195
0.035602
0.040553
0.033778
0.018141
0.026322
0.034107
0.031724
0.032838
0.034024
0.033604
0.034077
0.034160
0.035089
0.033455
0.036408
0.030580
0.034475
0.032933
0.040220
0.034716
0.034415
0.033952
0.034042
0.033580
0.034232
0.018322
0.033979
0.028725
0.033327
0.034709
0.033895
0.032535
0.034408
0.033347
0.033477
0.033359
0.018003
0.039946
0.028574
0.033742
0.033464
0.033733
0.026990
0.030818
0.034455
0.033963
0.026210
0.020525
0.019170
0.017979
0.027048
0.033056
0.034207
0.034413
0.033716
0.031697
0.040769
0.035120
0.034418
0.028698
0.033206
0.034528
0.033336
0.023973
0.021160
0.020654
0.022847
0.027762
0.030993
0.031683
0.031146
0.030426
0.039571
0.039615
0.034426
0.033778
0.034793
0.033412
0.040478
0.033651
0.034406
0.019283
0.032821
0.028369
0.033355
0.032879
0.034438
0.034556
0.034520
0.034724
0.032780
0.034542
0.019061
0.032593
0.030502
0.035133
0.034441
0.033663
0.034196
0.033986
0.034849
0.027157
0.018375
0.018491
0.018921
0.025593
0.034882
0.034746
0.034444
0.033273
0.035418
0.030191
0.035040
0.032745
0.019466
0.031943
0.032875
0.033920
0.033768
0.033922
0.035040
0.034162
0.034374
0.034071
0.034405
0.020051
0.027516
0.028641
0.041604
0.033882
0.031503
0.033683
0.032543
0.033639
0.034869
0.033769
0.020057
0.027228
0.033800
0.033915
0.033463
0.034113
0.035908
0.033689
0.037285
0.034490
0.034893
0.020482
0.032480
0.029681
0.034026
0.033925
0.034364
0.035133
0.033201
0.035292
0.033834
0.020125
0.017820
0.018120
0.022237
0.033916
0.034947
0.033124
0.033279
0.033085
0.036445
0.034655
0.031803
0.034242
0.023638
0.032705
0.032915
0.033628
0.022032
0.023673
