0, 43810
1, 47985
2, 43962
3, 44021
4, 43982
5, 43933
6, 44058
7, 43992
8, 43923
9, 44035
10, 43982
11, 43950
12, 44066
13, 43919
14, 44068
15, 43967
16, 43938
17, 56030
18, 43989
19, 43990
20, 44035
21, 43957
22, 43985
23, 43992
24, 43983
25, 43994
26, 55993
27, 43994
28, 43990
29, 43964
30, 44015
31, 44006
32, 43973
33, 43988
34, 43994
35, 43996
36, 43985
37, 43994
38, 43997
39, 43990
40, 43983
41, 44000
42, 43993
43, 43988
44, 43992
45, 43999
46, 43978
47, 43997
48, 43997
49, 47973
50, 43996
51, 44033
52, 43948
53, 43993
54, 43990
55, 43985
56, 44016
57, 43980
58, 43980
59, 44009
60, 43980
61, 43958
62, 44016
63, 44000
64, 43979
65, 43972
66, 43972
67, 44004
68, 52006
69, 43991
70, 43967
71, 51868
72, 44109
73, 44047
74, 43976
75, 43969
76, 44004
77, 43986
78, 43989
79, 44000
80, 43986
81, 43985
82, 43961
83, 44039
84, 44014
85, 43954
86, 43989
87, 44002
88, 43979
89, 43969
90, 44019
91, 43968
92, 44033
93, 43977
94, 43973
95, 44007
96, 43990
97, 47985
98, 44010
99, 43969
100, 43990
101, 44010
102, 43958
103, 43908
104, 43909
105, 48002
106, 44004
107, 44113
108, 44014
109, 44004
110, 44030
111, 43980
112, 43973
113, 43975
114, 44015
115, 43981
116, 43980
117, 44018
118, 43976
119, 43969
120, 44014
121, 43979
122, 43958
123, 44041
124, 43968
125, 44008
126, 43973
127, 43980
128, 44011
129, 43975
130, 43989
131, 44002
132, 43979
133, 43999
134, 43995
135, 43973
136, 44007
137, 43993
138, 43978
139, 44007
140, 43989
141, 43960
142, 43998
143, 43985
144, 44021
145, 44004
146, 43948
147, 43984
148, 44017
149, 43973
150, 43981
151, 44002
152, 43978
153, 44022
154, 43983
155, 43969
156, 44033
157, 43929
158, 44008
159, 44005
160, 43974
161, 43992
162, 44006
163, 43973
164, 44024
165, 43957
166, 44012
167, 43973
168, 43986
169, 44012
170, 43968
171, 44003
172, 43975
173, 44003
174, 47999
175, 43997
176, 43965
177, 44032
178, 43952
179, 43986
180, 44015
181, 43968
182, 43996
183, 44021
184, 43968
185, 43983
186, 44010
187, 43974
188, 44001
189, 43960
190, 44022
191, 44112
192, 43867
193, 44005
194, 43966
195, 44010
196, 43978
197, 44006
198, 43989
199, 43967
200, 44030
201, 43951
202, 44039
203, 43948
204, 43999
205, 44022
206, 43942
207, 44027
208, 43966
209, 43995
210, 43993
211, 43981
212, 44003
213, 60001
214, 43973
215, 43983
216, 43940
217, 43858
218, 43985
219, 44026
220, 44141
221, 43894
222, 44116
223, 43996
224, 43947
225, 44000
226, 44006
227, 43957
228, 44045
229, 43952
230, 43998
231, 44010
232, 43967
233, 43987
234, 44024
235, 43966
236, 43995
237, 43975
238, 44072
239, 43916
240, 43999
241, 43985
242, 48011
243, 43996
244, 43966
245, 44010
246, 44030
247, 43945
248, 43997
249, 43967
250, 44009
251, 43983
252, 43999
253, 43934
254, 44015
255, 44006
256, 43956
257, 44016
258, 43965
259, 43955
260, 44036
261, 43944
262, 44019
263, 43996
264, 43948
265, 44028
266, 43995
267, 44014
268, 43968
269, 43975
270, 43953
271, 44018
272, 44038
273, 43917
274, 44051
275, 44001
276, 43922
277, 44037
278, 44035
279, 47955
280, 43979
281, 44007
282, 43964
283, 44009
284, 43932
285, 44030
286, 44015
287, 47892
288, 44062
289, 44014
290, 47959
291, 43999
292, 44010
293, 43973
294, 44006
295, 43975
296, 43990
297, 44010
298, 43977
299, 44028
300, 43964
301, 43975
302, 44006
303, 43995
304, 43975
305, 44013
306, 43956
307, 44044
308, 43946
309, 43992
310, 44011
311, 43970
312, 43987
313, 43996
314, 43976
315, 44014
316, 44012
317, 43960
318, 44009
319, 43973
320, 43983
321, 44018
322, 43949
323, 44015
324, 44006
325, 43974
326, 44029
327, 43962
328, 43994
329, 43937
330, 43851
331, 44020
332, 43983
333, 44151
334, 43968
335, 43962
336, 44013
337, 43991
338, 47979
339, 44022
340, 44007
341, 43865
342, 43887
343, 44183
344, 44015
345, 43957
346, 44004
347, 44006
348, 43980
349, 43956
350, 44038
351, 43961
352, 43991
353, 43984
354, 44007
355, 43981
356, 44016
357, 43971
358, 43985
359, 43963
360, 43969
361, 44007
362, 43997
363, 43998
364, 44005
365, 43993
366, 43981
367, 43998
368, 43975
369, 44004
370, 43985
371, 43960
372, 44016
373, 43999
374, 43954
375, 44020
376, 44006
377, 43968
378, 43988
379, 44036
380, 43955
381, 43989
382, 44001
383, 43984
384, 43993
385, 44006
386, 47964
387, 44006
388, 43968
389, 44001
390, 43993
391, 44007
392, 43976
393, 44013
394, 43978
395, 43975
396, 43997
397, 44003
398, 43982
399, 43931
400, 44059
401, 43977
402, 43932
403, 44061
404, 43965
405, 44042
406, 43963
407, 43997
408, 43982
409, 44004
410, 43969
411, 43985
412, 44013
413, 43957
414, 43990
415, 44014
416, 43943
417, 44005
418, 44020
419, 43954
420, 44003
421, 44002
422, 43984
423, 43945
424, 44057
425, 43968
426, 44022
427, 43979
428, 43974
429, 43994
430, 44006
431, 43971
432, 44008
433, 43980
434, 47987
435, 43992
436, 43941
437, 44010
438, 44025
439, 43998
440, 43967
441, 44008
442, 43891
443, 43945
444, 44014
445, 43950
446, 43949
447, 44149
448, 43990
449, 43969
450, 44036
451, 44025
452, 43985
453, 43992
454, 43977
455, 44016
456, 43984
457, 43983
458, 43987
459, 44004
460, 43978
461, 43997
462, 43996
463, 43978
464, 44000
465, 43984
466, 43987
467, 43993
468, 44016
469, 43986
470, 43973
471, 44037
472, 43935
473, 43984
474, 44038
475, 43962
476, 43990
477, 43999
478, 43981
479, 43983
480, 44016
481, 43968
482, 43989
483, 51988
484, 44001
485, 44013
486, 43990
487, 43981
488, 43981
489, 44004
490, 47984
491, 43954
492, 43996
493, 43975
494, 43997
495, 44003
496, 43987
497, 43979
498, 43999
499, 43980
500, 43991
501, 44001
502, 43978
503, 43992
504, 44016
505, 43960
506, 43999
507, 44017
508, 43967
509, 43990
510, 44008
511, 43972
512, 43993
513, 43989
514, 43948
515, 44055
516, 43969
517, 43984
518, 43986
519, 44002
520, 43975
521, 43998
522, 44015
523, 43964
524, 44022
525, 43976
526, 43963
527, 43985
528, 44019
529, 43977
530, 44006
531, 47997
532, 43992
533, 43974
534, 44004
535, 43971
536, 43996
537, 44013
538, 43971
539, 43992
540, 44003
541, 43978
542, 43990
543, 43943
544, 43981
545, 43990
546, 44012
547, 43978
548, 43992
549, 44005
550, 43975
551, 43993
552, 43999
553, 44003
554, 43974
555, 44002
556, 43889
557, 43900
558, 44023
559, 44038
560, 44192
561, 43879
562, 44015
563, 44018
564, 43986
565, 43985
566, 43969
567, 44022
568, 43963
569, 43994
570, 44003
571, 43954
572, 44011
573, 44014
574, 43956
575, 44011
576, 43988
577, 43977
578, 43985
579, 48018
580, 43980
581, 43991
582, 44022
583, 43953
584, 43993
585, 44038
586, 43947
587, 44007
588, 43990
589, 43982
590, 43988
591, 44007
592, 43999
593, 43950
594, 43999
595, 43993
596, 43985
597, 44008
598, 43979
599, 43989
600, 44015
601, 43965
602, 43990
603, 44007
604, 43946
605, 44020
606, 44005
607, 43975
608, 43994
609, 44006
610, 43968
611, 43993
612, 44006
613, 43982
614, 43997
615, 43992
616, 43981
617, 43969
618, 44056
619, 43917
620, 43979
621, 44027
622, 43986
623, 43981
624, 44004
625, 43964
626, 43992
627, 48011
628, 43971
629, 43990
630, 44004
631, 43979
632, 44002
633, 43999
634, 43979
635, 43981
636, 44005
637, 43976
638, 44000
639, 44006
640, 43977
641, 43997
642, 43999
643, 43943
644, 44018
645, 44005
646, 43977
647, 43983
648, 43995
649, 43982
650, 43999
651, 43978
652, 43967
653, 44030
654, 43992
655, 43987
656, 43988
657, 44003
658, 43973
659, 43992
660, 44003
661, 43983
662, 43983
663, 44005
664, 43972
665, 44014
666, 43991
667, 43970
668, 44001
669, 47929
670, 43888
671, 43981
672, 44004
673, 44102
674, 43910
675, 48134
676, 43996
677, 43981
678, 44010
679, 43982
680, 43979
681, 43998
682, 43984
683, 43996
684, 43994
685, 43986
686, 43987
687, 43992
688, 43991
689, 44001
690, 43984
691, 44002
692, 43982
693, 59991
694, 43994
695, 43994
696, 43994
697, 43988
698, 43972
699, 44036
700, 43963
701, 44003
702, 43981
703, 43995
704, 44014
705, 43964
706, 43994
707, 43991
708, 43994
709, 55989
710, 43982
711, 43984
712, 44004
713, 43995
714, 43978
715, 43987
716, 43990
717, 44004
718, 43977
719, 43965
720, 44011
721, 43993
722, 44003
723, 43972
724, 43949
725, 44028
726, 44001
727, 43964
728, 44035
729, 43952
730, 43994
731, 43990
732, 43991
733, 44001
734, 43991
735, 43989
736, 43980
737, 43997
738, 43992
739, 43988
740, 43992
741, 43996
742, 44020
743, 43956
744, 43995
745, 43952
746, 44038
747, 43985
748, 43990
749, 43999
750, 43984
751, 43990
752, 43983
753, 44013
754, 43979
755, 43982
756, 43994
757, 43984
758, 43997
759, 43945
760, 44045
761, 43983
762, 43984
763, 43990
764, 43993
765, 43999
766, 43985
767, 43990
768, 43990
769, 43945
770, 44048
771, 43983
772, 47953
773, 44020
774, 44002
775, 43947
776, 44041
777, 43997
778, 43937
779, 44039
780, 44008
781, 43967
782, 43935
783, 43885
784, 44013
785, 43990
786, 44134
787, 43998
788, 43937
789, 60096
790, 43924
791, 44006
792, 43999
793, 43944
794, 44026
795, 44002
796, 43945
797, 44029
798, 44010
799, 43928
800, 44048
801, 44002
802, 43931
803, 44030
804, 43992
805, 43944
806, 44034
807, 43999
808, 43945
809, 44028
810, 43987
811, 43966
812, 44022
813, 44005
814, 43930
815, 44037
816, 43991
817, 43941
818, 44053
819, 43980
820, 47944
821, 43995
822, 44048
823, 43982
824, 43905
825, 44079
826, 43989
827, 43917
828, 44064
829, 43995
830, 43985
831, 47991
832, 43933
833, 44049
834, 43986
835, 43943
836, 44035
837, 43992
838, 43984
839, 43952
840, 44004
841, 44026
842, 43943
843, 44041
844, 43987
845, 43948
846, 44041
847, 43978
848, 43955
849, 44024
850, 43985
851, 43942
852, 44035
853, 43994
854, 43934
855, 44057
856, 43982
857, 43992
858, 43940
859, 44080
860, 43922
861, 43982
862, 44024
863, 44000
864, 43950
865, 44033
866, 43995
867, 43989
868, 47981
869, 43993
870, 43958
871, 44035
872, 43985
873, 43943
874, 60052
875, 43918
876, 43852
877, 44015
878, 43993
879, 43973
880, 44019
881, 43993
882, 44034
883, 44124
884, 44034
885, 43926
886, 44022
887, 43999
888, 43940
889, 44042
890, 43985
891, 43951
892, 44029
893, 43990
894, 44010
895, 43816
896, 43965
897, 44091
898, 43904
899, 44147
900, 43932
901, 44079
902, 43990
903, 43973
904, 44014
905, 43983
906, 44006
907, 43980
908, 43990
909, 44000
910, 43989
911, 43984
912, 43999
913, 43994
914, 43986
915, 43985
916, 47988
917, 43957
918, 44028
919, 43980
920, 43944
921, 44048
922, 43984
923, 43998
924, 44029
925, 43950
926, 44001
927, 43980
928, 43984
929, 43978
930, 44010
931, 43987
932, 43961
933, 43993
934, 44025
935, 43988
936, 43982
937, 43995
938, 43976
939, 44010
940, 43993
941, 43992
942, 43990
943, 43996
944, 44005
945, 43972
946, 43999
947, 43979
948, 43997
949, 44010
950, 43971
951, 59970
952, 44004
953, 43988
954, 43991
955, 44042
956, 43951
957, 43982
958, 43958
959, 44046
960, 43957
961, 44014
962, 43959
963, 43944
964, 44046
965, 43975
966, 43958
967, 44050
968, 47847
969, 44191
970, 43827
971, 47958
972, 44022
973, 44088
974, 44008
975, 43870
976, 44083
977, 43926
978, 44017
979, 44018
980, 44002
981, 43979
982, 44000
983, 43997
984, 43947
985, 44022
986, 43999
987, 43984
988, 43978
989, 43930
990, 44071
991, 44020
992, 43950
993, 44001
994, 44001
995, 43924
996, 44038
997, 48005
998, 44034
999, 43850
0, 43797
1, 43998
2, 43986
3, 43994
4, 43988
5, 43993
6, 43967
7, 44010
8, 43995
9, 43974
10, 43974
11, 43990
12, 44034
13, 43938
14, 44001
15, 43970
16, 43995
17, 43968
18, 43993
19, 43989
20, 43992
21, 43987
22, 44005
23, 43983
24, 43947
25, 48035
26, 44006
27, 43954
28, 44013
29, 43989
30, 43997
31, 43982
32, 44006
33, 43983
34, 43989
35, 43989
36, 43998
37, 43993
38, 43987
39, 44006
40, 43949
41, 44019
42, 44002
43, 43975
44, 43949
45, 44031
46, 43997
47, 43985
48, 43997
49, 43984
50, 44000
51, 43970
52, 44006
53, 43924
54, 44043
55, 44021
56, 43973
57, 43983
58, 43986
59, 44037
60, 43955
61, 43990
62, 43999
63, 43985
64, 43986
65, 43994
66, 43976
67, 43983
68, 44009
69, 43982
70, 43930
71, 68051
72, 43999
73, 47973
74, 43991
75, 44016
76, 43940
77, 44005
78, 44012
79, 43932
80, 44037
81, 43997
82, 43941
83, 44044
84, 43991
85, 43917
86, 44072
87, 43993
88, 43816
89, 44147
90, 44006
91, 43994
92, 43989
93, 43974
94, 51974
95, 43835
96, 43988
97, 43964
98, 44112
99, 44028
100, 44031
101, 43991
102, 44007
103, 43967
104, 44003
105, 43999
106, 43970
107, 43994
108, 44005
109, 43987
110, 43983
111, 44004
112, 43975
113, 43996
114, 43982
115, 44052
116, 43938
117, 43989
118, 43988
119, 44004
120, 43983
121, 47982
122, 44000
123, 43992
124, 43999
125, 43978
126, 43989
127, 43998
128, 43997
129, 43989
130, 43990
131, 43976
132, 43991
133, 44010
134, 43975
135, 43989
136, 43998
137, 43999
138, 43995
139, 43978
140, 43992
141, 44001
142, 43982
143, 43983
144, 44002
145, 43981
146, 43996
147, 43989
148, 44000
149, 43977
150, 43996
151, 43984
152, 43993
153, 43988
154, 44007
155, 43979
156, 43992
157, 44002
158, 43964
159, 44012
160, 43962
161, 44003
162, 43989
163, 43979
164, 44002
165, 43991
166, 43979
167, 43997
168, 43989
169, 47992
170, 44005
171, 43975
172, 43988
173, 43974
174, 44013
175, 43969
176, 43996
177, 44004
178, 43979
179, 43983
180, 43991
181, 43994
182, 43992
183, 44003
184, 43980
185, 43999
186, 43988
187, 44014
188, 43976
189, 43978
190, 43988
191, 43976
192, 44017
193, 43986
194, 51992
195, 43986
196, 43994
197, 43992
198, 43993
199, 43992
0, 43821
1, 43922
2, 43990
3, 43996
4, 43957
5, 44038
6, 43985
7, 43948
8, 44021
9, 44006
10, 43944
11, 44041
12, 43987
13, 43957
14, 44029
15, 43943
16, 44053
17, 43952
18, 43943
19, 44022
20, 43959
21, 44047
22, 46450
23, 64144
24, 53094
25, 43900
26, 44023
27, 44140
28, 43984
29, 43959
30, 44024
31, 43933
32, 44075
33, 43988
34, 43980
35, 43979
36, 43992
37, 43980
38, 43998
39, 43993
40, 43973
41, 44004
42, 43995
43, 44003
44, 43982
45, 44002
46, 43980
47, 43994
48, 43991
49, 44006
50, 43966
51, 44022
52, 43960
53, 43972
54, 44005
55, 43998
56, 43991
57, 43979
58, 43997
59, 43992
60, 43988
61, 43991
62, 43991
63, 43996
64, 43987
65, 43976
66, 43991
67, 48008
68, 43973
69, 43992
70, 43986
71, 43990
72, 43994
73, 43987
74, 43993
75, 44000
76, 43999
77, 43980
78, 47989
79, 43992
80, 43995
81, 43985
82, 44001
83, 43986
84, 43998
85, 43979
86, 44001
87, 43988
88, 43986
89, 43989
90, 44005
91, 43985
92, 43994
93, 43990
94, 43971
95, 44000
96, 44004
97, 43995
98, 43984
99, 44000
100, 43996
101, 43986
102, 43996
103, 43982
104, 43980
105, 43996
106, 44004
107, 43978
108, 43993
109, 43992
110, 43987
111, 43977
112, 44006
113, 43993
114, 44001
115, 43980
116, 43993
117, 43998
118, 43994
119, 43973
120, 43990
121, 44014
122, 43976
123, 43989
124, 43992
125, 44000
126, 47975
127, 43990
128, 43967
129, 44007
130, 44001
131, 43991
132, 43995
133, 43990
134, 43991
135, 43984
136, 43936
137, 43882
138, 44013
139, 43975
140, 44102
141, 44014
142, 43977
143, 44017
144, 44032
145, 43979
146, 43992
147, 43993
148, 43961
149, 44009
150, 43994
151, 43989
152, 43977
153, 43990
154, 43986
155, 44001
156, 43966
157, 44014
158, 43989
159, 43969
160, 43984
161, 43998
162, 43996
163, 44002
164, 44037
165, 43937
166, 43993
167, 44025
168, 43968
169, 43989
170, 44007
171, 43966
172, 44000
173, 43953
174, 44025
175, 43987
176, 43961
177, 44022
178, 43959
179, 43999
180, 44024
181, 43929
182, 44046
183, 43956
184, 44008
185, 43994
186, 43974
187, 44011
188, 43959
189, 44026
190, 43938
191, 44023
192, 43995
193, 43957
194, 44029
195, 43953
196, 44026
197, 43956
198, 44018
199, 43964
0, 47818
1, 47967
2, 48008
3, 63989
4, 47983
5, 47987
6, 47986
7, 47999
8, 47984
9, 47989
10, 47995
11, 47991
12, 47991
13, 59974
14, 48009
15, 47978
16, 48059
17, 55805
18, 48141
19, 47816
20, 48107
21, 48001
22, 47914
23, 56113
24, 59954
25, 47976
26, 48001
27, 47989
28, 47986
29, 47988
30, 47996
31, 47982
32, 48008
33, 59967
34, 47980
35, 47987
36, 48000
37, 48012
38, 47982
39, 48006
40, 47972
41, 47968
42, 47989
43, 60019
44, 47961
45, 48019
46, 47988
47, 47987
48, 48002
49, 47981
50, 47988
51, 48001
52, 47979
53, 59987
54, 47984
55, 48032
56, 47965
57, 48006
58, 47976
59, 47998
60, 47992
61, 47983
62, 47979
63, 56002
64, 47930
65, 47879
66, 48023
67, 44113
68, 47995
69, 47845
70, 48126
71, 51995
72, 64013
73, 63990
74, 47977
75, 48000
76, 47974
77, 60013
78, 47976
79, 55985
80, 48008
81, 47977
82, 47991
83, 56002
84, 47999
85, 47976
86, 47960
87, 48002
88, 48013
89, 47997
90, 47981
91, 47987
92, 48002
93, 55991
94, 47964
95, 48020
96, 47980
97, 48003
98, 47982
99, 51991
100, 48003
101, 47980
102, 47994
103, 55997
104, 47978
105, 48002
106, 47987
107, 47984
108, 47996
109, 47988
110, 47988
111, 48003
112, 47991
113, 51982
114, 47995
115, 47967
116, 48017
117, 47990
118, 47977
119, 47987
120, 48015
121, 47983
122, 47990
123, 51998
124, 47980
125, 47980
126, 48022
127, 47982
128, 47985
129, 47989
130, 47988
131, 47989
132, 47990
133, 51988
134, 47971
135, 48019
136, 47983
137, 47995
138, 47960
139, 48009
140, 48004
141, 47988
142, 48006
143, 51975
144, 48004
145, 47988
146, 47974
147, 47999
148, 47995
149, 47989
150, 64012
151, 47969
152, 47994
153, 51991
154, 47996
155, 47977
156, 51992
157, 48009
158, 47984
159, 47996
160, 47982
161, 47983
162, 47996
163, 48019
164, 47961
165, 47982
166, 47907
167, 43946
168, 44024
169, 48107
170, 47849
171, 48004
172, 52142
173, 47926
174, 48032
175, 47993
176, 47938
177, 48034
178, 48000
179, 47938
180, 48047
181, 47983
182, 67998
183, 47920
184, 48055
185, 47996
186, 47933
187, 48045
188, 47995
189, 47940
190, 48046
191, 47989
192, 63967
193, 48005
194, 48000
195, 47937
196, 48042
197, 47994
198, 47949
199, 48025
0, 43788
1, 44007
2, 51971
3, 43947
4, 44043
5, 43966
6, 43961
7, 44055
8, 43973
9, 43944
10, 44071
11, 43952
12, 43949
13, 44052
14, 43971
15, 43943
16, 44051
17, 43995
18, 43929
19, 44055
20, 43963
21, 44004
22, 43997
23, 43974
24, 43992
25, 56016
26, 43967
27, 47946
28, 44051
29, 43978
30, 43938
31, 44064
32, 43983
33, 43934
34, 44052
35, 43950
36, 44025
37, 43967
38, 43995
39, 44002
40, 44010
41, 43961
42, 44001
43, 43999
44, 43971
45, 43993
46, 44000
47, 43968
48, 43999
49, 44017
50, 43942
51, 51968
52, 44049
53, 43981
54, 43947
55, 44040
56, 43984
57, 43946
58, 44042
59, 43980
60, 43940
61, 44061
62, 43977
63, 43908
64, 44087
65, 43956
66, 43946
67, 44051
68, 43972
69, 43947
70, 44064
71, 55932
72, 59983
73, 44037
74, 44007
75, 43931
76, 48040
77, 43973
78, 43954
79, 52025
80, 43993
81, 43980
82, 44028
83, 44009
84, 43879
85, 44084
86, 43972
87, 43948
88, 44049
89, 43972
90, 43941
91, 44033
92, 44010
93, 43883
94, 43922
95, 43997
96, 44143
97, 43973
98, 43995
99, 43974
100, 47993
101, 44048
102, 43967
103, 43981
104, 44030
105, 43963
106, 43963
107, 44039
108, 43972
109, 43950
110, 44047
111, 43987
112, 43916
113, 44070
114, 43927
115, 44057
116, 44006
117, 43851
118, 44117
119, 43977
120, 44004
121, 44004
122, 43993
123, 43964
124, 44005
125, 47972
126, 43950
127, 44050
128, 43970
129, 43940
130, 44002
131, 43970
132, 44061
133, 43937
134, 44002
135, 44014
136, 43935
137, 44011
138, 43971
139, 44051
140, 43960
141, 43964
142, 44059
143, 43936
144, 43957
145, 44059
146, 43943
147, 43972
148, 44052
149, 43970
150, 48016
151, 43924
152, 44065
153, 43884
154, 44081
155, 44008
156, 43972
157, 43994
158, 44008
159, 43973
160, 43983
161, 44019
162, 43966
163, 44013
164, 43988
165, 43971
166, 43998
167, 43980
168, 43986
169, 43998
170, 44026
171, 43944
172, 43984
173, 44017
174, 51964
175, 43951
176, 44055
177, 43969
178, 43947
179, 44052
180, 43977
181, 43943
182, 44055
183, 43964
184, 43952
185, 44043
186, 43977
187, 43993
188, 44023
189, 43961
190, 43975
191, 44022
192, 43966
193, 43993
194, 44016
195, 43963
196, 44002
197, 44001
198, 43975
199, 47945
