2.007748
0.053115
0.053346
0.063701
0.061387
0.066545
0.074890
0.073797
0.068742
0.069147
0.578018
0.078473
0.065377
0.075487
0.076655
0.073956
0.078871
0.075825
0.047971
0.070806
0.065260
0.053179
0.043697
0.059385
0.070981
0.069317
0.074320
0.077024
0.064196
0.070399
0.075574
6.815531
2.837911
0.055624
0.057919
0.063398
0.068611
0.068811
0.072462
0.071504
0.065933
0.056517
0.068101
0.074137
0.076431
0.078790
0.079951
0.062734
0.070491
0.070286
0.074632
0.075996
0.075321
0.074494
0.064829
0.048963
0.073420
0.075370
0.079457
0.077497
0.076121
0.080989
0.075846
1.328045
2.754975
0.058556
0.062881
0.066307
0.066830
0.067867
0.068996
0.056139
0.053213
0.047474
0.056303
0.075073
0.075231
0.076082
0.077395
0.064485
0.073290
0.076334
0.076196
0.076851
0.077776
0.070737
0.071713
0.053406
0.074375
0.073759
0.077478
0.078204
0.076896
0.076265
0.071287
0.953590
2.904223
0.053069
0.060636
0.058983
0.067712
0.070843
0.071135
0.070671
0.072594
0.068029
0.074516
0.074179
0.077460
0.078895
0.078003
0.076840
0.063744
0.075124
0.075309
0.075442
0.075927
0.076070
0.070351
0.076749
0.063945
0.053624
0.062851
0.068686
0.070198
0.070538
0.072484
0.204106
2.991705
0.060105
0.061643
0.067723
0.068640
0.063934
0.073572
0.066908
0.072419
0.078785
0.074938
0.076064
0.069000
0.073714
0.076621
0.062895
0.069537
0.070201
0.071154
0.071851
0.072792
0.062758
0.070953
0.075421
0.073156
0.073029
0.079608
0.072475
0.074234
0.065295
0.068888
0.238697
3.080982
0.060232
0.065371
0.064956
0.068751
0.062331
0.071181
0.070517
0.063420
0.073653
0.072400
0.073061
0.074517
0.074356
0.069511
0.077253
0.078609
0.076303
0.076647
0.070900
0.049523
0.076457
0.071978
0.077231
0.073976
0.074787
0.077942
0.076779
0.070932
0.077911
0.083573
3.575471
2.883593
0.052434
0.059756
0.061789
0.067204
0.069963
0.072509
0.071382
0.073792
0.068185
0.065950
0.074685
0.077224
0.078993
0.078734
0.077648
0.057742
0.074717
0.074679
0.073620
0.074495
0.075012
0.072344
0.063814
0.050652
0.067822
0.076404
0.074064
0.072917
0.070619
0.075029
6.135169
2.756082
0.062691
0.053619
0.065184
0.069141
0.070280
0.070239
0.073146
0.075539
0.076973
0.070253
0.073646
0.076436
0.079286
0.078423
0.076256
0.078036
0.056964
0.074146
0.074510
0.076684
0.074905
0.074093
0.072213
0.074489
0.054597
0.072691
0.072520
0.075714
0.075600
0.074110
0.501737
2.977141
0.060458
0.093633
0.060563
0.067058
0.069919
0.055022
0.069286
0.069117
0.076480
0.075371
0.063238
0.073497
0.079331
0.065719
0.070961
0.082302
0.075394
0.069728
0.076371
0.060862
0.072179
0.072005
0.075604
0.074943
0.075298
0.080359
0.072384
0.076251
0.049651
0.071414
0.684724
3.088629
0.051916
0.043014
0.057321
0.070306
0.069345
0.069494
0.072263
0.060854
0.073085
0.076228
0.072122
0.077087
0.078433
0.078436
0.078801
0.067796
0.086995
0.074905
0.080060
0.074117
0.077518
0.057652
0.065225
0.070312
0.072383
0.078122
0.073879
0.070294
0.072893
0.073218
0.493537
2.837254
0.064546
0.061527
0.066708
0.066487
0.066512
0.071886
0.074966
0.075814
0.078721
0.074742
0.079228
0.076960
0.053771
0.079788
0.082666
0.080200
0.073620
0.077410
0.068861
0.074915
0.064558
0.051266
0.046452
0.070152
0.070017
0.075233
0.076522
0.073530
0.058445
0.077335
0.213994
3.010615
0.055673
0.064724
0.067166
0.056203
0.069205
0.071624
0.067098
0.073087
0.073356
0.076426
0.078348
0.068773
0.078423
0.075354
0.072807
0.078751
0.075716
0.074372
0.052665
0.073820
0.073640
0.077233
0.078061
0.075329
0.071838
0.074498
0.061655
0.076833
0.076038
0.075957
1.486288
3.071223
0.059231
0.063633
0.066906
0.064379
0.069974
0.073303
0.055870
0.070611
0.071352
0.074357
0.074453
0.074347
0.076054
0.076700
0.070716
0.078014
0.073838
0.077324
0.075970
0.075973
0.073896
0.061956
0.073816
0.074717
0.073395
0.079098
0.074262
0.073908
0.075096
0.071680
0.579633
2.921641
0.061456
0.064958
0.059289
0.069673
0.070126
0.069201
0.069246
0.073627
0.073145
0.067580
0.064086
0.068156
0.070296
0.063512
0.075475
0.073133
0.076051
0.058871
0.073337
0.075358
0.075722
0.075855
0.076716
0.064568
0.084829
0.066467
0.075037
0.072321
0.079217
0.079542
0.603814
2.842617
0.560987
0.063375
0.051562
0.066046
0.064285
0.067796
0.071929
0.076733
0.077536
0.075030
0.061821
0.055959
0.062029
0.072882
0.072562
0.074396
0.062756
0.074452
0.059415
0.074360
0.076537
0.073963
0.076090
0.076504
0.076004
0.069371
0.078088
0.074084
0.076491
0.077006
1.415609
3.095944
0.059842
0.061296
0.062609
0.069068
0.071568
0.073233
0.056418
0.073198
0.076902
0.076929
0.074988
0.076467
0.081128
0.067217
0.072686
0.077825
0.076950
0.067455
0.076509
0.072384
0.070916
0.049348
0.053336
0.042697
0.070877
0.065455
0.075152
0.072975
0.071186
0.057233
0.916753
3.053853
0.062533
0.064249
0.066083
0.070384
0.069939
0.071209
0.070039
0.071143
0.074716
0.071925
0.072297
0.075155
0.079802
0.076623
0.067927
0.075152
0.076903
0.077538
0.074883
0.074551
0.062434
0.075606
0.060084
0.074147
0.077636
0.088505
0.217954
0.075461
0.131713
0.074830
1.678952
2.948856
0.055077
0.061392
0.064681
0.070188
0.070089
0.073402
0.072582
0.070340
0.071854
0.075955
0.076570
0.076025
0.075948
0.074184
0.076019
0.052965
0.074423
0.076656
0.076499
0.075996
0.074773
0.070960
0.073688
0.063421
0.078877
0.075691
0.076157
0.076587
0.076532
0.074589
1.578346
2.928512
0.063128
0.065728
0.065056
0.063504
0.062489
0.072757
0.073243
0.064131
0.072244
0.075552
0.074260
0.057004
0.080263
0.081268
0.079841
0.075995
0.076016
0.075299
0.074342
0.072330
0.076897
0.075528
0.075205
0.076724
0.088406
0.068932
0.054009
0.075328
0.076883
0.076812
2.116509
3.062601
0.061524
0.061315
0.061700
0.077230
0.071349
0.072501
0.070121
0.070422
0.065652
0.064783
0.075276
0.062865
0.076920
0.075835
0.077762
0.076201
0.074735
0.052656
0.075818
0.077754
0.078151
0.075891
0.073670
0.065084
0.073394
0.075949
0.070306
0.156763
0.077217
0.075767
0.202314
3.046735
0.062055
0.061741
0.067427
0.068162
0.067899
0.072724
0.073406
0.071333
0.049738
0.062199
0.072979
0.072658
0.075270
0.075251
0.071689
0.075956
0.073965
0.074061
0.074686
0.074229
0.069640
0.068671
0.061385
0.087755
0.076159
0.075265
0.073297
0.076022
0.070832
0.071762
0.225609
3.025533
0.060497
0.050812
0.056583
0.060780
0.071458
0.060268
0.074224
0.075594
0.075489
0.075306
0.071027
0.076294
0.071499
0.073408
0.077282
0.576197
0.058421
0.070470
0.067479
0.073093
0.069655
0.066632
0.068439
0.068187
0.062715
0.077924
0.044763
0.066282
0.072275
0.072697
0.692353
2.809434
0.063236
0.062818
0.070586
0.068406
0.069664
0.066625
0.071369
0.065653
0.067008
0.074845
0.075219
0.076987
0.078173
0.053801
0.078458
0.077475
0.076045
0.073940
0.075922
0.073018
0.075934
0.074249
0.075574
0.076025
0.079297
0.076822
0.075889
0.085784
0.050545
0.075468
0.519676
2.953179
0.050467
0.058706
0.061026
0.068110
0.071286
0.069394
0.065819
0.074513
0.071815
0.059805
0.063525
0.075764
0.074621
0.062031
0.067326
0.076123
0.073518
0.054292
0.074462
0.072679
0.073874
0.076133
0.075042
0.069202
0.072562
0.065782
0.079500
0.072834
0.075553
0.075746
0.493806
2.823112
0.061674
0.061606
0.066149
0.069656
0.070826
0.071822
0.073015
0.057658
0.052174
0.043313
0.068366
0.071036
0.074863
0.077233
0.074326
0.064852
0.072270
0.075224
0.074224
0.075588
0.076403
0.072317
0.074367
0.076636
0.074886
0.075551
0.078644
0.074752
0.074955
0.064710
0.345047
2.949451
0.057078
0.061360
0.063078
0.069781
0.060029
0.053681
0.077645
0.067825
0.076942
0.073539
0.073808
0.078348
0.077753
0.066335
0.078129
0.077708
0.074535
0.075786
0.075300
0.060562
0.061127
0.074854
0.076175
0.077519
0.075795
0.078729
0.076620
0.069746
0.052694
0.054971
0.627130
2.835953
0.057633
0.063518
0.066058
0.069101
0.072446
0.073848
0.070891
0.076209
0.076214
0.063593
0.078683
0.076532
0.080408
0.067701
0.078824
0.078507
0.075939
0.067450
0.076594
0.076291
0.071017
0.078337
0.075610
0.062892
0.071572
0.069781
0.075227
0.074283
0.068277
0.076367
0.369011
2.896737
0.060352
0.063112
0.068708
0.069659
0.067510
0.071302
0.066444
0.053611
0.065670
0.077778
0.075799
0.078365
0.082780
0.077802
0.072158
0.078832
0.077153
0.077805
0.078929
0.067082
0.072802
0.061073
0.077605
0.063045
0.063430
0.072614
0.072435
0.069986
0.072258
0.073220
0.453231
2.947390
0.063873
0.063067
0.066969
0.067900
0.053899
0.070824
0.072141
0.076443
0.069797
0.066983
0.070572
0.069277
0.068488
0.053500
0.059169
0.071619
0.070182
0.072380
0.070071
0.071732
0.069741
0.075326
0.076162
0.076221
0.075174
0.077854
0.072083
0.061326
0.074415
0.075931
0.517590
3.004481
0.051616
0.061048
0.065259
0.070134
0.070059
0.064763
0.072144
0.073599
0.053644
0.065048
0.067718
0.074829
0.081620
0.077051
0.073887
0.076305
0.065563
0.075303
0.075443
0.077479
0.066900
0.074942
0.061592
0.067262
0.076346
0.079883
0.074453
0.075672
0.076911
0.076758
0.527061
2.901509
0.061926
0.060027
0.063958
0.067857
0.070920
0.063086
0.072525
0.072748
0.074797
0.073243
0.077668
0.074009
0.069427
0.074926
0.077430
0.077365
0.074496
0.075209
0.072274
0.074723
0.057058
0.075014
0.075311
0.075450
0.077509
0.078388
0.075729
0.074356
0.080620
0.076944
0.399367
2.875164
0.063672
0.063972
0.061750
0.069435
0.069524
0.072589
0.073064
0.073615
0.073723
0.073457
0.066659
0.078582
0.078786
0.078427
0.084890
0.079520
0.073888
0.068797
0.075623
0.075287
0.076250
0.077011
0.075880
0.054060
0.069404
0.064715
0.071630
0.073496
0.077284
0.075661
0.542925
2.981921
0.063394
0.060304
0.065698
0.068792
0.070656
0.069441
0.071446
0.075958
0.074589
0.077394
0.078599
0.077734
0.079171
0.050158
0.054880
0.044812
0.058273
0.068799
0.069647
0.072815
0.064858
0.066957
0.075853
0.075625
0.074999
0.075436
0.077821
0.075345
0.075162
0.051703
0.524282
3.006491
0.064216
0.063778
0.056822
0.068346
0.070101
0.073857
0.073073
0.073381
0.061560
0.073222
0.068339
0.076489
0.079073
0.077154
0.078551
0.078083
0.076298
0.055514
0.075605
0.076169
0.078250
0.076908
0.076935
0.064008
0.068168
0.054326
0.072193
0.073911
0.139375
0.075606
0.434033
2.877768
0.064326
0.061909
0.067602
0.069669
0.072504
0.071958
0.074597
0.069338
0.074616
0.074526
0.078243
0.075709
0.079943
0.077419
0.066131
0.067667
0.074864
0.075829
0.082194
0.077111
0.068887
0.066865
0.060767
0.068843
0.062399
0.064176
0.070719
0.075659
0.160741
0.052228
0.507430
2.758943
0.061906
0.064066
0.068478
0.069980
0.053932
0.072497
0.065322
0.075873
0.075913
0.074560
0.075582
0.078308
0.074336
0.078660
0.070937
0.077764
0.076066
0.073972
0.066278
0.054275
0.076395
0.074384
0.074092
0.076942
0.077043
0.079943
0.069717
0.053647
0.157448
0.076172
0.351107
2.860794
0.063165
0.061995
0.064872
0.072106
0.069140
0.073312
0.069459
0.073330
0.076607
0.075307
0.067818
0.070830
0.071673
0.074968
0.064236
0.075572
0.071591
0.069928
0.048666
0.042852
0.064600
0.068527
0.070662
0.071141
0.070971
0.068082
0.073034
0.075700
0.075215
0.076234
2.147445
2.956268
0.090087
0.055624
0.064346
0.071052
0.071402
0.072192
0.071954
0.075215
0.073884
0.051835
0.074396
0.077793
0.079210
0.081101
0.077217
0.074722
0.071569
0.076237
0.076569
0.076428
0.077813
0.076089
0.074019
0.079008
0.052385
0.053454
0.042142
0.062735
0.071465
0.072364
0.353243
2.860394
0.055818
0.063642
0.067267
0.071228
0.067543
0.098548
0.071162
0.066540
0.071881
0.072777
0.069398
0.071500
0.076495
0.079521
0.071839
0.061467
0.075516
0.075315
0.072945
0.075329
0.074891
0.064868
0.075437
0.072480
0.078515
0.076955
0.072245
0.075508
0.072717
0.073792
1.064123
3.386433
0.063176
0.063012
0.065477
0.067995
0.067686
0.067858
0.065606
0.075367
0.075567
0.063648
0.073606
0.075131
0.072346
0.077289
0.075134
0.076276
0.071554
0.060001
0.058859
0.059432
0.073984
0.069655
0.066224
0.165838
0.154022
0.082222
0.129254
0.076115
2.522320
0.067439
0.062347
0.078979
0.063324
0.208504
0.065258
0.065128
0.063107
0.058294
0.049989
0.073491
0.072612
0.069697
0.076078
0.121864
0.191722
0.075821
0.076853
0.075449
0.078694
0.070773
0.069371
0.074468
0.072770
0.071560
0.076448
0.073923
0.074885
0.078578
0.060950
0.068861
0.073383
0.070412
0.195240
2.839659
0.061164
0.062463
0.065281
0.057128
0.074292
0.067830
0.064603
0.075760
0.061327
0.072104
0.073271
0.060153
0.072718
0.074308
0.076557
0.077865
0.074968
0.072841
0.069872
0.073435
0.074356
0.074065
0.071131
0.069528
0.083451
0.075880
0.061854
0.052496
0.043090
0.068723
0.686635
2.801694
0.055470
0.060814
0.066159
0.068094
0.070531
0.070384
0.073323
0.059852
0.072730
0.072616
0.074242
0.065711
0.073582
0.074988
0.078603
0.064022
0.067528
0.075198
0.074154
0.074036
0.075348
0.073612
0.061842
0.061584
0.071778
0.076127
0.074233
0.206346
0.072990
0.075225
1.015621
3.056523
0.058754
0.061935
0.066532
0.068603
0.064310
0.071416
0.061384
0.070034
0.072489
0.071644
0.073955
0.070576
0.077447
0.079840
0.052946
0.077806
0.076491
0.076773
0.076063
0.076215
0.066608
0.064244
0.063443
0.076123
0.077033
0.080533
0.073376
0.077088
0.076059
0.062481
0.395806
2.862220
0.064613
0.064041
0.059366
0.067517
0.062054
0.067460
0.055995
0.046796
0.068738
0.069742
0.069569
0.071720
0.072810
0.067820
0.075935
0.076268
0.066921
0.071423
0.071467
0.068526
0.066681
0.075357
0.075702
0.074330
0.086825
0.078144
0.076514
0.075916
0.062546
0.075010
3.026137
2.881078
0.058156
0.061986
0.061452
0.065135
0.064481
0.064839
0.050946
0.052254
0.045104
0.054796
0.066722
0.068793
0.066073
0.074015
0.068644
0.074618
0.073290
0.075924
0.074666
0.074716
0.070265
0.070265
0.047762
0.071114
0.073432
0.074127
0.076935
0.073597
0.072612
0.081546
1.571217
2.909548
0.064305
0.065916
0.064797
0.058293
0.068031
0.072627
0.072000
0.074356
0.074386
0.072953
0.076796
0.068447
0.074756
0.076960
0.075725
0.070228
0.074923
0.073985
0.066518
0.057952
0.047853
0.052971
0.069685
0.071669
0.071380
0.067271
0.061926
0.057117
0.067231
0.064395
1.771205
2.962932
0.060273
0.062501
0.065503
0.067422
0.068389
0.076127
0.068756
0.075148
0.072812
0.072196
0.076547
0.075241
0.073708
0.067812
0.080770
0.077268
0.074241
0.073853
0.076700
0.052826
0.066625
0.064404
0.072901
0.074189
0.074292
0.084795
0.076122
0.073048
0.071169
0.070986
0.526631
2.776664
0.062383
0.063430
0.066213
0.057181
0.068105
0.062595
0.072508
0.068514
0.074924
0.075701
0.063705
0.055972
0.076210
0.075536
0.076873
0.077640
0.075767
0.074992
0.074881
0.068023
0.076228
0.072501
0.075725
0.074525
0.075793
0.074730
0.056508
0.065880
0.073531
0.070667
1.651192
2.825855
0.058874
0.060883
0.062285
0.068249
0.069486
0.071645
0.071169
0.075814
0.061740
0.068817
0.075415
0.071644
0.077578
0.078255
0.074876
0.088011
0.061929
0.064832
0.067655
0.070713
0.070479
0.061109
0.071141
0.055027
0.076349
0.076567
0.075517
0.073091
0.075811
0.095826
0.894502
2.813617
0.055725
0.056602
0.048734
0.056957
0.044048
0.059129
0.069214
0.073895
0.075294
0.075498
0.056922
0.070893
0.070343
0.073986
0.078175
0.077858
0.082971
0.076751
0.059790
0.072472
0.074590
0.075165
0.075721
0.075562
0.045132
0.077000
0.068957
0.073330
0.073824
0.076282
0.543229
3.021816
0.061202
0.061305
0.065665
0.066388
0.068755
0.071494
0.048759
0.072980
0.061337
0.072980
0.074286
0.077990
0.076665
0.096110
0.078580
0.083048
0.075594
0.076521
0.074612
0.073881
0.059981
0.056179
0.060573
0.049872
0.061548
0.069619
0.061935
0.118015
0.073316
0.063486
0.430035
3.068837
0.057443
0.059307
0.061856
0.065909
0.069885
0.071412
0.071235
0.075704
0.073497
0.076552
0.055842
0.072097
0.075693
0.073667
0.076480
0.073378
0.075685
0.071273
0.057466
0.077176
0.077117
0.076608
0.070726
0.076828
0.065238
0.072959
0.068957
0.077231
0.076499
0.067645
0.332782
2.915630
0.057701
0.063293
0.064576
0.070307
0.069860
0.068894
0.070470
0.073044
0.060305
0.083951
0.067074
0.065378
0.088602
0.076707
0.078103
0.079118
0.053320
0.073337
0.074355
0.073697
0.077286
0.072680
0.062809
0.072511
0.075429
0.079666
0.073338
0.069024
0.094939
0.076269
0.771662
2.899903
0.061986
0.062097
0.066206
0.059861
0.055567
0.044917
0.063598
0.070392
0.069365
0.073399
0.069349
0.052217
0.073507
0.074071
0.076766
0.071790
0.074668
0.073353
0.074470
0.066269
0.074883
0.074282
0.074848
0.074723
0.074997
0.069435
0.069468
0.074232
0.072347
0.071701
6.324840
2.927257
0.058285
0.058505
0.060673
0.067845
0.069018
0.069588
0.069600
0.073174
0.068668
0.065404
0.072579
0.076039
0.074822
0.077244
0.074468
0.075810
0.073495
0.059477
0.073261
0.073619
0.072715
0.074339
0.072711
0.065248
0.071738
0.064798
0.072756
0.205627
0.073802
0.072748
0.283610
2.781912
0.051542
0.052711
0.043526
0.066827
0.068213
0.065922
0.067531
0.073688
0.067812
0.072983
0.073172
0.075344
0.075487
0.075480
0.075497
0.076842
0.062098
0.081223
0.075719
0.075242
0.075424
0.074994
0.062268
0.069285
0.073409
0.075571
0.076902
0.075561
0.074647
0.074120
0.773491
3.006436
0.058453
0.060040
0.055313
0.062586
0.071478
0.071648
0.069118
0.072996
0.069716
0.073461
0.058640
0.077347
0.076873
0.076247
0.076136
0.078258
0.070951
0.065042
0.056653
0.047655
0.067589
0.071389
0.071861
0.072834
0.065246
0.066796
0.070381
0.076669
0.077067
0.076342
0.560826
2.857110
0.052336
0.062099
0.063111
0.065882
0.058390
0.071968
0.071686
0.060776
0.070460
0.071461
0.075585
0.074766
0.075656
0.071608
0.074320
0.075927
0.073771
0.073273
0.074211
0.073496
0.071751
0.063865
0.061311
0.072718
0.076382
0.084180
0.076300
0.072371
0.073658
0.074877
0.769578
2.931258
0.061970
0.073565
0.064092
0.064745
0.071423
0.070895
0.072169
0.072456
0.074065
0.062457
0.072383
0.075000
0.076796
0.069264
0.076938
0.078435
0.075377
0.071155
0.076371
0.069357
0.076180
0.077039
0.071516
0.061515
0.069378
0.071252
0.074983
0.074846
0.076018
0.074540
0.595371
2.832217
0.056204
0.064185
0.065756
0.071400
0.068545
0.065785
0.046816
0.046251
0.046777
0.067248
0.072775
0.073380
0.075138
0.074209
0.063931
0.069896
0.071153
0.070292
0.072280
0.071158
0.066009
0.065636
0.064783
0.075347
0.076132
0.076288
0.077153
0.071549
0.074954
0.059631
1.934200
2.921975
0.056887
0.060889
0.064148
0.062377
0.069369
0.071870
0.068726
0.068869
0.065890
0.054132
0.046602
0.063067
0.071048
0.073477
0.071412
0.076920
0.063247
0.065125
0.073404
0.076649
0.077319
0.075219
0.063859
0.073033
0.071931
0.079438
0.073885
0.073689
0.075582
0.075541
1.186461
2.817309
0.053185
0.061492
0.064673
0.069193
0.070095
0.067637
0.068618
0.072054
0.068517
0.074363
0.072334
0.072143
0.073502
0.077926
0.074200
0.070808
0.067126
0.075872
0.073035
0.077124
0.076228
0.075481
0.068940
0.069626
0.072171
0.046392
0.063131
0.067309
0.069177
0.065418
0.435293
3.090398
0.061280
0.063303
0.062903
0.065409
0.059874
0.067247
0.071889
0.076382
0.069361
0.075017
0.074988
0.074711
0.057444
0.078503
0.076532
0.080096
0.075727
0.072615
0.059963
0.070911
0.065568
0.072378
0.070203
0.076294
0.075991
0.077888
0.072116
0.066924
0.073119
0.074434
0.535863
2.970170
0.071135
0.061857
0.064111
0.067615
0.066370
0.069839
0.060309
0.069059
0.064258
0.076157
0.068439
0.073455
0.074808
0.076908
0.072645
0.074263
0.054888
0.072362
0.071246
0.072228
0.077541
0.076539
0.066644
0.076976
0.070418
0.080428
0.072415
0.073750
0.072451
0.075380
0.360678
2.831368
0.056288
0.059978
0.065395
0.067622
0.070336
0.066533
0.066246
0.055921
0.051343
0.043837
0.067053
0.070031
0.071483
0.074267
0.068283
0.067573
0.076452
0.075822
0.075486
0.074955
0.074457
0.046839
0.059632
0.051183
0.068596
0.071064
0.077145
0.074023
0.071639
0.074656
1.142549
2.955667
0.056666
0.056695
0.060124
0.059973
0.061361
0.063837
0.062245
0.062261
0.060475
0.068312
0.069082
0.072933
0.073867
0.079243
0.076013
0.051118
0.073101
0.076377
0.073879
0.073635
0.075307
0.055147
0.061969
0.060389
0.055147
0.042950
0.069927
0.062853
0.067823
0.064973
0.932557
3.013324
0.057717
0.051792
0.067566
0.067788
0.068782
0.070356
0.070917
0.072406
0.074342
0.060812
0.069924
0.075689
0.076877
0.077843
0.076174
0.077047
0.062976
0.076212
0.071817
0.073122
0.074623
0.075244
0.073296
0.072977
0.053072
0.071840
0.072601
0.071559
0.074268
0.077323
0.437116
2.904760
0.058388
0.060654
0.061906
0.063936
0.067216
0.067067
0.064909
0.073280
0.061323
0.073844
0.073933
0.076688
0.077030
0.076264
0.059725
0.076637
0.073807
0.076662
0.075507
0.075692
0.064726
0.068542
0.066942
0.075186
0.077964
0.080995
0.073256
0.074325
0.119754
0.065923
0.502121
2.993548
0.060795
0.068102
0.054035
0.049955
0.043632
0.055868
0.066092
0.071402
0.070589
0.072937
0.066172
0.069539
0.077051
0.077746
0.075252
0.077918
0.075117
0.074450
0.050218
0.072648
0.072954
0.074934
0.075555
0.076818
0.072106
0.078072
0.068098
0.075905
0.075007
0.075761
2.243971
2.958037
0.061437
0.055919
0.067816
0.068743
0.070424
0.072024
0.073522
0.074127
0.075685
0.066757
0.055111
0.048402
0.062373
0.072669
0.072927
0.075246
0.073998
0.066777
0.073769
0.073997
0.077821
0.075404
0.076996
0.072211
0.066165
0.078585
0.072489
0.069681
0.065884
0.074831
0.571677
3.077996
0.059029
0.059531
0.065707
0.067402
0.049819
0.057403
0.070200
0.071330
0.078106
0.070070
0.069628
0.074592
0.065439
0.079314
0.078087
0.077836
0.075790
0.072530
0.050506
0.067653
0.067346
0.071458
0.075744
0.076220
0.075305
0.079099
0.070758
0.066584
0.058561
0.049575
0.371123
3.023478
0.057347
0.059783
0.066824
0.067013
0.068757
0.077184
0.066591
0.075403
0.073492
0.069837
0.071323
0.075143
0.078252
0.076666
0.077377
0.078980
0.067170
0.068471
0.072811
0.067439
0.075626
0.076359
0.074813
0.069883
0.068835
0.271509
0.075742
0.085236
0.075133
0.066828
0.222293
3.053725
0.058814
0.062822
0.064523
0.065222
0.063526
0.053976
0.066455
0.070076
0.075694
0.074447
0.076023
0.075929
0.078539
0.064320
0.076948
0.076924
0.074197
0.073845
0.075718
0.072087
0.071472
0.075171
0.075594
0.075809
0.079422
0.074660
0.077173
0.075926
0.055591
0.075992
1.618263
3.093691
0.053182
0.048393
0.058962
0.068993
0.069638
0.069063
0.072838
0.066076
0.069273
0.072038
0.069858
0.070946
0.072692
0.071683
0.077950
0.058612
0.075830
0.077461
0.077053
0.076263
0.074972
0.057759
0.071011
0.057344
0.077247
0.074329
0.080459
0.072838
0.076977
0.074453
0.530022
2.714642
0.098562
0.062392
0.065398
0.065892
0.065471
0.055037
0.071256
0.074458
0.073590
0.069731
0.073317
0.066689
0.078414
0.050750
0.075750
0.073472
0.075873
0.073196
0.083723
0.058245
0.067020
0.054630
0.054545
0.043145
0.055950
0.063917
0.070545
0.074864
0.071828
0.059626
0.550157
2.958331
0.055218
0.060271
0.062091
0.067764
0.069798
0.071684
0.072017
0.074035
0.074459
0.072266
0.062915
0.068878
0.070087
0.078330
0.067389
0.076015
0.071034
0.074135
0.062450
0.074480
0.074388
0.073534
0.073575
0.072830
0.068648
0.071533
0.072610
0.085965
0.075614
0.075403
0.602515
2.923603
0.056455
0.063179
0.067037
0.069562
0.071422
0.071939
0.052421
0.067462
0.070072
0.074748
0.075893
0.073216
0.072095
0.077538
0.067989
0.077227
0.074387
0.076514
0.075488
0.075749
0.061476
0.069113
0.073890
0.076034
0.077992
0.072356
0.086168
0.075630
0.075473
0.062448
2.907265
3.264858
0.058161
0.064208
0.064754
0.067538
0.069509
0.073031
0.071928
0.070899
0.075143
0.074136
0.073284
0.075522
0.057738
0.080738
0.078816
0.079012
0.073786
0.075632
0.059709
0.071925
0.050770
0.075811
0.073460
0.070621
0.072804
0.083234
0.074544
0.075934
0.066423
0.076819
3.981732
2.977175
0.062592
0.064924
0.064171
0.066068
0.071494
0.052125
0.071834
0.071589
0.069164
0.078962
0.073665
0.065196
0.068878
0.063725
0.076015
0.077038
0.075771
0.067658
0.075589
0.049602
0.075745
0.062341
0.072797
0.076034
0.071163
0.078592
0.076860
0.068054
0.069251
0.080790
0.594045
3.124242
0.058991
0.063086
0.061399
0.069034
0.063964
0.070500
0.068310
0.068024
0.072895
0.073445
0.074181
0.074958
0.076648
0.079359
0.077843
0.065501
0.074898
0.075872
0.072763
0.069226
0.076648
0.048313
0.069789
0.063969
0.073495
0.080865
0.072442
2.324861
0.065497
0.054525
0.073675
0.058881
0.075736
0.066982
0.204216
0.051248
0.050325
0.064303
0.058377
0.067660
0.075924
0.074215
0.074665
0.074089
0.067311
0.069711
0.074916
0.078205
0.075633
0.076228
0.072247
0.069211
0.049336
0.044599
0.060668
0.065596
0.072887
0.078926
0.070695
0.066846
0.072939
0.074667
0.232326
2.797217
0.061323
0.060464
0.063075
0.067066
0.065100
0.064653
0.064524
0.073037
0.072064
0.074298
0.070781
0.073005
0.048064
0.071836
0.061109
0.078507
0.073280
0.072520
0.061841
0.069879
0.051016
0.070791
0.072529
0.074413
0.074955
0.077863
0.073056
0.075176
0.067233
0.075368
0.621293
2.619032
0.054143
0.063343
0.059763
0.053488
0.068598
0.068442
0.072204
0.076906
0.075033
0.077009
0.074700
0.074827
0.076160
0.078608
0.074530
0.079698
0.075680
0.075247
0.049899
0.069118
0.076028
0.074685
0.073453
0.077137
0.073806
0.078735
0.062864
0.076482
0.077400
0.075693
2.438227
3.044783
0.054011
0.056195
0.059869
0.064493
0.062550
0.071647
0.071191
0.060082
0.075068
0.072781
0.071539
0.073755
0.074996
0.074751
0.072681
0.073900
0.073509
0.073052
0.073557
0.074017
0.074258
0.069869
0.057436
0.068074
0.071925
0.069959
0.070185
0.060952
0.068148
0.074139
2.034972
3.183974
0.050531
0.058821
0.057653
0.067453
0.065283
0.070932
0.062517
0.075399
0.074095
0.072672
0.073560
0.074676
0.074553
0.071174
0.074310
0.078359
0.075068
0.075342
0.073121
0.069738
0.075560
0.065595
0.077131
0.075438
0.077576
0.078163
0.075223
0.074895
0.069928
0.073374
0.452046
2.936325
0.058699
0.058881
0.058810
0.065684
0.067721
0.062483
0.069283
0.070352
0.071373
0.068173
0.065857
0.070783
0.074121
0.079917
0.075313
0.077021
0.073902
0.074646
0.064497
0.050955
0.049523
0.059453
0.062994
0.068821
0.071220
0.072838
0.065470
0.072069
0.074956
0.075084
1.844174
2.991303
0.061361
0.062939
0.064492
0.064059
0.066137
0.071355
0.070736
0.074198
0.074011
0.074709
0.075705
0.074338
0.065404
0.077339
0.077147
0.080563
0.076798
0.076677
0.056363
0.073621
0.067461
0.074787
0.076423
0.076387
0.076570
0.081273
0.073751
0.141790
0.053918
0.057316
0.478376
3.011209
0.053445
0.062114
0.067136
0.068888
0.069974
0.072853
0.073122
0.074887
0.066572
0.073217
0.072494
0.072762
0.077034
0.077954
0.073485
0.060016
0.073720
0.073383
0.075305
0.074991
0.076272
0.072122
0.072234
0.063111
0.074619
0.074645
0.243221
0.075879
0.073488
0.059254
0.261552
2.893273
0.063803
0.064796
0.067057
0.068188
0.076397
0.055201
0.072611
0.077834
0.073271
0.073284
0.077009
0.074073
0.078084
0.080104
0.075136
0.074205
0.074508
0.075233
0.077612
0.069223
0.063805
0.074821
0.075374
0.076848
0.075259
0.069280
0.074702
0.073360
0.062959
0.071022
1.046720
2.953862
0.061575
0.063576
0.064591
0.069018
0.070037
0.051711
0.072695
0.046575
0.059795
0.059670
0.065894
0.071387
0.070247
0.068737
0.069054
0.072702
0.073387
0.074454
0.076089
0.064863
0.054759
0.060035
0.072200
0.075880
0.076735
0.076048
0.077544
0.072813
0.072039
0.067895
0.534437
3.064592
0.061398
0.052701
0.065510
0.070397
0.071283
0.073298
0.069594
0.072573
0.076209
0.050922
0.076157
0.075390
0.074124
0.078376
0.072983
0.076065
0.069025
0.068720
0.070864
0.065810
0.072817
0.076081
0.076870
0.054684
0.062315
0.065223
0.047439
0.048576
0.073852
0.072570
0.543624
2.843408
0.061436
0.061149
0.060815
0.059893
0.058915
0.059475
0.063144
0.061598
0.069025
0.075412
0.074803
0.077229
0.077385
0.076245
0.065929
0.066748
0.075914
0.066343
0.069110
0.075484
0.072878
0.070454
0.051140
0.074108
0.076342
0.075352
0.078410
0.075943
0.076108
0.071536
0.611001
2.929312
0.064256
0.061615
0.062028
0.066951
0.069667
0.071582
0.072394
0.074570
0.073294
0.075855
0.051748
0.075929
0.079166
0.078697
0.079351
0.080213
0.076688
0.075167
0.070894
0.075905
0.076681
0.075451
0.076229
0.078727
0.070203
0.056690
0.068797
0.067858
0.069355
0.070633
0.389783
2.944149
0.054945
0.066318
0.065264
0.068621
0.071282
0.073930
0.073232
0.068664
0.072583
0.053021
0.066787
0.069380
0.071091
0.076941
0.073111
0.070442
0.073126
0.067399
0.074514
0.075333
0.074871
0.070524
0.053344
0.055522
0.075548
0.073917
0.078906
0.077921
0.076014
0.075639
1.150086
2.998311
0.056279
0.061435
0.060815
0.067945
0.069205
0.069900
0.068461
0.069638
0.067540
0.075358
0.067809
0.074133
0.065170
0.072577
0.075568
0.078217
0.075407
0.074135
0.075324
0.074876
0.074203
0.070123
0.062145
0.057413
0.045200
0.060127
0.073383
0.073134
0.075323
0.071628
0.641171
3.001303
0.058211
0.057691
0.062661
0.066020
0.068743
0.068472
0.069892
0.070909
0.075633
0.074571
0.069221
0.076086
0.076709
0.078482
0.077047
0.078957
0.074297
0.073855
0.064317
0.076607
0.075260
0.074957
0.076266
0.075372
0.057195
0.070284
0.088071
0.077996
0.074224
0.073399
0.453604
2.955085
0.058693
0.061857
0.064934
0.067162
0.066748
0.077700
0.071201
0.057489
0.069406
0.070406
0.070158
0.069073
0.069831
0.075728
0.074242
0.071077
0.073924
0.074944
0.074817
0.075951
0.077418
0.078053
0.061320
0.075146
0.075637
0.081285
0.078103
0.075178
0.072369
0.074036
3.891428
2.808672
0.062349
0.055334
0.067332
0.068957
0.068878
0.070698
0.069126
0.074543
0.073441
0.048519
0.071275
0.067901
0.076809
0.075902
0.072328
0.076045
0.073486
0.076301
0.073654
0.073478
0.074383
0.072305
0.074435
0.066113
0.072559
0.066667
0.071405
0.074113
0.075421
0.094753
0.526097
2.956060
0.051268
0.060292
0.062397
0.060247
0.070387
0.065643
0.063204
0.071551
0.072440
0.065756
0.074677
0.074287
0.078544
0.068683
0.084263
0.082425
0.074834
0.075763
0.073758
0.064790
0.075270
0.061491
0.069011
0.071918
0.072124
0.076065
0.075054
0.071645
0.068275
0.074238
0.996114
2.872079
0.058015
0.058313
0.062115
0.061893
0.078691
0.066418
0.065454
0.049910
0.065539
0.074831
0.072465
0.073263
0.074923
0.074874
0.072873
0.072591
0.050500
0.044613
0.065303
0.069785
0.073072
0.063911
0.072338
0.067354
0.072326
0.077847
0.078600
0.075682
0.076361
0.074941
1.888351
2.876750
0.060827
0.054999
0.062532
0.061402
0.068437
0.058841
0.068544
0.070079
0.070232
0.070159
0.072061
0.073532
0.072655
0.078516
0.062993
0.079732
0.073626
0.049626
0.075097
0.073164
0.071845
0.074861
0.074481
0.071183
0.069783
0.065896
0.053271
0.043576
0.067236
0.069201
0.403428
2.927222
0.055825
0.062861
0.063810
0.068604
0.068826
0.072716
0.070834
0.073935
0.072091
0.072102
0.073459
0.072450
0.075587
0.076532
0.075706
0.071979
0.061106
0.066430
0.068833
0.069262
0.072676
0.066688
0.067169
0.061572
0.072793
0.078363
0.073931
0.074827
0.074658
0.071566
0.262318
2.857821
0.059748
0.062422
0.065673
0.064824
0.062677
0.073719
0.078088
0.073609
0.074135
0.074861
0.077203
0.074110
0.078126
0.072553
0.049502
0.075687
0.072404
0.072123
0.076028
0.075730
0.072082
0.073709
0.069444
0.076724
0.079741
0.078335
0.076772
0.076008
0.078273
0.065055
0.579842
2.768549
0.059246
0.058068
0.064503
0.064877
0.067397
0.064137
0.062016
0.069261
0.062471
0.073507
0.073991
0.070508
0.070670
0.051719
0.057683
0.065353
0.064599
0.071156
0.071797
0.070963
0.071033
0.074149
0.075505
0.072239
0.073701
0.081368
0.070348
0.063996
0.068520
0.073284
0.616258
2.966755
0.056716
0.062709
0.065485
0.065914
0.066975
0.067147
0.066373
0.069544
0.071551
0.072712
0.071844
0.064891
0.075964
0.075220
0.068914
0.065766
0.066443
0.072660
0.073000
0.569484
0.073928
0.072799
0.074931
0.072029
0.074064
0.075291
0.070272
0.065865
0.052917
0.052987
0.222412
2.920657
0.061829
0.060548
0.060920
0.062333
0.065572
0.070317
0.072299
0.071462
0.074490
0.068527
0.074017
0.069402
0.074758
0.077964
0.074487
0.075654
0.073371
0.079238
0.065844
0.073681
0.075983
0.073920
0.074239
0.071846
0.077687
0.068516
0.059189
0.105508
0.073988
0.074303
0.980522
2.749280
0.059467
0.061510
0.063072
0.065958
0.067895
0.061642
0.069341
0.069742
0.074417
0.072336
0.076169
0.073195
0.069491
0.074801
0.069525
0.078163
0.073225
0.073357
0.067390
0.055157
0.063068
0.072739
0.073962
0.075100
0.078209
0.073084
0.069201
0.068958
0.054225
0.070329
1.131109
2.870573
0.059005
0.055309
0.062989
0.065127
0.055836
0.066581
0.064526
0.055079
0.048473
0.068594
0.067802
0.070738
0.064967
0.074870
0.061388
0.074588
0.076133
0.074739
0.074272
0.075655
0.066333
0.071090
0.072248
0.082656
0.076597
0.079243
0.071525
0.072628
0.076789
0.109101
1.155528
2.779718
0.058542
0.061459
0.064831
0.066519
0.067967
0.068307
0.060192
0.070297
0.072571
0.071015
0.072773
0.074711
0.075439
0.075094
0.057578
0.070678
0.073409
0.074392
0.076916
0.074946
0.063822
0.075376
0.070721
0.048499
0.056735
0.066933
0.063132
0.060981
0.095545
0.068949
0.565575
2.953666
0.060133
0.060486
0.060275
0.065935
0.065414
0.067347
0.070451
0.071958
0.074311
0.072602
0.074462
0.064547
0.065652
0.067232
0.071856
0.064839
0.072055
0.069197
0.070175
0.061427
0.063595
0.067257
0.069233
0.069022
0.067940
0.068801
0.061996
0.103347
0.064571
0.065248
0.465774
2.973960
0.057136
0.063007
0.064070
0.069153
0.071009
0.072666
0.063348
0.067684
0.070333
0.071327
0.074277
0.068779
0.071155
0.071684
0.071829
0.059265
0.073974
0.076898
0.075970
0.074411
0.076194
0.073642
0.076842
0.058134
0.072588
0.080386
0.073966
0.070711
0.073783
0.071637
1.092157
3.055160
0.045422
0.052194
0.057318
0.063966
0.069618
0.069782
0.069590
0.054098
0.070466
0.074009
0.070203
0.073293
0.073073
0.073130
0.076447
0.069267
0.075520
0.077026
0.075545
0.072896
0.074402
0.055598
0.058503
0.076330
0.076846
0.084215
0.076640
0.075342
0.075332
0.101970
2.652833
2.618593
0.089661
0.063997
0.065328
0.063922
0.067102
0.060898
0.044471
0.047128
0.069546
0.074286
0.068379
0.071674
0.069999
0.069291
0.071603
0.079097
0.076202
0.076035
0.072848
0.056570
0.076448
0.062985
0.066570
0.067072
0.069708
0.070294
0.076240
0.072026
0.064616
0.062018
0.404088
3.100283
0.061487
0.056708
0.065384
0.067516
0.070264
0.070570
0.071888
0.073810
0.074495
0.055831
0.062378
0.076116
0.076389
0.075369
0.077361
0.071313
0.073859
0.056485
0.073458
0.076986
0.076994
0.076520
0.075389
0.050410
0.073416
0.075577
0.051302
0.051516
0.058949
0.069366
0.934084
2.942039
0.059002
0.062007
0.063686
0.051582
0.069685
0.070048
0.072934
0.060188
0.072048
0.073497
0.068649
0.049224
0.076176
0.076535
0.076090
0.078294
0.074871
0.074125
0.072485
0.068212
0.076558
0.074868
0.074144
0.071768
0.078019
0.065623
0.066679
0.068565
0.074241
0.166847
0.838120
4.200129
0.060179
0.063092
0.052737
0.062746
0.069848
0.070546
0.062584
0.074222
0.074930
0.074301
0.058498
0.067636
0.069794
0.076068
0.075884
0.079087
0.076125
0.076173
0.062465
0.074021
0.074849
0.074860
0.075074
0.076252
0.079104
0.064288
0.077241
0.075057
0.072741
0.076422
2.251818
2.870486
0.061155
0.070920
0.058152
0.066459
0.068652
0.069743
0.075107
0.071989
0.064358
0.047339
0.068301
0.069845
0.069838
0.074237
0.075690
0.076604
0.074860
0.058750
0.074546
0.075012
0.076140
0.074603
0.075255
0.052322
0.069747
0.070986
0.073399
0.071268
0.071712
0.073950
2.218531
2.977977
0.052755
0.064078
0.066302
0.069009
0.069260
0.072333
0.073257
0.074406
0.063600
0.070787
0.073034
0.078104
0.076811
0.078716
0.077379
0.069665
0.074328
0.076294
0.074613
0.076255
0.076379
0.070486
0.070551
0.064079
0.076872
0.076436
0.071665
0.074498
0.068243
0.073573
0.288609
2.954155
0.060198
0.068156
0.067911
0.067839
0.070179
0.071985
0.064207
0.051605
0.044355
0.054772
0.066515
0.063463
0.073124
0.074305
0.071768
0.080610
0.075576
0.075564
0.074326
0.075976
0.060060
0.072142
0.074167
0.076102
0.075882
0.071708
0.067072
0.072608
0.071097
0.058503
0.450088
2.960372
0.058597
0.060545
0.062833
0.061644
0.067868
0.070777
0.072668
0.074742
0.062221
0.070856
0.079513
0.050836
0.075120
0.078514
0.077153
0.077276
0.076248
0.072699
0.072917
0.074466
0.075716
0.075777
0.075717
0.074090
0.076166
0.064014
0.067074
0.059204
0.045092
0.059701
1.285710
3.038734
0.062133
0.055175
0.064426
0.095131
0.071168
0.072009
0.070855
0.071602
0.069898
0.067919
0.073470
0.073569
0.074613
0.075865
0.074659
0.076657
0.063789
0.073743
0.073754
0.074663
0.074839
0.074480
0.058743
0.066799
0.064409
0.075740
0.072900
0.074440
0.073691
0.070780
0.762324
2.983542
0.057898
0.059913
0.064052
0.058587
0.069168
0.073898
0.073067
0.076005
0.065303
0.074301
0.070447
0.070736
0.072528
0.075466
0.076549
0.073198
0.074195
0.073997
0.052856
0.075233
0.073141
0.072204
0.075076
0.075197
0.062636
0.062947
0.054171
0.072053
0.072134
0.072207
2.111866
3.026739
0.057499
0.063853
0.053567
0.065702
0.068639
0.064730
0.072137
0.071510
0.067374
0.073688
0.061941
0.069441
0.074348
0.077245
0.074652
0.081076
0.069721
0.075414
0.066760
0.075031
0.075778
0.075242
0.076595
0.074328
0.069894
0.063056
0.071412
0.073540
0.074715
0.071464
1.100128
3.008483
0.060164
0.062416
0.058287
0.047684
0.069725
0.068194
0.071633
0.063508
0.073395
0.071551
0.069247
0.072793
0.073449
0.075816
0.073376
0.077916
0.073212
0.059643
0.074442
0.075559
0.074601
0.075398
0.072856
0.058507
0.072716
0.070465
0.077534
0.076327
0.071892
0.071708
0.441503
3.004830
0.060990
0.061951
0.065162
0.067445
0.069442
0.071989
0.062553
0.073788
0.074530
0.076702
0.074368
0.076945
0.075276
0.071981
0.076276
0.078524
0.075042
0.073645
0.073025
0.071960
0.073109
0.060030
0.062443
0.040936
0.059422
0.070176
0.062358
0.072860
0.070356
0.056428
2.960072
3.094845
0.061797
0.058500
0.061368
0.065984
0.068061
0.065076
0.079113
0.066103
0.069306
0.064226
0.076046
0.071174
0.072094
0.074238
0.066833
0.074719
0.074352
0.074945
0.079608
0.069565
0.053554
0.061370
0.061663
0.051746
0.057986
0.071530
0.073732
0.056689
0.070264
0.073084
0.230540
2.990715
0.060447
0.061851
0.066182
0.068072
0.067449
0.049582
0.078433
0.064873
0.074392
0.072481
0.074702
0.071970
0.077468
0.060111
0.074945
0.077345
0.074542
0.074105
0.072331
0.075515
0.063543
0.071534
0.072390
0.076051
0.071291
0.077501
0.076141
0.074479
0.062729
0.072734
0.435571
2.815986
0.060891
0.062776
0.066656
0.062120
0.069962
0.069208
0.067871
0.071629
0.077590
0.066777
0.074740
0.056558
0.076469
0.075522
0.076090
0.077282
0.076909
0.068432
0.065471
0.074636
0.076115
0.076291
0.075666
0.075720
0.068314
0.078123
0.053841
0.071422
0.070453
0.071736
1.203827
2.919150
0.060966
0.059710
0.055274
0.046998
0.045018
0.062830
0.064856
0.069129
0.073114
0.060358
0.066423
0.074058
0.068363
0.074395
0.065611
0.066261
0.072055
0.071266
0.059886
0.072214
0.072790
0.072701
0.075282
0.072476
0.058714
0.056574
0.049896
0.073891
0.072753
0.071197
1.478566
2.869474
0.058246
0.061318
0.065281
0.067989
0.069822
0.064605
0.074830
0.073961
0.054311
0.076435
0.077738
0.084977
0.078172
0.078400
0.077407
0.071318
0.064706
0.051567
0.067087
0.069785
0.071240
0.073013
0.062935
0.061114
0.067643
0.075495
0.073128
0.079008
0.075695
0.076695
0.799265
2.993361
0.060540
0.064491
0.053642
0.067921
0.067201
0.071928
0.072073
0.075173
0.074156
0.076452
0.072181
0.077667
0.077171
0.076526
0.076978
0.078101
0.074158
0.053654
0.073240
0.075371
0.075845
0.075733
0.073463
0.073877
0.075279
0.062379
0.074961
0.067908
0.081904
0.074501
0.443919
2.869342
0.058672
0.063103
0.062795
0.067793
0.066287
0.071152
0.071659
0.052088
0.070380
0.073335
0.074902
0.073949
0.076440
0.076852
0.077841
0.066422
0.077413
0.076227
0.071389
0.073850
0.074579
0.069357
0.062808
0.070842
0.071329
0.075795
0.072964
0.072086
0.071482
0.074526
0.614942
2.691608
0.056107
0.060704
0.063533
0.066356
0.068822
0.060644
0.067996
0.071223
0.072636
0.074192
0.072842
0.070432
0.069897
0.072933
0.074307
0.077456
0.071513
0.075216
0.072127
0.068334
0.080086
0.076111
0.074273
0.074152
0.077938
0.075987
0.071862
0.070315
0.072362
0.073780
0.575453
2.897830
0.061727
0.055337
0.064271
0.066771
0.068943
0.073863
0.070202
0.071599
0.069831
0.071723
0.072448
0.075859
0.076304
0.078568
0.077765
0.078324
0.052110
0.061166
0.046643
0.059876
0.072485
0.074942
0.072689
0.069118
0.059015
0.063855
0.072826
0.075365
0.071219
0.072012
2.301604
2.876170
0.053052
0.061717
0.066060
0.067495
0.069207
0.072363
0.070569
0.073849
0.060445
0.070867
0.072244
0.071998
0.070434
0.583591
0.077829
0.079822
0.075572
0.074727
0.068627
0.061914
0.069242
0.048032
0.058114
0.072646
0.067689
0.077013
0.073929
0.060407
0.069979
0.076281
0.496284
2.908596
0.061585
0.053811
0.065676
0.068802
0.068484
0.070247
0.069911
0.075301
0.074877
0.057135
0.071041
0.076484
0.077996
0.077810
0.076259
0.079227
0.073690
0.069719
0.074319
0.071994
0.072670
0.074021
0.072939
0.056189
0.054547
0.069547
0.068084
0.194171
0.123318
0.083236
0.569920
2.816056
0.059971
0.063709
0.065209
0.067079
0.069235
0.062097
0.071785
0.072881
0.076549
0.072099
0.073141
0.075664
0.066804
0.072069
0.077765
0.077344
0.072980
0.074978
0.073823
0.070531
0.055431
0.069472
0.072550
0.074658
0.072056
0.087339
0.074802
0.075759
0.062872
0.072193
0.635192
3.033913
0.053490
0.051348
0.054990
0.065210
0.068168
0.069760
0.070286
0.069371
0.069392
0.075838
0.061728
0.073983
0.074264
0.077660
0.068561
0.059980
0.074552
0.076200
0.072773
0.075414
0.070810
0.071881
0.071451
0.049037
0.070049
0.074837
0.076243
0.074316
0.075141
0.075240
0.458536
2.821639
0.061230
0.057835
0.059137
0.062906
0.070232
0.069508
0.062144
0.073941
0.073386
0.077170
0.077440
0.076993
0.076096
0.058016
0.078163
0.088235
0.074418
0.074553
0.074241
0.071062
0.076860
0.068399
0.055126
0.043931
0.068106
0.071835
0.071008
0.072503
0.070207
0.060294
0.674627
3.095846
0.050907
0.062140
0.062975
0.062944
0.064474
0.053038
0.068177
0.068428
0.054611
0.072567
0.074100
0.070125
0.075482
0.075118
0.074205
0.075988
0.066655
0.069536
0.074678
0.065340
0.075355
0.073437
0.064920
0.066852
0.074581
0.077151
0.074695
0.074476
0.074651
0.079498
1.447916
3.054722
0.057130
0.060750
0.062415
0.074213
0.055616
0.069066
0.066176
0.064270
0.070905
0.060243
0.073072
0.062627
0.063033
0.075163
0.076493
0.074884
0.068143
0.073418
0.075939
0.070699
0.079030
0.062385
0.064773
0.067566
0.070746
0.071636
0.073754
0.073288
0.065706
0.073252
1.760369
3.072041
0.060346
0.059355
0.060995
0.065850
0.068613
0.067819
0.062507
0.072584
0.075514
0.072827
0.077223
0.076343
0.075392
0.077074
0.065255
0.075355
0.074661
0.074064
0.072282
0.074849
0.065133
0.070467
0.069373
0.074639
0.075215
0.075368
0.075674
0.074254
0.072922
0.058393
0.484368
2.954742
0.062958
0.063405
0.065045
0.061782
0.053015
0.046919
0.060385
0.073363
0.076590
0.072716
0.074742
0.058609
0.076691
0.077977
0.076242
0.076171
0.077160
0.071426
0.065987
0.073858
0.078199
0.075146
0.076202
0.075388
0.064758
0.078584
0.053901
0.250211
0.075499
0.076787
0.290358
2.920150
0.058233
0.063418
0.080261
0.068881
0.070350
0.072940
0.063132
0.075993
0.072817
0.070254
0.073794
0.075693
0.077470
0.075746
0.074753
0.052657
0.076526
0.074624
0.075683
0.069988
0.076382
0.067538
0.068831
0.055998
0.056904
0.043905
0.062599
0.071547
0.071839
0.072007
2.386302
3.180462
0.061166
0.060039
0.062361
0.062656
0.057501
0.069312
0.066487
0.068335
0.070627
0.074326
0.068686
0.065379
0.063014
0.080203
0.077320
0.078927
0.075645
0.075646
0.073043
0.067857
0.074729
0.066019
0.074012
0.071800
0.073768
0.076339
0.071128
0.063792
0.061833
0.043135
0.451216
3.047168
0.071518
0.055194
0.058439
0.057595
0.068002
0.070462
0.071194
0.072534
0.075324
0.064480
0.062299
0.070376
0.072397
0.074068
0.073291
0.071594
0.049185
0.074360
0.073940
0.075974
0.075989
0.073874
0.056020
0.069020
0.067786
0.078971
0.076442
0.190186
0.074487
0.074678
0.274098
3.094739
0.064936
0.062626
0.061770
0.065297
0.063120
0.059853
0.071249
0.076186
0.070448
0.074402
0.068955
0.062808
0.062269
0.066973
0.073240
0.073122
0.074226
0.074862
0.071099
0.073577
0.058820
0.075203
0.073531
0.074435
0.076479
0.079170
0.075622
0.076414
0.072632
0.073828
3.152541
3.066022
0.056796
0.065308
0.062320
0.059299
0.067636
0.067167
0.075099
0.076506
0.067874
0.073740
0.073143
0.066947
0.078175
0.079341
0.076760
0.076017
0.076451
0.073241
0.051517
0.076180
0.076867
0.075736
0.076520
0.075831
0.057545
0.078676
0.062528
0.072935
0.076746
0.075283
0.325894
3.016914
0.052024
0.060773
0.063446
0.068265
0.069355
0.070873
0.067861
0.068770
0.061028
0.059420
0.043360
0.059114
0.063993
0.072525
0.072269
0.075737
0.069632
0.076999
0.072720
0.082769
0.077314
0.075349
0.057226
0.056767
0.046290
0.072314
0.073074
0.073507
0.071238
0.073837
0.559631
2.851964
0.062359
0.061576
0.064937
0.145349
0.071309
0.066930
0.073567
0.066358
0.074631
0.076368
0.077161
0.079622
0.079231
0.062894
0.077779
0.072487
0.078729
0.068218
0.074124
0.059553
0.075868
0.069073
0.071941
0.077843
0.075480
0.111614
0.072719
0.072015
0.065183
0.088930
0.479690
2.995204
0.061023
0.053662
0.060478
0.067823
0.071442
0.070542
0.073130
0.075996
0.065886
0.060797
0.073301
0.073902
0.073014
0.075783
0.074869
0.072505
0.069590
0.068782
0.075965
0.074172
0.073666
0.074473
0.075181
0.072086
0.061832
0.077308
0.073500
0.098934
0.074837
0.074229
2.239325
2.913742
0.054277
0.062854
0.066096
0.075086
0.067630
0.070731
0.073599
0.060969
0.052229
0.071271
0.072808
0.075308
0.076777
0.076403
0.074087
0.078400
0.070243
0.076394
0.077095
0.076077
0.077228
0.079147
0.077274
0.053820
0.074354
0.078241
0.077848
0.075779
0.076603
0.075101
2.123904
2.918906
0.047803
0.056118
0.065738
0.058840
0.068950
0.068818
0.073782
0.074984
0.057384
0.070672
0.073414
0.076558
0.077439
0.076519
0.079101
0.060370
0.068264
0.075218
0.073279
0.071399
0.071630
0.072703
0.062599
0.058354
0.074046
0.076841
0.073293
0.075849
0.073942
0.076424
0.580300
2.846678
0.058528
0.062051
0.064192
0.066903
0.070248
0.060543
0.051381
0.043490
0.057334
0.067658
0.067799
0.069321
0.068156
0.062368
0.077055
0.075344
0.075499
0.071783
0.072946
0.052399
0.059921
0.061764
0.074699
0.075373
0.074769
0.073817
0.077831
0.069159
0.072218
0.071819
0.469186
2.814206
0.057196
0.060868
0.065600
0.063189
0.066159
0.072482
0.068385
0.070062
0.075026
0.072858
0.073304
0.056449
0.073935
0.073363
0.072995
0.076229
0.074121
0.071611
0.074527
0.051737
0.074764
0.071173
0.074552
0.073639
0.076850
0.066661
0.069134
0.064013
0.051083
0.042207
0.458264
2.933100
0.059857
0.052305
0.065420
0.065185
0.069009
0.068461
0.070898
