66052096
65896448
65798144
65716224
65634304
65527808
65445888
65363968
65265664
65183744
65101824
64987136
64905216
64823296
64716800
64634880
64552960
64446464
64364544
64282624
64176128
64086016
63987712
63873024
63791104
63700992
63602688
63520768
63422464
63324160
63242240
63160320
63053824
62955520
62873600
62775296
62693376
62611456
62513152
65445888
65667072
65568768
65486848
65404928
65306624
65224704
65142784
65044480
64962560
64880640
64782336
64684032
64602112
64503808
64413696
64331776
64225280
64143360
64061440
63963136
63881216
63782912
63668224
63586304
63504384
63406080
63324160
63234048
63127552
63045632
62963712
62865408
62775296
62676992
62578688
62496768
62414848
62316544
65454080
65626112
65544192
65462272
65380352
65282048
65200128
65118208
65019904
64937984
64856064
64757760
64659456
64577536
64479232
64389120
64307200
64200704
64118784
64036864
63938560
63856640
63758336
63643648
63561728
63479808
63381504
63299584
63217664
63102976
63021056
62939136
62840832
62750720
62652416
62554112
62472192
62390272
62291968
65454080
65626112
65536000
65454080
65372160
65273856
65191936
65110016
65011712
64929792
64847872
64749568
64651264
64569344
64471040
64380928
64299008
64192512
64110592
64028672
63930368
63848448
63750144
63635456
63553536
63471616
63373312
63291392
63209472
63094784
63012864
62930944
62832640
62742528
62644224
62545920
62464000
62382080
62283776
65765376
65642496
65544192
65454080
65372160
65273856
65191936
65110016
65011712
64929792
64847872
64749568
64651264
64569344
64471040
64380928
64299008
64192512
64110592
64028672
63930368
63848448
63750144
63635456
63553536
63471616
63373312
63291392
63209472
63094784
63012864
62930944
62832640
62742528
62644224
62545920
62464000
62382080
62283776
65503232
65634304
65536000
65454080
65372160
65273856
65191936
65110016
65011712
64929792
64847872
64749568
64651264
64569344
64471040
64380928
64299008
64192512
64110592
64028672
63930368
63840256
63750144
63635456
63553536
63471616
63373312
63291392
63201280
63094784
63012864
62930944
62832640
62742528
62644224
62545920
62464000
62382080
62283776
65765376
65642496
65560576
65478656
65396736
65298432
65208320
65126400
65028096
64946176
64864256
64765952
64667648
64585728
64487424
64397312
64315392
64208896
64126976
64045056
63946752
63864832
63766528
63651840
63561728
63479808
63381504
63299584
63217664
63102976
63021056
62939136
62840832
62750720
62652416
62554112
62472192
62390272
62291968
64438272
65626112
65536000
65454080
65372160
65273856
65191936
65110016
65011712
64929792
64847872
64749568
64651264
64569344
64471040
64380928
64299008
64192512
64110592
64028672
63930368
63848448
63758336
63635456
63553536
63471616
63373312
63291392
63201280
63094784
63012864
62930944
62832640
62742528
62644224
62545920
62464000
62382080
62283776
65421312
65626112
65536000
65454080
65372160
65273856
65191936
65110016
65011712
64929792
64847872
64749568
64651264
64569344
64471040
64380928
64299008
64192512
64110592
64028672
63930368
63848448
63750144
63635456
63553536
63471616
63373312
63291392
63209472
63094784
63012864
62930944
62832640
62742528
62644224
62545920
62464000
62382080
62283776
65560576
65634304
65552384
65462272
65380352
65282048
65200128
65118208
65019904
64937984
64856064
64757760
64659456
64577536
64479232
64389120
64307200
64200704
64118784
64036864
63938560
63856640
63758336
63643648
63561728
63479808
63381504
63299584
63209472
63102976
63021056
62939136
62840832
62750720
62652416
62554112
62472192
62390272
62291968
65576960
65650688
65552384
65470464
65388544
65290240
65208320
65126400
65028096
64946176
64864256
64765952
64667648
64585728
64487424
64397312
64315392
64208896
64126976
64045056
63946752
63864832
63766528
63651840
63569920
63488000
63389696
63307776
63225856
63111168
63029248
62947328
62849024
62758912
62660608
62562304
62480384
62398464
62300160
65495040
65634304
65536000
65454080
65372160
65273856
65191936
65110016
65011712
64929792
64847872
64741376
64651264
64569344
64471040
64380928
64299008
64192512
64110592
64028672
63930368
63848448
63741952
63635456
63553536
63471616
63373312
63291392
63201280
63094784
63012864
62930944
62832640
62742528
62644224
62545920
62464000
62382080
62283776
65503232
65626112
65544192
65462272
65380352
65282048
65200128
65118208
65019904
64937984
64856064
64757760
64659456
64577536
64479232
64389120
64307200
64200704
64118784
64036864
63938560
63856640
63766528
63643648
63561728
63479808
63381504
63299584
63209472
63102976
63021056
62939136
62840832
62750720
62652416
62554112
62472192
62390272
62291968
64290816
65560576
65470464
65388544
65306624
65208320
65126400
65044480
64946176
64864256
64782336
64684032
64585728
64503808
64405504
64315392
64233472
64126976
64045056
63963136
63864832
63782912
63684608
63569920
63488000
63406080
63307776
63225856
63135744
63029248
62947328
62865408
62767104
62676992
62578688
62480384
62398464
62316544
62218240
65699840
65552384
65470464
65388544
65306624
65208320
65126400
65044480
64946176
64864256
64782336
64684032
64585728
64503808
64405504
64315392
64233472
64126976
64045056
63963136
63864832
63774720
63684608
63569920
63488000
63406080
63307776
63225856
63135744
63029248
62947328
62865408
62767104
62676992
62578688
62480384
62398464
62316544
62218240
65708032
65585152
65486848
65404928
65323008
65224704
65142784
65060864
64962560
64880640
64798720
64700416
64602112
64520192
64421888
64331776
64249856
64143360
64061440
63979520
63881216
63799296
63700992
63586304
63504384
63422464
63324160
63242240
63152128
63045632
62963712
62881792
62783488
62693376
62595072
62496768
62414848
62332928
62234624
65675264
65585152
65486848
65396736
65314816
65216512
65134592
65052672
64954368
64872448
64790528
64692224
64593920
64512000
64413696
64323584
64241664
64135168
64053248
63971328
63873024
63791104
63692800
63578112
63496192
63414272
63315968
63234048
63152128
63037440
62955520
62873600
62775296
62685184
62586880
62488576
62406656
62324736
62226432
62242816
65568768
65486848
65404928
65323008
65224704
65142784
65060864
64962560
64880640
64798720
64700416
64602112
64520192
64421888
64331776
64249856
64143360
64061440
63979520
63881216
63799296
63709184
63586304
63504384
63422464
63324160
63242240
63160320
63045632
62963712
62881792
62783488
62693376
62595072
62496768
62414848
62332928
62234624
65363968
65585152
65503232
65421312
65339392
65241088
65150976
65069056
64970752
64888832
64806912
64708608
64610304
64528384
64430080
64339968
64258048
64151552
64069632
63987712
63889408
63807488
63717376
63594496
63504384
63422464
63324160
63242240
63160320
63045632
62963712
62881792
62783488
62693376
62595072
62496768
62414848
62332928
62234624
65576960
65585152
65486848
65396736
65314816
65216512
65134592
65052672
64954368
64872448
64790528
64692224
64593920
64512000
64413696
64323584
64241664
64135168
64053248
63971328
63873024
63791104
63700992
63578112
63496192
63414272
63315968
63234048
63152128
63037440
62955520
62873600
62775296
62685184
62586880
62488576
62406656
62324736
62226432
65675264
65585152
65503232
65421312
66142208
65339392
65978368
65241088
65880064
65150976
65798144
65069056
65716224
64970752
65617920
64888832
65527808
64806912
65445888
64708608
65347584
64610304
65257472
64528384
65175552
64430080
65060864
64339968
64970752
64258048
64888832
64151552
64782336
64069632
64700416
63987712
64618496
63889408
64512000
63807488
64430080
63717376
64348160
63594496
64241664
63504384
64151552
63422464
64053248
63324160
63938560
63242240
63856640
63152128
63766528
63045632
63660032
62963712
63569920
62881792
63471616
62783488
63373312
62693376
63291392
62595072
63209472
62496768
63102976
62414848
63012864
62332928
62922752
62234624
62824448
65708032
62742528
65585152
62660608
65503232
62562304
65421312
65462272
65339392
65699840
65241088
65609728
65150976
65527808
65069056
65445888
64970752
65347584
64888832
65265664
64806912
65183744
64708608
65085440
64610304
65003520
64528384
64921600
64430080
64823296
64339968
64724992
64258048
64643072
64151552
64544768
64069632
64454656
63987712
64372736
63889408
64266240
63807488
64184320
63717376
64102400
63594496
64004096
63504384
63922176
63422464
63832064
63324160
63709184
63242240
63627264
63160320
63545344
63045632
63447040
62963712
63365120
62881792
63275008
62783488
63168512
62693376
63086592
62595072
63004672
62496768
62906368
62414848
62816256
62332928
62717952
62234624
62619648
65470464
62537728
65568768
62455808
65478656
62357504
65396736
65478656
65314816
65708032
65216512
65626112
65134592
65544192
65052672
65462272
64954368
65363968
64872448
65273856
64790528
65191936
64692224
65093632
64593920
65011712
64512000
64921600
64413696
64823296
64323584
64724992
64241664
64643072
64135168
64544768
64053248
64454656
63971328
64372736
63873024
64266240
63791104
64184320
63700992
64102400
63578112
64004096
63496192
63922176
63414272
63832064
63315968
63709184
63234048
63619072
63152128
63537152
63037440
63438848
62955520
63348736
62873600
63258624
62775296
63143936
62685184
63062016
62586880
62980096
62488576
62881792
62406656
62791680
62324736
62693376
62226432
62595072
65708032
62513152
65568768
62431232
65478656
62332928
65396736
65495040
65314816
65667072
65216512
65576960
65134592
65495040
65052672
65413120
64954368
65314816
64872448
65232896
64790528
65150976
64692224
65052672
64593920
64970752
64512000
64888832
64413696
64790528
64323584
64692224
64241664
64610304
64135168
64512000
64053248
64421888
63971328
64339968
63873024
64233472
63791104
64151552
63692800
64069632
63578112
63971328
63496192
63889408
63414272
63799296
63315968
63676416
63234048
63594496
63152128
63512576
63037440
63414272
62955520
63332352
62873600
63250432
62775296
63135744
62685184
63053824
62586880
62971904
62488576
62873600
62406656
62783488
62324736
62685184
62226432
62586880
65708032
62504960
65585152
62423040
65503232
62324736
65421312
62283776
65339392
65568768
65241088
65486848
65150976
65404928
65069056
65323008
64970752
65224704
64888832
65142784
64806912
65060864
64708608
64962560
64610304
64880640
64528384
64798720
64430080
64700416
64339968
64602112
64258048
64520192
64151552
64421888
64069632
64331776
63987712
64249856
63889408
64143360
63807488
64061440
63717376
63979520
63594496
63881216
63504384
63799296
63422464
63700992
63324160
63586304
63242240
63504384
63160320
63422464
63045632
63324160
62963712
63242240
62881792
63152128
62783488
63045632
62693376
62963712
62595072
62881792
62496768
62783488
62414848
62693376
62332928
62595072
62234624
62496768
65372160
62414848
65568768
62332928
65478656
62234624
65396736
65732608
65314816
65568768
65216512
65486848
65134592
65404928
65052672
65323008
64954368
65224704
64872448
65142784
64790528
65060864
64692224
64962560
64593920
64880640
64512000
64798720
64413696
64700416
64323584
64602112
64241664
64520192
64135168
64421888
64053248
64331776
63971328
64249856
63873024
64143360
63791104
64061440
63700992
63979520
63578112
63881216
63496192
63799296
63414272
63700992
63315968
63586304
63234048
63504384
63152128
63422464
63037440
63324160
62955520
63242240
62873600
63160320
62775296
63045632
62685184
62963712
62586880
62881792
62488576
62783488
62406656
62693376
62324736
62595072
62496768
62226432
62414848
64782336
62332928
65568768
62234624
65486848
65740800
65404928
65593344
65323008
65495040
65224704
65413120
65142784
65331200
65060864
65232896
64962560
65150976
64880640
65069056
64798720
64970752
64700416
64888832
64602112
64806912
64520192
64708608
64421888
64610304
64331776
64528384
64249856
64430080
64143360
64339968
64061440
64258048
63979520
64151552
63881216
64069632
63799296
63987712
63709184
63889408
63586304
63807488
63504384
63709184
63422464
63594496
63324160
63512576
63242240
63430656
63160320
63332352
63045632
63250432
62963712
63168512
62881792
63053824
62783488
62971904
62693376
62889984
62595072
62791680
62496768
62701568
62414848
62603264
62332928
62504960
62234624
62423040
65708032
62341120
65552384
62242816
65470464
65413120
65388544
65593344
65306624
65503232
65208320
65421312
65126400
65339392
65044480
65241088
64946176
65159168
64864256
65077248
64782336
64978944
64684032
64897024
64585728
64815104
64503808
64716800
64405504
64618496
64315392
64536576
64233472
64438272
64126976
64348160
64045056
64266240
63963136
64159744
63864832
64077824
63782912
63995904
63684608
63897600
63569920
63815680
63488000
63717376
63406080
63602688
63307776
63520768
63225856
63438848
63143936
63340544
63029248
63258624
62947328
63176704
62865408
63062016
62767104
62980096
62676992
62898176
62578688
62799872
62480384
62709760
62398464
62611456
62316544
62513152
62218240
62431232
65699840
62349312
65568768
62251008
65486848
64978944
65404928
65593344
65323008
65503232
65224704
65421312
65134592
65339392
65052672
65241088
64954368
65159168
64872448
65077248
64790528
64978944
64692224
64897024
64593920
64815104
64512000
64716800
64413696
64618496
64323584
64536576
64241664
64438272
64135168
64348160
64053248
64266240
63971328
64159744
63873024
64077824
63791104
63995904
63692800
63897600
63578112
63815680
63488000
63717376
63406080
63602688
63307776
63520768
63225856
63438848
63135744
63340544
63029248
63258624
62947328
63168512
62865408
63062016
62767104
62980096
62676992
62898176
62578688
62799872
62480384
62709760
62398464
62611456
62316544
62513152
62218240
62431232
65437696
62349312
65560576
62251008
65470464
65527808
65388544
65617920
65306624
65503232
65208320
65421312
65126400
65339392
65044480
65241088
64946176
65159168
64864256
65077248
64782336
64978944
64684032
64897024
64585728
64815104
64503808
64716800
64405504
64618496
64315392
64536576
64233472
64438272
64126976
64348160
64045056
64266240
63963136
64159744
63864832
64077824
63782912
63995904
63692800
63897600
63569920
63815680
63488000
63717376
63406080
63602688
63307776
63520768
63225856
63438848
63143936
63340544
63029248
63258624
62947328
63168512
62865408
63062016
62767104
62980096
62676992
62898176
62578688
62799872
62480384
62709760
62398464
62611456
62316544
62513152
62218240
62431232
65699840
62349312
65560576
62251008
65470464
65740800
65388544
65626112
65306624
65544192
65208320
65462272
65126400
65380352
65044480
65282048
64946176
65191936
64864256
65110016
64782336
65011712
64684032
64929792
64585728
64839680
64503808
64741376
64405504
64643072
64315392
64561152
64233472
64462848
64126976
64372736
64045056
64290816
63963136
64184320
63864832
64102400
63782912
64020480
63684608
63922176
63569920
63840256
63488000
63750144
63406080
63627264
63307776
63537152
63225856
63455232
63143936
63356928
63029248
63275008
62947328
63193088
62865408
63070208
62767104
62988288
62676992
62906368
62578688
62808064
62480384
62717952
62398464
62619648
62316544
62521344
62218240
62439424
62971904
62357504
65544192
62259200
65462272
64176128
65380352
65593344
65298432
65503232
65200128
65421312
65118208
65339392
65036288
65241088
64937984
65159168
64856064
65077248
64774144
64978944
64675840
64897024
64577536
64815104
64495616
64716800
64397312
64618496
64307200
64536576
64225280
64438272
64118784
64348160
64036864
64266240
63954944
64159744
63856640
64077824
63774720
63995904
63676416
63897600
63561728
63815680
63479808
63725568
63397888
63602688
63299584
63520768
63217664
63438848
63135744
63340544
63021056
63258624
62939136
63168512
62857216
63062016
62758912
62980096
62668800
62898176
62570496
62799872
62472192
62709760
62390272
62611456
62308352
62513152
62210048
62431232
65560576
62349312
65552384
62251008
65462272
65617920
65380352
65593344
65298432
65503232
65200128
65421312
65118208
65339392
65036288
65241088
64937984
65159168
64856064
65077248
64774144
64978944
64675840
64897024
64577536
64815104
64495616
64716800
64397312
64618496
64307200
64536576
64225280
64438272
64118784
64348160
64036864
64266240
63954944
64159744
63856640
64077824
63774720
63995904
63676416
63897600
63561728
63815680
63479808
63717376
63397888
63602688
63299584
63520768
63217664
63438848
63127552
63340544
63021056
63258624
62939136
63168512
62857216
63062016
62758912
62980096
62668800
62898176
62570496
62799872
62472192
62709760
62390272
62611456
62308352
62513152
62210048
62431232
65617920
62349312
65552384
62251008
65470464
65650688
65388544
65593344
65306624
65503232
65208320
65421312
65126400
65339392
65044480
65241088
64946176
65159168
64864256
65077248
64782336
64978944
64684032
64897024
64585728
64815104
64503808
64716800
64405504
64618496
64315392
64536576
64233472
64438272
64126976
64348160
64045056
64266240
63963136
64159744
63864832
64077824
63774720
63995904
63684608
63897600
63569920
63815680
63488000
63717376
63406080
63602688
63307776
63520768
63225856
63438848
63143936
63340544
63029248
63258624
62947328
63176704
62865408
63062016
62767104
62980096
62676992
62898176
62578688
62799872
62480384
62709760
62398464
62611456
62316544
62513152
62218240
62431232
65380352
62349312
65568768
62251008
65470464
65748992
65388544
65576960
65306624
65495040
65208320
65413120
65126400
65331200
65044480
65232896
64946176
65150976
64864256
65069056
64782336
64970752
64675840
64888832
64585728
64806912
64503808
64708608
64405504
64610304
64315392
64528384
64233472
64430080
64126976
64339968
64045056
64258048
63963136
64151552
63864832
64069632
63774720
63987712
63684608
63889408
63569920
63807488
63488000
63709184
63406080
63594496
63307776
63512576
63225856
63430656
63135744
63332352
63029248
63250432
62947328
63168512
62865408
63053824
62767104
62971904
62676992
62889984
62578688
62791680
62480384
62701568
62398464
62603264
62316544
62504960
62218240
62423040
65404928
62341120
65568768
62242816
65470464
65740800
65388544
65576960
65306624
65495040
65208320
65413120
65126400
65331200
65044480
65232896
64946176
65150976
64864256
65069056
64782336
64970752
64684032
64888832
64585728
64806912
64503808
64708608
64405504
64610304
64315392
64528384
64233472
64430080
64126976
64339968
64045056
64258048
63963136
64151552
63864832
64069632
63782912
63987712
63684608
63889408
63569920
63807488
63488000
63709184
63406080
63594496
63307776
63512576
63225856
63430656
63135744
63332352
63029248
63250432
62947328
63160320
62865408
63053824
62767104
62971904
62676992
62889984
62578688
62791680
62480384
62701568
62398464
62603264
62316544
62504960
62218240
62423040
65355776
62341120
65552384
62242816
65470464
62128128
65388544
65568768
65306624
65486848
65208320
65404928
65126400
65323008
65044480
65224704
64946176
65142784
64864256
65060864
64782336
64962560
64684032
64880640
64585728
64798720
64503808
64700416
64405504
64602112
64315392
64520192
64233472
64421888
64126976
64331776
64045056
64249856
63963136
64143360
63864832
64061440
63774720
63979520
63684608
63881216
63569920
63799296
63488000
63709184
63406080
63594496
63307776
63504384
63225856
63422464
63143936
63324160
63029248
63242240
62947328
63160320
62865408
63037440
62767104
62955520
62676992
62873600
62578688
62775296
62480384
62685184
62398464
62586880
62316544
62488576
62218240
62406656
65667072
62324736
65576960
62226432
65478656
65396736
65396736
65568768
65314816
65486848
65216512
65404928
65134592
65323008
65052672
65224704
64954368
65142784
64872448
65060864
64790528
64962560
64692224
64880640
64593920
64798720
64512000
64700416
64413696
64602112
64323584
64520192
64241664
64421888
64135168
64331776
64053248
64249856
63971328
64143360
63873024
64061440
63791104
63979520
63692800
63881216
63578112
63791104
63496192
63700992
63414272
63586304
63315968
63504384
63234048
63422464
63152128
63324160
63037440
63242240
62955520
63160320
62873600
63045632
62775296
62963712
62685184
62881792
62586880
62783488
62488576
62693376
62406656
62595072
62324736
62496768
62226432
62414848
65396736
62332928
65576960
62234624
65478656
65658880
65388544
65617920
65306624
65536000
65208320
65454080
65126400
65372160
65044480
65273856
64946176
65183744
64864256
65101824
64782336
65003520
64684032
64921600
64585728
64831488
64503808
64733184
64405504
64634880
64315392
64552960
64233472
64454656
64126976
64364544
64045056
64282624
63963136
64176128
63864832
64094208
63782912
64012288
63684608
63913984
63569920
63832064
63488000
63741952
63406080
63627264
63307776
63537152
63225856
63455232
63135744
63356928
63029248
63275008
62947328
63184896
62865408
63070208
62767104
62988288
62676992
62906368
62578688
62808064
62480384
62717952
62398464
62619648
62316544
62521344
62218240
62439424
65355776
62357504
65568768
62259200
65486848
65748992
65404928
65617920
65323008
65536000
65224704
65454080
65134592
65372160
65052672
65273856
64954368
65183744
64872448
65101824
64790528
65003520
64692224
64921600
64593920
64831488
64512000
64733184
64634880
64413696
64552960
64323584
64454656
64241664
64364544
64135168
64282624
64053248
64176128
63971328
64094208
63873024
64012288
63791104
63913984
63692800
63832064
63578112
63741952
63488000
63619072
63406080
63528960
63307776
63447040
63225856
63348736
63143936
63266816
63029248
63184896
62947328
63062016
62865408
62980096
62767104
62898176
62676992
62799872
62578688
62709760
62480384
62611456
62398464
62513152
62316544
62431232
62218240
62349312
65519616
62251008
65568768
65519616
65486848
65576960
65404928
65495040
65323008
65413120
65224704
65331200
65134592
65232896
65052672
65150976
64954368
65069056
64872448
64970752
64790528
64888832
64692224
64806912
64593920
64708608
64512000
64610304
64413696
64528384
64323584
64430080
64241664
64339968
64135168
64258048
64053248
64151552
63971328
64069632
63873024
63987712
63791104
63889408
63700992
63807488
63578112
63709184
63488000
63594496
63406080
63512576
63307776
63430656
63225856
63332352
63143936
63250432
63029248
63160320
62947328
63053824
62865408
62971904
62767104
62889984
62676992
62791680
62578688
62701568
62480384
62603264
62398464
62504960
62316544
62423040
62218240
62341120
65421312
62242816
65560576
65413120
65470464
65626112
65388544
65544192
65306624
65462272
65208320
65380352
65126400
65282048
65044480
65191936
64946176
65110016
64864256
65011712
64782336
64929792
64684032
64839680
64585728
64741376
64503808
64643072
64405504
64561152
64315392
64462848
64233472
64372736
64126976
64290816
64045056
64184320
63963136
64102400
63864832
64020480
63782912
63922176
63692800
63840256
63569920
63750144
63488000
63627264
63406080
63537152
63307776
63455232
63225856
63356928
63143936
63266816
63029248
63184896
62947328
63062016
62865408
62980096
62767104
62898176
62676992
62799872
62578688
62709760
62480384
62611456
62398464
62513152
62316544
62431232
62218240
62349312
65699840
62251008
65560576
65470464
65470464
65626112
65388544
65544192
65306624
65462272
65208320
65380352
65126400
65282048
65044480
65191936
64946176
65110016
64864256
65011712
64782336
64929792
64684032
64839680
64585728
64741376
64503808
64643072
64405504
64561152
64315392
64462848
64233472
64372736
64126976
64290816
64045056
64184320
63963136
64102400
63864832
64020480
63782912
63922176
63684608
63840256
63569920
63750144
63488000
63627264
63406080
63537152
63307776
63455232
63225856
63356928
63143936
63266816
63029248
63176704
62947328
63062016
62865408
62980096
62767104
62898176
62676992
62799872
62578688
62709760
62480384
62611456
62398464
62513152
62316544
62431232
62218240
62349312
65617920
62251008
65560576
65748992
65470464
65585152
65388544
65495040
65306624
65413120
65208320
65331200
65126400
65232896
65044480
65150976
64946176
65069056
64864256
64970752
64782336
64888832
64684032
64806912
64585728
64708608
64503808
64610304
64405504
64528384
64315392
64430080
64233472
64339968
64126976
64258048
64045056
64151552
63963136
64069632
63864832
63987712
63782912
63889408
63684608
63807488
63569920
63717376
63488000
63594496
63406080
63512576
63307776
63430656
63225856
63332352
63135744
63250432
63029248
63160320
62947328
63053824
62865408
62971904
62767104
62889984
62676992
62791680
62578688
62701568
62480384
62603264
62398464
62504960
62316544
62423040
62218240
62341120
65699840
62242816
65560576
65748992
65470464
65585152
65388544
65503232
65306624
65413120
65208320
65331200
65126400
65232896
65044480
65150976
64946176
65069056
64864256
64970752
64782336
64888832
64684032
64806912
64585728
64708608
64503808
64610304
64405504
64528384
64315392
64430080
64233472
64339968
64126976
64258048
64045056
64151552
63963136
64069632
63864832
63987712
63782912
63889408
63684608
63807488
63569920
63709184
63488000
63594496
63406080
63512576
63307776
63430656
63225856
63332352
63143936
63250432
63029248
63160320
62947328
63053824
62865408
62971904
62767104
62889984
62676992
62791680
62578688
62701568
62480384
62603264
62398464
62504960
62316544
62423040
62218240
62341120
65363968
62242816
65576960
65421312
65495040
65585152
65413120
65503232
65331200
65421312
65232896
65339392
65142784
65241088
65060864
65159168
64962560
65077248
64880640
64978944
64798720
64897024
64700416
64815104
64602112
64716800
64520192
64618496
64421888
64536576
64331776
64438272
64249856
64348160
64143360
64266240
64061440
64159744
63979520
64077824
63881216
63995904
63799296
63897600
63709184
63815680
63586304
63717376
63496192
63602688
63414272
63520768
63315968
63438848
63234048
63340544
63143936
63258624
63037440
63176704
62955520
63062016
62873600
62980096
62775296
62898176
62685184
62799872
62586880
62709760
62488576
62611456
62406656
62513152
62324736
62431232
62226432
62349312
65380352
62251008
65576960
65478656
65495040
65626112
65413120
65544192
65331200
65462272
65232896
65380352
65142784
65282048
65060864
65191936
64962560
65110016
64880640
65011712
64798720
64929792
64700416
64839680
64602112
64741376
64520192
64643072
64421888
64561152
64331776
64462848
64249856
64372736
64143360
64290816
64061440
64184320
63979520
64102400
63881216
64020480
63799296
63922176
63709184
63840256
63586304
63750144
63496192
63627264
63414272
63537152
63315968
63455232
63234048
63356928
63152128
63266816
63037440
63176704
62955520
63062016
62873600
62980096
62775296
62898176
62685184
62799872
62586880
62709760
62488576
62611456
62406656
62513152
62324736
62431232
62226432
62349312
65445888
62251008
65560576
65748992
65470464
65585152
65388544
65495040
65306624
65413120
65208320
65331200
65126400
65232896
65044480
65150976
64946176
65069056
64864256
64970752
64782336
64888832
64684032
64806912
64585728
64708608
64503808
64610304
64405504
64528384
64315392
64430080
64233472
64339968
64126976
64258048
64045056
64151552
63963136
64069632
63864832
63987712
63782912
63889408
63692800
63807488
63569920
63717376
63488000
63594496
63406080
63512576
63307776
63430656
63225856
63332352
63143936
63250432
63029248
63168512
62947328
63053824
62865408
62971904
62767104
62889984
62676992
62791680
62578688
62701568
62480384
62603264
62398464
62504960
62316544
62423040
62218240
62341120
65101824
62242816
65560576
65486848
65470464
65585152
65388544
65495040
65306624
65413120
65208320
65331200
65126400
65232896
65044480
65150976
64946176
65069056
64864256
64970752
64782336
64888832
64684032
64806912
64585728
64503808
64708608
64405504
64610304
64315392
64528384
64233472
64430080
64126976
64339968
64045056
64258048
63963136
64151552
63864832
64069632
63782912
63987712
63684608
63889408
63569920
63807488
63488000
63709184
63406080
63594496
63307776
63512576
63225856
63430656
63143936
63332352
63029248
63250432
62947328
63168512
62865408
63053824
62767104
62971904
62676992
62889984
62578688
62791680
62480384
62701568
62398464
62603264
62316544
62504960
62218240
62423040
65708032
62341120
65552384
62242816
65470464
65748992
65388544
65626112
65306624
65544192
65208320
65462272
65126400
65380352
65044480
65282048
64946176
65191936
64864256
65110016
64782336
65011712
64684032
64929792
64585728
64839680
64503808
64741376
64405504
64643072
64315392
64561152
64233472
64462848
64126976
64372736
64045056
64290816
63963136
64184320
63864832
64102400
63774720
64020480
63684608
63922176
63569920
63840256
63488000
63750144
63406080
63627264
63307776
63537152
63225856
63455232
63135744
63356928
63029248
63266816
62947328
63184896
62865408
63062016
62767104
62980096
62676992
62898176
62578688
62799872
62480384
62709760
62398464
62611456
62316544
62513152
62218240
62431232
65429504
62349312
65560576
62251008
65478656
62283776
65396736
65568768
65314816
65486848
65216512
65404928
65134592
65323008
65052672
65224704
64954368
65142784
64872448
65060864
64790528
64962560
64692224
64880640
64593920
64798720
64512000
64700416
64413696
64602112
64323584
64520192
64241664
64421888
64135168
64331776
64053248
64249856
63971328
64143360
63873024
64061440
63791104
63979520
63692800
63881216
63578112
63799296
63496192
63700992
63414272
63586304
63315968
63504384
63234048
63422464
63143936
63324160
63037440
63242240
62955520
63160320
62873600
63045632
62775296
62963712
62685184
62881792
62586880
62783488
62488576
62693376
62406656
62595072
62324736
62496768
62226432
62414848
65355776
62332928
65560576
62234624
65470464
65495040
65388544
65576960
65306624
65486848
65208320
65404928
65126400
65323008
65044480
65224704
64946176
65142784
64864256
65060864
64782336
64962560
64675840
64880640
64585728
64798720
64503808
64700416
64405504
64602112
64315392
64520192
64233472
64421888
64126976
64331776
64045056
64249856
63963136
64143360
63864832
64061440
63782912
63979520
63684608
63881216
63569920
63799296
63488000
63700992
63406080
63586304
63307776
63504384
63225856
63422464
63135744
63324160
63029248
63242240
62947328
63160320
62865408
63045632
62767104
62963712
62676992
62881792
62578688
62783488
62480384
62693376
62398464
62595072
62316544
62496768
62218240
62414848
65699840
62332928
65560576
62234624
65470464
65593344
65388544
65585152
65306624
65495040
65208320
65413120
65126400
65331200
65044480
65232896
64946176
65150976
64864256
65069056
64782336
64970752
64684032
64888832
64585728
64806912
64503808
64708608
64405504
64610304
64315392
64528384
64233472
64430080
64126976
64339968
64045056
64258048
63963136
64151552
63864832
64069632
63782912
63987712
63684608
63889408
63569920
63807488
63488000
63709184
63406080
63594496
63307776
63512576
63225856
63430656
63143936
63332352
63029248
63250432
62947328
63168512
62865408
63053824
62767104
62971904
62676992
62889984
62578688
62791680
62480384
62701568
62398464
62603264
62316544
62504960
62218240
62423040
65699840
62341120
65552384
62242816
65470464
65740800
65388544
65585152
65306624
65495040
65208320
65413120
65126400
65331200
65044480
65232896
64946176
65150976
64864256
65069056
64782336
64970752
64684032
64888832
64585728
64806912
64503808
64700416
64405504
64610304
64315392
64528384
64233472
64430080
64126976
64339968
64045056
64258048
63963136
64151552
63864832
64069632
63774720
63987712
63684608
63889408
63569920
63807488
63488000
63709184
63406080
63594496
63307776
63512576
63225856
63430656
63143936
63332352
63029248
63250432
62947328
63160320
62865408
63053824
62767104
62971904
62676992
62889984
62578688
62791680
62480384
62701568
62398464
62603264
62316544
62504960
62218240
62423040
65380352
62341120
65568768
62242816
65478656
65454080
65396736
65585152
65314816
65495040
65216512
65413120
65134592
65331200
65052672
65232896
64954368
65150976
64872448
65069056
64790528
64970752
64692224
64888832
64593920
64806912
64512000
64708608
64413696
64610304
64323584
64528384
64241664
64430080
64135168
64339968
64053248
64258048
63971328
64151552
63873024
64069632
63791104
63987712
63692800
63889408
63578112
63807488
63496192
63709184
63414272
63594496
63315968
63512576
63234048
63430656
63152128
63332352
63037440
63250432
62955520
63160320
62873600
63053824
62775296
62971904
62685184
62889984
62586880
62791680
62488576
62701568
62406656
62603264
62324736
62504960
62226432
62423040
65110016
62341120
65568768
62242816
65486848
65462272
65404928
65576960
65323008
65495040
65224704
65413120
65134592
65331200
65052672
65232896
64954368
65150976
64872448
65069056
64790528
64970752
64692224
64888832
64593920
64806912
64512000
64708608
64413696
64610304
64323584
64528384
64241664
64430080
64135168
64339968
64053248
64258048
63971328
64151552
63873024
64069632
63791104
63987712
63692800
63889408
63578112
63807488
63488000
63709184
63406080
63594496
63307776
63512576
63225856
63430656
63143936
63332352
63029248
63250432
62947328
63168512
62865408
63053824
62767104
62971904
62676992
62889984
62578688
62791680
62480384
62701568
62398464
62603264
62316544
62504960
62218240
62423040
64528384
62341120
65552384
62242816
65462272
65748992
65380352
65576960
65298432
65495040
65200128
65413120
65118208
65331200
65036288
65232896
64937984
65150976
64856064
65069056
64774144
64970752
64675840
64888832
64577536
64806912
64495616
64708608
64397312
64610304
64307200
64528384
64225280
64430080
64118784
64339968
64036864
64258048
63954944
64151552
63856640
64069632
63774720
63987712
63676416
63889408
63561728
63807488
63479808
63709184
63397888
63594496
63299584
63512576
63217664
63430656
63127552
63332352
63021056
63250432
62939136
63160320
62857216
63053824
62758912
62971904
62668800
62889984
62570496
62791680
62472192
62701568
62390272
62603264
62308352
62504960
62210048
62423040
65658880
62341120
65552384
62242816
65462272
65552384
65380352
65626112
65298432
65503232
65200128
65413120
65118208
65331200
65036288
65232896
64937984
65150976
64856064
65069056
64774144
64970752
64675840
64888832
64577536
64806912
64495616
64708608
64397312
64610304
64307200
64528384
64225280
64430080
64118784
64339968
64036864
64258048
63954944
64151552
63856640
64069632
63774720
63987712
63676416
63889408
63561728
63807488
63479808
63709184
63397888
63594496
63299584
63512576
63217664
63430656
63127552
63332352
63021056
63250432
62939136
63168512
62857216
63053824
62758912
62971904
62668800
62889984
62570496
62791680
62472192
62701568
62390272
62603264
62308352
62504960
62423040
62210048
62341120
65691648
62242816
65568768
65495040
65486848
65585152
65404928
65495040
65323008
65413120
65224704
65331200
65134592
65232896
65052672
65150976
64954368
65069056
64872448
64970752
64790528
64888832
64692224
64806912
64593920
64708608
64512000
64610304
64413696
64528384
64323584
64430080
64241664
64339968
64135168
64258048
64053248
64151552
63971328
64069632
63873024
63987712
63791104
63889408
63700992
63807488
63578112
63709184
63488000
63594496
63406080
63512576
63307776
63430656
63225856
63332352
63135744
63250432
63029248
63160320
62947328
63053824
62865408
62971904
62767104
62889984
62676992
62791680
62578688
62701568
62480384
62603264
62398464
62504960
62316544
62423040
62218240
62341120
62234624
62242816
65552384
65429504
65462272
65576960
65380352
65495040
65298432
65413120
65200128
65331200
65118208
65232896
65036288
65150976
64937984
65069056
64856064
64970752
64774144
64888832
64675840
64806912
64577536
64708608
64495616
64610304
64397312
64528384
64307200
64430080
64225280
64339968
64118784
64258048
64036864
64151552
63954944
64069632
63856640
63987712
63774720
63889408
63676416
63807488
63561728
63709184
63479808
63594496
63397888
63512576
63299584
63430656
63217664
63332352
63135744
63250432
63021056
63168512
62939136
63053824
62857216
62971904
62758912
62889984
62668800
62791680
62570496
62701568
62472192
62603264
62390272
62504960
62308352
62423040
62210048
62341120
65609728
62242816
65568768
65757184
65486848
65576960
65404928
65495040
65323008
65413120
65224704
65331200
65134592
65232896
65052672
65150976
64954368
65069056
64872448
64970752
64790528
64888832
64692224
64806912
64593920
64708608
64512000
64610304
64413696
64528384
64323584
64430080
64241664
64339968
64135168
64258048
64053248
64151552
63971328
64069632
63873024
63987712
63791104
63889408
63700992
63807488
63578112
63709184
63488000
63594496
63406080
63512576
63307776
63430656
63225856
63332352
63135744
63250432
63029248
63160320
62947328
63053824
62865408
62971904
62767104
62889984
62676992
62791680
62578688
62701568
62480384
62603264
62398464
62504960
62316544
62423040
62218240
62341120
65699840
62242816
65552384
65404928
65470464
65585152
65388544
65503232
65306624
65421312
65208320
65339392
65126400
65241088
65044480
65159168
64946176
65077248
64864256
64978944
64782336
64897024
64684032
64815104
64585728
64716800
64503808
64618496
64405504
64536576
64315392
64438272
64233472
64348160
64126976
64266240
64045056
64159744
63963136
64077824
63864832
63995904
63782912
63897600
63684608
63815680
63569920
63725568
63488000
63602688
63406080
63520768
63307776
63438848
63225856
63340544
63143936
63258624
63029248
63168512
62947328
63062016
62865408
62980096
62767104
62898176
62676992
62799872
62578688
62709760
62480384
62611456
62398464
62513152
62316544
62431232
62218240
62349312
65413120
62251008
65576960
65470464
65495040
65576960
65413120
65495040
65331200
65413120
65232896
65331200
65142784
65232896
65060864
65150976
64962560
65069056
64880640
64970752
64798720
64888832
64700416
64806912
64602112
64708608
64520192
64610304
64421888
64528384
64331776
64430080
64249856
64339968
64143360
64258048
64061440
64151552
63979520
64069632
63881216
63987712
63799296
63889408
63709184
63807488
63586304
63709184
63496192
63594496
63414272
63512576
63315968
63430656
63234048
63332352
63143936
63250432
63037440
63168512
62955520
63053824
62873600
62971904
62775296
62889984
62685184
62791680
62586880
62701568
62488576
62603264
62406656
62504960
62324736
62423040
62226432
62341120
62210048
62242816
65544192
65724416
65462272
65576960
65380352
65495040
65298432
65413120
65200128
65331200
65118208
65232896
65036288
65150976
64937984
65069056
64856064
64970752
64774144
64888832
64675840
64806912
64577536
64708608
64495616
64610304
64397312
64528384
64307200
64430080
64225280
64339968
64118784
64258048
64036864
64151552
63954944
64069632
63856640
63987712
63774720
63889408
63676416
63807488
63561728
63709184
63479808
63594496
63397888
63512576
63299584
63430656
63217664
63332352
63127552
63250432
63021056
63168512
62939136
63053824
62857216
62971904
62758912
62889984
62668800
62791680
62570496
62701568
62472192
62603264
62390272
62504960
62308352
62423040
62210048
62341120
65658880
62242816
65568768
65748992
65486848
65585152
65404928
65495040
65323008
65413120
65224704
65331200
65134592
65232896
65052672
65150976
64954368
65069056
64872448
64970752
64790528
64888832
64692224
64806912
64593920
64708608
64512000
64610304
64413696
64528384
64323584
64430080
64241664
64339968
64135168
64258048
64053248
64151552
63971328
64069632
63873024
63987712
63791104
63889408
63700992
63807488
63578112
63709184
63488000
63594496
63406080
63512576
63307776
63430656
63225856
63332352
63143936
63250432
63029248
63168512
62947328
63053824
62865408
62971904
62767104
62889984
62676992
62791680
62578688
62701568
62480384
62603264
62398464
62504960
62316544
62423040
62218240
62341120
65421312
62242816
65560576
65486848
65470464
65585152
65388544
65503232
65306624
65413120
65208320
65331200
65126400
65232896
65044480
65150976
64946176
65069056
64864256
64970752
64782336
64888832
64684032
64806912
64585728
64708608
64503808
64610304
64405504
64528384
64315392
64430080
64233472
64339968
64126976
64258048
64045056
64151552
63963136
64069632
63864832
63987712
63782912
63889408
63692800
63807488
63569920
63709184
63488000
63594496
63406080
63512576
63307776
63430656
63225856
63332352
63143936
63250432
63029248
63160320
62947328
63053824
62865408
62971904
62767104
62889984
62676992
62791680
62578688
62701568
62480384
62603264
62398464
62504960
62316544
62423040
62218240
62341120
62201856
62242816
65544192
65740800
65462272
65585152
65380352
65503232
65298432
65421312
65200128
65339392
65118208
65241088
65036288
65159168
64937984
65077248
64856064
64978944
64774144
64897024
64675840
64815104
64577536
64716800
64495616
64618496
64397312
64536576
64307200
64438272
64225280
64348160
64118784
64266240
64036864
64159744
63954944
64077824
63856640
63995904
63766528
63897600
63676416
63815680
63561728
63717376
63479808
63602688
63397888
63520768
63299584
63438848
63217664
63340544
63135744
63258624
63021056
63176704
62939136
63062016
62857216
62980096
62758912
62898176
62668800
62799872
62570496
62709760
62472192
62611456
62390272
62513152
62308352
62431232
62210048
62349312
65536000
62251008
65560576
65748992
65470464
65585152
65388544
65495040
65306624
65413120
65208320
65331200
65126400
65232896
65044480
65150976
64946176
65069056
64864256
64970752
64782336
64888832
64684032
64806912
64585728
64708608
64503808
64610304
64405504
64528384
64315392
64430080
64233472
64339968
64126976
64258048
64045056
64151552
63963136
64069632
63864832
63987712
63782912
63889408
63684608
63807488
63569920
63709184
63488000
63594496
63406080
63512576
63307776
63430656
63225856
63332352
63143936
63250432
63029248
63168512
62947328
63053824
62865408
62971904
62767104
62889984
62676992
62791680
62578688
62701568
62480384
62603264
62398464
62504960
62316544
62423040
62218240
62341120
65372160
62242816
65568768
65748992
65478656
65585152
65396736
65503232
65314816
65421312
65216512
65339392
65134592
65241088
65052672
65159168
64954368
65077248
64872448
64978944
64790528
64897024
64692224
64815104
64593920
64716800
64512000
64618496
64413696
64536576
64323584
64438272
64241664
64348160
64135168
64266240
64053248
64159744
63971328
64077824
63873024
63995904
63791104
63897600
63692800
63815680
63578112
63725568
63496192
63602688
63414272
63520768
63315968
63438848
63234048
63340544
63143936
63258624
63037440
63176704
62955520
63062016
62873600
62980096
62775296
62898176
62685184
62799872
62586880
62709760
62488576
62611456
62406656
62513152
62324736
62431232
62226432
62349312
65708032
62251008
65568768
65716224
65486848
65585152
65396736
65495040
65314816
65413120
65216512
65331200
65134592
65232896
65052672
65150976
64954368
65069056
64872448
64970752
64790528
64888832
64692224
64806912
64593920
64708608
64512000
64610304
64413696
64528384
64323584
64430080
64241664
64339968
64135168
64258048
64053248
64151552
63971328
64069632
63873024
63987712
63791104
63889408
63692800
63807488
63578112
63709184
63496192
63594496
63414272
63512576
63315968
63430656
63234048
63332352
63143936
63250432
63037440
63160320
62955520
63053824
62873600
62971904
62775296
62889984
62685184
62791680
62586880
62701568
62488576
62603264
62406656
62504960
62324736
62423040
62226432
62341120
62242816
62242816
65568768
65380352
65486848
65626112
65404928
65544192
65323008
65462272
65224704
65380352
65142784
65282048
65060864
65191936
64962560
65110016
64880640
65011712
64798720
64929792
64700416
64839680
64602112
64741376
64520192
64643072
64421888
64561152
64331776
64462848
64249856
64372736
64143360
64290816
64061440
64184320
63979520
64102400
63881216
64020480
63799296
63922176
63700992
63840256
63586304
63750144
63504384
63627264
63422464
63537152
63324160
63455232
63242240
63356928
63160320
63266816
63045632
63184896
62963712
63062016
62881792
62980096
62783488
62898176
62693376
62799872
62595072
62709760
62496768
62611456
62414848
62513152
62332928
62431232
62234624
62349312
63725568
62251008
65544192
65748992
65462272
65585152
65380352
65495040
65298432
65413120
65200128
65331200
65118208
65232896
65036288
65150976
64937984
65069056
64856064
64970752
64774144
64888832
64675840
64806912
64577536
64708608
64495616
64610304
64397312
64528384
64307200
64430080
64225280
64339968
64118784
64258048
64036864
64151552
63954944
64069632
63856640
63987712
63774720
63889408
63676416
63807488
63561728
63717376
63479808
63594496
63397888
63512576
63299584
63430656
63217664
63332352
63127552
63250432
63021056
63160320
62939136
63053824
62857216
62971904
62758912
62889984
62668800
62791680
62570496
62701568
62472192
62603264
62390272
62504960
62308352
62423040
62210048
62341120
65691648
62242816
65568768
65396736
65470464
65617920
65380352
65495040
65298432
65413120
65200128
65331200
65118208
65232896
65036288
65150976
64937984
65069056
64856064
64970752
64774144
64888832
64675840
64806912
64577536
64708608
64495616
64610304
64397312
64528384
64307200
64430080
64225280
64339968
64118784
64258048
64036864
64151552
63954944
64069632
63856640
63987712
63774720
63889408
63676416
63807488
63561728
63709184
63479808
63594496
63397888
63512576
63299584
63430656
63217664
63332352
63135744
63250432
63021056
63160320
62939136
63053824
62857216
62971904
62758912
62889984
62668800
62791680
62570496
62701568
62472192
62603264
62390272
62504960
62308352
62423040
62210048
62341120
65691648
62242816
65552384
65748992
65470464
65576960
65388544
65495040
65306624
65413120
65208320
65331200
65126400
65232896
65044480
65150976
64946176
65069056
64864256
64970752
64782336
64888832
64684032
64806912
64585728
64708608
64503808
64610304
64405504
64528384
64315392
64430080
64233472
64339968
64126976
64258048
64045056
64151552
63963136
64069632
63864832
63987712
63782912
63889408
63692800
63807488
63569920
63709184
63488000
63594496
63406080
63512576
63307776
63430656
63225856
63332352
63135744
63250432
63029248
63168512
62947328
63053824
62865408
62971904
62767104
62889984
62676992
62791680
62578688
62701568
62480384
62603264
62398464
62504960
62316544
62423040
62218240
62341120
65626112
62242816
65552384
65757184
65470464
65593344
65388544
65503232
65306624
