287
478
609
740
871
1002
1134
1265
1396
1527
1658
1789
1920
2051
2182
2313
2444
2575
2706
2837
2968
3099
3230
3361
3492
3623
3754
3885
4016
4147
4278
4409
4540
4671
4802
4933
5064
5195
5326
577
402
541
680
818
949
1080
1211
1342
1473
1604
1735
1866
1997
2128
2260
2391
2522
2654
2785
2916
3047
3178
3309
3440
3571
3702
3833
3964
4095
4227
4358
4489
4620
4751
4882
5013
5144
5275
386
420
552
683
814
945
1076
1207
1338
1469
1600
1731
1862
1993
2124
2255
2386
2517
2648
2779
2910
3041
3172
3303
3434
3565
3696
3827
3958
4089
4220
4351
4482
4613
4744
4875
5006
5137
5268
377
411
550
681
812
943
1074
1205
1336
1467
1598
1729
1860
1991
2122
2253
2384
2515
2646
2777
2908
3039
3170
3301
3432
3563
3694
3825
3956
4087
4218
4349
4480
4611
4742
4874
5005
5136
5267
276
411
542
680
811
942
1073
1204
1335
1466
1597
1728
1859
1990
2121
2252
2383
2514
2645
2776
2907
3038
3169
3300
3431
3562
3693
3824
3955
4086
4217
4348
4479
4610
4741
4872
5003
5134
5265
349
418
549
689
827
958
1089
1220
1351
1482
1613
1744
1875
2006
2137
2268
2399
2530
2661
2792
2923
3055
3186
3317
3448
3579
3710
3841
3972
4103
4234
4365
4496
4627
4758
4889
5020
5151
5282
281
416
547
678
809
940
1071
1202
1333
1464
1595
1726
1857
1988
2119
2250
2381
2512
2643
2774
2905
3036
3167
3298
3429
3560
3691
3822
3953
4084
4215
4346
4477
4608
4739
4870
5001
5132
5263
3970
406
545
676
807
938
1069
1200
1331
1462
1593
1724
1855
1986
2117
2248
2379
2510
2641
2772
2903
3034
3165
3296
3427
3559
3690
3821
3952
4083
4214
4345
4476
4607
4738
4869
5000
5131
5262
628
411
550
688
819
950
1081
1212
1343
1474
1605
1736
1867
1998
2129
2260
2391
2522
2653
2784
2915
3046
3177
3308
3439
3570
3701
3832
3963
4094
4225
4356
4487
4618
4749
4880
5011
5142
5273
308
416
547
685
816
947
1079
1210
1341
1472
1603
1734
1865
1996
2127
2258
2389
2520
2651
2782
2913
3044
3175
3306
3437
3568
3699
3830
3961
4092
4223
4354
4485
4616
4747
4878
5009
5140
5271
311
416
547
678
809
940
1071
1202
1333
1464
1595
1726
1857
1988
2119
2250
2381
2512
2643
2774
2905
3036
3167
3298
3429
3560
3691
3822
3953
4084
4215
4346
4477
4608
4739
4870
5001
5132
5263
378
411
550
681
813
944
1075
1207
1338
1469
1600
1731
1862
1993
2124
2255
2387
2518
2649
2780
2911
3042
3173
3304
3435
3566
3697
3828
3959
4090
4221
4352
4483
4614
4745
4876
5007
5138
5269
349
411
542
673
804
935
1066
1197
1328
1459
1590
1721
1852
1983
2115
2246
2377
2508
2639
2770
2901
3032
3163
3294
3425
3556
3687
3818
3949
4080
4211
4342
4473
4604
4735
4866
4997
5128
5259
3935
415
554
692
823
954
1085
1217
1348
1479
1610
1741
1872
2003
2134
2265
2396
2527
2658
2789
2920
3051
3182
3313
3444
3575
3706
3837
3968
4099
4230
4361
4492
4623
4754
4885
5016
5147
5278
285
428
567
706
837
968
1099
1231
1362
1493
1624
1755
1886
2017
2148
2279
2410
2541
2672
2803
2934
3065
3196
3327
3458
3589
3720
3851
3982
4113
4244
4375
4506
4637
4768
4899
5030
5161
5292
286
421
552
683
814
945
1076
1207
1338
1469
1600
1731
1862
1993
2124
2255
2386
2517
2648
2780
2911
3042
3173
3304
3435
3566
3697
3828
3959
4090
4221
4352
4483
4614
4745
4876
5007
5138
5269
281
416
547
685
816
947
1078
1209
1340
1471
1602
1733
1864
1995
2126
2257
2388
2519
2650
2781
2912
3043
3174
3305
3436
3567
3698
3829
3960
4091
4222
4353
4484
4615
4746
4877
5008
5139
5270
3966
416
547
678
809
940
1071
1202
1333
1464
1595
1726
1857
1988
2119
2250
2381
2512
2643
2774
2905
3036
3167
3298
3429
3560
3691
3822
3953
4084
4215
4346
4477
4608
4739
4870
5001
5132
5263
3884
416
547
678
809
940
1071
1202
1333
1464
1595
1726
1857
1988
2119
2250
2381
2512
2643
2774
2905
3036
3167
3298
3429
3560
3691
3822
3953
4084
4215
4346
4477
4608
4739
4870
5001
5132
5263
294
411
542
680
811
942
1073
1204
1335
1466
1597
1728
1859
1990
2121
2252
2383
2514
2645
2776
2907
3038
3169
3300
3431
3562
3693
3824
3955
4086
4217
4348
4479
4610
4741
4872
5004
5135
5266
281
416
547
678
286
809
477
940
608
1071
739
1202
870
1333
1001
1464
1133
1595
1264
1726
1395
1857
1526
1989
1657
2120
1788
2251
1919
2382
2050
2513
2181
2644
2312
2775
2443
2906
2574
3037
2705
3168
2836
3299
2967
3430
3098
3561
3229
3692
3360
3823
3491
3954
3622
4085
3753
4216
3884
4347
4015
4478
4146
4609
4277
4740
4408
4871
4539
5002
4670
5133
4801
5264
4932
276
5063
411
5194
542
5325
673
3890
804
401
935
539
1066
670
1197
801
1328
933
1459
1064
1590
1195
1721
1326
1852
1457
1983
1588
2114
1719
2245
1850
2376
1981
2507
2112
2638
2243
2769
2374
2900
2505
3031
2636
3162
2767
3293
2898
3424
3029
3555
3160
3686
3291
3817
3422
3948
3553
4079
3684
4210
3815
4341
3946
4472
4077
4603
4209
4734
4340
4866
4471
4997
4602
5128
4733
5259
4864
316
4995
411
5126
549
5257
680
655
811
409
942
540
1073
671
1204
803
1335
934
1466
1065
1597
1196
1728
1327
1859
1458
1990
1589
2121
1720
2252
1851
2383
1982
2514
2113
2645
2244
2776
2375
2907
2506
3038
2637
3169
2768
3300
2899
3431
3030
3562
3161
3693
3292
3824
3423
3955
3554
4086
3685
4217
3816
4348
3947
4479
4078
4611
4210
4743
4342
4875
4474
5007
4606
5139
4738
5271
4870
281
5002
417
5134
556
5266
688
651
820
405
952
544
1084
676
1216
808
1348
940
1480
1072
1612
1204
1744
1336
1876
1468
2008
1600
2140
1732
2272
1864
2404
1996
2536
2128
2668
2260
2800
2392
2932
2524
3064
2656
3196
2788
3328
2920
3460
3052
3592
3184
3724
3316
3856
3448
3988
3580
4120
3712
4252
3844
4384
3976
4516
4108
4648
4240
4780
4372
4912
4504
5044
4636
5176
4768
5308
4900
281
5032
417
5164
549
5296
681
3889
813
424
945
563
1077
695
1209
827
1341
959
1473
1091
1605
1223
1737
1355
1869
1487
2001
1619
2133
1751
2265
1883
2397
2015
2529
2147
2661
2279
2793
2411
2925
2543
3057
2675
3189
2807
3321
2939
3453
3071
3585
3203
3717
3335
3849
3467
3981
3599
4113
3731
4245
3864
4377
3996
4509
4128
4641
4260
4773
4392
4905
4524
5037
4656
5169
4788
5301
4920
658
5052
412
5184
551
5316
683
280
815
424
947
563
1079
695
1211
827
1343
959
1475
1091
1607
1223
1739
1355
1871
1487
2003
1619
2135
1751
2267
1883
2399
2015
2531
2147
2663
2279
2795
2411
2927
2543
3059
2675
3191
2807
3323
2939
3455
3071
3587
3203
3719
3335
3851
3467
3983
3599
4115
3731
4247
3863
4379
3995
4511
4127
4643
4259
4775
4391
4907
4523
5039
4655
5171
4787
4919
5303
5051
3959
5183
417
5315
549
280
681
416
813
556
945
695
1077
827
1209
959
1341
1091
1473
1223
1605
1355
1737
1487
1869
1619
2001
1751
2133
1883
2265
2015
2397
2147
2529
2279
2661
2411
2793
2543
2925
2675
3057
2807
3189
2939
3321
3071
3453
3203
3585
3335
3717
3467
3849
3599
3981
3731
4113
3863
4245
3995
4377
4127
4509
4259
4641
4391
4773
4523
4905
4655
5037
4787
5169
4919
5301
5051
281
5183
425
5315
564
637
696
421
828
560
960
692
1092
824
1224
956
1356
1088
1488
1220
1620
1352
1752
1484
1884
1616
2016
1748
2148
1880
2280
2012
2412
2144
2544
2276
2676
2408
2808
2540
2940
2672
3072
2804
3204
2936
3336
3068
3468
3200
3600
3332
3732
3464
3864
3596
3996
3728
4128
3860
4260
3992
4392
4124
4524
4256
4656
4388
4788
4520
4920
4652
5052
4784
5184
4916
5316
5048
281
5180
424
5312
556
3891
688
416
820
555
952
687
1084
819
1216
951
1348
1083
1480
1215
1612
1347
1744
1479
1876
1611
2008
1743
2140
1876
2272
2008
2404
2140
2536
2272
2668
2404
2800
2536
2932
2668
3064
2800
3196
2932
3329
3064
3461
3196
3593
3328
3725
3460
3857
3592
3989
3724
4121
3856
4253
3989
4385
4121
4517
4253
4649
4386
4781
4518
4913
4650
5045
4782
5177
4914
5309
5046
349
5178
412
5310
551
315
683
423
815
555
947
694
1079
826
1211
958
1343
1090
1475
1222
1607
1354
1739
1486
1871
1618
2003
1750
2135
1882
2267
2014
2399
2146
2531
2278
2663
2410
2795
2542
2927
2674
3059
2806
3191
2938
3323
3070
3455
3202
3587
3334
3719
3466
3851
3598
3983
3730
4115
3862
4247
3995
4379
4127
4511
4259
4643
4391
4775
4523
4907
4655
5039
4787
5171
4919
5303
5051
281
5183
417
5315
556
280
688
416
820
548
952
680
1084
812
1216
944
1348
1076
1480
1208
1612
1340
1744
1472
1876
1604
2008
1736
2140
1868
2272
2000
2404
2132
2536
2264
2668
2396
2800
2528
2932
2660
3064
2792
3196
2924
3328
3056
3460
3188
3592
3320
3724
3452
3856
3584
3988
3716
4120
3848
4252
3980
4384
4112
4516
4244
4648
4376
4780
4508
4912
4640
5044
4772
5176
4904
5308
5036
4005
5168
426
5300
565
3975
697
411
829
550
961
682
1093
814
1225
946
1357
1078
1489
1210
1621
1342
1753
1475
1885
1607
2017
1739
2149
1871
2281
2003
2413
2135
2545
2267
2677
2399
2809
2531
2941
2663
3073
2795
3205
2927
3337
3059
3469
3191
3601
3323
3733
3455
3865
3587
3997
3719
4129
3851
4261
3983
4393
4115
4525
4247
4657
4379
4789
4511
4921
4643
5053
4775
5185
4907
5317
5039
294
5171
418
5303
557
298
689
416
822
555
954
687
1086
819
1218
951
1350
1084
1482
1216
1614
1348
1746
1480
1878
1612
2010
1744
2142
1876
2274
2008
2406
2140
2538
2272
2670
2404
2802
2536
2934
2668
3066
2800
3198
2932
3330
3064
3462
3196
3594
3328
3726
3460
3858
3592
3990
3724
4122
3856
4254
3988
4386
4120
4518
4252
4650
4384
4782
4516
4914
4648
5046
4780
5178
4912
5310
5044
291
5176
426
5308
566
292
705
416
837
555
969
687
1101
819
1233
951
1365
1083
1497
1215
1629
1347
1761
1479
1893
1611
2025
1743
2157
1875
2289
2007
2421
2139
2553
2271
2685
2403
2817
2535
2949
2667
3081
2799
3213
2931
3345
3063
3477
3195
3609
3327
3741
3459
3873
3591
4005
3723
4137
3855
4269
3987
4401
4119
4533
4251
4665
4383
4797
4515
4930
4647
5062
4779
5194
4911
5326
5043
603
5175
424
5307
565
280
704
424
836
563
968
695
1100
827
1232
959
1364
1091
1496
1223
1628
1355
1760
1487
1892
1619
2024
1751
2156
1883
2288
2015
2420
2147
2552
2279
2684
2411
2816
2543
2948
2675
3080
2807
3212
2939
3344
3071
3476
3203
3608
3335
3740
3467
3872
3599
4004
3731
4136
3863
4268
3995
4400
4127
4532
4259
4664
4391
4796
4523
4928
4655
5060
4787
5192
4919
5324
5051
474
5183
423
5315
563
280
695
424
827
563
959
695
1091
827
1223
959
1355
1091
1487
1223
1619
1355
1751
1487
1884
1620
2016
1752
2148
1884
2280
2016
2412
2148
2544
2280
2676
2412
2808
2544
2940
2676
3072
2808
3204
2940
3336
3072
3468
3204
3600
3336
3732
3468
3864
3600
3996
3732
4128
3864
4260
3996
4392
4128
4524
4260
4656
4392
4788
4524
4920
4656
5052
4788
5184
4920
5316
5052
1043
5184
426
5316
566
5448
705
425
837
564
969
696
1101
828
1233
960
1365
1092
1497
1224
1629
1356
1761
1488
1893
1620
2025
1752
2157
1884
2289
2016
2421
2148
2553
2280
2685
2412
2817
2544
2949
2676
3081
2808
3213
2940
3345
3072
3477
3204
3609
3336
3741
3468
3873
3600
4005
3732
4137
3864
4269
3996
4401
4128
4533
4260
4665
4392
4797
4524
4929
4656
5061
4788
5193
4920
5325
5052
287
5184
423
5316
555
524
687
422
819
562
951
701
1083
833
1215
965
1347
1097
1479
1229
1611
1361
1743
1493
1875
1625
2007
1757
2139
1889
2271
2021
2403
2153
2535
2285
2667
2417
2799
2549
2931
2681
3063
2813
3195
2945
3327
3077
3459
3209
3591
3341
3723
3473
3855
3605
3987
3737
4119
3869
4251
4001
4383
4133
4516
4265
4649
4397
4781
4529
4913
4661
5045
4793
5177
4925
5309
5057
468
5189
418
5321
550
295
689
422
821
554
953
686
1085
818
1217
950
1349
1082
1481
1214
1613
1346
1745
1479
1877
1611
2010
1743
2142
1875
2274
2007
2406
2139
2538
2271
2670
2403
2802
2535
2934
2667
3066
2799
3198
2931
3330
3063
3462
3195
3594
3327
3726
3459
3858
3591
3990
3723
4122
3855
4254
3987
4386
4119
4518
4251
4650
4383
4782
4515
4914
4647
5046
4779
5178
4911
5310
5043
635
5175
425
5307
557
276
689
419
821
551
953
683
1085
815
1217
947
1349
1079
1481
1211
1613
1343
1745
1475
1877
1607
2009
1739
1871
2141
2003
2273
2135
2405
2267
2537
2399
2669
2531
2801
2663
2933
2795
3065
2927
3197
3059
3329
3191
3461
3323
3593
3455
3725
3587
3857
3719
3989
3851
4121
3983
4253
4115
4385
4247
4517
4379
4649
4511
4781
4643
4913
4775
5045
4907
5177
5039
5310
5171
304
5303
420
316
552
420
684
559
816
691
948
823
1080
955
1212
1087
1344
1220
1476
1352
1608
1484
1740
1616
1872
1748
2004
1880
2136
2012
2268
2144
2400
2276
2532
2408
2664
2540
2796
2672
2928
2804
3060
2936
3192
3068
3324
3200
3456
3332
3588
3464
3720
3596
3852
3728
3984
3860
4116
3992
4248
4124
4380
4256
4512
4388
4644
4520
4776
4652
4908
4784
5040
4916
5172
5048
5304
5180
378
5312
413
635
552
417
684
549
816
681
948
813
1080
945
1212
1077
1344
1209
1476
1341
1608
1473
1740
1605
1872
1737
2004
1869
2136
2001
2268
2133
2400
2265
2532
2397
2664
2529
2796
2661
2928
2793
3060
2925
3192
3057
3324
3189
3456
3321
3588
3453
3720
3585
3852
3717
3984
3849
4116
3981
4248
4113
4381
4245
4513
4377
4645
4509
4777
4641
4909
4773
5041
4905
5173
5037
5305
5169
282
5301
418
377
557
412
689
544
821
676
953
808
1085
940
1217
1072
1349
1204
1481
1336
1613
1468
1745
1600
1877
1732
2009
1864
2141
1996
2273
2128
2405
2260
2537
2392
2669
2524
2801
2656
2933
2788
3065
2920
3197
3052
3329
3184
3461
3316
3593
3449
3725
3581
3857
3713
3989
3845
4121
3977
4253
4109
4385
4241
4518
4373
4650
4505
4782
4637
4914
4769
5046
4901
5178
5033
5310
5165
291
5297
418
276
557
412
689
551
821
683
953
815
1085
948
1217
1080
1349
1212
1481
1344
1613
1476
1745
1608
1877
1740
2009
1872
2142
2004
2274
2136
2406
2268
2538
2400
2670
2532
2802
2664
2934
2796
3066
2928
3198
3060
3330
3192
3462
3324
3594
3456
3726
3588
3858
3720
3990
3852
4122
3984
4254
4116
4386
4248
4518
4380
4650
4512
4782
4644
4914
4776
5046
4908
5178
5040
5310
5172
282
5304
418
281
557
417
689
549
821
688
953
820
1085
952
1217
1084
1349
1216
1481
1348
1613
1480
1745
1612
1877
1744
2009
1876
2141
2008
2273
2141
2405
2273
2537
2405
2669
2537
2801
2669
2933
2801
3065
2933
3197
3065
3329
3197
3461
3329
3593
3461
3725
3593
3857
3725
3989
3857
4121
3989
4253
4121
4385
4253
4517
4385
4649
4517
4781
4649
4913
4781
5045
4913
5177
5045
5309
5177
636
5309
418
598
550
422
682
554
814
686
946
818
1078
950
1210
1082
1342
1214
1474
1346
1606
1478
1738
1610
1870
1742
2002
1874
2134
2006
2266
2138
2398
2270
2530
2402
2662
2534
2794
2666
2926
2798
3058
2930
3190
3062
3322
3194
3455
3326
3587
3458
3719
3590
3851
3722
3983
3854
4115
3986
4247
4118
4379
4250
4511
4382
4643
4514
4775
4646
4907
4778
5039
4910
5171
5042
5303
5174
519
5306
413
368
545
417
677
549
809
681
941
813
1073
945
1205
1077
1337
1209
1469
1341
1601
1473
1733
1605
1865
1737
1997
1869
2129
2001
2261
2133
2393
2265
2525
2397
2657
2529
2789
2661
2921
2793
3053
2925
3185
3057
3317
3190
3449
3322
3581
3454
3713
3586
3845
3718
3977
3850
4109
3982
4241
4114
4373
4246
4505
4378
4637
4510
4769
4642
4901
4774
5033
4906
5165
5038
5297
5170
339
5302
413
276
552
412
684
551
816
683
948
815
1080
947
1212
1079
1344
1211
1476
1343
1608
1475
1740
1607
1872
1739
2004
1871
2136
2003
2268
2135
2400
2267
2532
2399
2664
2531
2796
2663
2928
2795
3060
2927
3192
3059
3324
3191
3456
3323
3588
3455
3720
3587
3852
3719
3984
3851
4116
3983
4248
4115
4380
4247
4512
4379
4644
4511
4776
4643
4908
4775
5040
4907
5172
5039
5304
5171
3995
5303
418
354
558
417
697
556
829
688
961
820
1093
952
1225
1084
1357
1216
1489
1348
1621
1480
1753
1612
1885
2017
1744
2149
1876
2281
2008
2413
2140
2545
2272
2677
2404
2809
2536
2941
2668
3073
2800
3205
2932
3337
3064
3469
3196
3601
3328
3733
3460
3865
3592
3997
3724
4129
3856
4261
3988
4393
4120
4525
4252
4657
4384
4789
4516
4921
4648
5053
4780
5185
4912
5317
5044
287
5176
431
5308
571
281
710
417
842
549
974
681
1106
813
1238
945
1370
1077
1502
1209
1634
1341
1767
1473
1899
1605
2031
1737
2163
1869
2295
2001
2427
2133
2559
2265
2691
2397
2823
2529
2955
2661
3087
2793
3219
2925
3351
3057
3483
3189
3615
3321
3747
3453
3879
3585
4011
3717
4143
3849
4275
3981
4407
4113
4539
4245
4671
4377
4803
4509
4935
4641
5067
4773
5199
4905
5331
5037
374
5169
423
5301
555
4082
687
420
819
559
951
691
1083
823
1215
955
1347
1087
1479
1219
1611
1351
1743
1483
1875
1615
2007
1747
2139
1879
2271
2011
2404
2143
2536
2275
2668
2407
2800
2539
2932
2671
3064
2803
3196
2935
3328
3067
3460
3199
3592
3331
3724
3463
3856
3595
3988
3727
4120
3859
4252
3991
4384
4123
4516
4255
4648
4387
4780
4519
4912
4651
5044
4783
5176
4915
5308
5047
3957
5179
418
5311
557
321
689
417
822
556
954
688
1086
820
1218
952
1350
1084
1483
1216
1615
1348
1747
1480
1879
1612
2011
1744
2143
1876
2275
2008
2407
2140
2539
2272
2671
2404
2803
2536
2935
2668
3067
2800
3199
2932
3331
3064
3463
3196
3595
3328
3727
3460
3859
3592
3991
3724
4123
3856
4255
3988
4387
4120
4519
4252
4651
4384
4783
4516
4915
4648
5047
4780
5179
4912
5311
5044
282
5176
418
5308
557
302
689
417
821
556
953
688
1085
820
1217
952
1349
1084
1481
1216
1613
1348
1745
1480
1877
1612
2009
1744
2141
1876
2273
2008
2405
2140
2537
2272
2669
2404
2801
2536
2933
2668
3065
2800
3197
2932
3329
3064
3461
3196
3593
3328
3725
3460
3857
3592
3989
3724
4121
3856
4253
3988
4385
4120
4517
4252
4649
4384
4781
4516
4913
4648
5045
4780
5177
4912
5309
5044
282
5176
426
5308
566
281
705
417
837
557
969
689
1101
821
1233
954
1365
1086
1497
1218
1629
1350
1761
1482
1893
1614
2025
1746
2157
1878
2289
2010
2421
2142
2553
2274
2685
2406
2817
2538
2949
2670
3081
2802
3213
2934
3345
3066
3477
3198
3609
3330
3741
3462
3873
3594
4005
3726
4137
3858
4269
3990
4401
4122
4533
4254
4665
4386
4797
4518
4929
4650
5061
4782
5193
4914
5325
5046
603
5178
423
5310
562
411
694
417
826
556
958
688
1090
820
1222
952
1354
1084
1486
1216
1618
1348
1750
1480
1882
1612
2014
1744
2146
1876
2278
2008
2410
2140
2542
2272
2674
2404
2806
2536
2938
2668
3070
2800
3202
2932
3334
3065
3466
3197
3598
3329
3730
3461
3862
3593
3994
3725
4126
3857
4258
3989
4390
4121
4522
4253
4654
4385
4786
4517
4918
4649
5050
4781
5182
4913
5314
5045
3962
5177
426
5309
558
382
690
425
822
564
954
696
1086
828
1218
960
1350
1092
1482
1224
1614
1356
1746
1488
1878
1620
2010
1752
2142
1884
2274
2016
2406
2148
2538
2280
2670
2412
2802
2544
2934
2676
3066
2808
3198
2940
3330
3072
3462
3204
3594
3336
3726
3468
3858
3600
3990
3732
4122
3864
4254
3996
4386
4128
4518
4260
4650
4392
4782
4524
4914
4656
5046
4788
5178
4920
5310
5052
3970
5184
422
5316
562
281
701
425
833
564
965
696
1097
828
1229
960
1361
1092
1493
1224
1625
1356
1757
1488
1889
1620
2021
1752
2153
1884
2285
2016
2417
2148
2549
2280
2681
2412
2813
2544
2945
2677
3077
2809
3209
2941
3341
3073
3474
3205
3606
3337
3738
3469
3870
3601
4002
3733
4134
3865
4266
3997
4398
4129
4530
4261
4662
4393
4794
4525
4926
4658
5058
4790
5190
4922
5322
5054
288
5186
424
5318
563
311
695
417
827
549
959
688
1091
820
1223
952
1355
1084
1487
1216
1619
1348
1751
1480
1883
1612
2015
1744
2147
1876
2279
2008
2412
2140
2544
2272
2676
2404
2808
2536
2940
2668
3072
2800
3204
2932
3336
3064
3468
3196
3600
3328
3732
3460
3864
3592
3996
3724
4128
3856
4260
3988
4392
4120
4524
4252
4656
4384
4788
4516
4920
4648
5052
4780
5184
4912
5044
5316
5176
283
5308
419
343
551
417
683
556
815
688
947
820
1079
952
1211
1084
1343
1216
1475
1348
1607
1480
1739
1612
1871
1744
2003
1876
2135
2008
2267
2140
2399
2272
2531
2404
2663
2536
2795
2668
2927
2800
3059
2932
3191
3064
3323
3196
3455
3328
3587
3460
3719
3592
3852
3724
3984
3856
4116
3989
4248
4121
4380
4253
4512
4385
4644
4517
4776
4649
4908
4781
5040
4913
5172
5045
5304
5177
4013
5309
423
523
562
425
694
564
826
696
958
828
1090
960
1222
1092
1354
1224
1486
1356
1618
1488
1750
1620
1882
1752
2014
1884
2146
2016
2278
2148
2410
2280
2542
2412
2674
2544
2806
2676
2938
2808
3070
2940
3202
3072
3334
3204
3466
3336
3598
3468
3730
3600
3862
3732
3994
3864
4126
3996
4258
4128
4390
4260
4522
4392
4654
4524
4786
4656
4918
4788
5050
4920
5182
5052
5314
5184
293
5316
420
281
552
425
684
565
816
697
948
829
1080
961
1212
1093
1344
1225
1476
1357
1608
1489
1740
1621
1872
1753
2004
1885
2136
2017
2268
2149
2400
2281
2532
2413
2664
2545
2796
2677
2928
2809
3060
2941
3192
3073
3325
3205
3457
3337
3589
3469
3721
3601
3853
3733
3985
3865
4117
3997
4249
4129
4381
4261
4513
4393
4645
4525
4777
4657
4909
4789
5041
4921
5173
5053
5305
5185
279
5317
423
654
562
417
694
549
826
681
958
813
1090
945
1222
1077
1354
1209
1486
1341
1618
1473
1750
1605
1882
1737
2014
1869
2146
2001
2278
2133
2410
2265
2542
2398
2674
2530
2806
2662
2938
2794
3070
2926
3202
3058
3334
3190
3466
3322
3598
3454
3730
3586
3862
3718
3994
3850
4126
3982
4258
4114
4390
4246
4522
4378
4654
4511
4786
4643
4918
4775
5050
4907
5182
5039
5314
5171
414
5303
420
382
552
425
684
564
816
696
948
828
1080
960
1212
1092
1344
1224
1476
1356
1608
1488
1740
1620
1872
1752
2004
1884
2136
2016
2268
2148
2400
2280
2532
2412
2664
2544
2796
2676
2928
2808
3060
2940
3192
3072
3324
3204
3456
3336
3588
3468
3721
3600
3853
3732
3985
3864
4117
3996
4249
4128
4381
4260
4513
4392
4645
4524
4777
4656
4909
4788
5041
4920
5173
5052
5305
5185
4032
5317
424
282
563
426
695
565
827
697
959
829
1091
961
1223
1093
1355
1225
1487
1357
1619
1489
1751
1621
1883
1753
2015
1885
2147
2017
2279
2149
2411
2281
2543
2413
2675
2545
2807
2677
2940
2809
3072
2941
3204
3073
3336
3205
3468
3337
3600
3469
3732
3601
3864
3733
3996
3865
4128
3997
4260
4129
4392
4261
4524
4393
4656
4525
4788
4657
4920
4789
5052
4921
5184
5053
5316
5185
285
5317
421
282
553
418
685
558
817
697
949
829
1081
961
1213
1093
1345
1225
1477
1357
1609
1489
1741
1621
1873
1753
2005
1885
2137
2017
2269
2149
2401
2281
2533
2413
2665
2545
2797
2677
2929
2809
3061
2941
3193
3073
3325
3205
3457
3337
3589
3469
3721
3601
3853
3733
3985
3865
4117
3997
4249
4129
4381
4261
4513
4393
4645
4525
4777
4657
4909
4789
5041
4921
5173
5053
5305
5185
381
5317
416
349
555
423
687
555
819
694
951
826
1083
958
1215
1090
1347
1222
1479
1354
1611
1486
1743
1618
1875
1750
2007
1883
2139
2015
2271
2147
2403
2279
2535
2411
2667
2543
2799
2675
2931
2807
3063
2939
3195
3071
3327
3203
3459
3335
3591
3467
3723
3599
3855
3731
3987
3863
4119
3995
4251
4127
4383
4259
4515
4391
4647
4523
4780
4655
4912
4787
5044
4919
5176
5051
5308
5183
4033
5315
429
287
569
423
708
555
840
687
972
819
1104
951
1236
1083
1368
1215
1500
1347
1632
1479
1764
1611
1896
1743
2028
1875
2160
2007
2292
2139
2424
2271
2556
2403
2688
2535
2820
2667
2952
2799
3084
2931
3216
3063
3348
3195
3480
3327
3612
3459
3744
3591
3876
3723
4008
3855
4140
3987
4272
4119
4404
4251
4536
4383
4668
4515
4800
4647
4932
4779
5064
4911
5196
5043
5328
5175
314
5307
426
282
565
418
697
558
829
690
961
822
1093
954
1225
1086
1357
1218
1489
1350
1621
1482
1753
1614
1885
1746
2017
1878
2149
2010
2281
2142
2413
2274
2545
2406
2677
2538
2809
2670
2941
2802
3073
2934
3205
3066
3337
3198
3469
3330
3601
3462
3733
3594
3865
3726
3997
3858
4129
3990
4261
4122
4393
4254
4525
4386
4657
4518
4789
4650
4921
4782
5053
4914
5185
5046
5317
5178
558
5310
421
282
560
418
692
550
825
682
957
814
1089
946
1221
1078
1353
1210
1485
1342
1617
1474
1749
1606
1881
1738
2013
1870
2145
2002
2277
2134
2409
2266
2541
2398
2673
2530
2805
2662
2937
2794
3069
2926
3201
3058
3333
3190
3465
3322
3597
3454
3729
3586
3861
3718
3993
3850
4125
3982
4257
4114
4389
4246
4521
4378
4653
4510
4785
4642
4917
4774
5049
4906
5181
5038
5313
5170
285
5302
421
283
553
419
692
558
824
690
956
822
1088
954
1221
1086
1353
1218
1485
1350
1617
1482
1749
1614
1881
1746
2013
1878
2145
2010
2277
2142
2409
2274
2541
2406
2673
2538
2805
2670
2937
2802
3069
2935
3201
3067
3333
3199
3465
3331
3597
3463
3729
3595
3861
3727
3993
3859
4125
3991
4257
4123
4389
4255
4521
4387
4653
4519
4785
4651
4917
4783
5049
4915
5181
5047
5313
5179
3993
5311
427
637
559
419
691
551
823
683
955
815
1087
947
1219
1079
1351
1211
1483
1343
1615
1475
1747
1607
1879
1739
2011
1871
2143
2003
2275
2135
2407
2267
2539
2399
2671
2531
2803
2663
2935
2795
3067
2927
3199
3059
3331
3191
3463
3323
3595
3455
3727
3587
3859
3719
3991
3851
4123
3983
4255
4115
4387
4247
4519
4379
4651
4511
4783
4643
4915
4775
5047
4908
5179
5040
5311
5172
3964
5305
430
278
569
414
701
553
833
685
965
817
1097
949
1229
1081
1361
1213
1493
1345
1625
1477
1757
1609
1890
1741
2022
1873
2154
2005
2286
2137
2418
2269
2550
2401
2683
2533
2815
2665
2947
2797
3079
2929
3211
3061
3343
3193
3475
3326
3607
3459
3739
3591
3871
3723
4003
3855
4135
3987
4267
4119
4399
4251
4531
4383
4663
4515
4795
4647
4927
4779
5059
4911
5191
5043
5323
5175
286
5307
422
846
554
426
693
558
825
697
957
829
1089
961
1221
1093
1353
1225
1485
1357
1617
1489
1749
1621
1881
1753
2013
1885
2145
2018
2277
2150
2409
2282
2541
2414
2673
2546
2805
2678
2937
2810
3069
2942
3201
3074
3333
3206
3465
3338
3597
3471
3729
3603
3861
3735
3993
3867
4125
3999
4257
4131
4389
4263
4521
4395
4653
4527
4785
4659
4918
4791
5050
4923
5182
5055
5314
5187
286
5319
423
283
555
427
687
566
819
698
951
830
1083
962
1215
1094
1347
1226
1479
1358
1611
1490
1743
1622
1875
1754
2007
1886
2139
2018
2271
2150
2403
2282
2535
2414
2667
2546
2799
2678
2931
2810
3063
2942
3195
3074
3327
3206
3459
3338
3591
3470
3723
3602
3855
3734
3987
3866
4119
3998
4251
4130
4383
4262
4515
4394
4647
4526
4779
4658
4911
4790
5043
4922
5175
5054
5307
5186
292
5318
422
283
554
419
686
558
818
