66019328
65863680
65765376
65683456
65601536
65495040
65413120
65331200
65249280
65167360
65085440
64978944
64897024
64815104
64716800
64634880
64552960
64446464
64364544
64282624
64176128
64086016
63987712
63873024
63791104
63700992
63602688
63520768
63422464
63324160
63242240
63160320
63053824
62955520
62873600
62775296
62693376
62611456
62513152
62119936
62291968
62529536
62717952
62636032
62537728
62455808
62373888
62373888
62373888
62373888
62373888
62373888
62373888
62373888
62373888
62373888
62373888
62373888
62373888
62373888
62373888
62373888
62373888
62373888
62373888
62373888
62373888
62373888
62373888
62373888
62373888
62373888
62373888
62373888
62373888
62373888
62373888
62316544
62128128
62423040
62676992
62595072
62595072
62578688
62578688
62578688
62578688
62578688
62578688
62578688
62578688
62578688
62578688
62578688
62578688
62578688
62578688
62578688
62578688
62578688
62578688
62578688
62578688
62578688
62578688
62578688
62578688
62578688
62578688
62578688
62578688
62578688
62554112
62472192
62390272
62308352
62226432
62087168
62365696
62693376
62767104
62767104
62767104
62767104
62767104
62767104
62767104
62767104
62767104
62767104
62767104
62767104
62767104
62767104
62767104
62767104
62767104
62767104
62767104
62767104
62767104
62767104
62767104
62767104
62767104
62767104
62767104
62767104
62767104
62750720
62668800
62586880
62504960
62423040
62341120
62259200
62152704
62496768
62660608
62660608
62660608
62660608
62660608
62660608
62660608
62660608
62660608
62660608
62660608
62660608
62660608
62660608
62660608
62660608
62660608
62660608
62660608
62660608
62660608
62660608
62660608
62660608
62660608
62660608
62660608
62652416
62652416
62652416
62644224
62562304
62464000
62365696
62283776
62201856
62103552
62021632
62291968
62644224
62758912
62758912
62758912
62758912
62758912
62758912
62758912
62758912
62758912
62758912
62758912
62758912
62758912
62758912
62758912
62758912
62758912
62758912
62758912
62758912
62758912
62758912
62758912
62758912
62758912
62758912
62758912
62758912
62758912
62734336
62652416
62570496
62488576
62406656
62324736
62242816
62128128
62717952
62758912
62758912
62758912
62758912
62758912
62758912
62758912
62758912
62758912
62758912
62758912
62758912
62758912
62758912
62758912
62758912
62758912
62758912
62758912
62758912
62758912
62758912
62758912
62758912
62758912
62758912
62758912
62758912
62758912
62758912
62734336
62652416
62570496
62488576
62406656
62324736
62242816
62136320
62464000
62767104
62767104
62767104
62767104
62767104
62767104
62767104
62767104
62767104
62767104
62767104
62767104
62767104
62767104
62767104
62767104
62767104
62767104
62767104
62767104
62767104
62767104
62767104
62767104
62767104
62767104
62767104
62767104
62767104
62734336
62636032
62554112
62464000
62365696
62283776
62201856
62103552
61988864
62423040
62758912
62758912
62758912
62758912
62758912
62758912
62758912
62758912
62758912
62758912
62758912
62758912
62758912
62758912
62758912
62758912
62758912
62758912
62758912
62758912
62758912
62758912
62758912
62758912
62758912
62758912
62758912
62758912
62758912
62758912
62685184
62603264
62521344
62439424
62357504
62275584
62193664
62087168
62390272
62734336
62758912
62758912
62758912
62758912
62758912
62758912
62758912
62758912
62758912
62750720
62750720
62750720
62750720
62750720
62750720
62750720
62750720
62750720
62750720
62750720
62750720
62750720
62750720
62750720
62734336
62644224
62537728
62455808
62373888
62275584
62185472
62087168
61988864
61906944
61825024
61726720
61644800
61980672
62316544
62668800
62767104
62767104
62767104
62767104
62767104
62767104
62767104
62767104
62767104
62767104
62767104
62767104
62767104
62767104
62767104
62767104
62767104
62767104
62767104
62767104
62767104
62767104
62767104
62767104
62767104
62767104
62767104
62767104
62717952
62627840
62529536
62431232
62349312
62267392
62169088
62087168
62423040
62767104
62775296
62775296
62775296
62775296
62775296
62775296
62775296
62775296
62775296
62775296
62775296
62775296
62775296
62775296
62775296
62775296
62775296
62775296
62775296
62775296
62775296
62775296
62775296
62775296
62775296
62775296
62775296
62775296
62775296
62750720
62668800
62570496
62472192
62390272
62308352
62210048
62119936
62464000
62758912
62758912
62758912
62742528
62742528
62742528
62742528
62742528
62742528
62742528
62742528
62742528
62742528
62742528
62742528
62742528
62742528
62742528
62742528
62742528
62742528
62742528
62742528
62742528
62742528
62742528
62742528
62742528
62742528
62742528
62734336
62652416
62570496
62488576
62406656
62324736
62242816
62095360
62390272
62701568
62701568
62701568
62685184
62685184
62685184
62685184
62685184
62685184
62685184
62668800
62668800
62668800
62668800
62668800
62668800
62668800
62668800
62668800
62668800
62668800
62668800
62668800
62668800
62668800
62668800
62668800
62668800
62668800
62668800
62595072
62504960
62406656
62308352
62226432
62144512
62046208
61931520
62234624
62578688
62693376
62693376
62693376
62693376
62693376
62693376
62693376
62693376
62693376
62693376
62693376
62693376
62693376
62693376
62693376
62693376
62693376
62693376
62693376
62693376
62693376
62693376
62693376
62693376
62693376
62693376
62619648
62537728
62455808
62357504
62267392
62169088
62070784
61988864
61906944
61808640
61726720
62087168
62554112
62701568
62701568
62685184
62685184
62685184
62668800
62668800
62668800
62652416
62636032
62636032
62619648
62611456
62611456
62611456
62611456
62611456
62611456
62611456
62611456
62611456
62611456
62611456
62611456
62611456
62611456
62611456
62603264
62521344
62439424
62357504
62275584
62193664
62111744
62029824
61947904
61865984
62201856
62578688
62709760
62709760
62709760
62709760
62709760
62709760
62709760
62709760
62709760
62709760
62709760
62709760
62709760
62709760
62709760
62709760
62709760
62709760
62709760
62709760
62709760
62709760
62709760
62709760
62709760
62709760
62709760
62709760
62644224
62562304
62480384
62398464
62316544
62234624
62152704
62070784
61997056
62316544
62701568
62701568
62701568
62701568
62701568
62701568
62701568
62701568
62701568
62701568
62701568
62701568
62701568
62701568
62701568
62701568
62701568
62701568
62701568
62701568
62701568
62701568
62701568
62701568
62701568
62701568
62701568
62693376
62693376
62644224
62562304
62480384
62382080
62283776
62201856
62119936
62021632
61939712
62251008
62603264
62709760
62709760
62709760
62709760
62709760
62709760
62709760
62709760
62709760
62709760
62709760
62709760
62709760
62709760
62709760
62709760
62709760
62709760
62709760
62709760
62709760
62709760
62709760
62709760
62709760
62709760
62709760
62701568
62619648
62537728
62455808
62373888
62291968
62210048
62128128
62046208
61931520
62341120
62701568
62701568
62701568
62701568
62701568
62701568
62701568
62701568
62701568
62701568
62701568
62701568
62701568
62701568
62701568
62701568
62701568
62701568
62701568
62701568
62701568
62701568
62701568
62701568
62701568
62701568
62701568
62701568
62701568
62693376
62595072
62504960
62406656
62308352
62226432
62144512
62046208
61931520
62300160
62676992
62701568
66109440
62701568
65945600
62701568
65847296
62701568
65765376
62701568
65683456
62701568
65585152
62701568
65495040
62701568
65413120
62701568
65331200
62701568
65241088
62701568
65159168
62701568
65060864
62701568
64970752
62701568
64888832
62701568
64782336
62701568
64700416
62701568
64618496
62701568
64512000
62701568
64430080
62701568
64348160
62701568
64241664
62701568
64151552
62701568
64053248
62701568
63938560
62701568
63856640
62701568
63766528
62701568
63660032
62701568
63569920
62660608
63471616
62578688
63373312
62496768
63291392
62414848
63209472
62316544
63102976
62234624
63012864
62152704
62922752
62054400
62824448
61947904
62742528
62709760
62660608
62709760
62562304
62709760
62201856
62709760
62816256
62709760
62816256
62709760
62816256
62709760
62816256
62709760
62816256
62709760
62816256
62709760
62816256
62709760
62816256
62709760
62816256
62709760
62816256
62709760
62816256
62709760
62816256
62709760
62816256
62709760
62816256
62709760
62816256
62709760
62816256
62709760
62816256
62709760
62816256
62709760
62816256
62709760
62816256
62709760
62816256
62709760
62816256
62709760
62816256
62709760
62816256
62709760
62816256
62709760
62816256
62709760
62816256
62701568
62816256
62603264
62816256
62513152
62816256
62414848
62816256
62316544
62816256
62234624
62808064
62152704
62717952
62054400
62619648
61939712
62537728
62636032
62455808
62709760
62357504
62709760
62201856
62709760
62791680
62709760
62791680
62709760
62791680
62709760
62791680
62709760
62791680
62709760
62791680
62709760
62791680
62709760
62791680
62709760
62791680
62709760
62791680
62709760
62791680
62709760
62791680
62709760
62791680
62709760
62791680
62709760
62791680
62709760
62791680
62709760
62791680
62709760
62791680
62709760
62791680
62709760
62791680
62709760
62791680
62709760
62791680
62709760
62791680
62709760
62791680
62709760
62791680
62709760
62791680
62709760
62791680
62709760
62791680
62668800
62791680
62578688
62791680
62480384
62791680
62382080
62791680
62300160
62767104
62218240
62685184
62119936
62586880
62046208
62504960
62668800
62423040
62701568
62324736
62701568
62210048
62701568
62660608
62701568
62570496
62701568
62488576
62701568
62488576
62701568
62488576
62701568
62488576
62701568
62488576
62701568
62488576
62701568
62488576
62701568
62488576
62701568
62488576
62701568
62480384
62701568
62480384
62701568
62480384
62701568
62480384
62701568
62480384
62701568
62480384
62701568
62480384
62701568
62480384
62701568
62480384
62701568
62480384
62701568
62480384
62701568
62480384
62701568
62480384
62701568
62480384
62701568
62480384
62701568
62480384
62701568
62480384
62685184
62480384
62603264
62480384
62521344
62480384
62439424
62480384
62357504
62480384
62275584
62480384
62177280
62480384
62103552
62480384
62685184
62414848
62701568
62316544
62701568
62128128
62701568
62644224
62701568
62717952
62701568
62717952
62701568
62717952
62701568
62701568
62701568
62701568
62701568
62701568
62701568
62701568
62701568
62701568
62701568
62701568
62701568
62701568
62701568
62701568
62701568
62701568
62701568
62701568
62701568
62701568
62701568
62701568
62701568
62701568
62701568
62701568
62701568
62701568
62701568
62701568
62701568
62701568
62701568
62701568
62701568
62701568
62701568
62701568
62701568
62701568
62701568
62701568
62701568
62701568
62701568
62701568
62701568
62701568
62627840
62701568
62545920
62701568
62464000
62660608
62382080
62578688
62300160
62496768
62218240
62414848
62103552
62332928
62701568
62251008
62701568
62169088
62701568
62070784
62701568
62709760
62701568
62709760
62701568
62709760
62701568
62709760
62701568
62709760
62701568
62709760
62701568
62709760
62701568
62709760
62701568
62709760
62701568
62709760
62701568
62709760
62701568
62709760
62701568
62709760
62701568
62709760
62701568
62709760
62701568
62709760
62701568
62709760
62701568
62709760
62701568
62709760
62701568
62709760
62701568
62709760
62701568
62709760
62701568
62709760
62701568
62709760
62701568
62709760
62701568
62709760
62701568
62709760
62701568
62709760
62701568
62701568
62636032
62701568
62554112
62652416
62472192
62554112
62390272
62464000
62308352
62365696
62267392
62210048
62185472
62095360
62103552
62701568
62005248
62701568
61923328
62701568
62537728
62701568
62619648
62701568
62537728
62701568
62455808
62701568
62357504
62701568
62275584
62701568
62275584
62701568
62259200
62701568
62259200
62701568
62259200
62701568
62242816
62701568
62234624
62701568
62234624
62701568
62234624
62701568
62234624
62701568
62234624
62701568
62234624
62701568
62234624
62701568
62234624
62701568
62234624
62701568
62234624
62701568
62234624
62701568
62234624
62701568
62234624
62701568
62234624
62701568
62234624
62701568
62234624
62701568
62234624
62701568
62234624
62701568
62234624
62627840
62234624
62545920
62234624
62464000
62177280
62382080
62087168
62300160
61988864
62218240
61906944
62111744
61825024
62701568
61726720
62701568
61644800
62701568
62267392
62701568
62717952
62701568
62717952
62701568
62717952
62701568
62717952
62701568
62717952
62701568
62717952
62701568
62717952
62701568
62717952
62701568
62717952
62701568
62717952
62701568
62717952
62701568
62717952
62701568
62717952
62701568
62717952
62701568
62717952
62701568
62717952
62701568
62717952
62701568
62717952
62701568
62717952
62701568
62717952
62701568
62717952
62701568
62717952
62701568
62717952
62701568
62717952
62701568
62717952
62701568
62717952
62701568
62717952
62701568
62717952
62685184
62685184
62603264
62603264
62521344
62521344
62439424
62431232
62357504
62332928
62275584
62234624
62177280
62152704
62070784
62070784
62676992
61972480
62676992
61857792
62676992
62676992
62676992
62668800
62676992
62668800
62676992
62668800
62676992
62652416
62676992
62652416
62676992
62652416
62676992
62636032
62676992
62636032
62676992
62636032
62676992
62636032
62676992
62619648
62676992
62619648
62676992
62619648
62676992
62619648
62676992
62619648
62676992
62619648
62676992
62619648
62676992
62619648
62676992
62619648
62676992
62619648
62676992
62619648
62676992
62619648
62676992
62619648
62676992
62619648
62676992
62619648
62676992
62619648
62676992
62619648
62676992
62619648
62676992
62619648
62644224
62570496
62554112
62488576
62455808
62406656
62373888
62324736
62291968
62226432
62193664
62144512
62078976
62062592
62693376
61964288
62693376
61849600
62693376
62529536
62693376
62717952
62693376
62717952
62693376
62717952
62693376
62717952
62693376
62717952
62693376
62717952
62693376
62717952
62693376
62717952
62693376
62717952
62693376
62717952
62693376
62717952
62693376
62717952
62693376
62717952
62693376
62717952
62693376
62717952
62693376
62717952
62693376
62717952
62693376
62717952
62693376
62717952
62693376
62717952
62693376
62717952
62693376
62717952
62693376
62717952
62693376
62717952
62693376
62717952
62693376
62717952
62693376
62717952
62693376
62717952
62693376
62717952
62644224
62717952
62562304
62668800
62464000
62578688
62382080
62480384
62300160
62382080
62201856
62300160
62087168
62218240
62693376
62119936
62693376
62038016
62693376
62717952
62693376
62726144
62693376
62726144
62693376
62726144
62693376
62726144
62693376
62726144
62693376
62726144
62693376
62726144
62693376
62726144
62693376
62726144
62693376
62726144
62693376
62726144
62693376
62726144
62693376
62726144
62693376
62726144
62693376
62726144
62693376
62726144
62693376
62726144
62693376
62726144
62693376
62726144
62693376
62726144
62693376
62726144
62693376
62726144
62693376
62726144
62693376
62726144
62693376
62726144
62693376
62726144
62693376
62726144
62693376
62726144
62693376
62726144
62660608
62726144
62578688
62726144
62480384
62717952
62398464
62619648
62316544
62521344
62218240
62439424
62103552
62357504
62660608
62259200
62660608
62144512
62660608
62676992
62660608
62668800
62660608
62668800
62660608
62668800
62660608
62668800
62660608
62668800
62660608
62668800
62660608
62668800
62660608
62668800
62652416
62668800
62652416
62668800
62652416
62668800
62652416
62668800
62652416
62668800
62652416
62668800
62652416
62668800
62652416
62668800
62652416
62668800
62652416
62668800
62652416
62668800
62652416
62668800
62652416
62668800
62652416
62668800
62652416
62668800
62652416
62668800
62652416
62668800
62652416
62668800
62652416
62668800
62652416
62668800
62652416
62668800
62627840
62668800
62545920
62668800
62464000
62668800
62382080
62611456
62300160
62513152
62201856
62431232
62054400
62349312
62676992
62251008
62676992
62136320
62676992
62701568
62676992
62701568
62676992
62701568
62676992
62701568
62676992
62701568
62676992
62701568
62676992
62701568
62676992
62701568
62676992
62701568
62676992
62701568
62676992
62701568
62676992
62701568
62676992
62701568
62676992
62701568
62676992
62701568
62676992
62701568
62676992
62701568
62676992
62701568
62676992
62701568
62676992
62701568
62676992
62701568
62676992
62701568
62676992
62701568
62676992
62701568
62676992
62701568
62676992
62701568
62676992
62701568
62595072
62701568
62513152
62701568
62431232
62701568
62349312
62701568
62267392
62701568
62185472
62668800
62103552
62586880
62021632
62504960
61939712
62423040
61825024
62341120
62365696
62242816
62685184
62128128
62685184
62685184
62685184
62685184
62668800
62685184
62668800
62685184
62668800
62685184
62652416
62685184
62652416
62685184
62652416
62685184
62636032
62685184
62627840
62685184
62627840
62685184
62627840
62685184
62627840
62685184
62627840
62685184
62627840
62685184
62627840
62685184
62627840
62685184
62627840
62685184
62627840
62685184
62627840
62685184
62627840
62685184
62627840
62685184
62627840
62685184
62627840
62685184
62611456
62685184
62529536
62685184
62414848
62685184
62332928
62685184
62251008
62685184
62152704
62685184
62062592
62652416
61964288
62554112
61865984
62464000
61784064
62365696
61702144
62267392
61603840
62185472
61521920
62103552
62234624
62005248
62693376
61931520
62693376
62668800
62693376
62717952
62676992
62717952
62676992
62717952
62676992
62717952
62660608
62717952
62660608
62717952
62660608
62717952
62636032
62717952
62627840
62717952
62627840
62717952
62611456
62717952
62603264
62717952
62603264
62717952
62595072
62717952
62595072
62717952
62595072
62717952
62595072
62717952
62595072
62717952
62595072
62717952
62595072
62717952
62595072
62717952
62595072
62717952
62595072
62717952
62595072
62717952
62595072
62717952
62513152
62717952
62431232
62717952
62349312
62717952
62267392
62717952
62185472
62676992
62103552
62578688
62021632
62496768
61939712
62398464
61857792
62300160
61759488
62218240
61677568
62136320
62357504
62038016
62693376
61956096
62693376
62701568
62693376
62701568
62693376
62701568
62693376
62701568
62693376
62701568
62693376
62701568
62693376
62701568
62693376
62701568
62693376
62701568
62693376
62701568
62693376
62701568
62693376
62701568
62693376
62701568
62693376
62701568
62693376
62701568
62693376
62701568
62693376
62701568
62693376
62701568
62693376
62701568
62693376
62701568
62693376
62701568
62693376
62701568
62693376
62701568
62693376
62701568
62693376
62701568
62693376
62701568
62693376
62701568
62619648
62701568
62537728
62701568
62455808
62701568
62373888
62701568
62291968
62644224
62193664
62554112
62111744
62455808
62029824
62357504
61931520
62275584
61849600
62193664
62537728
62095360
62693376
62013440
62693376
62586880
62693376
62504960
62676992
62423040
62676992
62341120
62676992
62242816
62660608
62242816
62660608
62242816
62660608
62226432
62644224
62226432
62636032
62226432
62636032
62226432
62636032
62226432
62636032
62226432
62636032
62226432
62636032
62226432
62636032
62226432
62636032
62226432
62636032
62226432
62636032
62226432
62636032
62226432
62636032
62226432
62636032
62226432
62636032
62226432
62636032
62226432
62636032
62226432
62636032
62226432
62636032
62226432
62554112
62226432
62472192
62226432
62390272
62226432
62308352
62226432
62210048
62226432
62111744
62226432
62029824
62226432
61947904
62226432
61849600
62226432
61767680
62201856
62480384
62103552
62685184
62021632
62685184
62595072
62685184
62701568
62668800
62701568
62668800
62701568
62668800
62701568
62652416
62701568
62652416
62701568
62652416
62701568
62652416
62701568
62644224
62701568
62644224
62701568
62644224
62693376
62644224
62693376
62644224
62693376
62644224
62693376
62644224
62693376
62644224
62693376
62644224
62693376
62644224
62693376
62644224
62693376
62644224
62693376
62644224
62693376
62644224
62693376
62644224
62693376
62644224
62693376
62644224
62693376
62644224
62693376
62644224
62693376
62570496
62693376
62488576
62693376
62406656
62693376
62324736
62627840
62242816
62545920
62160896
62447616
62078976
62349312
61997056
62267392
61915136
62185472
62627840
62087168
62701568
62005248
62701568
62709760
62701568
62709760
62701568
62709760
62701568
62709760
62701568
62709760
62701568
62709760
62701568
62709760
62701568
62709760
62701568
62709760
62701568
62709760
62701568
62709760
62701568
62709760
62701568
62709760
62701568
62709760
62701568
62709760
62701568
62709760
62701568
62709760
62701568
62709760
62701568
62709760
62701568
62709760
62701568
62709760
62701568
62709760
62701568
62709760
62701568
62709760
62701568
62709760
62701568
62709760
62701568
62709760
62701568
62709760
62701568
62709760
62644224
62709760
62562304
62709760
62480384
62701568
62398464
62619648
62316544
62537728
62234624
62439424
62152704
62357504
62078976
62275584
62693376
62177280
62693376
62062592
62693376
62726144
62693376
62726144
62693376
62726144
62693376
62726144
62693376
62726144
62693376
62726144
62693376
62726144
62693376
62726144
62693376
62726144
62693376
62726144
62693376
62726144
62726144
62693376
62726144
62693376
62726144
62693376
62726144
62693376
62726144
62693376
62726144
62693376
62726144
62693376
62726144
62693376
62726144
62693376
62726144
62693376
62726144
62693376
62726144
62693376
62726144
62693376
62726144
62693376
62726144
62693376
62726144
62693376
62726144
62693376
62726144
62693376
62726144
62693376
62726144
62636032
62668800
62554112
62586880
62455808
62504960
62373888
62423040
62291968
62341120
62193664
62259200
62078976
62160896
62693376
62046208
62693376
62726144
62693376
62726144
62693376
62726144
62693376
62726144
62693376
62726144
62693376
62726144
62693376
62726144
62693376
62726144
62693376
62726144
62693376
62726144
62693376
62726144
62693376
62726144
62693376
62726144
62693376
62726144
62693376
62726144
62693376
62726144
62693376
62726144
62693376
62726144
62693376
62726144
62693376
62726144
62693376
62726144
62693376
62726144
62693376
62726144
62693376
62726144
62693376
62726144
62693376
62726144
62693376
62726144
62693376
62726144
62693376
62726144
62693376
62726144
62693376
62726144
62636032
62726144
62554112
62668800
62455808
62586880
62373888
62488576
62291968
62406656
62193664
62324736
62078976
62226432
62685184
62111744
62685184
62717952
62685184
62717952
62685184
62717952
62685184
62717952
62685184
62717952
62685184
62717952
62685184
62717952
62685184
62717952
62685184
62717952
62685184
62717952
62685184
62717952
62685184
62717952
62685184
62717952
62685184
62717952
62685184
62717952
62685184
62717952
62685184
62717952
62685184
62717952
62685184
62717952
62685184
62717952
62685184
62717952
62685184
62717952
62685184
62717952
62685184
62717952
62685184
62717952
62685184
62717952
62685184
62717952
62685184
62717952
62660608
62717952
62578688
62717952
62480384
62717952
62390272
62717952
62291968
62685184
62193664
62595072
62111744
62496768
62029824
62414848
61931520
62332928
61857792
62234624
62513152
62119936
62693376
62726144
62693376
62726144
62693376
62726144
62693376
62726144
62693376
62726144
62693376
62726144
62693376
62726144
62693376
62726144
62693376
62726144
62693376
62726144
62693376
62726144
62693376
62726144
62693376
62726144
62693376
62726144
62693376
62726144
62693376
62726144
62693376
62726144
62693376
62726144
62693376
62726144
62693376
62726144
62693376
62726144
62693376
62726144
62693376
62726144
62693376
62726144
62693376
62726144
62693376
62726144
62693376
62726144
62693376
62726144
62693376
62726144
62627840
62726144
62545920
62726144
62455808
62726144
62357504
62676992
62259200
62595072
62177280
62496768
62095360
62414848
61997056
62332928
61915136
62234624
62611456
62119936
62693376
62668800
62693376
62660608
62693376
62660608
62693376
62660608
62693376
62644224
62693376
62644224
62693376
62644224
62693376
62627840
62693376
62627840
62693376
62627840
62693376
62627840
62693376
62627840
62693376
62627840
62693376
62627840
62693376
62627840
62693376
62627840
62693376
62627840
62693376
62627840
62693376
62627840
62693376
62627840
62693376
62627840
62693376
62627840
62693376
62627840
62693376
62627840
62693376
62627840
62693376
62627840
62693376
62627840
62693376
62627840
62693376
62627840
62693376
62627840
62611456
62595072
62521344
62513152
62423040
62431232
62324736
62349312
62242816
62251008
62160896
62169088
62062592
62087168
61988864
61988864
62685184
61915136
62685184
62578688
62685184
62717952
62685184
62709760
62685184
62709760
62685184
62693376
62685184
62693376
62685184
62693376
62685184
62676992
62685184
62676992
62685184
62676992
62685184
62660608
62685184
62644224
62685184
62644224
62685184
62627840
62685184
62619648
62685184
62619648
62685184
62611456
62685184
62611456
62685184
62611456
62685184
62611456
62685184
62611456
62685184
62603264
62685184
62603264
62685184
62603264
62685184
62603264
62685184
62603264
62685184
62603264
62685184
62603264
62685184
62603264
62685184
62603264
62668800
62603264
62578688
62562304
62480384
62480384
62382080
62390272
62300160
62291968
62218240
62210048
62119936
62128128
62038016
62029824
62693376
61947904
62693376
62701568
62693376
62717952
62693376
62717952
62693376
62717952
62693376
62717952
62693376
62717952
62693376
62717952
62693376
62717952
62693376
62717952
62693376
62717952
62693376
62717952
62693376
62717952
62693376
62717952
62693376
62717952
62693376
62717952
62693376
62717952
62693376
62717952
62693376
62717952
62693376
62717952
62693376
62717952
62693376
62717952
62693376
62717952
62693376
62717952
62693376
62717952
62693376
62717952
62693376
62717952
62693376
62717952
62693376
62717952
62693376
62717952
62693376
62717952
62693376
62701568
62611456
62619648
62529536
62537728
62447616
62455808
62365696
62357504
62283776
62275584
62201856
62193664
62103552
62095360
62701568
62013440
62701568
62726144
62701568
62726144
62701568
62726144
62701568
62726144
62701568
62726144
62701568
62726144
62701568
62726144
62701568
62726144
62701568
62726144
62701568
62726144
62701568
62726144
62701568
62726144
62701568
62726144
62701568
62726144
62701568
62726144
62701568
62726144
62701568
62726144
62701568
62726144
62701568
62726144
62701568
62726144
62701568
62726144
62701568
62726144
62701568
62726144
62701568
62726144
62701568
62726144
62701568
62726144
62701568
62726144
62701568
62726144
62701568
62726144
62701568
62726144
62701568
62726144
62685184
62726144
62586880
62693376
62488576
62595072
62406656
62496768
62324736
62414848
62226432
62332928
62111744
62234624
62586880
62119936
62496768
62726144
62414848
62726144
62414848
62726144
62398464
62726144
62398464
62726144
62398464
62726144
62382080
62726144
62382080
62726144
62382080
62726144
62365696
62726144
62357504
62726144
62357504
62726144
62357504
62726144
62357504
62726144
62357504
62726144
62357504
62726144
62357504
62726144
62357504
62726144
62357504
62726144
62357504
62726144
62357504
62726144
62357504
62726144
62357504
62726144
62357504
62726144
62357504
62726144
62357504
62726144
62357504
62726144
62357504
62726144
62357504
62726144
62357504
62726144
62357504
62726144
62357504
62726144
62349312
62676992
62251008
62595072
62169088
62496768
62087168
62414848
61988864
62332928
61906944
62234624
62480384
62119936
62611456
62660608
62529536
62652416
62529536
62652416
62513152
62652416
62513152
62652416
62513152
62652416
62496768
62652416
62496768
62652416
62496768
62652416
62480384
62652416
62464000
62464000
62652416
62464000
62652416
62464000
62652416
62464000
62652416
62464000
62652416
62464000
62652416
62464000
62652416
62464000
62652416
62464000
62652416
62464000
62652416
62464000
62652416
62464000
62652416
62464000
62652416
62464000
62652416
62464000
62652416
62464000
62652416
62464000
62652416
62464000
62652416
62464000
62652416
62464000
62652416
62439424
62652416
62341120
62652416
62242816
62652416
62160896
62595072
62078976
62496768
61980672
62414848
61898752
62332928
62423040
62234624
62693376
62119936
62693376
62717952
62693376
62717952
62693376
62717952
62693376
62717952
62693376
62717952
62693376
62717952
62693376
62717952
62693376
62717952
62693376
62717952
62693376
62717952
62693376
62717952
62693376
62717952
62693376
62717952
62693376
62717952
62693376
62717952
62693376
62717952
62693376
62717952
62693376
62717952
62693376
62717952
62693376
62717952
62693376
62717952
62693376
62717952
62693376
62717952
62693376
62717952
62693376
62717952
62693376
62717952
62693376
62717952
62693376
62717952
62693376
62717952
62652416
62717952
62562304
62717952
62464000
62717952
62365696
62693376
62283776
62603264
62201856
62504960
62103552
62423040
62021632
62341120
62652416
62242816
62701568
62128128
62701568
62693376
62701568
62693376
62701568
62693376
62701568
62693376
62701568
62693376
62701568
62693376
62701568
62693376
62701568
62693376
62701568
62693376
62701568
62693376
62701568
62693376
62701568
62693376
62701568
62693376
62701568
62693376
62701568
62693376
62701568
62693376
62701568
62693376
62701568
62693376
62701568
62693376
62701568
62693376
62701568
62693376
62701568
62693376
62701568
62693376
62701568
62693376
62701568
62693376
62701568
62693376
62701568
62693376
62701568
62693376
62701568
62693376
62652416
62693376
62570496
62693376
62488576
62693376
62406656
62644224
62324736
62562304
62242816
62480384
62144512
62398464
62029824
62316544
62701568
62218240
62701568
62103552
62701568
62693376
62701568
62693376
62701568
62693376
62701568
62693376
62701568
62693376
62701568
62693376
62701568
62693376
62701568
62693376
62701568
62693376
62701568
62693376
62701568
62693376
62701568
62693376
62701568
62693376
62701568
62693376
62701568
62693376
62701568
62693376
62701568
62693376
62701568
62693376
62701568
62693376
62701568
62693376
62701568
62693376
62701568
62693376
62701568
62693376
62701568
62693376
62701568
62693376
62701568
62693376
62701568
62693376
62701568
62693376
62701568
62693376
62676992
62693376
62595072
62693376
62513152
62611456
62431232
62529536
62349312
62447616
62267392
62349312
62169088
62267392
62054400
62185472
62693376
62087168
62693376
62005248
62693376
62660608
62693376
62652416
62693376
62652416
62693376
62652416
62693376
62652416
62693376
62652416
62693376
62652416
62693376
62652416
62693376
62652416
62693376
62652416
62693376
62652416
62693376
62644224
62693376
62644224
62693376
62644224
62693376
62644224
62693376
62644224
62693376
62644224
62693376
62644224
62693376
62644224
62693376
62644224
62693376
62644224
62693376
62644224
62693376
62644224
62693376
62644224
62693376
62644224
62693376
62644224
62693376
62644224
62693376
62644224
62611456
62644224
62529536
62644224
62439424
62644224
62341120
62644224
62242816
62562304
62160896
62480384
62078976
62390272
61980672
62308352
61898752
62226432
62554112
62128128
62693376
62013440
62693376
62717952
62693376
62717952
62693376
62717952
62693376
62717952
62693376
62717952
62693376
62717952
62693376
62717952
62693376
62717952
62693376
62717952
62693376
62717952
62693376
62717952
62693376
62717952
62693376
62717952
62693376
62717952
62693376
62717952
62693376
62717952
62693376
62717952
62693376
62717952
62693376
62717952
62693376
62717952
62693376
62717952
62693376
62717952
62693376
62717952
62693376
62717952
62693376
62717952
62693376
62717952
62693376
62717952
62693376
62717952
62693376
62717952
62636032
62717952
62554112
62717952
62472192
62717952
62390272
62636032
62308352
62554112
62226432
62472192
62128128
62390272
62013440
62308352
62685184
62226432
62685184
62111744
62685184
62668800
62685184
62668800
62685184
62668800
62685184
62668800
62685184
62668800
62685184
62668800
62685184
62668800
62685184
62668800
62685184
62668800
62685184
62668800
62685184
62668800
62685184
62668800
62685184
62668800
62685184
62668800
62685184
62668800
62685184
62668800
62685184
62668800
62685184
62668800
62685184
62668800
62685184
62668800
62685184
62668800
62685184
62668800
62685184
62668800
62685184
62668800
62685184
62668800
62685184
62668800
62685184
62668800
62685184
62668800
62685184
62668800
62676992
62668800
62595072
62668800
62504960
62668800
62406656
62586880
62324736
62504960
62242816
62423040
62144512
62341120
62029824
62259200
62603264
62177280
62521344
62070784
62439424
62668800
62357504
62668800
62259200
62668800
62259200
62668800
62259200
62652416
62259200
62652416
62259200
62652416
62259200
62636032
62259200
62636032
62259200
62636032
62259200
62636032
62259200
62619648
62259200
62619648
62259200
62619648
62259200
62619648
62259200
62619648
62259200
62619648
62259200
62619648
62259200
62619648
62259200
62619648
62259200
62619648
62259200
62619648
62259200
62619648
62259200
62619648
62259200
62619648
62259200
62619648
62259200
62619648
62259200
62619648
62259200
62619648
62259200
62619648
62259200
62619648
62259200
62619648
62259200
62619648
62259200
62537728
62226432
62455808
62128128
62373888
62013440
62291968
62644224
62201856
62693376
62087168
62693376
62660608
62693376
62660608
62676992
62660608
62676992
62660608
62676992
62644224
62660608
62644224
62660608
62644224
62660608
62644224
62644224
62644224
62627840
62644224
62627840
62644224
62611456
62627840
62611456
62627840
62611456
62627840
62611456
62619648
62611456
62619648
62611456
62619648
62611456
62619648
62611456
62619648
62611456
62619648
62611456
62619648
62611456
62619648
62611456
62619648
62611456
62619648
62611456
62619648
62611456
62619648
62611456
62619648
62611456
62619648
62611456
62619648
62586880
62619648
62504960
62537728
62423040
62455808
62341120
62373888
62259200
62291968
62177280
62201856
62095360
62119936
62021632
62038016
62668800
61939712
62693376
61857792
62693376
62660608
62693376
62717952
62693376
62717952
62693376
62717952
62693376
62717952
62693376
62717952
62693376
62717952
62693376
62717952
62693376
62717952
62693376
62717952
62693376
62717952
62693376
62717952
62693376
62717952
62693376
62717952
62693376
62717952
62693376
62717952
62693376
62717952
62693376
62717952
62693376
62717952
62693376
62717952
62693376
62717952
62693376
62717952
62693376
62717952
62693376
62717952
62693376
62717952
62693376
62717952
62693376
62717952
62693376
62717952
62693376
62717952
62693376
62717952
62611456
62717952
62513152
62636032
62414848
62554112
62332928
62472192
62251008
62382080
62300160
62152704
62218240
62038016
62119936
62693376
62038016
62693376
62717952
62693376
62717952
62693376
62717952
62693376
62717952
62693376
62717952
62693376
62717952
62693376
62717952
62693376
62717952
62693376
62717952
62693376
62717952
62693376
62717952
62693376
62717952
62693376
62717952
62693376
62717952
62693376
62717952
62693376
62717952
62693376
62717952
62693376
62717952
62693376
62717952
62693376
62717952
62693376
62717952
62693376
62717952
62693376
62717952
62693376
62717952
62693376
62717952
62693376
62717952
62693376
62717952
62693376
62717952
62693376
62717952
62693376
62717952
62685184
62717952
62603264
62636032
62521344
62554112
62423040
62472192
62341120
62390272
62259200
62308352
62160896
62226432
62046208
62144512
62685184
62029824
62685184
62668800
62685184
62668800
62685184
62668800
62685184
62668800
62685184
62652416
62685184
62652416
62685184
62652416
62685184
62652416
62685184
62652416
62685184
62652416
62685184
62652416
62685184
62644224
62685184
62644224
62685184
62644224
62685184
62644224
62685184
62644224
62685184
62644224
62685184
62644224
62685184
62644224
62685184
62644224
62685184
62644224
62685184
62644224
62685184
62644224
62685184
62644224
62685184
62644224
62685184
62644224
62685184
62644224
62685184
62644224
62685184
62644224
62685184
62644224
62668800
62644224
62586880
62644224
62504960
62562304
62406656
62480384
62324736
62398464
62242816
62316544
62144512
62234624
62029824
62136320
62693376
62021632
62693376
62660608
62693376
62660608
62693376
62660608
62693376
62660608
62693376
62644224
62693376
62644224
62693376
62644224
62693376
62627840
62693376
62627840
62693376
62627840
62693376
62627840
62693376
62619648
62693376
62619648
62693376
62619648
62693376
62619648
62693376
62619648
62693376
62619648
62693376
62619648
62693376
62619648
62693376
62619648
62693376
62619648
62693376
62619648
62693376
62619648
62693376
62619648
62693376
62619648
62693376
62619648
62693376
62619648
62693376
62619648
62693376
62619648
62693376
62619648
62693376
62619648
62611456
62619648
62521344
62537728
62423040
62455808
62341120
62373888
62259200
62291968
62160896
62210048
62046208
62128128
62676992
62013440
62676992
62660608
62676992
62717952
62676992
62717952
62676992
62717952
62676992
62717952
62676992
62717952
62676992
62717952
62676992
62717952
62676992
62717952
62676992
62717952
62676992
62717952
62676992
62717952
62676992
62717952
62676992
62717952
62676992
62717952
62676992
62717952
62676992
62717952
62676992
62717952
62676992
62717952
62676992
62717952
62676992
62717952
62676992
62717952
62676992
62717952
62676992
62717952
62676992
62717952
62676992
62717952
62676992
62717952
62676992
62717952
62644224
62717952
62562304
62717952
62480384
62717952
62390272
62636032
62291968
62554112
62193664
62472192
62111744
62390272
62029824
62308352
61931520
62226432
61849600
62144512
62652416
62029824
62693376
62660608
62693376
62660608
62693376
62660608
62676992
62660608
62676992
62644224
62676992
62644224
62676992
62644224
62676992
62644224
62676992
62644224
62676992
62644224
62676992
62644224
62676992
62636032
62676992
62636032
62676992
62636032
62676992
62636032
62676992
62636032
62676992
62636032
62676992
62636032
62676992
62636032
62676992
62636032
62676992
62636032
62676992
62636032
62676992
62636032
62676992
62636032
62676992
62636032
62676992
62636032
62676992
62636032
62676992
62636032
62627840
62636032
62545920
62636032
62464000
62636032
62382080
62636032
62300160
62554112
62218240
62472192
62136320
62390272
62054400
62308352
61972480
62226432
61857792
62128128
62685184
62046208
62685184
62676992
62685184
62676992
62685184
62676992
62685184
62676992
62685184
62676992
62685184
62676992
62685184
62676992
62685184
62676992
62685184
62676992
62685184
62676992
62685184
62676992
62685184
62676992
62685184
62676992
62685184
62676992
62685184
62676992
62685184
62676992
62685184
62676992
62685184
62676992
62685184
62676992
62685184
62676992
62685184
62676992
62685184
62676992
62685184
62676992
62685184
62676992
62685184
62676992
62685184
62676992
62685184
62676992
62685184
62676992
62660608
62676992
62578688
62676992
62496768
62676992
62414848
62595072
62332928
62513152
62251008
62431232
62169088
62349312
62087168
62267392
61988864
62185472
61906944
62103552
62693376
62005248
62693376
62578688
62693376
62717952
62693376
62717952
62693376
62717952
62693376
62717952
62693376
62717952
62693376
62717952
62693376
62717952
62693376
62717952
62693376
62717952
62693376
62717952
62693376
62717952
62693376
62717952
62693376
62717952
62693376
62717952
62693376
62717952
62693376
62717952
62693376
62717952
62693376
62717952
62693376
62717952
62693376
62717952
62693376
62717952
62693376
62717952
62693376
62717952
62693376
62717952
62693376
62717952
62693376
62717952
62693376
62717952
62685184
62717952
62603264
62636032
62521344
62554112
62439424
62472192
62357504
62390272
62275584
62308352
62193664
62226432
62111744
62144512
62029824
62062592
61947904
61980672
62644224
61865984
62693376
62586880
62693376
62717952
62693376
62717952
62693376
62717952
62693376
62717952
62693376
62717952
62693376
62717952
62693376
62717952
62693376
62717952
62693376
62717952
62693376
62717952
62693376
62717952
62693376
62717952
62693376
62717952
62693376
62717952
62693376
62717952
62693376
62717952
62693376
62717952
62693376
62717952
62693376
62717952
62693376
62717952
62693376
62717952
62693376
62717952
62693376
62717952
62693376
62717952
62693376
62717952
62693376
62717952
62693376
62717952
62693376
62717952
62619648
62636032
62537728
62554112
62455808
62472192
62373888
62390272
62291968
62308352
62210048
62226432
62128128
62144512
62046208
62062592
61906944
61980672
62529536
61874176
62693376
62586880
62693376
62717952
62693376
62717952
62693376
62717952
62693376
62717952
62693376
62717952
62693376
62717952
62693376
62717952
62693376
62717952
62693376
62717952
62693376
62717952
62693376
62717952
62693376
62717952
62693376
62717952
62693376
62717952
62693376
62717952
62693376
62717952
62693376
62717952
62693376
62717952
62693376
62717952
62693376
62717952
62693376
62717952
62693376
62717952
62693376
62717952
62693376
62717952
62693376
62717952
62693376
62717952
62693376
62717952
62619648
62717952
62537728
62717952
62455808
62636032
62373888
62554112
62291968
62472192
62210048
62390272
62128128
62308352
62046208
62226432
61947904
62144512
61865984
62062592
62611456
61972480
62693376
62586880
62693376
62726144
62693376
62726144
62693376
62726144
62693376
62717952
62693376
62717952
62693376
62717952
62693376
62717952
62693376
62717952
62693376
62717952
62693376
62717952
62693376
62701568
62693376
62701568
62693376
62701568
62693376
62701568
62693376
62701568
62693376
62693376
62693376
62693376
62693376
62693376
62693376
62693376
62693376
62693376
62693376
62693376
62693376
62693376
62693376
62693376
62693376
62693376
62693376
62693376
62693376
62693376
62693376
62693376
62693376
62693376
62611456
62693376
62529536
62685184
62447616
62603264
62365696
62521344
62283776
62439424
62201856
62357504
62119936
62275584
62038016
62193664
61956096
62095360
62693376
61980672
62693376
62717952
62693376
62717952
62693376
62717952
62693376
62717952
62693376
62717952
62693376
62717952
62693376
62717952
62693376
62717952
62693376
62717952
62693376
62717952
62693376
62717952
62693376
62717952
62693376
62717952
62693376
62717952
62693376
62717952
62693376
62717952
62693376
62717952
62693376
62717952
62693376
62717952
62693376
62717952
62693376
62717952
62693376
62717952
62693376
62717952
62693376
62717952
62693376
62717952
62693376
62717952
62693376
62717952
62693376
62717952
62693376
62717952
62611456
62717952
62529536
62685184
62447616
62603264
62365696
62521344
62283776
62439424
62201856
62357504
62119936
62275584
62038016
62193664
61964288
62111744
62652416
61997056
62701568
62726144
62701568
62726144
62701568
62726144
62701568
62726144
62701568
62726144
62701568
62726144
62701568
62726144
62701568
62726144
62701568
62726144
62701568
62726144
62701568
62726144
62701568
62726144
62701568
62726144
62701568
62726144
62701568
62726144
62701568
62726144
62701568
62726144
62701568
62726144
62701568
62726144
62701568
62726144
62701568
62726144
62701568
62726144
62701568
62726144
62701568
62726144
62701568
62726144
62619648
62726144
62537728
62726144
62455808
62726144
62373888
62726144
62291968
62726144
62210048
62676992
62128128
62595072
62046208
62513152
61956096
62431232
61874176
62349312
61792256
62267392
61693952
62185472
61612032
62103552
62439424
61964288
62701568
62717952
62701568
62717952
62701568
62717952
62701568
62717952
62701568
62701568
62701568
62693376
62701568
62693376
62701568
62676992
62701568
62676992
62701568
62668800
62701568
62668800
62701568
62660608
62701568
62660608
62701568
62660608
62701568
62660608
62701568
62660608
62701568
62660608
62701568
62660608
62701568
62660608
62701568
62660608
62701568
62660608
62701568
62660608
62701568
62660608
62701568
62660608
62701568
62660608
62701568
62660608
62701568
62660608
62701568
62660608
62644224
62660608
62562304
62660608
62480384
62660608
62398464
62619648
62316544
62537728
62218240
62455808
62136320
62373888
62054400
62291968
61956096
62210048
61874176
62111744
62693376
62005248
62693376
62726144
62693376
62726144
62693376
62726144
62693376
62726144
62693376
62726144
62693376
62726144
62693376
62726144
62693376
62726144
62693376
62726144
62693376
62726144
62693376
62726144
62693376
62726144
62693376
62726144
62693376
62726144
62693376
62726144
62693376
62726144
62693376
62726144
62693376
62726144
62693376
62726144
62693376
62726144
62693376
62726144
62693376
62726144
62693376
62726144
62693376
62726144
62693376
62726144
62693376
62726144
62693376
62726144
62693376
62726144
62652416
62726144
62570496
62726144
62488576
62644224
62406656
62562304
62324736
62480384
62242816
62398464
62160896
62316544
62078976
62234624
61980672
62152704
61890560
62070784
62562304
61956096
62685184
62619648
62685184
62717952
62685184
62717952
62685184
62717952
62685184
62717952
62685184
62717952
62685184
62717952
62685184
62717952
62685184
62717952
62685184
62717952
62685184
62717952
62685184
62717952
62685184
62717952
62685184
62717952
62685184
62717952
62685184
62717952
62685184
62717952
62685184
62717952
62685184
62717952
62685184
62717952
62685184
62717952
62685184
62717952
62685184
62717952
62685184
62717952
62685184
62717952
62685184
62717952
62685184
62717952
62685184
62717952
62685184
62717952
62685184
62717952
62685184
62652416
62603264
62554112
62521344
62472192
62439424
62390272
62357504
62291968
62275584
62210048
62177280
62128128
62095360
62029824
62676992
61915136
62676992
62717952
62676992
62717952
62676992
62717952
62676992
62717952
62676992
62717952
62676992
62717952
62676992
62717952
62676992
62717952
62676992
62717952
62676992
62717952
62676992
62717952
62676992
62717952
62676992
62717952
62676992
62717952
62676992
62717952
62676992
62717952
62676992
62717952
62676992
62717952
62676992
62717952
62676992
62717952
62676992
62717952
62676992
62717952
62676992
62717952
62676992
62717952
62676992
62717952
62676992
62717952
62676992
62717952
62676992
62717952
62595072
62717952
62513152
62717952
62431232
62717952
62349312
62636032
62267392
62554112
62185472
62472192
62103552
62390272
62021632
62308352
61939712
62226432
61857792
62128128
62537728
62013440
62693376
62693376
62693376
62717952
62693376
