4005568388
4381105319
128248969
85781404
86465352
174433585
84999327
85241783
85391030
85149294
192014875
84329368
89339637
85007363
130834723
85547314
85575477
85408432
85850636
92741301
85108275
84646383
84997374
84343778
84598103
119064397
137361906
134657862
76980158
76571672
133206956
150696859
110319636
72772736
71088626
134645521
85809895
129268636
68300510
56136960
63530370
59408322
59608429
60678314
60089967
56565730
57768930
56444158
94909647
56699114
57828749
59717077
61751506
58305884
56839732
59841851
98038448
56822079
104478124
114887565
56249558
68404621
103459268
59669384
59620555
59450294
59697037
56204670
59825629
56273588
124202541
56350440
60170602
59679855
61743567
56119608
59564147
95093822
56198110
56112261
80989467
59559140
56389909
59580236
56169289
124223644
55988576
56218156
57595692
59881557
99441968
108888938
61790739
68601548
61598636
59394925
59461061
59581389
59497127
116651398
56380118
128790608
59371406
59510460
66418564
85899942
59512486
65960372
59274233
61329150
59391525
59646898
56286954
109414281
55963944
56005222
59628281
59685290
56135494
56307663
56009719
86715510
56289668
63677613
72714167
72550385
61573284
59536373
90571634
59385086
59545220
59443421
59467551
56285583
59677888
55888254
88350308
56196099
56260234
56076148
59470808
56054435
56055504
56154420
60037361
56101997
57895787
56218738
56192803
55964614
56142023
56147086
56173232
84313825
55881297
56284231
117862366
127567247
65537519
94839342
61674168
61394764
61515683
61423182
60718951
59222888
59950146
127451188
56437772
56270637
62552233
59741436
56039271
59467725
99413862
55991389
59419364
59509764
59620806
55945836
56215883
56089567
100459111
56344274
56220808
59598436
59496307
56050665
56145307
56190976
108300040
107828318
63240991
65677247
61517757
59240258
63505578
129070401
59400438
59249041
59508737
59332727
59484703
59667291
125433167
56174612
56060352
59435758
59601562
56019859
56224592
82796670
56231625
56334167
59497460
59703798
56217912
56090247
55874004
60613542
55999086
55957526
55910017
55974857
60520847
55961209
86228426
83441482
80348175
84276748
121961258
95211000
59465332
84378997
59323767
59153796
59442555
59311660
55899387
56664137
59452945
72755242
55774833
56021219
56278401
59390456
61533333
56111567
55894324
56172343
114525833
57922330
66541473
59790189
64020999
59634378
59577629
90521767
128648520
56013504
83132443
61277857
65712710
78032987
128513752
59361746
59309834
61501133
59478540
59397106
119459637
71772619
66347439
61497564
61653521
59434259
59496030
85179718
59453837
59470468
59493751
59404662
59448081
56064872
56040545
71511949
56026170
128967047
59464549
59346219
59354039
59408372
73180202
59459994
61293707
59492121
59214249
59365176
59443101
56165316
59017078
56375636
56312060
56181506
57696650
56055132
55887677
56216389
56018952
65706303
56046611
69513759
72143885
59517680
59531733
59491278
59464628
75067116
57944223
59410498
59435568
59345979
55977132
56122377
55932580
56056851
119769934
55888964
56117837
60541896
59465912
56087364
59457765
80803253
56149874
59492251
59488807
59474737
55917283
59407239
56143524
59337487
56032062
56134530
56021073
56165186
56067947
56956053
55893244
56189655
72281227
72675803
72905066
59506313
61529209
59554016
59491797
59414556
101113613
56097127
59516454
60907973
59444335
59385766
59454298
55962790
119707422
56209145
55854122
59430618
59447911
56146243
56097025
67766204
56380276
56098871
59510481
59487843
56202689
56045481
56199716
56247858
102230599
56579836
56100237
59459918
59661698
56993566
56154967
106380639
56258015
65922338
72601394
59403211
59345523
59325857
59323466
87421313
56089811
59400663
59284477
59522169
55873822
59358923
55891877
73065623
55791399
55841158
63505043
59400628
55968062
59393736
58054707
56030738
126459389
55746156
55934644
59327177
59371524
55958229
55988087
66275880
56084434
61394914
64305947
55932676
55858755
59367845
56017732
111730002
55992356
67538322
73037074
60796139
59308130
59326196
59299039
123199717
55871305
61815182
59435385
59313857
59369362
59431061
91022209
56404749
128601702
59389146
59287914
59972009
59263162
113257236
59346144
59366583
59340513
59393093
59270961
59419956
67201355
55858709
59509937
59480110
59448605
55898249
59490831
56317908
55894527
111900102
55918589
104257282
59391225
65835328
72802035
75015463
59451798
59455289
59373179
59425369
59373449
59377412
56011423
55967283
55815058
55933689
56002553
56771817
55830211
56132014
56583939
55857402
60657931
56040948
56064696
58048782
56364208
55890811
55828098
55960010
56052221
77419307
57609868
57012092
59647858
59667904
56139003
56166570
66622145
65156742
56252215
72121126
108788493
59561309
65970302
59295094
59475589
59339001
59419072
55714872
56009206
55790659
55914478
55842748
55713514
67310163
55947244
56078414
59315874
59357002
55885657
55872941
56116074
55765166
88042405
55982960
114309878
59297044
127903602
60433199
110734343
59329740
59289413
61294213
61653065
59402538
59425871
75541893
59362795
124998260
56337394
71405089
105368999
67249661
66010765
59399876
61442334
59404460
59401449
60994139
59239228
61610452
55880194
59299587
55990379
58697697
55963706
56004402
56402005
56066799
75477990
55749140
128866915
59396179
55812530
59441242
59364948
68217848
59456997
59305127
59301998
59547243
55903381
55741280
56060541
56021168
111477814
56022688
55850717
110366903
59163256
65838574
114026820
59046774
65962175
59430969
59303063
59205042
59446481
55826265
101137957
56086644
55827878
59385387
59456512
55903625
55851881
56341060
105977924
55939977
55883321
59378600
59434062
56131307
56163348
56008038
109902569
56063841
57501331
59406169
59344887
55946416
59401690
55733210
56179185
55722598
56319314
56414502
56051622
93327884
55994325
63434412
117881982
59322867
65838208
59374046
59739394
59338300
59270531
96192563
56041051
56067836
59493854
59401319
57653274
56010382
55917177
92605806
55860151
55762200
59446427
59352790
55870941
55991912
56243575
81570058
55806475
55798839
59341890
59408496
55898234
55948753
55788145
56648025
55776500
55901607
55895238
55983656
55758106
88792743
55959757
61181126
106101055
128337608
61083915
128450455
59323531
128577068
59347753
61367293
61302424
61477764
59317827
59161112
87912237
128561721
59116356
128478791
59239829
59096680
113480356
61271281
59230393
61213639
59286711
59171692
59408067
80493549
128530639
59277218
59148293
59322460
59114348
59307578
88223489
56010900
59219149
59351839
59208989
69072657
127235463
108402745
68712562
58969466
61321353
59113547
59222686
59210917
81459506
128530404
59172836
59127446
59249828
59128557
55988309
85784366
59198035
55583150
59354153
59194198
55853748
55817012
55831082
63089556
55704694
56024679
68884844
56353194
55934516
59508273
55748662
55994137
103016304
55819979
55880798
59323817
58106867
122072752
55919523
113654125
117121333
59131056
68046467
61250525
61327866
96592252
128394878
59137950
59122020
59333997
61227558
59294094
126453130
60776916
64991039
71093623
61811775
70998501
79755557
60185429
59226168
59503916
59481791
56016358
55766313
57447515
55709337
127251339
56794385
56111820
59436452
59274962
55920966
59426865
92064012
56143959
55885417
101895343
59264667
65830092
93729020
127693769
63738682
116699022
61380262
61324143
61271143
116094701
59171225
59138486
59276101
59160202
59359499
59233118
78634240
55764970
59307210
59232085
59555219
56052131
56031625
55805302
55870335
55729351
55930330
55675798
55989686
55903104
56243602
55660186
55965130
58677514
55881964
55861932
55824465
55827641
55968334
86373757
105408918
73859127
65806888
61463298
61363816
59296010
59289138
59288858
59187248
101722230
55986495
55718778
59394704
59398696
55914867
56110541
58227425
106258901
117579837
130486836
128489058
75027787
55480115
55676418
55272028
55440602
55352803
55346603
55636585
55467044
55567906
55428763
55646955
55531204
55451285
55447609
55736826
55572699
55499048
58156393
92754391
58970485
63298913
59199451
59266232
59253260
59362786
126898044
128478112
128430506
123857612
55363548
55454238
55357160
55398559
55306390
55353642
55502267
55502971
55373916
55473304
55545097
55435695
55417479
55466875
55441085
55680831
55354412
55592339
55378709
55694325
55414772
55640498
55531801
55505104
55334641
55480231
114681603
55550466
55777156
58344290
55785433
55663674
55810567
55857211
55704904
55595133
55833225
55426438
55523154
55463431
55588632
55371453
55546772
55546707
55714743
55332990
55381919
55468984
55504891
55474968
55533663
55645672
55937825
55587236
55756266
55474435
55611296
55400640
55753500
55591273
55608622
55474020
55732740
55571639
55448464
55457838
106639097
105782374
79051229
65742362
61204561
61167579
61230915
59176893
59150330
59196840
79940035
55867607
59211322
59217638
59193708
55678954
55999975
55679914
55932780
126927015
55906237
122141855
61108304
59426268
59274824
109284456
59438718
128179539
60763885
59195778
61244971
82553684
59359785
59327188
59199706
57596133
57212674
55824259
55946333
60130069
101764210
105015776
65512034
67759736
61359206
59101891
93852613
59173679
59163175
59155297
59275531
59163042
59240218
56072915
101268291
56352467
59263674
