43397120
43397120
43397120
43397120
43397120
43397120
43397120
43397120
43397120
43397120
43397120
43397120
43397120
43397120
43397120
44507136
44507136
44507136
44777472
44777472
44777472
44777472
44777472
44777472
44777472
44777472
44777472
44777472
44777472
44777472
44777472
44777472
44777472
44777472
44777472
44777472
44777472
44777472
44777472
44777472
44777472
44777472
44777472
44777472
44777472
45047808
45047808
45047808
45047808
45318144
45318144
45318144
45318144
45318144
45588480
45588480
45588480
45588480
45858816
45858816
45858816
45858816
45858816
46129152
46129152
46129152
46129152
46399488
46399488
46399488
46399488
46399488
46669824
46669824
46669824
42319872
42319872
42319872
42319872
40824832
40824832
40824832
41078784
41078784
41078784
41078784
41078784
40173568
40173568
40173568
40173568
40435712
40435712
40435712
40435712
40435712
40706048
40706048
40706048
40706048
40976384
40976384
40976384
40304640
40304640
40304640
40304640
40574976
40574976
40574976
40574976
40574976
40845312
40845312
40845312
40845312
40845312
41115648
40402944
40402944
40402944
40402944
40673280
40673280
40673280
40673280
40673280
40943616
40943616
40943616
40943616
40943616
40300544
40570880
40570880
40570880
40570880
40570880
40841216
40841216
40841216
40841216
41111552
41111552
41111552
41111552
41111552
40423424
40693760
40693760
40693760
40693760
40964096
40964096
40964096
40964096
40964096
41234432
41504768
41476096
41476096
41476096
40783872
40783872
40783872
41054208
41054208
41054208
41054208
41054208
41324544
41324544
41324544
41324544
41324544
41594880
41594880
40947712
40947712
40947712
40947712
41218048
41218048
41218048
41218048
41218048
41488384
41488384
41488384
41488384
41844736
41844736
41844736
41353216
41353216
41353216
41623552
41623552
41623552
41623552
41623552
41623552
41893888
41893888
41893888
41893888
41893888
42164224
42164224
42164224
41168896
41439232
41705472
41705472
41705472
41705472
41971712
41971712
41971712
41971712
41971712
42242048
42242048
42373120
42401792
42434560
41881600
41881600
41881600
41881600
42074112
42143744
42205184
42205184
42205184
42205184
42414080
42414080
42414080
42414080
42414080
42659840
42659840
41963520
41963520
41963520
42209280
42209280
42209280
42209280
42209280
42209280
42463232
42463232
42463232
42635264
42762240
42762240
42905600
42905600
42201088
42201088
42201088
42455040
42455040
42553344
42553344
42553344
42553344
42553344
42782720
42782720
42782720
42782720
42782720
43032576
43032576
42430464
42430464
42430464
42696704
42696704
42696704
42696704
42696704
42954752
42954752
42954752
42954752
42954752
43216896
43216896
43216896
43216896
42524672
42524672
42795008
42795008
42795008
42795008
42795008
43057152
43057152
43057152
43057152
43057152
43323392
43323392
43323392
43323392
43323392
42631168
42901504
42901504
42901504
42901504
42901504
43147264
43147264
43147264
43147264
43147264
43147264
43417600
43417600
43270144
43270144
43270144
43270144
42684416
42684416
42950656
42950656
42950656
42950656
42950656
43216896
43216896
43216896
43216896
43216896
43216896
43479040
43479040
43479040
43479040
42807296
42807296
43077632
43077632
43077632
43077632
43077632
43339776
43339776
43339776
43339776
43339776
43589632
43589632
43589632
43589632
43589632
43847680
43208704
43208704
43208704
43208704
43466752
43466752
43466752
43466752
43466752
43724800
43724800
43724800
43724800
43724800
43995136
43995136
43995136
43995136
43487232
43487232
43487232
43487232
43757568
43757568
43757568
43757568
43757568
43757568
44027904
44027904
44027904
44027904
44027904
44294144
44294144
44294144
43638784
43638784
43909120
43909120
43909120
43909120
43909120
44175360
44175360
44175360
44175360
44175360
44175360
44445696
44445696
44445696
44445696
44445696
43741184
44007424
44007424
44007424
44007424
44007424
44273664
44273664
44273664
44273664
44273664
44539904
44539904
44539904
44539904
44539904
44539904
44810240
44105728
44105728
44105728
44105728
44105728
44376064
44376064
44376064
44376064
44376064
44646400
44646400
44646400
44646400
44646400
44646400
44916736
44916736
44236800
44236800
44236800
44503040
44503040
44503040
44503040
44503040
44503040
44773376
44773376
44773376
44773376
44773376
45043712
45043712
45043712
45043712
44343296
44343296
44605440
44605440
44605440
44605440
44605440
44605440
44871680
44871680
44871680
44871680
44871680
45142016
45142016
45142016
45142016
44482560
44482560
44752896
44752896
44752896
44752896
44752896
44752896
45023232
45023232
45023232
45023232
45023232
45293568
45293568
45293568
45293568
45293568
44326912
44593152
44593152
44593152
44593152
44593152
44859392
44859392
44859392
44859392
44859392
44859392
45129728
45129728
45129728
45129728
45129728
45400064
44707840
44707840
44707840
44707840
44707840
44974080
44974080
44974080
44974080
44974080
45240320
45240320
45240320
45240320
45240320
45481984
45527040
45527040
45129728
45129728
45248512
45248512
45248512
45248512
45416448
45416448
45416448
45416448
45637632
45637632
45637632
45637632
45637632
45846528
45846528
45846528
45117440
45117440
45375488
45375488
45375488
45375488
45604864
45604864
45604864
45604864
45604864
45604864
45862912
45862912
45862912
45862912
45862912
46116864
45416448
45416448
45416448
45416448
45416448
45682688
45682688
45682688
45682688
45682688
45924352
45924352
45924352
45924352
45924352
46182400
46182400
46182400
45461504
45461504
45461504
45731840
45731840
45731840
45731840
45731840
45993984
45993984
45993984
45993984
45993984
45993984
46264320
46264320
46264320
46264320
45543424
45805568
45805568
45805568
45805568
45805568
46071808
46071808
46071808
46071808
46579712
46440448
46440448
46440448
46440448
46440448
46706688
46706688
45981696
45981696
45981696
46247936
46247936
46247936
46247936
46247936
46247936
46501888
46501888
46501888
46501888
46501888
46325760
46325760
46325760
46325760
45858816
46129152
46129152
46129152
46129152
46129152
46129152
46399488
46399488
46399488
46399488
46399488
46399488
46661632
46661632
46661632
46661632
46661632
46227456
46227456
46227456
46227456
46227456
46227456
46497792
46497792
46497792
46497792
46497792
46497792
46768128
46768128
46768128
46768128
46768128
47038464
46338048
46338048
46338048
46338048
46338048
46608384
46608384
46608384
46608384
46608384
46870528
46870528
46870528
46870528
46870528
46870528
47136768
47136768
46440448
46440448
46440448
46440448
46706688
46706688
46706688
46706688
46706688
46706688
46977024
46977024
46977024
46977024
46977024
47243264
47243264
47243264
46534656
46534656
46534656
46796800
46796800
46796800
46796800
46796800
47067136
47067136
47067136
47067136
47067136
47067136
47337472
47337472
47337472
47337472
46632960
46632960
46632960
46632960
46903296
46903296
46903296
46903296
46903296
47161344
47161344
47161344
47161344
47161344
47161344
47431680
47431680
47431680
46866432
46866432
46866432
47136768
47136768
47136768
47378432
47280128
47280128
47280128
47280128
47280128
47542272
47542272
47542272
47542272
47542272
47542272
47112192
47112192
47112192
47112192
47112192
47112192
47382528
47382528
47382528
47382528
47382528
47648768
47648768
47648768
47648768
47648768
47648768
47910912
47218688
47218688
47218688
47218688
47218688
47489024
47489024
47489024
47489024
47489024
47759360
47759360
47759360
47759360
47759360
47759360
48070656
48070656
47456256
47456256
47726592
47726592
47726592
47726592
47726592
47726592
47992832
47992832
47992832
47992832
47992832
48263168
48263168
48263168
48263168
48263168
47566848
47837184
47837184
47837184
47837184
47837184
47837184
48103424
48103424
48103424
48103424
48103424
48365568
48365568
48365568
48365568
48365568
48365568
47939584
47939584
47939584
47939584
47939584
47939584
48209920
48259072
48259072
48259072
48259072
48521216
48521216
48521216
48521216
48521216
48787456
48787456
48091136
48091136
48091136
48091136
48357376
48357376
48357376
48357376
48357376
48357376
48623616
48623616
48623616
48623616
48623616
48893952
49139712
48349184
47910912
47910912
47910912
47910912
47910912
48181248
48181248
48181248
48181248
48181248
48451584
48451584
48451584
48451584
48451584
48451584
48721920
48721920
48168960
48168960
48168960
48439296
48439296
48439296
48439296
48439296
48439296
48709632
48709632
48709632
48709632
48709632
48709632
48979968
48979968
48979968
48287744
48287744
48287744
48558080
48558080
48558080
48558080
48558080
48824320
48824320
48824320
48824320
48824320
48824320
49086464
49086464
49086464
49086464
48394240
48394240
48664576
48664576
48664576
48664576
48664576
48930816
48930816
48930816
48930816
49090560
49090560
49217536
49254400
49307648
49307648
49401856
48738304
48738304
48738304
48844800
48844800
48963584
48963584
48963584
49106944
49106944
49106944
49250304
49250304
49250304
49303552
49303552
49303552
49573888
48877568
48877568
48877568
48877568
49094656
49094656
49094656
49094656
49094656
49340416
49340416
49340416
49340416
49340416
49590272
49590272
49590272
49590272
49590272
49152000
49152000
49152000
49152000
49152000
49405952
49405952
49405952
49405952
49405952
49655808
49655808
49655808
49655808
49655808
49655808
49917952
49917952
47497216
47497216
47497216
47497216
47497216
47497216
47763456
47763456
47763456
47763456
47763456
48033792
48033792
48033792
48033792
48033792
48033792
48300032
48300032
48300032
48300032
48300032
47489024
47489024
47751168
47751168
47751168
47751168
47751168
47751168
48021504
48021504
48021504
48021504
48021504
48021504
48291840
48291840
48291840
48291840
47529984
47529984
47673344
47673344
47673344
47673344
47673344
47939584
47939584
47939584
47939584
47939584
47939584
48209920
48209920
48209920
48209920
48209920
48209920
47460352
47460352
47460352
47730688
47730688
47730688
47730688
47730688
47730688
48001024
48001024
48001024
48001024
48001024
48271360
48271360
48271360
48271360
48271360
47489024
47489024
47710208
47710208
47710208
47710208
47710208
47710208
47972352
47972352
47972352
47972352
47972352
47972352
48242688
48242688
48242688
48242688
48242688
47394816
47394816
47394816
47394816
47394816
47394816
47656960
47656960
47656960
47656960
47656960
47927296
47927296
47927296
47927296
47927296
47927296
48197632
48197632
47177728
47177728
47366144
47366144
47366144
47366144
47366144
47636480
47636480
47636480
47771648
47771648
47771648
48033792
48033792
48033792
48033792
47869952
47869952
47198208
47198208
47198208
47198208
47390720
47390720
47390720
47390720
47390720
47652864
47652864
47652864
47652864
47652864
47652864
47915008
47915008
47915008
47161344
47161344
47161344
47161344
47161344
47419392
47419392
47419392
47419392
47419392
47419392
47681536
47681536
47681536
47681536
47681536
47943680
47943680
47943680
47513600
47513600
47513600
47685632
47685632
47685632
47685632
47685632
47685632
47951872
47951872
47951872
47951872
47951872
48214016
48214016
48214016
48214016
48214016
47456256
47456256
47456256
47669248
47669248
47669248
47669248
47669248
47927296
47927296
47927296
47927296
47927296
47927296
48189440
48189440
48189440
48189440
48721920
47448064
47448064
47448064
47706112
47706112
47706112
47706112
47706112
47706112
47964160
47964160
47964160
47964160
47964160
47964160
48226304
48226304
48226304
48226304
47562752
47562752
47747072
47747072
48013312
47886336
47886336
47886336
47886336
47886336
48144384
48144384
48144384
48144384
48144384
48144384
48402432
48402432
48402432
47648768
47648768
47648768
47648768
47648768
47915008
47915008
47915008
47915008
47915008
47915008
48173056
48173056
48173056
48173056
48173056
48173056
48435200
47656960
47656960
47656960
47656960
47656960
47656960
47915008
47915008
47915008
47816704
47816704
47816704
47816704
47816704
47816704
48078848
48078848
48078848
48078848
47333376
47333376
47333376
47333376
47595520
47595520
47595520
47595520
47595520
47595520
47849472
47849472
47849472
47849472
47849472
48107520
48107520
48107520
47366144
47366144
47624192
47624192
47624192
47624192
48119808
48119808
48119808
48119808
48119808
48373760
48373760
48373760
48373760
48373760
48373760
47714304
47714304
47714304
47980544
47935488
47935488
47935488
47935488
47935488
48197632
48197632
48197632
48197632
48197632
48197632
48463872
48463872
48463872
48463872
47681536
47681536
47681536
47947776
47947776
47947776
47947776
47947776
47947776
48214016
48214016
48214016
48214016
48214016
48214016
48480256
48480256
48480256
47702016
47702016
47910912
47910912
47910912
47910912
47910912
47910912
48168960
48168960
48168960
48168960
48168960
48422912
48422912
48422912
48422912
48422912
47697920
47882240
47882240
47882240
47882240
47882240
47882240
48136192
48136192
48136192
48136192
48136192
48136192
48394240
48394240
48394240
48394240
48394240
48648192
47812608
47812608
47812608
47812608
47812608
48070656
48070656
48070656
48185344
48185344
48185344
48185344
48185344
48185344
48439296
48439296
48439296
48439296
47693824
47693824
47894528
47894528
47894528
47894528
47894528
48152576
48152576
48152576
48152576
48152576
48152576
48406528
48406528
48406528
48406528
48406528
47689728
47869952
47869952
47869952
47869952
47869952
47869952
48123904
48123904
48123904
48123904
48386048
48287744
48287744
48148480
48148480
48148480
48148480
48148480
47525888
47525888
47525888
47525888
47525888
47525888
47788032
47788032
47788032
47788032
47788032
48041984
48041984
48041984
48041984
48041984
48041984
48295936
47489024
47489024
47489024
47489024
47489024
47747072
47747072
47747072
47747072
47747072
47747072
48001024
48001024
48001024
48001024
48001024
48001024
48263168
47464448
47464448
47464448
47464448
47464448
47722496
47722496
47722496
47722496
47722496
47976448
47976448
47976448
47976448
47976448
48230400
48230400
48336896
47636480
47677440
47742976
47742976
47833088
47833088
47833088
47833088
47976448
47976448
47976448
48132096
48132096
48132096
48132096
48320512
48320512
48320512
48320512
47513600
47669248
47669248
47669248
47669248
47890432
47890432
47890432
47890432
47890432
47890432
48119808
48119808
48119808
48119808
48332800
48332800
48332800
47636480
47636480
47636480
47636480
47636480
47869952
47869952
47869952
47869952
47869952
48111616
48111616
48111616
48111616
48111616
48111616
48353280
48353280
47538176
47538176
47538176
47538176
47796224
47796224
47796224
47796224
47796224
48029696
48029696
48029696
48029696
48029696
48283648
48283648
48283648
48283648
48283648
47509504
47685632
47685632
47685632
47685632
47685632
47923200
47923200
47923200
47923200
47923200
47923200
48177152
48177152
48177152
48177152
48177152
48177152
47616000
47616000
47616000
47616000
47616000
47865856
47865856
47865856
47865856
47865856
47865856
48119808
48119808
48119808
48119808
48119808
48373760
48373760
47542272
47542272
47542272
47542272
47800320
47800320
47800320
47800320
47800320
47800320
48050176
48050176
48050176
48050176
48050176
48308224
48308224
48308224
48308224
47521792
47673344
47673344
47673344
47845376
47915008
47915008
47915008
48128000
48128000
48128000
48128000
48128000
48377856
48377856
48377856
48377856
48377856
48062464
47800320
47800320
47800320
47800320
47800320
48041984
48041984
48041984
48041984
48041984
48041984
48295936
48295936
48295936
48295936
48295936
48295936
47599616
47599616
47599616
47599616
47857664
47857664
47857664
47857664
47857664
47857664
48115712
48115712
48115712
48115712
48115712
48365568
48365568
48365568
48365568
47751168
47751168
47751168
48017408
48017408
48017408
48017408
48017408
48267264
48267264
48267264
48267264
48267264
48267264
48525312
48525312
48525312
48525312
48041984
48041984
48308224
48308224
48308224
48308224
48308224
48562176
48562176
48562176
48562176
48562176
48562176
48812032
48812032
48812032
48812032
48812032
48812032
48316416
48316416
48316416
48316416
48316416
48574464
48574464
48574464
48574464
48574464
48574464
48828416
48828416
48828416
48828416
48828416
49086464
49086464
48386048
48386048
48386048
48386048
48648192
48648192
48648192
48648192
48648192
48648192
48902144
48902144
48902144
48902144
48902144
49156096
49156096
49156096
48447488
48447488
48447488
48717824
48717824
48717824
48717824
48717824
48717824
48984064
48984064
49512448
49049600
49049600
49049600
49049600
49049600
49307648
49307648
48721920
48721920
48721920
48721920
48984064
48984064
48984064
48984064
48984064
48984064
49242112
49242112
49242112
49242112
49242112
49504256
49504256
49504256
48807936
48807936
48955392
48955392
48955392
48955392
48955392
48955392
49217536
49217536
49217536
49217536
49217536
49483776
49483776
49483776
49483776
49483776
49016832
49016832
49016832
49016832
49016832
49016832
49283072
49283072
49283072
49283072
49283072
49283072
49549312
49549312
49549312
49549312
49549312
49815552
49815552
49074176
49074176
49074176
49074176
49340416
49340416
49340416
49340416
49340416
49340416
49610752
49610752
49610752
49610752
49610752
49881088
49881088
49881088
49197056
49197056
49197056
49463296
49463296
49463296
49463296
49463296
49463296
49733632
49733632
49733632
49733632
49733632
49733632
49999872
49999872
49999872
49999872
49258496
49528832
49528832
49528832
49528832
49528832
49528832
49799168
49799168
49799168
49799168
49799168
50065408
50065408
50065408
50065408
50065408
50065408
49639424
49639424
49639424
49848320
49848320
49848320
49848320
49848320
50110464
50110464
50110464
50110464
50110464
50110464
50380800
50380800
50380800
50380800
50380800
48607232
48607232
48607232
48750592
48750592
48750592
48750592
48750592
48750592
49020928
49020928
49020928
49020928
49020928
49020928
49291264
49246208
49246208
49246208
49246208
49246208
49246208
48463872
48709632
48709632
48709632
48709632
48709632
48709632
48979968
48979968
48979968
48979968
48979968
48979968
49250304
49250304
49250304
49250304
49250304
49250304
48500736
48500736
48730112
48730112
48730112
48730112
48730112
48730112
49000448
49000448
49000448
49000448
49000448
49000448
49270784
49270784
49270784
49270784
48861184
48627712
48627712
48627712
48898048
48898048
48898048
48898048
48898048
48898048
49168384
49168384
49168384
49168384
49168384
49168384
49438720
49438720
49438720
48689152
48689152
48689152
48689152
48689152
48939008
48939008
48939008
48939008
48939008
48939008
49209344
49209344
49209344
49209344
49209344
49479680
49479680
49479680
48726016
48726016
48726016
48726016
48726016
48996352
48996352
48996352
48996352
48996352
48996352
49266688
49266688
49266688
49266688
49266688
49266688
49537024
49537024
48541696
48807936
48807936
48807936
48807936
48807936
48807936
49078272
49078272
49078272
49078272
49078272
49078272
49348608
49348608
49348608
49348608
49348608
49348608
48766976
48766976
48766976
48766976
48766976
48766976
49037312
49037312
49037312
49037312
49037312
49037312
49307648
49307648
49307648
49307648
49307648
49307648
49577984
48738304
48738304
48738304
48738304
48738304
49008640
49008640
49008640
49008640
49008640
49008640
49278976
49278976
49278976
49278976
49278976
49278976
49549312
48529408
48750592
48750592
48750592
48750592
48750592
49020928
49020928
49020928
49020928
49020928
49020928
49291264
49291264
49291264
49291264
49291264
49291264
49561600
48750592
48750592
48750592
48750592
48750592
48963584
48963584
48963584
48963584
48963584
48963584
49233920
49233920
49233920
49233920
49233920
49233920
49504256
49504256
48754688
48754688
48754688
48754688
48754688
48754688
49025024
49025024
49025024
49025024
49025024
49025024
49291264
49291264
49291264
49291264
49291264
49291264
49561600
48541696
48541696
48812032
48812032
48812032
48812032
48812032
49082368
49082368
49082368
49082368
49082368
49082368
49352704
49352704
49352704
49352704
49352704
49352704
48594944
48594944
48816128
48816128
48816128
48816128
48816128
49082368
49082368
49082368
49082368
49082368
49082368
49344512
49344512
49344512
49344512
49344512
49344512
48590848
48762880
48762880
48762880
48762880
48762880
49033216
49033216
49033216
49033216
49033216
49033216
49299456
49299456
49299456
49299456
49299456
49299456
49569792
48574464
48820224
48820224
48820224
48820224
48820224
48820224
49082368
49082368
49082368
49082368
49082368
49082368
49344512
49344512
49344512
49344512
49344512
48615424
48615424
48615424
48615424
48803840
48803840
48803840
48803840
48803840
48803840
49074176
49074176
49074176
49074176
49074176
49074176
49340416
49340416
49340416
48861184
48861184
48861184
48861184
48861184
48861184
48861184
49123328
49123328
49123328
49123328
49123328
49123328
49389568
49389568
49389568
49389568
49389568
48701440
48701440
48701440
48701440
48967680
48967680
48967680
48967680
48967680
49233920
49233920
49233920
49233920
49233920
49233920
49496064
49139712
49139712
49139712
48492544
48492544
48492544
48492544
48758784
48758784
49025024
48898048
48898048
48898048
48898048
48898048
48898048
49156096
49156096
49156096
49156096
49156096
49156096
48857088
48857088
49123328
49188864
49225728
49225728
49311744
49311744
49377280
49377280
49483776
49483776
49549312
49549312
49278976
49278976
49278976
49430528
48558080
48558080
48758784
48758784
48758784
48758784
48758784
48955392
48955392
48955392
48955392
48955392
49168384
49168384
49168384
49168384
49168384
49393664
49393664
48545792
48545792
48545792
48791552
48791552
48791552
48791552
48791552
49016832
49016832
49016832
49016832
49016832
49242112
49242112
49242112
49242112
49242112
49242112
48635904
48635904
48635904
48635904
48635904
48861184
48861184
48861184
48861184
48861184
49106944
49106944
49106944
49106944
49106944
49106944
49369088
49369088
49369088
48717824
48717824
48717824
48955392
48955392
48955392
48955392
48955392
48955392
49205248
49205248
49205248
49205248
49205248
49455104
49455104
49455104
49455104
49455104
48844800
48844800
48844800
48844800
48844800
49082368
49082368
49082368
49082368
49082368
49082368
49319936
49319936
49319936
49319936
49319936
49573888
49573888
49573888
48730112
48730112
48730112
48984064
48984064
48984064
48984064
48984064
48984064
49238016
49238016
49238016
49238016
49238016
49238016
49483776
49483776
49483776
49483776
48709632
48869376
48869376
48869376
48869376
48869376
49123328
49123328
49123328
49123328
49123328
49123328
49373184
49373184
49373184
49373184
49373184
49373184
49631232
48791552
48791552
48791552
48791552
48791552
49049600
49049600
49049600
49049600
49049600
49049600
49307648
49307648
49307648
49307648
49307648
49541120
49541120
49541120
48717824
48717824
48717824
48963584
48963584
48963584
48963584
48963584
48963584
49213440
49213440
49213440
49213440
49213440
49463296
49463296
49463296
49463296
49463296
48844800
48844800
48844800
48844800
49025024
49025024
49025024
49025024
49025024
49270784
49270784
49270784
49270784
49270784
49270784
49524736
49524736
49524736
48721920
48906240
48906240
48906240
48906240
48906240
48906240
49135616
49135616
49135616
49135616
49135616
49188864
49188864
49188864
49188864
49188864
49188864
49917952
49209344
49209344
49209344
49209344
49209344
49209344
49463296
49463296
49463296
49463296
49463296
49463296
49721344
49721344
49721344
49721344
49721344
49721344
49975296
49975296
49152000
49152000
49152000
49369088
49369088
49369088
49369088
49369088
49369088
49623040
49623040
49623040
49623040
49623040
49623040
49876992
49876992
49876992
49876992
48906240
49164288
49164288
49164288
49164288
49164288
49414144
49414144
49414144
49414144
49414144
49414144
49672192
49672192
49672192
49672192
49672192
49672192
49922048
49033216
49033216
49033216
49258496
49258496
49258496
49258496
49258496
49258496
49512448
49512448
49512448
49512448
49512448
49512448
49770496
49770496
49770496
49770496
48992256
48992256
49201152
49201152
49201152
49201152
49201152
49434624
49434624
49434624
49434624
49434624
49434624
49688576
49688576
49688576
49688576
49688576
49688576
48975872
48975872
48975872
48975872
48975872
49229824
49229824
49229824
49229824
49229824
49229824
49487872
49487872
49487872
49487872
49487872
49487872
49737728
49737728
48902144
48902144
48902144
48902144
49168384
49168384
49168384
49168384
49168384
49168384
49422336
49422336
49422336
49422336
49422336
49549312
49549312
49549312
49549312
48771072
48771072
48979968
48979968
48979968
48979968
48979968
49221632
49221632
49221632
49221632
49221632
49221632
49479680
49479680
49479680
49479680
49479680
49479680
49201152
49201152
49201152
49201152
49201152
49451008
49451008
49451008
49451008
49451008
49451008
49688576
49688576
49688576
49688576
49688576
49688576
49946624
49946624
49238016
49238016
49238016
49238016
49508352
49508352
49508352
49508352
49508352
49508352
49770496
49770496
49770496
49770496
49770496
50032640
50032640
50032640
50032640
50032640
49291264
49557504
49557504
49557504
49557504
49557504
49557504
49819648
49819648
49819648
49819648
49819648
49819648
50085888
50085888
50085888
50085888
50085888
50085888
49643520
49643520
49643520
49643520
49643520
49643520
49909760
49909760
49909760
49909760
49909760
49909760
50176000
50176000
50176000
50176000
50176000
50434048
50434048
49876992
49876992
49876992
49876992
50139136
50139136
50139136
50139136
50139136
50139136
50405376
50405376
50405376
50405376
50405376
50405376
50663424
50663424
50663424
49950720
49950720
50216960
50216960
50216960
50216960
50216960
50216960
50483200
50483200
50483200
50483200
50483200
50483200
50749440
50749440
50749440
50749440
50749440
50049024
50319360
50319360
50319360
50319360
50319360
50319360
50585600
50585600
50585600
50585600
50585600
50585600
50843648
50843648
50843648
50843648
50843648
50843648
50413568
50413568
50413568
50413568
50413568
50413568
50679808
50679808
50679808
50679808
50679808
50941952
50941952
50941952
50941952
50941952
50941952
51208192
51208192
50511872
50511872
50511872
50511872
50511872
50782208
50782208
50782208
50782208
50782208
51048448
51048448
51048448
51048448
51048448
51048448
51314688
51314688
51314688
49889280
49889280
49889280
49889280
50077696
50077696
50077696
50077696
50077696
50077696
50348032
50348032
50348032
50348032
50348032
50348032
50618368
50618368
50618368
50618368
50618368
50618368
50888704
49840128
50085888
50085888
50085888
50085888
50085888
50085888
50352128
50352128
50352128
50352128
50352128
50352128
50622464
50622464
50622464
50622464
50622464
50622464
49872896
50044928
50044928
50044928
49901568
49901568
49901568
49901568
49901568
49901568
50167808
50167808
50167808
50167808
50167808
50167808
50438144
50438144
50438144
50438144
49688576
49688576
49688576
49860608
49860608
49860608
49942528
49942528
49942528
49942528
49942528
49942528
50204672
50204672
50204672
50204672
50204672
50204672
50475008
49455104
49676288
49676288
49676288
49676288
49676288
49676288
49946624
49946624
49946624
49946624
49946624
49946624
50216960
50216960
50216960
50216960
50216960
50216960
50487296
49471488
49688576
49688576
49688576
49688576
49688576
49688576
49958912
49958912
49958912
49958912
49958912
49958912
50229248
50229248
50229248
50229248
50229248
50229248
50499584
49885184
49885184
49885184
50081792
50081792
50081792
50081792
50081792
50081792
50352128
50352128
50352128
50352128
50352128
50352128
50622464
50622464
50622464
50622464
49893376
49893376
50032640
50032640
50032640
50032640
50032640
50032640
50176000
50176000
50176000
50176000
50176000
50176000
50442240
50442240
50442240
50442240
50442240
50442240
49946624
49946624
50196480
50196480
50196480
50196480
50196480
50196480
50196480
50466816
50466816
50466816
50466816
50466816
50466816
50737152
50737152
50737152
50737152
50737152
49987584
49987584
50204672
50204672
50204672
50204672
50204672
50204672
50475008
50475008
50475008
50475008
50475008
50475008
50475008
50745344
50745344
50745344
50745344
49995776
49995776
49995776
49995776
50266112
50266112
50266112
50266112
50266112
50266112
50536448
50536448
50536448
50536448
50536448
50536448
50536448
50806784
50806784
50806784
50036736
50036736
50200576
50200576
50200576
50200576
50200576
50200576
50200576
50470912
50470912
50470912
50470912
50470912
50470912
50737152
50737152
50737152
50737152
49745920
50012160
50012160
50012160
50012160
50012160
50012160
50532352
50532352
50532352
50532352
50532352
50532352
50798592
50798592
50798592
50798592
50798592
50798592
51064832
50044928
50298880
50298880
50298880
50298880
50298880
50298880
50565120
50565120
50565120
50565120
50565120
50565120
50835456
50835456
50835456
50835456
50835456
50835456
50081792
50081792
50081792
50352128
50352128
50352128
50352128
50352128
50352128
50618368
50618368
50618368
50618368
50618368
50618368
50884608
50884608
50884608
50884608
50884608
50180096
50180096
50180096
50180096
50180096
50405376
50405376
50405376
50405376
50405376
50405376
50667520
50667520
50954240
50954240
50954240
50954240
51212288
51212288
51212288
50307072
50573312
50573312
50573312
50573312
50573312
50839552
50532352
50532352
50532352
50532352
50532352
50532352
50794496
50794496
50794496
50794496
50794496
50794496
51056640
50253824
50253824
50253824
50253824
50253824
50253824
50511872
50511872
50511872
50388992
50388992
50388992
50388992
50388992
50388992
50651136
50651136
50651136
50651136
49934336
49934336
49934336
49934336
49934336
50204672
50204672
50204672
50204672
50204672
50204672
50475008
50475008
50475008
50475008
50475008
50475008
50475008
50745344
50745344
50077696
50077696
50618368
49799168
49799168
49799168
49799168
49799168
49799168
50061312
50061312
50061312
50061312
50061312
50061312
50331648
50331648
50331648
50331648
49631232
49631232
49631232
49631232
49631232
49631232
49901568
49901568
49758208
49758208
49758208
49758208
49758208
49758208
50024448
50024448
50008064
50008064
50008064
49565696
49565696
49565696
49836032
49836032
49836032
49836032
49836032
49836032
49836032
50106368
50106368
50106368
50106368
50106368
50106368
50376704
50376704
50376704
49954816
50081792
50081792
50081792
50081792
50081792
50081792
50348032
50348032
50348032
50348032
50348032
50348032
50618368
50618368
50618368
50618368
50618368
50618368
50618368
49893376
49893376
49893376
50163712
50163712
50163712
50163712
50163712
50163712
50434048
50434048
50434048
50434048
50434048
50434048
50704384
50704384
50704384
50704384
50012160
50012160
50012160
50012160
50012160
50282496
50282496
50405376
50438144
50483200
50483200
50540544
50610176
50610176
50692096
50692096
50761728
50827264
50827264
50827264
50061312
50061312
50192384
50192384
50192384
50192384
50352128
50352128
50352128
50352128
50352128
50532352
50532352
50532352
50532352
50720768
50720768
50720768
50720768
49979392
49840128
49840128
49840128
49840128
49840128
50065408
50065408
50065408
50065408
50065408
50065408
50294784
50294784
50294784
50294784
50622464
50622464
50622464
49876992
50098176
50098176
50311168
50311168
50311168
50311168
50311168
50311168
50544640
50544640
50544640
50544640
50544640
50782208
50782208
50782208
50782208
50782208
50782208
50442240
50442240
50442240
50442240
50442240
50442240
50700288
50700288
50700288
50700288
50700288
50700288
50941952
50941952
50941952
50941952
50941952
50941952
51187712
50298880
50298880
50298880
50298880
50556928
50556928
50556928
50556928
50556928
50556928
50810880
50810880
50810880
50810880
50810880
50810880
51048448
51048448
51048448
50290688
50290688
50667520
50667520
50667520
50667520
50667520
50667520
50917376
50917376
50917376
50917376
50917376
50917376
51163136
51163136
51163136
51163136
51163136
51163136
50503680
50503680
50503680
50503680
50761728
50761728
50761728
50761728
50761728
50761728
51003392
51003392
51003392
51003392
51003392
51003392
51253248
51253248
51253248
50520064
50520064
50520064
50688000
50688000
50688000
50688000
50688000
50688000
50941952
50941952
50941952
50941952
50941952
50941952
51191808
51191808
51433472
51228672
51228672
50282496
50282496
50540544
50540544
50540544
50540544
50540544
50540544
50798592
50798592
50798592
50798592
50798592
50798592
51052544
51052544
51052544
51052544
51052544
50384896
50384896
50606080
50606080
50606080
50606080
50606080
50606080
50868224
50868224
50868224
50868224
50868224
50868224
51118080
51118080
51118080
51118080
51118080
50601984
50601984
50601984
50601984
50601984
50601984
50843648
50843648
50843648
50843648
50843648
50843648
51101696
51101696
51101696
51101696
51101696
51101696
51355648
51355648
50515968
50515968
50757632
50757632
50757632
50757632
50757632
50757632
51011584
51011584
51011584
51011584
51011584
51011584
51265536
51265536
51265536
51265536
51265536
50511872
50696192
50696192
50696192
50696192
50696192
50696192
50954240
50954240
50954240
50954240
50954240
50954240
51204096
51204096
51462144
51191808
51191808
51191808
51191808
50405376
50405376
50610176
50610176
50610176
50610176
50610176
50610176
50872320
50872320
50872320
50872320
50872320
50872320
51122176
51122176
51122176
51122176
51122176
50552832
50552832
50552832
50552832
50552832
50630656
50630656
50630656
50630656
50630656
50630656
50880512
50880512
50880512
50880512
50880512
50880512
51134464
51134464
50323456
50323456
50323456
50323456
50335744
50335744
50335744
50335744
50335744
50335744
50589696
50589696
50589696
50589696
50589696
50589696
50835456
50835456
50835456
50835456
50335744
50503680
50503680
50503680
50503680
50503680
50503680
50757632
50757632
50757632
50757632
50757632
50757632
51011584
51011584
51011584
51011584
51011584
51257344
50565120
50565120
50565120
50565120
50565120
50823168
50823168
50823168
50823168
50823168
50823168
51068928
51068928
51068928
51068928
51068928
51068928
51322880
51322880
51322880
50581504
50581504
50581504
50843648
50843648
50843648
50843648
50843648
50843648
51093504
51093504
51093504
51093504
51093504
51093504
51347456
51347456
51347456
51347456
50647040
50647040
50913280
50913280
50913280
50913280
50913280
50913280
51167232
51167232
51167232
51167232
51167232
51167232
51421184
51421184
51421184
51421184
51421184
50724864
50995200
50995200
50995200
50995200
50995200
50995200
51253248
51253248
51253248
51253248
51253248
51253248
51515392
51515392
51515392
51515392
51515392
51515392
51781632
51048448
51048448
51048448
51048448
51314688
51314688
51314688
51314688
51314688
51314688
51580928
51580928
51580928
51580928
51580928
51580928
51847168
51847168
51847168
51011584
51056640
51056640
51056640
51056640
51056640
51056640
51326976
51326976
51326976
51326976
51326976
51326976
51597312
51597312
51597312
51597312
51597312
51597312
51867648
51867648
51867648
51867648
51060736
51060736
51060736
51060736
51331072
51331072
51331072
51331072
51331072
51331072
51601408
51601408
51601408
51601408
51601408
51601408
51871744
51871744
51871744
51118080
51118080
51118080
51118080
51388416
51388416
51388416
51388416
51388416
51388416
51658752
51658752
51658752
51658752
51658752
51658752
51658752
51929088
51929088
51929088
51183616
51183616
51183616
51351552
51351552
51351552
51351552
51351552
51351552
51621888
51621888
51621888
51621888
51621888
51621888
51621888
51892224
51892224
51892224
51892224
51118080
51118080
51314688
51314688
51314688
51314688
51314688
51314688
51585024
51585024
51585024
51585024
51585024
51585024
51855360
51855360
51855360
51855360
51855360
51855360
51105792
51249152
51249152
51249152
51249152
51249152
51249152
51519488
51519488
51519488
51519488
51519488
51519488
51789824
51789824
51789824
51789824
51789824
51789824
52060160
51011584
51011584
51011584
51011584
51228672
51228672
51228672
51228672
51228672
51228672
51499008
51499008
51499008
51499008
51499008
51499008
51769344
51769344
51769344
51769344
51007488
51007488
51007488
51277824
51277824
51277824
51277824
51277824
51277824
51548160
51548160
51548160
51548160
51548160
51548160
51818496
51818496
51818496
51818496
51818496
51216384
51216384
51216384
51478528
51478528
51478528
51478528
51478528
51478528
51748864
51748864
51748864
51748864
51748864
51748864
52019200
52019200
52019200
52019200
50999296
50999296
51269632
51269632
51269632
51269632
51269632
51269632
51539968
51539968
51539968
51539968
51539968
51539968
51810304
51810304
51810304
51810304
51810304
51810304
51048448
51048448
51048448
51318784
51318784
51318784
51318784
51318784
51318784
51589120
51589120
51589120
51589120
51589120
51589120
51589120
51859456
51859456
51859456
51859456
50970624
50970624
50970624
51236864
51236864
51236864
51236864
51236864
51236864
51507200
51507200
51507200
51507200
51507200
51507200
51777536
51777536
51777536
51777536
51777536
51154944
51154944
51376128
51376128
51376128
51376128
51376128
51376128
51376128
51646464
51646464
51646464
51646464
51646464
51646464
51916800
51916800
51916800
51916800
51916800
51916800
51326976
51326976
51326976
51326976
51326976
51326976
51326976
51597312
51597312
51597312
51597312
51597312
51597312
51867648
51867648
51867648
51867648
51867648
51867648
52137984
51118080
51118080
51388416
51388416
51388416
51388416
51388416
51388416
51650560
51650560
51650560
51650560
51650560
51650560
51650560
51916800
51916800
51916800
51916800
51916800
51146752
51146752
51146752
51146752
51302400
51302400
51302400
51302400
51302400
51302400
51568640
51568640
51568640
51568640
51568640
51568640
51830784
51830784
51863552
51863552
51085312
51355648
51699712
51699712
51699712
51699712
51699712
51699712
51961856
51961856
51961856
51961856
51961856
51961856
52228096
52228096
52228096
52228096
52228096
52228096
51490816
51654656
51654656
51654656
51654656
51654656
51654656
51920896
51920896
51920896
51920896
51920896
51920896
52183040
52183040
52183040
52183040
52183040
52183040
52449280
51445760
51445760
51716096
51716096
51716096
51716096
51716096
51716096
51982336
51982336
51982336
51982336
51982336
51982336
51982336
52248576
52248576
52248576
52248576
51482624
51482624
51482624
51720192
51720192
51720192
51720192
51720192
51720192
51986432
51986432
51986432
51986432
51986432
51986432
52248576
52248576
52248576
52248576
51720192
51720192
51720192
51720192
51720192
51986432
51986432
51986432
51986432
51986432
51986432
52523008
51994624
51994624
51994624
51994624
51994624
51994624
52256768
52256768
51490816
51490816
51490816
51490816
51490816
51490816
51757056
51757056
51757056
51757056
51757056
51757056
52023296
52023296
52023296
52023296
52023296
52023296
52289536
51322880
51322880
51589120
51589120
51589120
51589120
51589120
51589120
51589120
51855360
51855360
51855360
51855360
51855360
51855360
52125696
52125696
52125696
52125696
51392512
51392512
51392512
51601408
51601408
51601408
51601408
51601408
51601408
51871744
51871744
51871744
51871744
51871744
51871744
51871744
52142080
52142080
52142080
52142080
51412992
51412992
51412992
51412992
51412992
51683328
51683328
51683328
51683328
51683328
51683328
51953664
51953664
51953664
51953664
51953664
51953664
52219904
52219904
51257344
51519488
51519488
51519488
51519488
51519488
51519488
51789824
51789824
51789824
51789824
51789824
51789824
51789824
52051968
52051968
52051968
52051968
52051968
52051968
51298304
51298304
51568640
51568640
51568640
51568640
51568640
51568640
51838976
51838976
51838976
51838976
51838976
51838976
52105216
52105216
52105216
52105216
52105216
51404800
51404800
51404800
51404800
51666944
51666944
51666944
51666944
51666944
51666944
51666944
51929088
51929088
51929088
51929088
51929088
51929088
52191232
52191232
51392512
51392512
51392512
51392512
51650560
51650560
51650560
51650560
51650560
51650560
51920896
51920896
51920896
51920896
51920896
51920896
51920896
52191232
52191232
52191232
51433472
51433472
51433472
51433472
51433472
51703808
51703808
51703808
51703808
51703808
51703808
51703808
51974144
51974144
51974144
51974144
51974144
51974144
52244480
51470336
51470336
51470336
51470336
51470336
51470336
51740672
51740672
51740672
51740672
51740672
51740672
51740672
52011008
52011008
52011008
52011008
52011008
52011008
51318784
51515392
51515392
51515392
51515392
51515392
51515392
51785728
51785728
51785728
51785728
51785728
51785728
52056064
52056064
52056064
52056064
52056064
52056064
52056064
51331072
51331072
51331072
51601408
51601408
51601408
51601408
51601408
51601408
51871744
51871744
51871744
51871744
51871744
51871744
52142080
52142080
52142080
52142080
51449856
51449856
51449856
51449856
51449856
51449856
51720192
51720192
51720192
51720192
51720192
51720192
51720192
51990528
51990528
52531200
52441088
52441088
52441088
51826688
51826688
51826688
51826688
51826688
51826688
52097024
52097024
52097024
52097024
52097024
52097024
52367360
52367360
52367360
52367360
52367360
52367360
52367360
52637696
51687424
51687424
51957760
51957760
51957760
51957760
51957760
51957760
52228096
52228096
52228096
52228096
52228096
52228096
52498432
52498432
52498432
52498432
52498432
51843072
51843072
51843072
51843072
52109312
52109312
52109312
52109312
52109312
52109312
52379648
52379648
52379648
52379648
52379648
52379648
52645888
52645888
52645888
52645888
51826688
51826688
51826688
52084736
52084736
52084736
52084736
52084736
52084736
52346880
52346880
52346880
52346880
52346880
52346880
52604928
52604928
52604928
52604928
51814400
51814400
52039680
52039680
52039680
52039680
52039680
52039680
52301824
52301824
52301824
52301824
52301824
52301824
52559872
52559872
52559872
52559872
52559872
51814400
51814400
52015104
52015104
52015104
52015104
52015104
52015104
52273152
52273152
52273152
52273152
52273152
52273152
52531200
52531200
52531200
52531200
52531200
52531200
51806208
51982336
51982336
51982336
51982336
51982336
51982336
52244480
52244480
52244480
52244480
52244480
52244480
52502528
52502528
52502528
52502528
52502528
52502528
51781632
51982336
51982336
51982336
51982336
51982336
51982336
52248576
52248576
52248576
52248576
52248576
52248576
52518912
52518912
52518912
52518912
52518912
52518912
52518912
51789824
51789824
52031488
52031488
52031488
52031488
52031488
52031488
52301824
52301824
52301824
52301824
52301824
52301824
52301824
52572160
52572160
52572160
52572160
51810304
51810304
52031488
52031488
52031488
52031488
52031488
52031488
52289536
52289536
52289536
52289536
52289536
52289536
52551680
52551680
52551680
52551680
52551680
51834880
51834880
51834880
51834880
52097024
52097024
52097024
52097024
52097024
52097024
52359168
52359168
52359168
52359168
52359168
52359168
52617216
52617216
52617216
52617216
51892224
51892224
51892224
51892224
51892224
52150272
52150272
52150272
52150272
52150272
52150272
52412416
52412416
52412416
52412416
52412416
52412416
52670464
52670464
51965952
51965952
51965952
51965952
51965952
51965952
52228096
52228096
52228096
52228096
52228096
52228096
52486144
52486144
52486144
52486144
52486144
52486144
52740096
52740096
52011008
52011008
52011008
52011008
52011008
52273152
52273152
52273152
52273152
52273152
52273152
52531200
52531200
52531200
52531200
52531200
52531200
52797440
52797440
51822592
52015104
52015104
52015104
52015104
52015104
52015104
52015104
52285440
52285440
52285440
52285440
52285440
52285440
52555776
52555776
52555776
52555776
52555776
52555776
52826112
52826112
52826112
52056064
52056064
52056064
52056064
52056064
52326400
52326400
52326400
52326400
52326400
52568064
52604928
52649984
52690944
52690944
52776960
52776960
52871168
52871168
52068352
52105216
52105216
52105216
52224000
52224000
52224000
52383744
52383744
52383744
52514816
52514816
52514816
52514816
52690944
52690944
52690944
52764672
52764672
52764672
52080640
52080640
52080640
52080640
52244480
52244480
52244480
52244480
52244480
52465664
52465664
52465664
52465664
52658176
52658176
52658176
52658176
52658176
52871168
52871168
52076544
52076544
52076544
52195328
52195328
52195328
52195328
52195328
52424704
52424704
52424704
52424704
52424704
52641792
52641792
52641792
52641792
52641792
52887552
52887552
52043776
52043776
52043776
52043776
52240384
52240384
52240384
52285440
52285440
52477952
52477952
52477952
52477952
52477952
52715520
52715520
52715520
52715520
52715520
52715520
52961280
51945472
51945472
52113408
52113408
52113408
52113408
52113408
52113408
52350976
52350976
52350976
52350976
52350976
52592640
52592640
52592640
52592640
52592640
52592640
52826112
52133888
52133888
52133888
52301824
52301824
52301824
52301824
52301824
52301824
52531200
52531200
52531200
52531200
52531200
52772864
52772864
52772864
52772864
52772864
52043776
52224000
52224000
52224000
52224000
52224000
52224000
52473856
52473856
52473856
52473856
52473856
52723712
52723712
52723712
52723712
52723712
52723712
52969472
52969472
52207616
52207616
52207616
52359168
52359168
52359168
52359168
52359168
52359168
52600832
52600832
52600832
52600832
52600832
52600832
52858880
52858880
52858880
52858880
52858880
52101120
52244480
52244480
52244480
52244480
52244480
52244480
52498432
52498432
52498432
52498432
52498432
52740096
52740096
52740096
52740096
52625408
52625408
52625408
52625408
51863552
51986432
51986432
51986432
51986432
51986432
51986432
52232192
52232192
52232192
52232192
52232192
52232192
52477952
52477952
52477952
52477952
52477952
52719616
52719616
51920896
51920896
51920896
52064256
52064256
52064256
52064256
52064256
52064256
52322304
52322304
52322304
52322304
52322304
52563968
52563968
52563968
52563968
52563968
52563968
51949568
51949568
51949568
51949568
51949568
51949568
52203520
52203520
52203520
52203520
52203520
52203520
52457472
52457472
52457472
52457472
52457472
52457472
52707328
52707328
51896320
51896320
51896320
52072448
52072448
52072448
52072448
