11018240
11280384
11280384
11280384
11280384
11280384
11280384
11280384
11280384
11280384
11280384
11280384
11280384
11280384
11280384
16785408
16785408
16785408
16785408
16785408
16785408
16785408
16785408
16785408
16785408
16785408
16785408
16785408
16785408
16785408
16785408
16785408
16785408
16785408
16785408
16785408
16785408
16785408
16785408
16785408
16785408
16785408
16785408
16785408
16785408
16785408
16785408
16785408
16785408
16785408
16785408
16785408
16785408
16785408
16785408
16785408
16785408
16785408
16785408
16785408
16785408
16785408
16785408
16785408
16785408
16785408
16785408
16785408
16785408
16785408
16785408
16785408
16785408
16785408
16785408
17309696
17309696
17309696
17309696
17309696
17309696
17309696
17309696
17309696
17309696
17309696
17309696
17309696
17309696
17309696
17309696
17309696
17309696
17309696
17309696
17309696
17309696
17309696
17309696
17309696
