5847592
5945560
6018080
6087752
6157760
6227296
6295712
6364432
6429592
5832920
5898888
5962672
6025576
6087896
6150912
6212320
6275776
6337064
6398232
6459720
5889216
5950208
6011504
6072536
6133752
6194632
6255400
6316656
6378344
6438792
6499544
6559776
6620200
6680480
6741096
6801272
6060528
6120312
6180640
6240624
6300672
6361224
6422080
6482176
6542560
6602600
6662584
6722320
6782504
6842232
6902496
6155872
6216048
6276064
6336480
6396992
6457400
6517600
6577696
6637608
6697832
6757736
6817928
6878040
6938392
6998296
7058440
6303928
6364784
6425000
6485104
6544896
6605096
6664920
6724984
6784712
6844776
6904592
6964720
7024456
7098544
7154624
7211528
6458328
6514464
6570480
6626552
6682320
6738488
6794224
6850264
6906000
6962520
7018864
7074888
7130632
7186752
7242488
7298560
7354344
7410400
6677104
6733136
6788904
6844992
6900976
6957384
7013760
7069824
7125528
7181624
7237376
7293440
7349352
7405432
7461264
7517336
6785176
6841208
6897152
6953568
7009784
7065832
7121568
7177584
7233344
7289344
7345192
7401328
7457144
7513176
7568944
7624952
7680656
6940760
6997240
7054072
7109776
7165848
7221616
7277656
7333408
7389528
7445376
7501464
7557248
7613312
7669048
7725456
7781672
7837712
7100360
7156448
7212160
7268200
7323936
7380000
7435768
7491968
5864248
7547696
5500952
7604480
5588216
7661096
5660640
7717136
5731376
7772872
5800952
7828936
5869344
7884840
5938056
7940904
6003520
7997096
6070608
7267272
6136584
7323088
6200360
7379264
6263280
7435048
6325784
7491104
6388704
7546872
6450808
7603216
5717200
7659664
5778552
7715672
5839792
7771400
5901344
7827456
5962520
7884288
6023592
7940672
6085384
7997024
6147024
8053360
6208208
8109096
6269056
7394320
6329832
7450104
6390024
7506120
6451264
7562216
6512144
7618704
5860896
7674408
5921080
7735840
5981416
7789824
6041664
7844072
6102184
7898048
6162392
7952296
6223512
8006536
6283704
6344024
8061528
6404032
8115552
6464144
8169768
6524440
8237112
6584576
7554976
6644976
7606352
6706312
7658192
6006288
7709312
6066312
7760784
6126016
7811888
6186104
7863296
6245800
7914336
6306392
7966064
6367256
8017696
6427568
8069008
6487664
8120048
6547792
8171360
6607792
8222488
6668416
8273832
6728968
8325192
6789672
8377040
6134600
7706280
6194840
7757648
6254680
7809112
6314840
7860424
6374872
7911464
6435552
7963128
6495952
8014616
6556056
8066016
6615928
8117272
6675976
8168648
6735776
8219688
6796096
8271000
6856784
8322384
6917704
8374456
6977536
8425464
6259952
8476776
6319776
8527880
6380104
7858152
6439928
7909536
6500344
7961376
6560600
8012384
6634736
8063696
6690504
8114768
6746512
8166104
6802344
8217144
6859192
8268952
6915960
8320584
6972024
8371928
7027728
8423024
7083832
8474368
6413888
8525488
6469920
8576824
6526264
8628312
6583416
8680280
6639120
8010168
6695128
8061560
6750992
8112624
6807456
8163968
6863248
8215080
6919736
8277672
6976224
8329184
7032312
8380528
7088064
8431592
7144104
8483032
7199872
8534072
6541376
8585440
6597696
8636800
6654400
8688824
6710376
8739832
6766384
8791240
6822184
8842304
6878224
8171272
6933928
8222328
6990296
8274440
7046576
8326016
7102648
8377360
7158464
8428400
7214800
8479744
7270672
8530816
7326680
8582600
7382744
8634264
6690936
8685608
6746696
8736616
6802800
8787928
6858560
8838960
6914568
8890368
6970304
8941696
7026712
8993488
7083024
8350376
7139248
8401768
7194952
8453072
7251024
8504480
7306792
8555576
7363000
8606968
7419096
8658440
7475728
8710304
7531496
8761392
6833704
8812784
6889528
8863792
6946256
8915104
7002016
8966584
7058360
9018248
7114544
9069912
7170608
9121280
7226608
9172400
7282672
8468696
7338440
8519752
7394480
8571080
7450576
7507144
8622440
7562904
8674288
7618976
8725360
6960256
8776664
7016344
8827736
7072096
8879120
7128464
8930472
7184928
8982400
7241048
9033440
7296896
9084784
7353064
9135864
7408912
9191888
7464944
9242928
7520984
9294560
7577504
9346048
7633280
8640272
7689344
8691528
7745328
8742880
7801416
8793920
7110200
8845232
7166736
8920736
7223536
8971560
7279592
9021432
7335296
9071608
7391336
9121448
7447072
9171592
7503128
9221456
7558920
9272016
7615320
9322464
7671584
9372632
7727760
9422536
7784072
9472736
7840192
8815704
7895928
8865936
7952304
8916296
7252248
8967128
7308312
9017032
7364048
9067232
7420176
9117184
7475960
9167696
7532352
9218888
7588728
9269080
7650736
9318968
7704720
9369160
7758928
9419032
7812872
9469512
7867088
9519672
7921504
9570504
7976256
9620400
8030168
9675520
8084480
8981544
7414112
9031800
7465536
9081856
7516976
9132432
7568976
9182928
7620016
9237224
7671504
9286456
7722600
9335960
7773960
9385224
7825096
9442776
7876760
9492288
7928248
9542384
7979616
9591600
8030680
9641400
8082416
9690680
8133568
9740192
8184944
9797304
8236304
9181104
7566600
9230944
7617656
9280536
7668968
9329752
7720096
9379304
7771408
9428520
7822448
9478392
7874112
9528136
7925832
9577608
7977304
9626840
8028512
9676376
8079920
9725576
8130992
9775072
8182712
9824672
8234352
9874816
8285664
9924064
8336736
9973768
8388080
10023152
7716768
9313920
7768160
9363144
7819904
9413024
7871872
9462896
7922880
9512416
7974224
9561664
8025288
9611248
8076664
9660416
8127744
9710232
8179120
9759720
8230536
9809736
8282440
9858928
8333496
9908400
8385040
9957848
8436488
10007352
8487848
10056784
8539208
10106608
7869360
10156424
7920416
9474264
7971808
9523520
8022848
9573424
9622624
8074160
9672128
8125248
9721672
8188168
9771736
8239912
9821048
8291280
9870704
8342344
9919984
8393656
9969536
8444760
10018800
8496416
10068584
8548032
10118480
8599376
10167984
8650416
10217240
8701760
10266872
8032280
10316120
8083672
9634992
8135112
9684528
8187160
9734880
8238216
9784160
8289608
9833736
8340696
9882904
8392072
9932408
8443176
9981640
8494808
10031736
8546360
10081472
8597824
10130944
8648864
10180112
8700264
10229712
8751520
10279096
8802896
10328624
8854248
10378208
8183344
10428336
8234600
10477536
8286000
9795568
8337072
9844816
8388448
9894688
8439488
9944176
8491120
9994160
8542752
10043360
8594192
10092896
8645200
10142064
8696512
10191664
8747584
10240832
8798920
10290624
8850272
10340440
8902056
10390104
8953096
10439392
9004408
10488960
8328224
10538280
8379704
10587864
8431216
9940080
8483152
9990256
8534160
10039544
8585472
10089064
8636480
10138512
8687792
10188064
8738960
10237312
8790336
10287152
8841728
10336848
8893520
10386416
8944592
10435584
8995960
10485120
9047136
10534352
9103368
10583880
9154408
10633424
9206056
10683632
8500152
10732880
8551440
10782432
8602440
10107368
8653736
10156952
8704760
10206192
8756056
10256064
8831504
10305760
8882816
10355344
8932704
10404624
8982896
10454096
9032816
10503344
9083000
10552848
9133240
10602336
9183952
10652432
9233872
10701656
9284096
10751336
9334112
10800536
8675776
10850208
8725728
10899376
8776264
10949192
8826760
10267976
8876904
10317536
8926808
10367064
8977104
10416568
9026944
10465736
9077104
10515288
9127496
10564784
9178152
10614808
9228016
10664088
9278160
10713568
9328112
10762744
9378312
10812280
9428496
10861488
9479016
10911304
9529336
10961168
8841224
11010736
8891120
11060024
8941400
11109528
8991304
10428224
9041536
10477808
9091792
10527464
9146808
10577560
9196008
10626776
9245616
10676280
9294840
10725480
9352424
10774952
9401656
10824240
9451448
10874056
9501248
10924080
9550752
10973584
9600040
11022752
9649512
11072288
9012664
11121560
9062216
11171376
9111744
11221216
9161928
11270768
9211144
10588456
9260696
10638000
9309936
10687568
9359488
10737088
9408720
10786320
9458656
10836144
9508336
10885768
9557808
10935336
9607008
10984576
9656568
11034112
9705848
11083312
9755632
11132856
9805152
11182376
9855104
11232488
9172992
11281808
9222488
11331312
9272064
11380480
9321568
11429984
9370768
10749136
9420560
10799144
9470352
10848560
9519888
10898032
9569120
10947232
9618672
10996736
9667920
11045960
9717888
11095800
9767616
11145656
9817224
11195176
9866392
11244488
9915864
11294040
9965232
11343344
10014768
11393256
9333648
11443048
9383832
11492616
9433056
11541848
9482560
10893536
9531760
10942760
9581264
10992320
9630424
11041520
9680272
11091312
9730008
11140992
9779480
11190464
9828680
11239656
9878216
11289136
9927496
11338368
9977280
11388192
10026880
11437984
10076912
11487512
10126152
11536680
10175736
11586168
9493112
11635328
9542632
11684800
9592056
11734576
9641880
11059856
9691736
11109104
9741224
11158648
9790536
11207928
9840088
11257512
9889792
11306728
9939696
11356600
9989424
11406424
10038896
11456168
10088056
11505368
10137840
11554872
10187008
11604064
10236504
11653640
10286016
11703312
10336200
11753520
9654232
11802712
9703752
11852232
9753328
11901512
9802832
11220736
9852024
11269952
9901880
11319912
9951592
11369560
10001128
11419032
10050408
11468288
10099936
11517808
10149152
11567088
10198728
11617064
10248544
11666648
10298592
11716888
10347808
11766088
10397280
11815592
10446448
11864864
9804360
11914368
9853616
11963560
9903512
12013352
9953368
12063064
10002896
11381176
10052360
11430424
10101864
10151064
11480344
10200608
11529592
10250120
11601728
10300184
11651464
10349400
11700976
10398952
11750096
10448232
11799512
10497784
11848632
10546952
11898104
10596776
11947616
10646592
11997696
9965448
12046784
10014696
12096208
10064480
12145328
10113728
12194776
10163248
12243912
10212784
11579096
10262728
11628776
10311960
11678368
10361488
11727488
10410720
11776920
10460192
11826296
10509360
11875688
10559232
11947072
10609240
11996928
10658776
12045968
10707976
12095248
10757440
12144192
10806664
12193472
10126464
12242608
10176064
12292144
10226272
12341536
10275440
12390752
10324968
12439696
10374136
11737672
10423608
10472776
11786608
10522584
11836280
10572128
11885880
10622256
11935096
10671488
11984128
10720992
12033376
10770264
12082352
10819824
12131624
10869144
12180912
10919064
12230856
10968744
12279792
10286224
12329008
10335472
12377928
10385272
12427176
10434504
12476088
10483976
12525744
10533488
11889704
10583608
11938968
10632864
11987976
10683128
12037352
10732328
12086328
10781888
12135640
10831256
12184928
10881232
12234768
10931160
12283896
10980632
12333208
11029824
12382152
11079296
12431456
11128464
12480392
10446680
12529992
10496416
12579488
10546248
12628832
10595496
12677768
10644968
12726984
10694128
12050008
10743656
12099248
10793256
12148600
10843984
12198440
10893152
12247440
10942656
12296656
10991888
12345600
11041360
12394816
11090640
12443792
11140488
12493392
11190184
12543032
11239736
12592272
10592000
12641440
10641552
12690912
10690824
12739872
10740320
12789168
10789808
12838464
10839968
12888256
10889200
12216792
10938704
12266024
10987944
12314992
11037504
12364232
11086800
12413176
11136592
12462712
11186296
12512280
11236136
12561496
11285384
12610408
11334888
12659712
11384088
12708688
11433560
12757936
10758256
12807200
10808320
12857480
10857488
12906544
10906992
12955784
10956224
13004728
11005696
13053944
11054952
12376024
11104744
12425616
11154704
12475184
11204176
12524480
11253408
12573496
11302880
12622792
11352168
12671752
11401656
12721080
11451144
12770480
11501160
12820424
11550384
12869336
11599904
12918552
10918232
12967496
10967728
13017392
11016936
13066360
11066792
13115928
11116608
13165352
11166104
13214584
11215304
12536824
11264808
12586088
11314136
12635112
11363640
12688712
11413160
12737936
11463224
12787792
11512736
12836768
11562288
12886016
11611448
12935016
11660952
12984296
11710272
13033592
11760176
13083440
11079624
13132464
11129144
13182128
11178752
13231152
11228368
13280512
11277680
13329528
11327232
13379096
11376800
12702632
11426944
12763072
11476152
12812160
11525688
12861376
12910256
11574888
12959472
11624424
13008408
11674040
13057936
11724072
13107432
11773336
13156896
11822872
13205840
11872072
13255056
11921608
13303960
11239720
13353832
11289216
13403096
11339488
13452792
11389616
13501704
11438784
13550944
11510600
12873328
11559736
12922536
11609240
12971528
11658400
13021064
11708192
13070600
11757856
13119784
11807576
13168720
11856688
13217904
11906136
13266832
11955256
13316080
12004680
13365312
12054176
13414976
12104112
13463880
11422400
13513080
11472000
13561992
11521632
13611176
11571104
13660056
11620272
13709560
11669952
13034000
11719864
13083328
11769320
13132520
11840448
13181776
11889752
13230768
11939024
13280384
11988832
13329800
12037856
13379232
12087352
13428160
12136304
13477408
12185568
13531240
12234592
13580512
11570728
13629744
11620288
13679488
11669536
13728392
11718480
13777608
11767792
13826512
11816760
13875816
11866008
13199448
11915272
13248936
11964992
13298648
12013992
13347880
12063448
13396840
12112384
13446088
12161624
13495168
12210632
13544768
12260304
13594176
12309696
13643392
12358968
13692304
12407880
13741520
11749744
13790496
11798768
13839856
11848024
13889056
11897336
13938864
11947176
13987744
11996152
14036992
12045392
13359784
12094400
13409048
12143848
13458120
12193112
13507720
12242928
13557080
12291840
13606352
12341056
13655480
12390352
13704728
12439688
13753656
12488720
13804632
12538352
13853864
12587920
13903560
11914888
13952528
11963856
14001736
12013344
14050648
12062368
14099832
12111632
14148744
12160976
14198336
12210752
5774232
12259712
5829616
12309104
5879640
12358344
5929944
12407632
5979968
12456592
6030336
12506304
6080736
12556040
6131584
12605288
6181664
12654192
6232048
12703504
6282096
12752416
6332424
12077384
6382456
12126688
6433080
12176584
6483736
12225528
6534064
12274808
6584136
12323720
6634496
12372960
6684560
12421952
6737008
12471544
6787488
12521016
5981528
12570400
6031632
12619392
6082344
12668608
6132520
12717592
6182872
12766840
6232952
12816136
6283656
12866008
6334312
12914944
6410168
12236176
6460328
12285232
6510536
12334680
6560440
12383640
6610680
12433224
6661016
12482648
6711968
12531896
6761968
12580896
6812176
12630480
6862112
12679392
6171056
12728664
6221296
12778008
6273096
12827752
6323032
12876808
6373304
12926104
6423304
12975192
6473512
13024472
6523480
13073416
6574136
12398776
6624760
12448336
6674968
12497640
6724904
12546688
6775176
12600256
6825104
12649192
6875312
12698504
6925600
12747736
6976320
12797472
7026288
12846472
7076552
12895688
6358824
6409120
12944696
6459104
12993968
6509312
13043224
6559536
13093144
6610280
13142056
6660264
13191304
6710520
13240312
6760504
12562336
6810792
12611592
6860776
12672328
6911416
12721776
6961944
12771048
7012320
12819960
7062256
12869264
7112528
12918456
7162520
12967680
7212840
13016944
6486048
13066640
6536784
13115552
6586720
13164768
6637008
13213728
6686944
13263000
6737216
13311992
6787504
13361608
6838368
13411192
6888384
12734296
6938680
12783256
6988584
12832520
7038824
12881400
7088728
12930616
7139256
12979880
7189880
13029576
7240088
13078536
7290024
13127816
7340320
13176760
7390560
13226008
6675632
13274920
6725912
13324480
6776728
13374224
6826632
13423440
6876936
13472320
6926840
13521600
6977072
13570480
7027008
12895696
7077728
12945104
7128304
12994552
7178560
13043464
7228560
13092712
7278848
13141648
7329392
13191136
7379696
13240336
7429984
13290032
7480736
13338912
7530672
13388160
7581008
13442016
6854784
13491264
6905112
13540296
6973136
13589832
7023992
13639336
7073896
13688544
7133616
13737504
7183496
13059720
7234080
13108648
7283992
13157880
7334472
13207112
7384808
13256832
7434992
13305712
7484848
13354960
7535160
13404072
7585104
13453336
7635512
13502304
7685688
13551840
7736384
13601344
7026256
13650528
7076536
13699496
7126456
13748680
7179064
13797616
7228952
13846864
7279456
13896096
7329968
13219896
7380224
13268864
7430120
13318152
7480312
13367144
7530200
13416416
7580416
13465640
7630624
13515304
7681352
13564696
7731272
13613912
7781432
13662816
7831312
13713704
7881552
13762584
7931688
13811800
7213128
13861008
7263656
13910872
7313912
13959784
7363816
14008968
7413976
14057840
7463864
13381584
7514056
13430832
7564296
13484408
7615152
13533320
7665008
13582568
7715200
13631448
7765088
13680664
7815360
13729632
7865520
13778912
7916024
13828256
7966424
13878144
13927072
8016680
13976304
8066664
14025312
8116888
14074528
7403104
14123440
7453320
14172976
7503536
14222368
7554320
13546976
7604208
13595904
7654368
13645384
7704256
13694296
7754616
13743568
7804888
13793048
7855520
13842728
7905440
13891680
7955632
13940928
8005544
13989856
8055736
14039120
8105720
14088400
8156200
14164632
8206712
14213752
8256896
14262840
7536088
14311712
7586304
14360880
7636400
13718288
7686608
13767776
7736832
13817072
7787584
13866192
7837520
13915000
7887776
13964168
7937752
14013064
7988056
14062232
8038048
14111112
8088856
14160632
8139240
14210120
8190680
14259288
8240568
14308112
8290728
14357232
8340608
14406416
8391088
14455984
8441568
14504800
7726664
14553912
7776544
13878608
7827560
5806152
7877672
5857288
7927896
5907920
7978136
5958584
8028872
6008792
8078840
6058712
8129032
6108952
8178888
6158856
8229080
6209088
8279224
6259312
8330008
6310032
8379968
6360040
8430224
6410264
8480176
6460224
8530336
6510480
8580224
6560432
7865232
6611112
7915624
6661688
7965840
6712008
8015792
6762072
8066016
6812280
8115936
6862216
8166192
6055208
8216128
6105496
8266952
6156232
8317336
6206216
8367544
6256504
8417448
6306408
8467656
6356656
8517568
6406624
8568048
6457216
8618560
6507744
8670592
6557976
8720448
6607960
8770664
6658288
8055672
6708304
8105880
6758944
8156088
6809744
8206792
6860032
8256712
6169360
8306928
6219616
8356784
6269552
8407016
6319848
8461360
6370128
8512240
6421136
8567344
6471120
8617624
6521472
8667584
6571544
8721496
6621792
8771432
6671720
8821640
6722280
8871832
6772664
8922464
6822896
8208080
6872936
8258408
6923200
8308376
6973168
8358640
7023408
8408600
7073664
8459408
6359248
8509824
6409176
8560072
6459536
8610152
6509528
8660312
6559768
8710288
6625768
8760736
6676352
8811216
6727520
8861656
6787712
6837648
8911512
6887872
8961672
6937728
9011528
6987920
9061712
7038288
8370928
7089152
8421688
7139112
8471576
7189336
8521832
7239256
8571688
6512224
8621936
6562104
8671856
6612616
8722336
6663208
8772880
6713400
8823072
6763352
8889976
6815808
8940256
6865712
8990112
6915928
9040344
6966104
9090520
7016840
9141184
7066720
9191040
7116960
9241232
7166960
8523472
7217248
8573656
7267184
8623512
7317424
8674104
7367648
8724688
7418432
8774944
6703632
8824832
6753816
8875056
6804080
8924968
6854352
8975224
6904256
9025432
6954816
9076072
7005232
9125920
7055424
9176232
7105416
9226200
7155576
9276408
7205464
9326312
7255648
8701600
7305856
8751824
7356728
8802920
7406600
8852840
7456792
8903064
7506680
8952984
7556928
9003176
7606816
9053352
6894600
9104016
6944992
9175672
6995152
9224768
7045040
9273536
7095256
9322576
7145144
9371888
7195336
9421216
7245616
9470864
7296432
9519904
7346376
9568672
7396600
8889872
7446456
8938696
7496616
8987816
7546552
9036888
7601168
9086704
7651592
9135552
7701752
9184736
7751672
9233592
7035984
9282680
7085864
9331448
7136120
9380808
7186320
9430024
7237168
9479088
7287056
9527824
7337272
9576928
7387128
9625696
7437328
9674800
7487568
9723856
7538304
9050616
7588248
9099376
7638784
9148528
7688712
9197296
7738928
9246432
7788848
9295200
7840504
9344552
7890904
9393832
7941064
9442920
7218736
9491784
7269008
9540824
7318904
9589584
7369112
9638944
7419304
9688352
7470136
9737392
7520272
9786128
7570512
9864728
7620456
9913552
7670760
9245968
7720688
9295032
7771280
9345248
7821696
9394296
7872040
9443368
7921896
9492232
7972088
9541304
8022008
9590088
8072264
9639448
7359560
9688648
7410432
9737704
7460376
9786488
7510584
9835536
7560520
9884352
7610728
9933424
7660952
9982480
7711672
10032240
7761624
10081032
7812096
9406472
7861984
9455304
7912144
9504392
7962024
9553664
8012688
9624200
8063024
9673000
8113280
9722056
8163200
9770808
8213360
9819896
8263272
9868616
7543968
9918016
7594200
9967360
7645456
10016384
7695392
10065152
7745728
10114272
7795696
10163056
7845936
10212104
7895872
10261144
7946488
9587896
7996872
9636888
8047080
9686280
8097016
9735048
8147224
9784104
8202400
9832920
8252584
9882264
8302776
9931528
8357280
9980608
8407280
10029384
8457520
10078440
7741920
10127160
7792104
10176280
7842544
10225496
7893296
10275208
7943184
10323952
10373008
7993432
10421728
8043600
9748264
8094312
9797040
8144192
9846432
8194776
9895664
8245360
9944688
8295600
9993440
8345536
10042496
8395840
10091336
8445776
10140448
8495936
10189520
8546144
10239168
8596928
10287952
7881720
10337064
7931968
10385848
7981928
10434872
8032200
10483656
8082136
10532712
8132616
10581784
8182984
9908648
8233144
9957664
8283008
10006688
8333256
10055408
8383192
10104464
8433528
10153216
8502368
10202648
8553536
10251848
8603504
10300952
8653744
10349872
8703648
10398928
8753856
10447648
8803824
10496760
8089608
10545776
8140032
10595424
8190304
10644208
8240248
10693232
8290688
10742008
8340576
10069080
8391120
10118368
8441736
10167832
8491960
10216552
8541848
10265608
8592008
10314448
8641896
10363504
8692144
10438688
8743128
10488272
8794000
10536808
8843856
10585648
8894112
10634216
8943968
10683056
8229264
10731624
8279200
10780752
8329704
10829768
8380104
10878664
8430264
10927448
8480184
10254096
8530400
10302752
8580352
10351912
8630808
10400928
8681416
10449800
8731608
10498368
8781496
10547560
8831968
10596776
8882328
10645712
8932552
10694328
8982608
10743280
9032768
10791896
9082768
10840816
8385176
10889680
8435344
10939000
8486048
10987600
8535904
11036472
8586152
11085008
8636008
10414560
8686200
10463120
8736056
10512328
8786648
10561552
8837152
10610392
8887456
10658928
8937424
10707792
8987696
10756368
9037600
10805256
9087872
10853872
9138096
10902992
9188800
10952144
9238688
11001296
8554360
11049864
8604240
11098832
8654504
11147632
8704392
11196760
8754872
11245776
8805384
10575432
8855608
10624056
8905520
10672984
8955800
10721552
9005768
10770416
9055976
10819336
9106296
10868832
9156984
10917368
9206856
10966360
9257016
11014896
9306936
11063760
9386752
11112296
8740064
11161424
11210864
11259736
11308328
8795976
11357168
8846376
11405736
8896552
10735624
8946424
10784248
8996568
10833096
9046696
10882008
9097520
10931504
9148176
10980040
9220256
11028880
9269000
11077448
9318136
11126416
9366904
11175136
9416304
11224360
9465616
11273440
9514688
11322368
9563488
11371272
9612512
11420112
8928376
11468768
8977424
11517640
9026560
11566496
9076256
10889272
9125208
10937832
9195296
10986776
9244104
11035360
9293272
11084312
9342112
11132960
9391568
11182136
9440816
11231376
9489920
11280320
9538704
11328856
9587808
11392728
9636592
11441352
9685704
11490224
9735120
11539048
9784680
11589048
9110208
11637616
9159320
11686512
9208128
11735080
9257152
11064408
9306192
11113256
9355928
11162712
9404648
11211512
9453704
11260440
9502440
11309024
9551464
11357944
9600216
11406528
9649296
11455872
9698368
11504968
9747944
11553888
9796696
11602576
9845784
11651664
9894536
11700200
9943712
11749568
9270560
11798480
9319896
11847800
9369824
11896368
9418880
11945208
9467600
11240312
9516680
11289208
9565464
11337904
9614488
11387032
9663560
11436224
9713096
11485064
9761872
11533720
9810960
11582616
9859712
11631208
9908776
11680128
9957936
11729032
10007784
11778464
10056592
11827144
10105672
11887360
9430872
11935928
9479920
12009960
9528960
12059128
9578496
12107984
9627272
11437312
9676296
11486192
9725016
11534800
9774040
11583712
9822792
11632600
9872168
11681952
9921768
11730616
9970792
11779488
10019544
11828144
10068624
11877248
10117344
11925800
10166424
11974944
10215528
12024072
10265032
12073288
9584672
12121928
9633752
12170800
9682568
12219368
9731688
12268272
9780696
11598296
9830408
11647824
9879128
11696448
9928248
11745336
10003440
11793856
10052304
11842712
10100872
11891232
10150088
11940400
10199384
11989736
10248256
12038608
10296888
12087272
10345728
12136176
10394264
12184744
10443200
12233736
9777648
12282576
9826992
12332088
9875736
12380608
9924576
12429464
9973176
11758440
10022016
11807320
10070584
11855856
10119544
11905032
10168440
11954096
10217936
12002920
10266536
12051496
10315408
12100320
10363976
12151464
10413016
12200320
10461728
12249152
10510936
12298600
10560000
12347184
10608984
12396368
9938040
12445016
9986928
12493840
10035504
12542384
10084632
12591608
10133792
11911544
10182696
11960448
10231360
12009040
10280256
12057896
10328864
12106480
10377784
12155336
10426680
12204144
10476200
12253712
10525192
12302416
10574112
12351328
10622696
12399880
10671584
12448760
10720368
12497648
10769576
12547064
10098736
12595600
10147600
12644448
10196192
12693032
10245032
12741888
10293568
12081400
10342408
12130568
10391344
12180000
10440904
12228824
10489488
12277376
10538392
12326232
10586952
12374832
10635816
12423792
10684384
12472768
10734208
12522216
10783272
12570760
10832160
12619664
10880776
12668264
10929696
12717136
10259168
12765936
10308064
12815128
10357048
12864160
10406536
12913048
10455152
12241840
10504040
12290752
10552688
12339352
10601576
12388288
10650192
12436856
10699352
12486048
10748456
12535240
10797544
12584144
10846112
12632784
10895008
12681688
10943608
12730288
10992448
12779144
11041304
12828048
11090656
12877800
10418776
12926352
10467664
12975176
10516248
13023752
10565088
13072576
10613688
12402560
10662936
12451760
10712144
12501024
10761064
12549896
10809752
12598496
10858672
12647392
10907272
12696048
10971112
12745056
11020016
12794080
11069448
12843576
11118032
12892128
11166984
12940984
11215632
12989504
11264616
13038328
10619248
13087224
10668464
13136560
10717704
13185136
10766568
13233960
10815304
12562848
10864176
12611696
10912808
12660272
10961792
12709464
11010704
12758720
11060112
12807624
11108960
12856192
11157832
12905096
11206432
12953720
11255368
13002592
11303984
13051480
11353168
13100896
11402264
13149488
11451152
13198744
10748936
13247296
10797856
13296152
10846456
13344960
10895584
13394408
10944832
12723280
10993768
12772224
11042392
12821056
11091280
12870008
11139968
12918584
11188856
12967832
11237792
13017064
11287192
13065952
11335808
13114536
11384728
13163360
11434080
13211912
11494224
13260792
11542792
13309664
11616800
13359040
11665968
13407592
10961400
13456480
11009968
13505032
11058840
13553944
11107408
12883784
11156568
12932976
11205680
12982160
11254560
13031016
11303360
13079592
11352200
13128480
11400720
13177096
11449600
13226200
11498520
13275264
11547904
13324176
11596680
13372752
11645552
13421624
11694120
13470192
11743056
13519504
11791624
13568136
11121792
13617360
13666568
11171016
13715456
11220032
13073960
11268632
13122808
11317520
13171400
11366072
13220256
11414960
13269112
11463800
13318416
11513168
13366936
11561912
13415888
11610912
13464488
11659472
13513392
11708376
13567184
11757016
13618144
11806120
13667264
11855264
13716104
11904152
13764584
11952704
13813400
11282912
13861936
11331488
13910784
11380760
13204432
11429784
13253696
11478640
13307568
11527240
13356312
11576096
13404712
11624640
13453416
11673512
13518616
11724880
13567584
11774424
13616824
11823008
13665480
11871888
13713832
11921048
13762520
11969904
13810896
12018424
13859584
12067568
13908224
12116600
13957360
11445520
14005808
11494088
14054464
11542936
14102904
11591520
13402736
11640344
13451232
11689176
13500544
11738768
13549424
11787432
13598160
11836368
13646576
11884968
13695232
11933840
13743616
11982504
13792448
12031760
13841152
12080848
13890488
12129752
13938872
12178352
13987528
12227288
14036024
12275840
14084680
11605560
14133344
11654392
14182480
11703936
14230864
11752544
13563392
11801496
13611824
11850016
13660672
11898872
13709104
11947456
13758048
11996608
13807048
12045848
13855800
12094696
13904152
12143264
13952920
12192168
14001328
12240744
14049984
12289616
14098336
12338704
14147312
12388072
14197088
12436712
14245768
11766720
14294120
11815264
14342832
11864168
14391216
11913016
13723144
11962464
13772344
12011048
13821024
12059872
13869488
12108392
13928608
12157328
13976984
12205944
14025752
12255088
14074440
12304088
14134592
12352944
14182800
12401528
14231320
12450408
14279544
12499024
14328008
12547880
14376672
12596752
14425776
11914112
14474000
11962688
14522528
12011680
14570720
12060304
13905264
12109184
13953504
12157848
14002384
12207104
14051136
12256328
14099648
12305248
14147856
12353816
14196464
12402720
14244704
12451272
14293176
12500128
14341720
12549064
14390840
12598456
14439000
12647032
14487496
12695936
14536736
12744504
14585296
12086944
14633864
12135832
14683088
12185392
14731312
12233944
14065848
12282856
14114352
12331712
14163304
12381096
14211528
12429728
14260024
12478640
14308216
12527208
14356736
12576064
14404976
12624576
14454008
12673720
14502840
12723392
14551352
12772248
14599592
12820848
14648136
12869840
14696360
12918360
14744872
12248160
14793448
12297360
14842392
12346264
14890640
12394984
5940336
12443840
5990800
12492392
6040432
12541280
6089760
12589824
6139680
12639000
6189880
12688032
6239496
12736856
6288776
12785408
6338392
12834232
6387704
12883288
6437304
12932480
6486968
12981672
6537064
13030608
6586344
13079176
6636016
12408112
6685544
12456752
6735736
12505656
6785104
12554528
6861984
12603864
6911904
12652480
6961424
12701392
7010672
12749912
6195072
12798832
6244408
12847384
6294344
12896560
6343848
12945704
6394048
12994584
6443296
13043144
6492848
13092088
6542320
13140712
6591872
13189600
6641376
13238464
6691400
12563128
6740648
12611672
6790264
12660816
6840320
12709368
6889936
12758280
6939152
12806800
6989016
12855944
7038856
12905040
6350512
12953864
6399784
13002448
6449408
13051328
6498688
13105032
6548304
13155992
6609280
13205080
6659272
13253896
6708392
13302352
6757968
13351152
6807336
13399584
6856792
12735784
6906264
12784528
6956192
12833816
7006096
12887760
7055584
12936448
7104736
12984864
7154224
13033576
7203368
13098784
7253080
13147752
6537104
13196960
6586608
13245616
6635752
13294032
6685176
13342776
6734328
13391816
6783808
13440792
6833264
13489832
6883248
13538488
6932584
13586904
6982088
12910832
7031320
12959208
7080792
13007984
7129912
13056336
7179696
13105280
7229504
13154144
7278992
13202800
7328176
13251176
7377688
13299912
7426808
13348328
6702488
13397048
6752152
13445720
6802104
13495000
6851288
13543408
6900776
13592184
6949928
13640536
6999352
13689224
7048808
13737640
7098528
13786640
7148160
13086544
7197584
13135280
7246704
13183728
7296128
13232384
7345312
13280792
7394768
13329448
7444208
13378120
7494352
13427464
7543472
13475880
7592928
13524568
6874280
13572976
6923752
13621720
6973008
13670208
7022768
13719384
7072448
13768360
7121952
13817080
7171152
13865456
7220624
13914192
7270088
13247864
7319544
13296632
7368984
13345280
7419064
13394480
7468280
13442888
7517840
13491576
7567048
13540024
7616504
13588712
7665752
13637072
7715496
13696992
7765192
13745800
7048216
13794344
7097360
13842648
7147104
13891256
7196312
13939696
7245984
13988528
7295456
14037168
7345424
14085632
7394544
13418608
7444392
13467160
7493512
13516200
7542936
13564776
7592080
13613256
7641824
13662376
7691568
13710600
7741016
13759128
7790168
13807424
7839656
13856008
7888872
13904248
7938328
13953104
7228744
14001920
7278704
14050384
7327840
14098608
7384240
14147136
7433680
14195288
7483104
14243752
7532256
13579848
7582088
13628848
7631864
13677040
7681320
13725584
7730496
13773824
7779984
13822400
7829104
13870608
7878528
13919440
7927968
13968312
7977928
14016840
8027080
14065000
8076504
14113464
7367528
14161624
7417032
14210184
7467416
14258736
7517376
14307744
7566528
14355904
7616016
14404368
7665168
13733688
7714592
13782592
7764064
13831416
7814168
13879976
7863400
13928136
7912936
13976600
7962104
14024816
8012840
14073312
8062176
14122040
8111984
14171392
8161584
14219648
8218352
14268112
8267496
14316296
7553248
14364856
7602360
14413024
7651872
14461808
7701296
14510480
7751360
14559000
7800624
14607272
7850160
13939832
7899296
13988184
7949032
14036704
7998200
14085232
8047960
14134368
8097576
14182544
8147144
14230992
8196280
14279120
8245704
14327536
8294880
14375664
8344840
14424352
8394408
14473024
8443832
14521512
7725592
7775008
14569696
7824736
14618192
7874160
14666320
7923280
14715008
7973024
14763760
8022800
14092528
8072248
14140736
8121616
14189176
8171008
14237304
8220096
14285736
8269520
14334232
8318896
14383472
8369328
14431616
8418464
14480208
8467904
14539584
8517096
14587912
8566536
14635992
8615704
14684696
7895824
14733224
7945592
14782200
7995424
14830280
8044632
14878616
8094056
14926648
8143176
5972928
8192568
6023520
8241976
6073640
8291904
6122840
8340992
6172312
8390448
6221688
8439632
6271224
8489120
6320392
8538288
6370152
8588272
6419800
8637808
6469304
8687232
6518528
8736320
6567952
8785808
6617104
8066096
6666528
8115864
6715936
8165752
6766048
8215144
6815192
8264264
6864728
8313656
6913992
8362744
6963464
8412136
7012664
8461912
6199600
8511752
6249504
8560840
6298952
8610264
6348304
8659376
6397760
8708832
6446880
8758000
6496368
8807760
6545976
8857440
6595936
8906888
6645056
8956040
6694480
8239096
6743632
8288264
6793120
8337688
6842376
8387128
6892176
8437064
6942016
8486272
6991472
8535744
7040624
8584976
6352824
8634480
6402000
8683680
6451784
8733448
6501416
8783432
6550992
8832824
6600192
8882088
6649760
8931504
6698928
8980624
6748408
9030048
6797896
9079488
6848024
9129328
6897144
8420248
6946600
8469696
6995816
8518928
7045384
8568344
7094568
8617768
7144336
8667896
7194072
8717024
7243824
8766888
6528840
8816056
6578344
8865560
6627736
8914728
6677216
8964168
6726656
9013592
6776592
9063680
6825776
9112864
6875232
9162256
6924488
9211344
6974000
9260768
7023120
8528176
7072864
8577992
7122640
8627768
7172072
8677256
7221192
8726376
7270704
8775800
7319936
8824888
7369488
8874336
7418944
8923768
6695032
8974624
6744232
9023712
6793808
9073200
6843072
9122344
6892544
9171768
6942000
9221200
6999040
9271072
7048384
9320160
7097952
9369640
7147072
8719296
7196528
8768744
7245744
8817832
7295520
8867600
7345184
8917344
7394696
8966768
7444064
9015920
7493488
9065376
7542640
9114576
7592080
9164016
6875496
9213472
6925320
9263392
6975288
9312560
7024744
9362096
7073896
9411280
7123352
9460752
7172472
9510088
7221896
9559848
7271616
8891504
7321712
8940976
7370912
8990184
7420448
9061264
7469616
9109288
7519328
9157560
7568816
9205816
7618784
9254656
7667936
9302928
7717456
9351256
7766600
9399224
7056984
9447496
7106184
9495496
7156128
9544120
7205904
9592536
7255360
9640832
7304576
9688832
7354032
9737168
7403240
9785168
7452736
9112176
7502144
9160768
7552064
9209104
7601240
9257104
7651000
9305408
7700192
9353408
7749616
9401680
7798800
9450024
7848576
9498776
7898176
9546808
7947624
9595080
7237936
9643048
7287448
9691408
7336656
9739488
7386144
9788160
7435552
9836768
7485600
9885088
7534816
9933136
7584344
9242744
7633520
9290800
7683064
9339840
7732736
9388176
7782672
9436968
7831856
9485104
7881296
9535408
7930504
9583376
7979928
9631736
8029112
9679992
8078888
9728712
7356176
9776704
7405624
9825040
7454768
9873040
7504232
9921856
7553384
9969920
7603128
10018480
7652784
10067152
7702304
9404840
7751512
9452832
7801280
9501776
7850432
9549976
7899888
9598280
7949264
9646560
7999248
9695280
8048720
9743312
8098288
9791808
8147456
9839872
8196992
9888200
8246224
9936232
8295648
9984792
7572672
10033384
7622744
10082016
7671952
10129984
7721432
10178312
7770576
10226344
7820064
9555360
7869528
9603672
7919456
9652528
7968624
9700584
8018256
9749160
8067376
9797160
8116896
9845432
8166080
9893464
8215816
9942728
8265592
9991208
8315112
10039536
8364320
10087536
8413744
10135840
8462896
10183872
7754816
10232552
7804312
10281168
7854264
10329472
7903416
10377440
7952952
10425776
8002320
9733880
8051736
9782208
8100896
9830224
8150608
9878904
8200264
9927384
8249688
9975656
8298808
10023624
8348264
10071928
8397920
10120040
8447400
10168744
8496904
10217352
8546952
10265672
8596064
10313720
7884992
10362448
7934168
10410496
7983640
10458768
8032824
10507088
8082568
10555840
8132192
9894608
8181712
9943024
8230832
9991688
8280296
10040024
8329448
10088024
8379216
10136616
8429040
10185056
8478512
10233328
8527752
10281688
8577224
10329960
8626392
10377960
8675904
10426296
8725312
10474576
8775280
10523520
8057592
8107072
10571600
8156320
10619984
8205992
10668000
8255112
10716352
8304600
10055328
8354064
10104072
8404096
10152136
8453264
10200472
8502688
10248440
8551872
10296736
8601352
10344736
8650472
10393328
8700200
10441936
8750008
10490208
8799432
10538200
8848640
10586472
8898160
10634504
8947312
10682840
8227768
10731192
8277232
10779912
8327336
10827904
8376488
10876176
8425976
10924232
8475128
10222472
8524576
10270464
8574064
10319112
8624224
10367608
8673424
10415944
8722992
10463944
8772160
10512280
8821680
10560248
8870832
10608568
8920608
10656864
8970208
10705840
9019656
10753856
9069040
10802200
9118520
10850248
8398376
10898888
8448144
10947352
8498480
10995736
8547928
11043784
8597176
10384480
8646632
10432528
8695784
10481576
8745208
10529832
8794664
10578696
8844712
10626696
8893864
10675064
8943288
10723088
8992408
10771408
9042272
10819456
9091440
10868064
9141296
10916656
9190976
10964976
9240448
11013224
8550456
11062120
8599904
11110176
8649424
11158696
8698896
11206984
8748384
10544432
8798512
10592424
8847712
10642664
8897240
10690104
8946440
10737816
8995976
10785224
9045432
10833248
9095448
10899048
9144648
10946880
9194152
10994224
9243272
11041968
9292760
11089344
9341968
11136992
9391928
11184680
8719520
11232840
8768968
11280328
8818376
11330288
8867800
11395144
8917008
11442832
8966512
10753232
9016000
10800160
9066128
10847576
9115368
10894192
9164904
10940496
9214072
10987112
9263528
11033424
9312712
11080008
9362440
11126680
9412104
11173712
9461616
11220048
9510784
11266696
9560256
11312976
8885464
11359616
8934968
11406184
8984520
11453056
9055800
11499808
9104024
11546424
9152392
11592704
9200424
10922752
9248728
10969120
9296792
11016432
9345472
11063128
9394016
11110368
9442320
11177536
9490352
11224144
9538656
11270472
9586704
11317168
9635064
11363560
9683200
11410512
9732120
11457288
9067032
11504016
9115416
11550376
9164008
11597008
9212344
11643432
9260696
11690352
9309624
11737472
9357720
11784056
9406144
11113400
9454272
11160008
9502656
11206872
9550768
11253536
9599472
11300152
9648000
11347216
9696416
11393560
9744496
11440208
9792800
11486664
9840832
11533368
9889136
11580240
9220168
11627272
9269152
11673552
9317176
11720168
9365512
11766472
9413512
11813216
9461912
11859616
9509936
11906600
9558584
11953552
9607440
11282816
9655792
11329144
9703840
11376352
9752256
11422688
9800336
11469304
9848640
11515872
9897024
11562904
9946056
11609216
9994056
11655976
10042392
11702344
10090440
11748992
9396512
11795272
9444600
11842176
9493216
11889048
9541728
11935664
9590080
11982024
9638128
12028720
9686480
12075080
9734624
12121712
9783512
11452312
9832416
11499424
9880768
11545840
9928800
11592504
9977168
11638896
10025232
11685528
10073536
11731912
10121888
11779144
10170760
11825968
10218792
11872552
9557424
11918864
9605480
11965448
9654480
12011824
9702624
12058464
9751216
12105072
9799840
12152344
9848176
12198624
9896208
12245208
9944616
12291488
9992728
11623096
10041080
11669600
10089160
11716544
10137952
11763296
10186760
11810040
10235160
11856352
10283160
11902936
10331528
11949216
10379624
11995880
9718120
12042472
9766432
12089824
9815312
12137424
9863312
12184056
9911616
12230416
9959648
12277096
10007984
12323440
10056040
12370408
10104688
12417200
10153312
12463784
10201616
11793720
10249616
11840328
10297984
11887168
10346008
11933800
10394352
11980568
10442672
12027928
10491520
12074256
10539520
12120920
9899160
12167432
9947216
12214080
9995552
12260360
10043680
12307288
10092304
12354016
10140984
12400632
10189288
12446952
10237368
12493600
10285704
12539912
10333768
12586592
10382072
12633224
10430472
11958392
10479568
12004728
10527808
12051752
10584200
12098056
10632488
12144736
10680840
12191016
10729272
12237952
10778168
12284776
10055600
12331408
10103984
12377776
10152064
12424392
10202352
12470704
10249904
12517288
10298048
12563920
10346192
12611312
10393968
12657648
10458872
12704232
10506640
12750512
10554016
12797128
10601760
12126856
10649424
12174000
10697616
12220840
10745016
12267520
10792728
12314056
10840104
12360672
10890080
12407008
10255056
12453880
10303064
12500664
10352080
12547312
10398728
12593592
10445104
12640176
10491720
12686480
10538032
12733064
10584704
12780232
10631336
12827440
10678552
12873784
10725176
12920464
10771792
12966800
10818160
12300488
10864776
12346816
10911176
12393784
10958112
12440608
11004936
12487192
11051640
12533528
11098072
12580160
10424384
12626520
10470752
12673464
10518192
12720416
10565192
12768856
10611808
12815216
10658120
12861896
10704768
12908272
10772056
12954904
10818824
13001472
10865488
13048592
10912584
13095144
10958992
12456800
11005640
12503168
11051952
12549760
11098640
12596040
11145064
12642960
11192016
12689720
11239032
12736336
11285728
12782648
10614920
12829320
10661592
12875600
10708424
12922240
10755120
12968840
10801800
13016016
10849064
13062296
10895672
13115544
10942368
13161848
10988784
13208512
11035480
13254784
11082224
13301648
11129400
12631952
11175792
12678528
11222488
12724808
11268864
12771424
11315480
12817704
11361856
12864280
11408792
12910896
11455728
12958120
10783448
13004984
10829784
13051616
10876480
13097928
10922792
13144512
10969432
13190760
11016128
13237632
11063320
13284520
11109664
13331320
11156320
13377568
11202632
13424120
11249368
13470464
11295776
12801104
11342712
12847816
11389680
12904024
11436408
12950312
11482784
12996912
11529456
13043208
11575800
13089808
11622416
13136040
10953672
13183376
11000632
13259744
11047656
13306392
11094352
13352672
11140944
13399288
11187624
13445632
11233968
13492256
11280680
13538888
11327296
13585936
11374408
13632200
11420752
13678768
11467368
13725032
11513680
13025032
11560328
13071376
11606744
13118488
11653776
13165360
11700712
13211976
11747328
13258352
11793640
13304960
11122616
13351240
11169016
13397880
11218272
13444512
11265064
13491608
11312304
13538008
11358696
13584848
11405360
13631144
11451720
13677848
11498488
13724080
11545120
13770960
11592424
13817720
11638768
13864336
11685384
13195040
11733152
13241624
11779864
13288592
11826256
13335184
11873016
13381736
11919728
13428952
11966904
13475216
11295968
13521816
11342856
13568400
11389368
13614960
11436048
13661424
11482360
13708312
11529328
13755056
11576176
13801592
11622792
13847872
11669336
13894408
11716016
13940704
11762392
13987240
11809320
14033760
11856320
13364136
11902936
13410392
11949328
13457544
11995976
13503776
12042320
13552384
12089312
13598936
12136216
