142742919
125330760
146999230
120477572
141292065
142546919
143962225
140961284
141092987
142328341
143725524
144989794
134818884
137733227
144475191
125611632
144506346
124833308
141675679
120228865
145108104
137940866
142867585
145080770
123765694
142154343
121610232
138960664
144724506
144561353
147524047
143457785
137139649
144498206
144895965
140846503
144594778
147063919
144851831
144102487
157014056
144137661
144894141
144938289
144491922
137092892
137741050
128730645
144189097
144632369
136525168
137401022
142040380
144955759
146209115
141223955
144106892
142066908
144682019
143050349
125429566
143614578
144774965
144905694
144327066
144817917
144557925
144542962
148876814
123755509
144749757
144092658
144705521
144790631
144580154
149559841
142365302
144726575
142831559
124049307
144408175
144895030
145747476
144226907
137202897
144266686
144101939
144766568
142610859
126631269
145256452
144247151
147981063
123943702
142116706
124651389
146118574
143915030
144484293
144898089
144091781
124817690
97096343
152876435
144712243
145112377
141734357
128060633
125380430
135799820
144980919
136361801
144469865
145013435
144012772
107643866
143997276
142283281
145211972
144788334
129327581
150261312
136400761
110346051
144644880
138435402
145389056
143613805
155539782
144506537
135616086
140647638
145463095
143392295
137166340
149125766
123620824
137145671
144337677
144695228
142174695
144865471
145985698
125693713
142218618
144083991
145007615
144523627
121746584
161508222
144791032
144842139
144103196
145085283
144181994
144570633
145828429
144195189
97203910
122775357
144456372
142494119
137323700
165757574
142842246
145065771
125707036
144245323
145012988
125237980
146149078
123527150
145130266
144178677
142505374
144424890
118136928
99883194
138748782
144094628
144600841
139574271
144649411
144125178
121476592
144929917
124031714
144460578
160417971
144523307
144640304
144140062
142164964
142249780
121404383
170779340
137572462
143702782
144090479
144787276
144331388
141856990
145947593
142069070
116352137
143893405
142275994
142167919
143927979
141907448
144349575
144604921
143613768
145330075
153043231
136630120
150649392
146319506
146623197
152559030
151323785
142609825
188043231
142088128
152902066
137048606
142633909
145810799
151115095
140173861
147207110
145824753
154300914
143053277
147684295
146006331
152168736
143017217
147536418
112937661
151421120
144468297
147602298
145274296
152197987
142707998
149412713
146581620
152492729
125478892
147217917
145099564
152417269
146786146
146602817
145808961
177071303
135338708
184917713
152778201
159992614
142952277
146667103
222944441
152007330
165860737
146891542
145706091
151532564
143972331
146202833
146151811
152362346
145320296
146530238
128285470
152211297
142912701
143184787
139188689
153074366
145473496
153123467
142735738
151802894
126382305
147359776
145041551
152866682
146942565
143650566
144862067
179424989
145515506
147938464
145280959
152087705
138545927
146236140
145829133
152118336
146186996
149597937
145326386
147930450
143700447
146782014
142968810
152126981
146559035
143574967
141842516
128948977
145721571
147235218
143625197
152524895
129625444
147247176
172221382
153412159
118839442
147506223
141857511
152559406
125024909
153196293
145752237
153387311
144820946
184581349
110153983
151499801
144972140
169100364
143174401
152752049
146172985
147297280
161803701
151982467
146104150
147015208
145676309
167330441
145458764
158206386
110126669
151920411
166186200
143354943
132223347
151977903
145423322
147966131
138063966
155182556
145704550
176722231
142520891
151905567
146236956
147000342
160554071
151947508
124735176
147513373
145035714
151154716
152121476
147427274
142557337
150363444
142786271
145227871
145414591
153951342
126141089
147961342
146733901
152325993
127401078
147866992
144802874
152659172
145754048
151959198
144818727
153031660
144510090
146473148
136964608
152661035
147228270
146824998
137756526
176124475
146464706
147681993
143426107
150747661
142661137
142545001
128009500
150902638
145743174
155789501
126080816
151057592
145994217
143330656
136752486
151535034
146027690
147058377
145334861
151333062
145705409
101693193
142290718
176379414
138177252
147210131
124840173
151539600
143482677
123052088
121880232
120997273
138000975
115643796
142058542
145070311
146155967
146693427
142052129
151845206
145011469
147233022
145194662
152191575
166169400
147708130
123868134
151895146
145647624
147366621
143826469
146839193
144832945
146992621
153722434
152521543
124343484
147214643
146411974
150542814
143260811
149581349
124952695
151748614
145173169
126674464
137645681
153519103
147431220
147636438
143974042
151045417
142741911
148064739
137596322
152575662
124916365
146708764
142712015
145681457
142402354
143804254
146940378
152349899
144643988
151976277
145301534
151333065
145146456
147725961
137266104
149775924
129070061
148120904
144460272
155087508
144968025
146761412
137613020
150075658
146185963
147055505
146599681
148925208
145792145
145704023
144627825
145185000
141447342
147189909
144966104
121054394
144777449
145058283
142875640
137627764
146792138
145056065
143867726
151314889
144344212
141472653
144985152
142406993
143057080
119020861
157893529
144881480
144280994
142670317
132754727
137288889
144813201
150844167
144614908
144669317
137265114
142862373
144430508
108750088
100106636
110999264
113198127
117281070
104818532
124526245
144335838
144866036
143547377
141817498
142990141
137050795
146019774
145169980
123776820
141477957
145148457
144980147
136181816
140914446
143298558
124705450
144031508
144735687
125445499
143274182
150882702
142223263
144571165
144879245
143837502
141616924
125304551
145442548
141383250
125027643
144678237
144340101
123868436
141205923
146261974
142724488
143279466
141842850
144966387
143493776
141523497
147885352
141913584
144451806
115561619
142377731
121188029
137268770
142978036
121110964
143379489
144840071
122563403
108563745
144378880
142064268
142645140
135977991
123812168
141910916
121392995
141984479
144857001
145766506
143822792
137209354
144914472
144679167
142387967
142039489
146149622
139779984
123722256
109226229
124904666
144455685
144547029
109009875
143044020
119815103
136215257
146866566
145132436
137444602
122600809
142802893
141163888
104711396
144766025
147414256
137369655
145143636
146094624
124185456
144485888
143796200
144388914
141581393
144842804
139386276
137582486
142765151
144695548
143903313
145110243
134860329
127405163
144788950
144904953
144150264
142604780
144816411
144614669
145416033
143448688
141415997
123615730
142406664
123551754
144712567
146104246
144910400
125672571
142863713
144148089
125179336
143295990
144301882
137295945
119246214
108901534
146338246
143746315
144834888
146296342
121844874
144858029
136630904
148097058
144275687
121695064
142479950
144861883
145136421
144978906
144028539
145743940
137479222
138073295
143350060
145157640
143637013
126241648
137479851
143806676
115599715
143431471
119234418
144471892
169499426
121705851
143586959
142041835
144913168
144334549
106761272
147637008
145237271
124230224
108970059
147479471
142956990
144055802
137200923
145126336
143964520
143520960
147622290
141524124
137641097
141380388
143065209
123712458
144872092
145447712
142608032
141192641
136975001
144611298
121620133
143132697
150974547
124675874
143135152
144607166
122927178
141352860
118171549
144059056
143906081
141026999
141750416
147063246
142730457
143369678
121626582
144895531
141207862
114905934
144098028
144453712
140865726
144328880
141595406
142175531
137205677
146700140
118496998
104984670
141014366
147168571
137226218
136462707
143121631
134958970
106090222
100185843
136761150
144757838
144091306
142056856
146329848
124752200
137508554
143644528
142811010
144643946
144738862
144938905
144496410
145066146
150034103
123961259
133904632
137425395
146608836
144735945
144296017
136206079
147805948
141495823
144991348
125841234
110124192
144723815
144445707
144798071
142373329
142460423
145559966
142585323
143573064
124661809
145329037
143947286
141935425
144457165
123751577
144805049
144770589
141914219
123577092
137381182
171234235
144726764
142385271
144009244
142804054
143998002
143427988
143338217
137171694
144415143
124080018
144362142
144671819
143834804
146700554
144569452
144780373
147329198
144429325
144240371
124826271
144630271
144432263
114642167
141980482
145015104
145017251
140559181
145036436
145069400
143944072
137132990
142771331
144775454
118957098
141019599
144204138
144739816
144882836
143863968
106777669
144838083
140882084
137734912
116133660
137362674
170626866
144917801
124856942
146071902
121395047
136457613
121600549
146664802
144894205
124463944
121727654
139977178
144567476
144311432
147558354
144558934
144842593
119740854
145071739
141268506
141745758
145576099
118226307
136428983
116159172
120116687
142294682
116595925
144383896
123274613
142850433
122199651
141271561
143901790
134527296
125125704
103045096
144843540
144836484
143166512
126107676
143533251
144893741
140549158
144187895
145197980
142532958
143757945
144568476
141343146
119116957
144664992
120658723
144377532
141068362
115020781
145007412
143639516
119310159
144009895
123655308
144708031
144957249
143626457
145173459
125094623
142891464
142361248
146941568
144948199
142349136
117594452
135068034
142999068
144562498
144693987
143904347
141223584
143463448
145701547
124880385
144390799
144422943
142501589
145151827
137302323
143857378
144894743
144431984
146773009
122912824
142305945
144173091
136734004
141393862
123865335
136440213
144741944
144155911
144841915
125008845
109492681
144152208
144742117
142285998
141583539
142847830
123743425
137485501
144270703
136236915
144951433
144455814
138029718
111393913
144374696
140966847
142164410
146386418
144961581
145040917
136134003
142089014
144717167
144149731
143535875
144003540
144943820
150679702
144614555
144113151
145064015
141181879
143631097
145312682
141654082
146028278
144361963
144519380
144980320
124096647
137144786
143224773
144736102
137432207
137471926
144595277
142639108
144609449
149803538
142345093
144835642
119205803
142345651
144643301
143689983
147259321
144869751
121646265
144818380
142945059
143780096
144647209
148882329
143090097
137866740
134994515
141841442
144667324
120693886
151516456
143827553
137385103
144990512
144234944
120148409
144643216
163148489
144458093
144849434
144926366
121052335
119434851
141602791
170161451
136351656
124750299
109171078
147218525
144409477
142650050
152748184
136817061
137447436
144516044
144941090
144732407
137325000
124875095
124612143
137922853
144051079
170046252
144612703
141372318
171545829
145030725
140926899
144110967
145480501
142010897
145013235
137892821
144010294
124825791
143764651
144989528
122134578
143926646
148080379
143445526
144820634
123874207
137316203
137342299
143100536
146696571
144582202
145017171
143121003
120762427
144059961
145000565
148343335
123330941
103193936
144758803
122599779
143695873
120794950
145199114
144229580
142033965
144575740
145735217
123746638
102848814
144460733
146034202
137181391
143006776
145130360
143899060
137040735
144985969
146554100
145146244
141613775
123310597
143049597
144919360
144284117
145373890
145012147
143797435
162424495
135736281
144079762
144654308
141521286
119318396
144971104
144506009
144369802
142398013
137435112
145298770
143741132
121702201
168378892
144712350
144879248
142237135
144859246
143983087
144531245
147073076
144893087
143965236
152616334
142694512
144473508
143335514
144696179
137995908
144751377
148525983
123745639
144117282
144463352
144215524
124893878
141382455
163027624
137558351
143657230
125251335
138812782
142291374
142415490
170741791
122646664
143995262
144758744
144348869
124926076
144834173
150702742
140986941
142705823
144334626
144629364
124845258
144021444
140260200
144611516
121063150
144587196
144364639
144220840
143944346
148718774
116989898
144423584
144648158
144880138
123394166
144338512
164852048
137161617
112356284
144316353
138487251
117163842
144853533
123691302
144953154
144377935
144386274
141043872
138049591
144580378
144526299
141689618
137610482
141420192
147651334
141812491
118399444
144585957
144273390
124709634
143261234
142997229
144848698
144964673
118537737
144656800
144488773
144942444
126003426
144441689
145060870
144646293
141528396
144158206
121025083
156234179
144403380
145082515
143718375
144737348
120925950
104086424
137498656
145397325
144056234
124823035
145314770
144018388
142031019
145041872
145973189
144169601
142144999
169871625
144935464
144899337
123305587
137274922
142583728
140869873
144179933
124678633
141349221
144177345
142065785
145099584
143829677
143362372
142774314
144313147
164306074
144954617
144410024
141648295
144904925
141155177
121744735
145431713
144638156
145058003
123681164
142084303
144998104
143598753
116405279
142549121
118895941
144955460
127508188
124863505
145558622
109153848
122328496
144246566
143918707
137870790
136844801
124827985
136201943
146522523
122444471
144307410
144791491
135602850
142319351
142181323
146897752
144723200
145066599
123728746
114935037
144567593
145223194
123882358
144887270
145026381
144254766
126073559
144912864
143984340
144736535
145065988
143409714
140947484
114340630
102981809
133920734
135333378
143017333
144489655
143933447
159177101
122524753
142760119
140812621
120075433
144490354
119176253
100595814
146763117
144155809
137253114
116694360
142808777
144062270
144143311
145576683
144279188
137206787
144897345
141224203
136170950
124647090
147616215
144946275
122612066
123706353
144717784
144565446
135867904
139480998
118649239
144343422
140872781
125396144
144210772
145080044
125623217
110365619
99581108
145112555
144940274
142359029
144315810
144752648
119495714
142455776
140358986
143819285
145340968
143229318
144773919
144441136
136296670
142327782
141061202
141204799
123528270
141401692
145571080
143856499
143016759
137006918
142746721
144679454
145012674
147315674
144552800
144177550
124801417
144341891
140987645
134928639
146158688
144912568
142552769
108103662
144350648
118851248
137291616
160082772
136101619
143674695
144668959
144839237
136718596
123067102
121497100
168883100
144934889
143799293
145021934
145091123
120556251
151573115
143669081
137418762
144891191
141494132
144188691
145043574
148160859
142785230
144201714
141047025
144234410
144578542
137473063
146298879
144276823
121850374
108317481
145887949
121606338
136323695
144670573
145047015
144381452
144807567
145981526
143113550
144875847
171346462
145012131
120585122
144113704
142086923
140922952
143705961
155495466
142705257
144473566
121123815
144783033
123649964
124803538
162994221
144755614
144155875
144548995
144957003
136581244
144482091
146381696
145034019
144218457
136209091
143880489
136304345
145021425
147485291
142383307
118984696
125425902
142144023
121446071
142206179
162779169
124837582
144856417
120761750
145766981
144874866
142464417
161814394
143971606
118432253
144346980
137879435
137445777
115027508
144839207
144587525
144729863
137411441
146563853
124420418
108059352
143467595
137302578
144782308
145050854
150813097
123896259
144517746
144250216
124356338
142195942
144830631
164431359
143458361
144249632
144515800
139776700
144933708
144923437
147691198
140751652
143258465
123955179
144534740
144023125
118719293
148473395
124642685
144425424
144571131
144879331
144010545
144909947
145642979
144373250
144603311
137303871
142291130
118717831
145140629
137416709
144271005
144754572
120546172
145018038
142355322
145091571
148710957
136236230
118432267
145168376
146218507
137329963
112761947
136605778
142126728
144584023
143147849
146437340
137381264
123684439
141293889
144831440
142885837
122614235
141146073
143815257
144581696
144916685
142776049
122459678
108821143
99077232
142637917
143236974
145024912
128658145
122044178
144177387
145056328
138357783
140970796
136590204
144591236
145272171
144457647
144787301
141985027
119084447
144835496
144332889
144536288
137363093
142643313
145107705
143970760
144801805
156423521
144349256
145128486
120106584
143751635
119226996
145223097
137345949
143454849
145292413
122625011
145989499
144200602
120670193
141194473
144463313
121790563
135857624
169913389
131954307
110994947
144323695
145415031
121397886
144830527
152726028
144860244
144487416
141557119
144640004
144002263
144940124
128597744
110485719
143759564
144375813
143005597
144858112
144220273
158101183
144800425
140939152
143970024
144752177
142825907
144291497
146241861
144488426
145380974
144022939
141988128
124952993
142277360
145935485
144553852
144210430
141979430
145184321
145041635
143722807
122257179
144543218
123756927
137441040
144955596
144122464
137149996
129493565
142642252
144021862
143383403
143381459
140739487
144064992
146745166
136457924
143491270
141776392
142855342
144614740
144522262
157946490
141713155
119895993
144580877
144545448
140857100
137422599
147247982
137391311
144126256
144780097
121206777
144279201
137157598
148567208
119753587
145084846
136307789
144705338
135147675
143900381
119085804
144963589
142961278
144242773
118149268
144323797
144905633
143969677
144631769
137104767
144054130
124088507
144623799
144873457
142507219
141204509
141579352
123728161
146311290
144929870
141679028
143065075
142806913
137295972
141533383
147570848
144204447
144331436
151300809
144557455
144267755
120761127
145464376
145029643
143934106
163127897
142791115
120559757
100979953
138125022
119146290
120082063
134330455
123047117
144119698
118372075
144778923
134136735
142007334
140836652
146208638
144061514
143837698
123771524
142429114
144879726
132989810
169585768
141770189
141850222
144735637
144634931
144217842
145009825
146770357
145023315
143951186
125246946
145375737
144185539
144693938
125406245
141283336
144181238
144464933
142785616
120907995
103960992
96437690
143285634
120341640
133129608
157479965
141843278
141259852
137295726
126486634
123433529
121506355
120788312
143436022
144140221
142164914
148572452
144819332
142497001
144522774
122549060
144257635
145052598
139079890
144818123
143259002
145057686
144451575
121201897
144930094
127343198
137378274
116628365
142803047
147092266
144975612
136828517
144628849
144898534
143922472
137197832
146197029
142333436
124684397
135966213
145165341
142179551
123846756
148128127
144996793
142096278
142542364
144178536
144728978
144157019
145605573
142042277
142209991
124643926
109744609
143834975
138794104
143562998
123728417
144841686
144416936
124457280
137292237
137302769
146936822
144331876
144615465
145088233
144656450
123887523
144111664
121180218
108322729
98892223
144686601
143946823
144960804
141464996
123247621
122920905
144684591
144001915
144743974
145764982
144355326
142428255
147905389
125591560
143935125
141081953
139459391
108969077
144284145
163776616
125966782
141116748
142752661
138535671
143940716
121238461
157106605
123811650
144810085
123872324
143713060
145010618
144751921
152978385
144706955
114842732
144865943
145470032
141390965
144120987
157041705
143659288
141732970
145058857
123162794
144846710
144250962
146585600
144399935
143869834
144220039
144960622
123754162
137344112
173098867
141519920
144159326
144658781
141434323
118190921
143368014
148497239
144455095
144186873
120969433
137393002
117089214
137494276
149430310
122569445
142784494
120771713
106772003
143928002
120836771
145032143
146912718
144528336
141878444
121847641
109179133
144436130
141458493
142603210
143871270
141500009
117438191
145198873
136159067
144788988
120894345
144118261
141850190
123730053
147762373
144373603
144752214
145285998
145041770
143745832
125170157
146275158
142604681
142360388
151362895
144641978
141331913
144339188
127171025
144202378
144601589
164489474
144619525
141645183
122807555
144466118
144088654
144697984
147423404
144594762
144416436
121264659
142126654
144526016
137384433
96905533
144447338
144489875
123559737
147110555
140051702
143478245
142546181
142065169
124204529
109398021
158250877
144346223
142204857
144945345
132594135
141402839
144921602
116482828
141698258
144134248
143866137
124615892
144977741
143837928
137141096
145350479
142790936
123784171
148179641
144196404
144537845
149911500
123895507
144337799
145796854
143978930
142584000
124519640
108885496
144101145
141903506
144497615
136717853
116254427
144892171
143861326
142561486
141703274
133896168
115845683
100661254
144939834
121565548
136172775
145022371
144437964
142032390
145504525
140372916
143982096
145599226
137200662
124895344
141428533
145579070
144588695
144896690
119492848
144382755
144034288
137429443
146642189
145176588
144703357
149311461
142216556
144691157
137340078
145351741
141432747
143890455
148426704
144380920
144786030
144622674
141981021
137342110
141921090
139585343
144309328
144713306
109048957
144915747
137316829
143768544
125162949
135778404
97079272
144575721
128252758
144557517
109029137
144520611
146328238
144823996
140915319
143985504
144793806
141465887
144161305
143130885
142969659
142867547
106740151
144524351
120630893
137109077
143016048
124735155
121620970
144381309
144904438
124437243
123700635
144443668
143954402
122372047
125380580
108861138
144455714
144654531
145003560
146898871
137580337
114441316
129543142
144317190
144419780
142787272
148887242
144035128
144737094
144479793
144842434
142030592
144770952
139141057
124080243
142770947
141676269
134835534
116031308
141785155
174643617
137234019
113219728
144368775
142912460
133640140
144370742
149424438
144420973
142867232
143540798
139417990
144882591
137627062
150762315
124992200
144114861
144661003
145348186
144382421
142060847
128175702
142499754
143743247
137039638
140682060
137821754
144003102
145966635
145140386
144192821
117345767
144295543
142753162
145283803
143389332
145215716
144300375
144510490
144690556
123833117
140623719
148381252
144717079
142391463
145062409
142754452
142450691
135497754
145352610
145178315
142323734
135269683
141669805
143320984
142920125
143770490
144553948
144636526
152423898
136492164
144037483
136246234
145238573
144396843
144556288
149324337
122964204
145005522
144735432
142029202
141919855
137241516
147019718
144656763
141562894
144892817
132757622
137293392
144875517
150508185
144339621
144597079
142470902
145008661
144178471
142007581
131824726
114054772
144491179
144827572
143601837
144549549
145317302
147884430
144761630
144738719
141678137
144408528
144368571
144204479
145998859
121805961
141224836
137278789
119280759
144246593
143377161
164020160
141560343
141844970
142218570
145055486
142630657
115019911
146950408
124689867
142525986
144711167
128566410
143254854
144516969
157242217
118947586
142126797
144513966
138863658
124901417
137692246
117269126
144239098
144947374
142545591
144814606
144130311
144923494
94575312
145416234
143775472
145173507
141349633
143587735
144921373
145364734
143956981
121745541
143722696
138018189
144491099
125474745
143852656
143510421
141535932
141962756
146402718
141731634
144248254
125510828
142557901
143662449
144606892
144165303
121959981
123317167
144050456
113375063
134610701
145053056
141329541
142958239
144262098
136259559
150972953
144508451
118719458
144346176
144421420
142754350
137432955
123390193
106573756
144350169
144645060
147326111
124181988
143300028
144303042
138673725
144276621
145072742
144517026
142779565
144196909
137485470
145399239
142736222
143070560
138948545
121805388
144934756
140853010
144795556
144653769
118351919
144567782
144727366
144799184
142664801
145103515
144430406
144482497
145267964
144376317
144436501
144672736
144426364
124627935
144304178
145437073
144677716
96870325
144389833
134239574
142045226
144999586
148224637
141957327
141428316
144933621
141997877
137384434
144553852
148177056
124009677
125196588
97098155
146137122
141221498
141825726
144386324
143824961
123690382
142755760
142642248
137110627
144894902
119450859
143909320
118774705
144403620
162916935
144658824
137389210
123729423
136481132
145151374
121205647
136579680
144878433
144391202
144593567
145781193
124947008
135701623
144980430
144653720
123713736
123824470
146585559
144836452
137533374
143676016
141949304
144790641
143959816
144259414
143400752
121595636
124320402
144346117
144904833
144680535
138114843
142347543
143840486
144990506
141597163
143288541
137290710
142164391
118704603
137422887
135944968
138245853
145468629
142214889
119802014
144412767
142111042
119758458
146092271
144314220
137397836
142698543
143656848
141882279
144598723
146886535
125188333
137317972
144152641
145010500
142909432
137568989
141246743
142633903
136656403
136219485
144027812
123764661
123740319
157643740
144525341
144467983
141443612
141902998
144850071
141233579
140134007
113922387
144898227
142435764
125126175
144165009
145044182
153247513
136564132
116644105
142946431
125609909
144221659
143866410
144841272
144353386
144549467
123760485
142873110
144606676
121761985
118388897
125578304
142814321
144939320
148358041
123696544
122551971
144997740
137752721
144253616
142017204
144694045
141641355
142841855
123806617
151001988
144314660
142377940
142145804
144531737
144028528
116321041
100330613
144994712
144953850
136540128
145579504
145089491
143767292
124847569
144924020
144318623
144715462
145558779
123855558
144465317
145461989
143797500
141886283
142011644
143711910
123597729
144880379
144195409
121477867
144640440
117494891
103933380
130836003
142385553
130165309
144381336
144163032
142068398
144914615
144326941
124698060
137444868
146368273
144264436
144485012
144850457
143043128
120004104
136342144
139140076
118057981
103582364
144337841
125562797
140875468
123542640
144741839
124366045
143223145
143868074
158353085
127786849
142176871
137292023
144577764
141899051
144816882
155505699
142693102
138513949
144014593
144880650
120265390
143476240
172000543
133181721
144925276
143974627
145072044
144264700
142672136
143616863
140680184
125210953
144613566
144867998
143948084
144789063
125165408
144239633
144605938
137480472
118774321
143961005
121568227
159646414
142040034
144455887
144631282
144335069
144655541
142582291
146066613
144764925
143221018
142684351
145024237
123677743
108718366
149450005
144263706
145106178
145135224
132582953
121536070
144542879
152619367
144462754
144899709
141573954
142906166
144472909
124689581
126889485
144850617
145105013
144073368
120038091
136667768
144804927
142853840
121532909
143952307
144330947
145388113
144162757
144483271
145191965
136744995
144268006
145136651
146446703
143840604
144663740
164769867
136294651
137211218
137510177
143979012
145075216
142493443
148079978
143892942
140629716
141008773
141907720
144678376
142757485
145769732
123940481
144560877
144012478
140871579
142296182
142407305
148399770
142827827
109034034
143988281
144957177
144063034
144722725
148949933
143888915
141936066
137498302
117795944
145233127
122154568
158150176
143877206
121585889
145129595
145376298
144223658
142298731
146773763
143359542
143956019
144889889
142745201
124123512
144365333
143196405
125078188
137304558
144060827
124624638
144447286
123519132
107435447
144762594
121993396
144930315
158313665
141771802
141560380
142056385
144594563
141522914
124084306
168474185
145030219
143955394
142309112
145016658
137469923
123679644
136762736
144890848
142650753
137346592
141746813
144430768
137272203
148001530
141385665
137486581
142218241
144713619
136319003
124804283
169440316
144085840
144531618
144465502
144243459
137790756
143053561
145913246
144652391
141463861
146368676
123773613
124901264
144077262
148262351
144488984
144783317
144941698
124540050
106077537
144479303
121018785
144448596
136699831
144763892
146841365
144715096
144473777
152619995
144100134
144935096
123925464
136924306
137683514
144128288
121600267
145027049
145001725
144321677
126074651
140849992
144544164
144202431
124799093
143254997
124005185
144184658
144680537
143758224
144796584
144336484
144605901
145203776
146840493
145025369
144863389
152972201
144747859
115288318
143613946
123351261
143955150
144029001
124363461
143584925
144426609
142465135
145338581
144613535
143371092
144783806
147795949
144534778
144858215
138820897
144420959
114573305
136111992
145320114
144548717
142671867
144557461
144733847
143463104
141652576
119279762
104489954
142636245
163282134
142100600
117931722
144642595
145639727
145003151
143191503
123930095
142143812
144653529
142520641
137771947
144325683
136159180
156178584
138136235
117293187
144550426
143126145
144537009
123892606
144600301
145082236
143170395
145076758
122348828
141193660
144259179
144674407
144044614
118377499
144912998
144719421
143001453
145084585
142675051
143713311
141031994
142523256
145190327
137177947
144110616
146265070
145075718
118109431
144038314
123318206
144008470
119929921
129702533
142570485
144448232
142160076
167657464
136649072
125171790
142416592
144239492
144160215
145076684
145556185
137282251
140521400
118715668
142330645
144885165
116567912
102920315
141344934
144024186
142100946
150157816
142008100
144654700
140312562
141386012
144974342
144991175
147172282
144408178
141225360
144848781
114985640
137512091
115727763
102257146
144568650
145080233
141226343
147230132
123784086
144715063
96912421
145071114
144865062
141047272
123672594
144969472
121186165
144409558
142357935
125074250
144986220
144067912
142111122
141808609
144778213
139087826
137502414
115994125
144645155
129139759
110929011
144011746
124709014
112155388
143983541
144592779
139687268
118870337
144877578
144975589
145161157
144453150
142317805
166784541
142158488
142321110
145093574
144546744
136581373
144573326
146993076
144866651
142770835
144840315
143192337
144008907
144535220
144686604
143919736
137190070
149791555
137307777
144203945
137271086
145369586
144493009
144437781
148620446
122662620
143964039
137261881
143162496
144722608
124111935
136549939
145017060
142853989
137441142
146311749
144104163
142876045
157979323
144276789
144731513
143711403
145116885
144511333
144125360
148163651
123936655
145034818
123775523
144904498
144653782
144385397
147964923
142728827
143841487
145065499
144248360
141547567
124714491
115138608
144574936
143768219
121040298
145272733
144314429
144758488
161731851
137418036
136413090
144793946
122321919
144482212
144136367
161241101
140959650
143762283
144000448
142306433
137519404
142280038
145903409
144517365
121823381
141198062
144153317
141780302
145130436
143757529
144708014
118956308
144938867
144642579
121049307
142430064
145046090
137298016
142479417
144883765
144269086
144684312
121791406
121601398
141756968
144051926
137254482
124722586
143590478
143977739
121674253
143668229
144373310
144458751
145387788
144147469
145140458
144665351
143111975
141073919
142637305
169526965
144154923
141928540
170056288
131183262
143860510
134612897
139781809
144300474
145027106
146176482
143790428
135806974
133394156
138633471
144241380
124612634
145473904
120743562
144768558
144797259
124782903
144803955
144978204
154140056
144401661
137132052
144617559
141648539
144758112
121732257
154375305
144479113
144197039
144169142
144622691
120536074
144305230
166509264
144980040
144515920
142164552
143973962
136506261
144703538
130361836
124964231
143902451
136876082
118348850
142012620
114372546
144960473
143994549
144698359
145079090
125369255
118361207
143151856
142599146
144908737
143937309
142085653
143598079
144199906
144314087
144588359
144643065
142483205
144992305
143589130
144979980
144857995
147105891
137359944
136225411
121446502
146611654
124282168
142643922
143512994
142090106
144769391
119507932
148775191
141110199
143173534
144341218
144162420
140963377
119832719
148535797
141201086
144426302
145150827
142481900
145148043
144149256
144700017
123808232
142730659
139481936
130528016
144898998
141418146
163689859
144626338
143934621
144901178
147430110
142242728
144926425
138315242
124362684
108039578
145090369
144222787
144464960
140806624
145313755
136186859
144768455
143917974
142137153
124577149
143392990
149166820
144555600
142887440
144202325
121857915
101970738
144944714
143928306
125278825
144688191
144940465
147058903
145206950
144180775
141546852
141329833
137550806
134942084
146091097
143917676
97052039
144717641
136860511
118039713
144509470
156393562
127394961
144519593
144398680
143763797
143706529
145176693
149211714
123864945
141401963
144380094
143083038
143641081
119484134
103986098
144511747
144283441
145260353
142846700
141928606
142362406
137209432
142463280
137477447
145247392
147319495
145002942
144171921
142027687
144522217
136705152
144481706
144997563
141408841
144054647
156110708
144408058
144917870
144412284
141994894
143371287
123590056
173626943
144694501
143935027
119063493
144748164
144926658
142802516
145596560
142929218
124130117
142630322
139006337
123691002
108418941
145126041
144381568
142317480
141916647
143035779
144666142
142259203
124849177
110872933
99641529
144623079
145416320
144988796
142841765
137053348
144899883
121654367
144994462
143249093
142473036
144822869
145035718
144583901
142056613
144972556
152393329
123650405
134529508
145003848
124473386
144728413
142021744
144925725
143463501
141278431
123737828
129336009
123535378
136862880
144744938
143522445
142828216
144807587
148619530
142364695
123757199
137211723
145786054
123693585
144918997
123816946
141762898
120370929
144947493
145164096
144227827
137531221
123683376
144721498
144883700
143996168
148138903
144087165
144637459
143153131
145089713
143703029
121660630
148286162
144030946
145088172
144245967
125282099
105738651
98984723
134380427
144345511
135327355
144792087
137725624
144093400
142264395
144596307
141663128
124453699
121592705
157115381
144884232
144849190
136214885
130511031
144957046
145247703
150269405
144319783
124812551
139870215
125694312
144693803
144749382
161836732
123691803
145392655
123674103
122676013
144677843
144886238
136612134
144639583
124283109
144157682
161617857
145084522
144358253
151759346
129713784
113200971
136257737
148195766
144158530
145047781
142702114
145774418
121525560
142049837
145816817
143628405
145264218
125422719
145301978
142084687
143349643
123715928
137027023
141385368
143030905
144713743
123870426
143436324
143241202
144352177
144504697
141972160
145037432
143023349
123773429
150992136
141752042
144404958
144622152
144023763
144481689
144092189
147708579
137129069
144564895
140747320
143113017
143973782
118384278
143026640
120425652
140611203
143858811
138160610
124793842
144870072
159515237
137080158
137385175
143473287
122774191
144832472
134602002
146566387
124762216
108919969
141735456
145801757
137085700
142130675
123273179
144779822
141463547
144208938
160633486
125111183
143537884
141917926
145261800
142432142
142435317
153166574
143685371
144655783
145041987
144282558
144597944
144203432
144126492
144053255
144702553
159464047
142263630
121137035
137111347
145440550
136536484
106216643
144498876
141920402
119373944
144528481
130315607
144639191
144659795
144818905
142593151
145139752
142932110
145214501
119068651
103989656
144142020
142437974
145008543
145749081
121013481
144363775
123673514
144112532
138994357
141128930
142482177
118742291
124754567
141201747
144337232
150806478
118924851
143138245
141386873
146792112
142587017
144342578
123610225
110341529
141503829
143966839
150957938
144334051
144841691
142575784
143480257
142550953
144841248
145842736
119211862
144839936
144632095
140426502
124776741
141626797
147645041
137227613
144656301
120683598
144824360
137411317
141399490
154316931
144164366
145142885
120420475
135883311
143458972
144589715
160054893
144562206
137448846
137398872
144140278
144977418
137428985
145815420
144671981
144527078
142348319
121189111
105231900
144040403
151024953
144511127
142317202
137381625
115828035
144648753
143394963
141812225
145085595
144209733
119365301
146861965
144847673
141697730
141991196
144154250
143886128
144401900
124537844
142525571
141809137
144084445
140491516
144391891
136088145
121009214
144339967
144939007
120551427
144395668
121476189
137666031
159715285
121525381
140944285
144200439
144746366
144272343
123618867
150874524
145011263
137404185
143888217
145073046
142623849
145024999
148916327
120101481
137555012
144093501
112298361
143063147
144796170
142626445
143986073
143033777
144279890
144352396
144444846
143209419
157803384
144050004
142077534
144552115
143884616
144827679
141311844
140673709
144889471
137477730
143512426
121662090
144550472
142934579
147654997
141914038
141048523
122555231
144783091
136307102
145011630
119231556
137401885
142345197
144504318
142482010
119412804
144249922
143951458
145080048
144386330
123750774
146176250
123674761
144667578
143834287
145066475
145022703
144145908
145237029
122210936
143271056
119704109
136660304
145008987
143778018
148405884
144545675
144708351
142340071
145239188
143751683
144909652
145311988
118063134
142878485
120171906
168906750
144818382
141352305
147443858
122212162
145165105
143966244
144578020
119124623
142340644
148706680
141873612
144288799
124893575
143025240
144601151
141487805
130090861
144299372
124889387
136442081
145546708
144871151
123972380
141873504
145008520
142514134
144821634
146597099
141600306
144235868
149861124
144998342
142970298
137557456
144364578
142075930
142842435
143110768
145033994
143108927
144883796
144408116
136435986
136808081
138905481
144842620
120536264
144287919
145340696
144812618
144314959
146280916
144897806
144077623
144714787
141952982
137426611
138082783
145348256
136230629
144805075
144061289
144625266
141151459
123886388
146363908
124693962
122409895
144692610
144954398
144830650
145049700
145543541
142567603
143945029
144910855
143997750
144683011
144273459
147739151
144220535
144476211
142524749
140851233
136736773
144740626
146236352
142039890
137406071
137388908
143663397
141044671
143907717
125951881
142887211
142019128
144766013
143595239
136311325
144269697
143140160
144145270
144974202
141299001
144416169
140750224
135441580
145308594
141044228
144119684
145538513
141577741
144017634
144578415
126542670
144482934
143821662
150446860
145071023
144735121
144316888
141601072
144116891
123728097
157312873
144110036
144926693
123544189
145020424
121747924
143641207
144304888
144055270
144730636
122811620
114683903
144822284
144434806
143754239
140925964
144309070
137668030
127419411
144803289
145140638
143830165
144922547
120253424
137158253
146300121
145112151
142696650
144838601
140575502
144672729
144519854
147518871
142739977
144188926
142067009
142245898
109110326
144591614
147737935
144948705
123742662
108441000
146607837
144090442
144168480
152357855
121877505
144643474
125286726
143808695
121615318
143888567
144530078
142201298
143374873
144724162
137360170
124027946
141457799
145268311
144443866
144397704
124155447
147920705
141143602
144127925
144649473
138417298
117569792
102754590
144071863
144948297
135371229
142176894
147654917
143056010
137379950
136519446
141913015
135855992
142124192
125007702
108789068
145038144
142346261
143806859
124728408
143805120
145086324
145277020
142934084
142979930
145311749
125463841
142149945
144351773
144724179
144652311
136239673
145422896
137836691
143578906
146094532
144865932
144228721
144468820
130119659
144510263
144236772
114798017
144739640
144755427
144014575
143486228
136935028
144603179
151539183
137388919
145051184
144162908
144944073
143328409
144902361
146296758
141452623
117282505
144152961
145362065
144909468
142749525
145666271
144196959
136946325
143572190
144963839
118777275
144836419
162555391
144871875
144001763
144822573
142362633
137359984
144188428
147837376
143880164
135951739
144206688
145009751
144845020
108963366
145793715
144724933
144196386
144751520
142264888
144718490
144202383
146007049
144603432
144454133
146465192
136542638
108984026
120910977
171331886
144548830
144627522
143801476
141927449
136033324
123712429
138792236
144686427
144945125
142951832
142210276
122323458
101150693
142899142
142866969
145258135
144418241
137523914
141913729
144859390
146932623
137257310
137503043
144085915
138395347
144537739
124335267
124388388
144893763
144026619
137036277
145639326
144836836
141601076
141803496
141563293
144823022
137397444
137505480
144375564
144548832
136080988
139280130
124959648
141113634
145412256
144120950
144655782
143632142
121983401
105090853
95347065
144839501
138550206
144884994
119208923
155523452
144224023
137482653
141891433
129962262
143535427
144843284
154524409
126798642
145013998
141083929
128770664
110539017
144653579
144933873
143732569
124787889
144563846
157807566
115185282
143892807
137294194
144366346
144342307
144621762
147146311
144987621
144153748
144963668
145615182
144078279
142504013
125648561
144417331
144271739
118093237
141603858
125038610
137270579
140200611
144755673
143935616
119080337
142376180
144587530
124728039
119225498
144739105
141386445
144153143
144992913
144244734
144538559
137367672
145158601
123888988
118549927
145659510
121436672
145142982
144294279
144405115
137442733
144383317
148357491
123954157
144687670
145052642
123403378
140894333
144361767
157334085
137494540
145341409
123972012
142786095
144521805
120978918
142833656
124756623
142696503
144014774
140173824
144439295
121521724
104484445
138810022
144047919
144659037
124146702
144378874
144995806
144194774
137813035
141773519
144315888
147185868
144722142
141424819
144117812
142351416
140666341
136668312
142620429
123659559
140960199
144190516
145606523
144649372
144002734
119613138
144469757
116310555
103117557
148971155
144500690
124699785
137542583
145522652
122799108
122390786
144201255
141318169
141968448
144824120
144144713
144565721
120365206
144647351
145031570
124479748
107232491
144259806
120947101
144920677
143177554
145132032
136785818
144531064
143894850
144473585
140909220
118438622
138440582
132986945
108320023
141133718
143977113
124530026
143867470
144779972
144943796
144339997
144829003
138343180
145268299
120405505
143252736
141952482
143960591
145085756
146905486
141102976
135384821
135004938
144822009
143552372
137199961
140609608
144757601
121563352
144808026
145062673
143922430
137177285
125375267
143767943
144869956
120669673
144596640
144971289
119420122
151147142
144344455
124860800
143949527
145998865
144826698
143787689
168533872
144771447
142730718
143873764
143716545
143992152
124429838
145347667
144314455
135257816
124724062
126932995
144237143
144775226
130084976
109516016
144782348
144506993
140081542
142771531
144936403
136565746
144143406
143633635
144956879
143768049
144615359
119761453
144725932
121558465
141197861
142761496
142529306
145279154
137606831
143774386
144550591
143935374
124726832
145371886
123565882
145074502
143759148
114229391
141981116
137378404
147161609
144883192
143641100
142163585
144992669
137304228
143847490
127201327
144026778
144494160
144064662
144897987
144064583
136291026
163197147
144787426
137742495
141486780
141694221
116693283
142015154
155163098
143227940
120246582
142279881
142113682
141854034
144467724
170963001
145129444
108924265
144071148
138264879
145545996
141232865
144314179
124985761
145068032
123681676
165209857
144288175
140647428
146430603
144895493
143547857
144847949
144391139
144469643
122967862
145944384
121981517
144805787
144259480
142125667
133056902
144975125
132421066
136265093
144832134
144301171
140852591
144876866
143791082
145653957
141132926
137101085
144657867
142371307
142133596
144982728
145228850
136580614
144644008
137531280
115448030
102436807
96904171
144984139
145196267
144631282
143959206
162007170
141917929
144371311
144613111
143939207
144854450
143630807
145642535
140830132
143987755
144890913
145153573
144109884
142252093
145341303
144951634
136626948
150417689
144580827
144775488
142756074
122901210
145089631
144466082
168287010
143918842
144494679
145097270
143859071
119274146
144127941
138627605
128600672
144338839
144671839
143526506
144787390
144438599
145972599
112321883
144583787
143936095
144309884
144065654
121361904
161250925
123659522
144921982
144291294
144278761
124491971
143954533
162047543
129398991
137400756
115854406
145663756
144867016
144518074
121860209
141551565
109010639
137268073
157248337
133562144
109091363
143382482
125781218
137114769
137553421
125465027
144493622
141960708
118794787
163175289
144491763
144543193
144959605
142637827
144219041
118338856
142894441
144221838
144798548
119755839
144417702
145127737
123984917
162261373
144590048
144668471
143792185
144779104
144861359
144197617
122904865
140228834
144128801
140648275
144987111
144413922
144796702
142205043
145223125
143465679
136682947
144159965
141695650
143991446
137838451
137268530
144877326
132983800
145058740
141207929
144805004
144555710
125073845
144736131
144783826
144599811
143096964
144406349
146180743
143711373
137204820
161148332
141505079
141685899
133998044
137327528
144736120
144828455
137934565
144334143
140955537
140912196
144495643
144488658
144225737
145656373
144469406
144601142
144032395
145018126
143761994
142991529
143043337
137639826
144313162
144878120
139073694
144933454
135042244
145755726
144794790
142590931
152275295
136190741
145163720
144369224
144946073
145106253
137593560
142942221
143860156
144536345
141313306
139398811
144688508
143961624
136188034
145023655
144151969
144695110
143742226
120990113
142099025
137781904
123713819
144853001
144890305
144115569
140978341
137456452
169991930
123720835
145032741
144782930
143901319
144265546
141867915
146232081
136239316
144602423
141311963
144556600
135268902
124330096
142475109
144946891
144077044
144566052
144756344
144042885
145092700
145520575
123879549
144813907
143787047
140878837
145242700
143552074
161493687
144901991
137300227
152330167
137449725
125042606
141221745
142133007
123633790
144933241
144075875
145295560
143846367
142011728
122229136
136516469
143710066
142379242
144773887
144774785
118645409
144520593
141865705
140137268
117501185
145100441
144358635
144786104
146112619
144096968
121811060
102893581
145145792
144573805
142543199
124599893
141720487
124117343
144195479
147965891
144432675
144248292
144833119
144269113
125170885
125271820
169129934
144132980
122006913
105540733
141518526
134659041
144862479
141561072
144416125
124758664
123702784
146200426
124707583
143639654
121390283
162205525
137329089
144159003
135192016
141561961
144237265
144774065
144159252
140223585
143048735
146627357
125346372
144712335
141930372
121965247
144295088
142171805
161977003
144640242
137195656
123602561
137700380
117386320
141743190
123618078
141282191
143598338
142225381
145879956
144942908
144589651
136532047
145018410
143989305
144722321
143010008
144864586
134934132
144120551
144540519
144634468
144010960
145205782
142509739
143974281
146024957
144647111
144775469
122715239
124721027
144552493
145020247
120762949
144003911
123771147
137009326
147098629
144733697
123848719
144714253
141151087
144399850
144514236
145114683
136155979
145174939
137374605
144339480
137139090
144751588
145910629
145052007
145166879
141616895
141784952
141118147
145073685
146035715
144173016
136454878
145536197
123859417
136171843
144271452
147345416
144098285
124813928
145315572
144304901
142324886
144908881
145127012
144451738
144761591
121658523
144298274
137538003
144500576
145779738
125541005
144705309
147743101
119163990
142747163
123690837
115315327
144934197
144782407
122979644
143188123
144995292
123796108
137516740
145153780
141352113
144341036
145549923
145001204
135971521
150933576
144694226
124836199
144401520
145071539
144616566
124102732
144415135
144586520
144031698
144787402
146156438
123668427
124811698
120911872
144674254
144537184
142721510
145314241
143295301
137286499
144048222
144735480
144530964
144335570
145844280
145126034
120545538
142724298
143900877
124365901
141850751
145695449
144544866
144546845
144267482
145036970
144123185
144536834
128500896
123731643
144795151
123582298
126178490
109401805
141176915
135767841
142228593
144918812
144243943
147781498
144340506
124946453
123722326
144517432
145083133
144271256
147899670
144449106
144486718
137406662
137413904
141689960
123267746
145405720
144114799
144991358
144578996
142683787
143688493
144897225
146959774
137323022
143812191
144918041
144342183
144516215
145616624
145516797
142840265
144544845
140230926
144826079
143546814
124808628
124330247
144492150
144877081
142468015
141324489
137519382
136551135
145435242
108876129
134999436
145550297
128527283
108727860
144814999
137628091
143104701
141142242
144852860
145551255
134961537
116803271
144545178
142725714
143317617
144679399
145143798
144286427
144636573
144658057
142820361
144520768
145385219
138342069
142452545
143918361
136296438
145399311
144250824
124849405
145434377
123504606
141528809
141471898
119838003
144978839
146381490
98220127
215862725
144545066
145292298
142772789
140969837
123789521
145430859
144757573
144020994
137163493
145395380
135801895
137205925
146249780
124434235
118384863
144100120
145068426
144091070
145936877
126652084
146678226
144262262
137305218
143756202
122810879
136003834
109136990
141732472
120542255
145157443
147913785
141903954
144997309
135238877
140735669
117514452
144291017
150736261
124876720
144887604
123613251
138210610
144814961
121135190
143945199
141832500
144312890
143216482
138351212
144763952
122567519
144682939
144303587
118928276
144686073
148218984
144633333
142469850
143196407
144634986
144929713
143989025
145537680
144729298
143052525
145096410
141330554
144322002
144907144
137153744
108392215
125243622
142802387
144130171
120897042
142194447
166410673
137206512
144877493
136590748
141603815
119446159
136364739
148814395
123862458
144937858
143926605
124317176
143250238
140013016
117960698
144035958
144720459
144504489
147300357
143650263
144775245
144272703
141868086
137199834
141345554
146145521
145070984
143984833
161137051
144261163
123803371
123973631
127810700
144169688
124597718
144797436
144240426
144656855
137284773
124644154
108740975
144183692
120998794
138181683
145102011
