591
397
717
369
852
561
602
381
908
805
581
569
912
382
579
818
911
859
910
846
907
822
908
838
935
834
912
830
897
842
915
829
915
825
903
836
929
873
906
832
916
848
902
827
896
6379
830
844
828
836
823
830
834
835
844
827
820
827
847
883
1780
768
848
768
768
773
769
797
778
814
774
770
772
767
795
767
796
767
769
767
769
766
769
786
770
786
772
767
771
782
772
768
793
766
794
768
770
767
770
778
769
767
772
1167
616
782
767
767
766
769
786
769
765
768
766
769
766
768
766
810
766
800
767
768
767
768
765
769
785
769
788
769
766
770
767
769
766
769
766
804
767
780
766
769
767
771
1215
765
794
766
768
765
767
766
769
786
768
784
770
766
769
765
769
766
769
766
810
767
769
765
769
766
770
766
769
784
771
795
766
770
766
770
785
769
785
770
785
769
767
1236
765
808
766
800
765
768
766
768
765
782
783
770
784
771
769
786
767
800
767
819
766
793
766
797
783
768
802
767
818
769
811
792
767
791
798
766
782
767
791
784
791
801
1295
768
770
766
770
771
769
766
768
766
768
766
775
769
766
776
767
769
767
766
767
786
767
783
767
767
768
766
767
766
768
767
770
765
768
766
788
767
786
767
785
769
784
1237
790
781
769
789
781
769
804
791
787
789
809
766
812
767
810
792
787
780
785
780
784
781
785
780
784
780
784
780
783
782
784
781
785
780
785
780
783
781
783
780
784
780
1249
768
766
768
765
768
766
768
767
767
769
764
782
766
785
766
785
769
784
768
782
766
784
766
792
767
788
766
766
765
769
766
767
770
767
770
784
766
768
765
767
767
766
1183
767
766
766
766
766
766
765
780
766
786
766
786
767
784
766
782
766
783
766
766
767
767
765
766
766
766
766
766
779
768
770
767
767
768
784
767
784
767
785
766
783
768
1333
766
857
768
781
836
810
765
787
766
800
765
795
767
783
766
784
766
794
766
783
768
782
766
766
767
770
766
767
769
767
768
771
767
767
767
765
766
767
767
767
767
767
1231
765
767
765
769
766
769
766
781
765
768
765
766
765
769
765
766
768
787
767
786
768
783
766
784
767
766
766
767
765
769
768
767
767
768
767
768
767
767
766
767
800
767
1218
766
789
765
863
766
796
765
791
765
790
764
783
767
766
765
768
765
766
767
766
767
766
765
767
767
767
766
766
766
768
786
767
783
766
783
767
783
767
784
766
782
766
1196
767
804
768
794
768
768
769
769
767
768
766
769
781
785
768
792
766
802
766
791
768
786
765
785
766
766
766
766
766
770
767
767
766
766
767
767
785
766
797
768
795
766
1180
764
782
769
796
766
795
765
784
768
788
766
796
766
782
769
765
767
766
766
769
766
766
765
766
792
767
796
780
766
769
766
767
767
766
767
784
766
782
766
766
766
767
1198
767
766
768
766
769
765
768
765
768
784
768
789
767
786
767
785
765
784
765
785
767
785
765
784
767
785
766
782
766
769
767
767
767
766
766
769
766
767
766
767
766
775
1166
766
767
766
787
766
784
766
782
765
784
766
766
766
766
766
769
766
767
766
766
766
766
784
768
785
767
784
767
781
769
767
767
767
767
767
767
767
767
776
784
767
784
1166
634
780
830
767
791
767
793
766
793
770
786
770
784
768
783
768
783
769
766
767
767
766
765
767
766
767
766
767
766
788
767
790
767
788
767
791
766
766
766
767
767
766
1204
768
766
768
766
768
765
769
766
768
765
766
766
885
769
766
786
767
784
766
784
766
764
769
766
766
766
766
766
766
768
767
766
785
766
783
766
785
766
781
766
767
770
1221
767
782
767
766
766
765
766
765
807
766
791
767
791
766
785
767
766
767
767
766
768
767
766
767
767
768
767
802
766
802
767
800
767
767
767
767
767
766
766
766
767
766
1167
766
766
769
766
769
766
768
766
768
765
769
790
769
790
767
785
767
785
766
785
767
790
766
784
767
794
765
793
765
767
768
766
767
766
766
766
766
767
767
766
767
767
1202
767
768
766
768
766
769
765
767
765
768
764
766
765
766
769
785
766
790
766
786
767
785
766
786
767
768
766
766
765
768
770
786
767
767
766
767
786
767
784
766
767
766
1176
765
785
768
786
766
794
767
781
768
765
765
769
767
766
769
766
767
767
766
767
766
767
766
768
767
768
767
767
766
768
786
767
784
784
786
767
784
766
785
766
782
765
1198
766
808
766
791
769
785
766
800
766
795
767
798
766
794
766
789
768
784
766
767
768
766
766
767
766
768
766
768
766
769
785
767
797
767
786
768
794
767
766
766
767
768
1234
767
765
768
766
768
766
769
800
766
797
878
767
765
767
766
769
766
766
787
766
786
766
786
767
785
766
783
766
784
769
791
766
785
768
766
767
767
766
766
767
767
766
1181
787
766
768
767
766
769
765
770
766
788
767
786
766
786
765
787
766
785
769
767
766
767
765
768
769
770
765
768
765
769
767
767
767
767
767
767
794
770
788
767
789
766
1172
765
767
765
767
765
767
769
765
765
765
768
767
789
766
787
767
790
767
766
767
765
766
766
767
766
767
765
796
765
786
768
767
767
766
767
766
769
767
766
766
767
766
1204
766
794
768
785
768
796
766
768
766
766
767
767
768
766
767
766
766
767
767
766
767
765
782
767
785
766
788
766
784
768
767
767
784
767
798
767
783
770
800
766
785
767
1261
766
767
767
768
766
766
765
768
765
766
765
766
765
765
788
766
782
767
783
766
786
766
784
766
767
766
766
766
776
767
767
767
766
770
766
768
766
767
767
770
766
766
1174
785
765
784
768
782
766
782
768
782
765
782
766
782
769
783
766
766
766
766
766
769
766
766
768
766
766
767
766
767
767
767
767
767
766
767
767
768
766
767
766
767
766
1215
785
766
795
767
786
766
780
765
765
768
765
766
766
766
765
765
765
766
765
766
768
765
767
767
768
767
766
780
766
789
767
787
767
784
766
784
766
785
766
780
768
765
1168
769
766
768
769
766
808
769
785
768
765
767
766
768
765
769
766
766
768
797
766
797
765
794
766
801
770
767
768
766
769
766
767
769
766
767
766
770
766
767
767
767
789
1198
765
766
766
768
766
765
769
765
766
768
766
796
767
787
766
793
765
766
770
765
764
768
766
767
787
770
787
766
769
768
784
770
767
766
768
784
766
795
766
786
766
765
1260
765
787
765
790
769
767
785
766
789
765
785
767
766
767
765
767
766
766
766
765
766
766
766
768
766
766
767
781
765
786
767
782
767
784
766
784
767
767
767
766
766
767
1148
765
767
766
769
767
784
765
783
898
787
769
766
768
769
767
766
766
767
769
766
766
767
765
767
767
768
782
767
782
768
784
767
786
767
785
767
770
766
768
766
767
768
1253
828
769
807
768
768
769
768
768
770
768
766
792
769
786
769
769
767
769
769
767
799
768
786
768
767
767
767
766
767
769
768
767
766
789
766
787
767
767
767
767
767
767
1237
770
792
766
768
766
766
768
766
767
766
766
767
765
766
782
765
783
766
783
766
784
766
783
767
784
766
784
766
784
768
767
766
766
766
768
765
766
765
766
766
766
766
1193
797
767
787
768
768
766
768
768
766
767
768
767
766
796
766
786
770
766
766
768
765
765
769
766
784
769
786
767
803
768
768
766
768
766
766
767
767
789
765
784
767
784
1223
766
766
768
787
765
794
766
780
768
765
765
769
766
769
802
767
785
769
766
765
767
767
767
765
766
766
769
784
766
801
767
784
765
768
765
766
766
765
765
765
766
766
1182
764
768
765
770
765
769
765
769
799
768
767
768
767
770
770
769
769
801
769
769
768
767
767
769
784
768
811
766
767
770
768
766
767
766
770
787
767
787
767
767
767
767
1167
768
786
768
768
765
769
766
768
765
766
794
767
787
766
799
766
795
767
796
767
785
767
765
767
766
767
766
766
766
881
767
766
767
766
767
766
767
766
766
766
766
980
1466
784
617
785
616
785
619
784
798
838
619
824
800
824
619
785
797
619
783
797
777
793
827
783
805
620
796
786
618
785
619
785
618
788
618
788
618
788
618
799
618
799
618
1189
766
822
766
769
766
770
767
768
786
766
789
766
812
766
769
767
769
767
769
786
767
788
770
786
770
767
766
769
767
771
794
767
788
770
767
767
770
767
768
770
767
767
1228
768
765
768
769
766
769
799
766
769
768
766
768
770
783
769
794
766
769
766
767
769
766
782
768
789
767
769
767
766
771
768
767
769
789
766
787
769
766
766
767
765
766
1187
767
765
766
768
766
765
769
766
787
768
784
766
766
768
767
766
766
766
767
766
769
765
766
767
768
768
767
767
766
768
767
769
765
766
767
767
787
767
786
765
784
767
1198
767
766
800
766
769
766
768
766
769
766
765
766
765
766
769
803
766
796
766
766
766
766
767
766
767
768
766
766
767
768
767
767
767
766
791
766
784
765
786
766
782
765
1176
767
766
769
766
795
770
784
769
765
768
798
765
769
766
769
793
766
791
769
785
768
766
767
789
766
769
767
766
769
768
782
770
786
766
786
766
793
767
766
767
770
770
1246
796
767
785
768
811
766
768
768
766
768
766
766
767
797
767
793
769
766
769
768
766
767
770
766
766
769
785
767
798
768
768
770
767
767
767
765
768
766
767
797
767
784
1224
768
766
767
768
766
789
768
765
766
768
765
767
797
766
784
769
785
766
798
766
766
768
766
766
770
784
766
782
769
767
767
798
766
767
766
766
766
765
794
766
789
767
1231
765
767
784
768
787
767
782
769
765
766
767
766
767
765
766
793
766
785
769
766
766
768
767
767
768
766
783
770
785
768
773
767
766
770
767
767
770
784
767
795
767
780
1193
767
766
769
785
769
784
768
778
766
766
766
766
765
769
767
767
767
766
766
766
767
766
765
766
767
769
790
766
785
768
808
766
785
767
767
766
767
767
767
766
767
766
1172
765
767
789
768
794
767
768
768
766
766
765
765
769
766
766
768
766
767
766
766
766
767
765
782
766
783
766
783
766
786
767
786
770
785
768
769
766
766
766
765
766
766
1210
766
792
766
841
766
794
765
769
765
768
765
769
766
769
767
767
768
767
766
766
767
766
784
767
788
767
788
767
784
768
786
768
766
767
768
767
767
766
766
789
766
790
1218
768
766
769
766
766
805
766
787
765
784
768
766
767
769
766
767
766
766
799
766
790
766
766
766
767
767
767
770
766
769
767
787
767
785
767
781
766
767
766
766
766
766
1232
765
819
768
765
769
770
765
769
765
767
811
766
785
769
793
767
792
766
767
769
765
766
769
766
767
767
767
769
765
786
770
788
767
796
765
767
767
765
765
770
766
767
1223
767
795
769
801
768
791
768
765
768
765
767
766
767
766
766
766
769
765
767
765
767
766
766
766
766
766
785
766
784
769
784
768
767
766
768
766
767
767
765
767
767
767
1216
767
791
767
798
767
768
766
768
766
769
767
766
767
766
767
767
782
766
783
766
785
766
786
767
785
766
784
766
766
768
768
766
767
766
772
768
767
767
767
766
767
766
1187
792
765
792
765
787
767
768
766
769
765
766
765
768
769
766
767
765
765
766
782
767
782
765
783
766
779
766
766
766
767
766
766
767
766
767
766
766
766
783
766
784
766
1232
767
766
768
765
798
766
794
765
769
765
769
765
768
765
769
784
768
786
766
788
767
766
766
767
767
767
767
766
792
767
792
766
783
766
767
766
767
766
770
766
767
785
1225
767
769
768
768
768
769
768
791
766
787
768
792
767
769
766
787
768
781
766
766
769
765
766
769
795
767
795
766
795
771
767
767
770
767
767
767
767
765
766
765
766
786
1168
784
765
766
769
768
766
769
765
766
766
765
790
767
786
766
792
765
767
766
766
769
766
766
768
768
767
765
766
767
768
805
766
787
766
793
766
784
767
767
766
767
766
1187
766
768
784
768
793
766
768
768
766
768
768
766
766
769
766
792
769
784
769
785
767
768
769
770
769
768
769
817
767
771
770
766
768
765
766
766
785
766
793
766
765
768
1159
768
766
808
768
785
767
789
769
766
765
765
784
766
768
766
765
768
767
766
783
766
785
765
785
767
792
765
785
765
768
768
792
767
785
767
767
767
766
766
767
766
767
1162
767
766
770
768
765
769
768
766
769
766
787
768
787
767
773
766
766
769
766
766
769
765
765
766
766
797
766
784
766
767
770
766
767
769
766
767
783
767
785
767
792
767
1242
765
765
765
769
789
766
790
765
765
768
765
766
768
766
766
793
766
794
769
766
766
766
766
766
766
767
766
767
791
768
790
766
770
767
767
767
766
767
766
767
767
784
1231
766
766
767
769
766
766
768
784
766
783
768
766
765
768
766
767
765
766
766
769
784
765
811
767
767
767
767
766
769
767
788
768
766
787
767
785
766
767
765
770
766
768
1190
769
786
768
784
768
767
767
769
766
767
796
769
783
785
769
766
766
768
767
765
769
767
765
767
766
798
768
783
767
769
770
767
770
767
769
766
791
767
795
767
769
770
1243
783
768
768
766
769
769
765
795
766
792
766
796
766
785
766
766
766
767
766
770
766
767
768
770
766
768
768
766
786
769
786
766
784
767
768
765
767
766
766
765
765
765
1161
767
765
793
768
795
768
781
768
766
770
769
765
769
768
767
767
769
790
766
795
766
787
769
768
767
770
766
766
769
768
767
770
784
767
801
767
789
766
795
767
770
767
1100
766
768
790
768
793
768
769
767
766
768
766
767
768
766
766
792
766
791
769
766
765
769
766
766
769
766
785
770
785
768
767
769
769
765
767
767
767
784
766
787
766
768
1166
766
784
768
785
766
769
766
765
766
766
780
767
802
767
766
769
766
767
769
767
766
801
767
783
770
767
766
769
766
768
785
766
796
767
766
770
767
768
767
766
766
766
1159
768
767
768
765
766
768
765
783
768
783
764
766
767
767
767
766
765
766
784
766
784
765
765
766
766
768
766
766
765
801
766
788
767
782
766
766
766
766
766
766
767
766
1244
765
768
769
765
768
769
784
769
768
766
768
768
766
768
769
792
767
797
770
766
770
768
766
769
798
765
770
769
767
771
770
791
767
794
770
767
770
769
782
769
795
887
1209
783
768
792
766
768
769
766
768
767
783
766
786
765
767
767
767
766
767
766
767
785
765
784
767
766
767
766
767
767
769
767
787
768
819
768
766
767
766
767
767
767
768
1216
764
768
766
767
765
768
784
769
784
766
765
766
767
766
767
766
769
786
766
786
766
766
766
766
767
766
766
766
786
767
785
766
784
766
768
766
766
766
767
767
766
769
1175
791
768
769
766
768
769
769
789
766
791
767
789
767
769
765
767
766
768
766
768
765
766
786
766
786
766
784
766
769
768
767
766
769
766
768
768
767
767
767
766
767
784
1196
766
769
768
766
769
768
766
794
768
796
769
768
766
768
768
766
769
769
787
768
793
764
769
769
766
769
769
766
773
796
765
790
768
767
766
767
767
766
768
766
766
768
1269
766
766
768
766
766
767
787
766
848
765
812
769
766
765
769
766
766
766
767
796
766
793
770
783
766
769
767
766
771
768
766
769
784
767
812
766
790
770
766
767
769
766
1198
790
768
792
766
768
768
767
768
770
766
769
794
883
769
769
766
792
769
789
768
769
768
769
769
767
794
767
788
772
768
767
771
766
770
787
771
772
767
769
769
785
770
1244
768
768
794
768
797
769
768
769
768
767
766
785
770
790
766
769
766
767
766
767
797
766
788
766
770
766
767
769
768
770
770
790
767
791
767
766
769
769
766
770
789
767
1226
764
769
765
768
784
768
765
768
767
765
768
767
765
795
767
785
769
766
765
768
767
767
766
765
797
766
766
766
767
770
768
767
770
785
766
787
767
767
767
767
766
767
1235
765
768
765
768
765
769
765
768
785
766
792
766
766
769
766
765
769
784
766
793
766
765
768
765
767
767
766
766
785
767
785
766
782
766
767
766
766
766
766
767
767
784
1228
766
765
768
766
765
792
766
784
769
766
765
769
766
766
792
766
785
770
766
766
770
766
765
770
766
784
769
786
767
769
767
766
770
767
765
768
784
765
771
765
765
766
1171
796
765
796
764
769
765
768
766
768
765
769
784
767
784
766
791
767
766
768
766
767
767
766
767
766
767
766
767
789
767
784
767
783
767
784
767
783
767
766
766
766
767
1205
765
765
786
765
786
766
783
766
765
765
765
766
766
766
766
766
767
766
767
765
766
782
766
782
767
784
766
784
771
766
768
766
770
766
767
766
767
766
766
765
783
765
1238
766
768
765
769
765
768
765
769
783
769
791
766
769
766
766
769
766
766
769
765
766
784
767
789
767
790
767
766
768
768
767
767
766
767
768
766
783
767
788
767
801
766
1198
765
766
765
769
766
766
793
765
788
769
766
765
770
767
766
769
767
766
769
785
766
792
766
782
769
767
766
770
767
767
770
766
782
770
786
766
793
766
766
770
767
768
1176
791
766
793
766
769
767
769
765
767
765
766
769
764
768
767
796
766
768
766
769
764
769
784
767
788
769
766
767
771
767
767
770
767
783
770
767
767
770
766
766
770
767
1214
765
769
767
766
768
768
784
768
768
766
768
766
768
768
766
767
769
783
766
792
766
786
769
766
766
769
766
766
769
766
767
768
783
767
784
767
783
766
767
888
767
767
1238
788
768
803
765
768
768
765
767
768
766
767
766
766
796
766
786
769
766
766
769
766
766
769
767
767
769
766
766
769
767
767
766
766
766
767
785
767
785
767
766
766
767
1232
768
790
766
767
766
765
768
765
765
768
789
766
791
766
766
769
765
770
766
789
769
784
765
768
767
766
769
766
796
767
783
769
765
766
770
768
767
787
766
790
766
793
1196
768
765
768
786
769
784
766
765
766
765
766
766
766
766
766
766
765
766
766
766
789
766
790
767
791
766
769
766
768
767
767
766
766
766
767
766
767
767
766
767
767
766
1199
788
766
766
766
766
769
766
766
768
765
766
766
766
766
766
766
766
767
766
767
766
766
767
767
768
767
767
767
768
767
766
767
767
790
767
794
767
766
766
767
767
767
1282
765
785
765
767
769
766
766
765
765
766
766
767
766
766
766
766
785
766
804
766
787
766
784
766
766
766
766
767
767
767
767
766
767
766
767
767
767
784
766
784
767
785
1212
767
766
769
765
769
765
791
765
792
765
792
765
769
769
769
793
769
791
769
769
768
769
792
767
793
770
767
769
772
783
769
790
766
768
767
767
770
767
784
767
787
768
1263
765
768
784
769
791
766
766
767
765
766
766
766
767
766
766
766
766
784
766
782
766
783
766
767
767
766
766
766
781
768
766
767
766
766
767
768
785
767
789
766
791
767
1216
766
769
767
767
793
766
787
769
766
766
770
766
766
769
766
784
769
785
766
794
766
767
769
767
766
770
767
766
768
767
794
766
784
769
767
769
771
767
766
766
770
766
1162
785
768
767
769
767
765
769
765
766
767
766
766
767
784
767
785
767
783
767
766
767
769
766
767
767
766
766
766
767
767
768
766
790
766
787
767
791
767
767
767
767
767
1229
790
766
791
766
788
768
765
767
768
765
767
766
766
765
766
785
767
783
766
783
766
767
765
767
767
778
766
766
768
767
766
766
785
766
808
769
785
764
766
768
765
766
1257
803
768
803
768
804
781
768
790
780
768
780
791
790
803
769
788
781
769
790
782
768
781
791
789
803
770
788
782
770
790
782
770
790
782
770
809
783
793
790
782
770
790
1211
770
785
770
784
769
766
769
766
769
766
768
769
781
769
792
766
770
766
769
766
769
765
769
766
771
786
766
787
768
786
766
769
766
765
765
767
766
765
768
766
793
766
1147
767
766
791
768
785
767
765
768
767
765
769
766
767
766
766
765
767
784
769
783
766
783
766
767
767
767
766
766
768
768
766
767
767
766
767
766
786
766
784
769
783
768
1245
764
769
766
768
784
768
783
768
765
769
768
765
768
766
769
783
769
784
769
765
769
765
769
768
768
767
784
768
792
770
766
766
768
767
766
767
767
786
767
784
766
766
1214
766
788
767
786
769
767
765
768
766
766
766
765
767
767
782
767
783
766
784
766
780
766
764
766
766
766
765
768
768
766
767
782
766
783
767
783
766
783
765
766
768
766
1169
766
767
766
784
767
783
766
785
765
768
765
766
767
766
767
767
766
766
783
766
785
767
785
766
786
766
766
767
767
766
766
766
766
766
766
766
766
766
768
785
767
787
1239
766
768
769
766
770
792
766
792
769
766
769
768
766
769
769
767
793
769
784
769
769
767
769
768
767
786
770
781
769
769
767
777
770
767
787
770
767
767
769
767
767
770
1186
765
768
769
766
768
792
765
797
768
766
769
769
766
768
782
767
794
766
767
766
767
767
765
766
768
785
766
792
767
767
766
766
766
767
766
766
766
767
783
766
784
767
1188
767
768
783
769
785
769
768
766
768
765
769
783
769
807
769
766
769
765
769
767
781
767
791
766
767
766
766
767
769
771
766
784
766
784
766
784
766
768
766
767
784
766
1203
783
768
766
768
766
769
766
768
765
766
765
796
766
791
766
822
767
767
767
767
766
766
765
767
766
766
766
767
784
768
784
767
783
766
783
766
766
766
766
766
766
767
1204
793
766
790
768
767
769
768
766
768
766
769
790
767
794
768
767
772
769
766
768
794
767
792
767
768
769
769
766
771
768
770
788
767
809
767
767
767
766
767
767
766
769
1257
766
766
768
765
766
768
787
767
789
766
784
770
785
766
766
893
767
766
766
766
766
766
765
767
768
784
766
785
768
793
767
768
768
767
767
767
767
766
766
766
766
767
1231
767
768
769
766
768
768
766
768
785
768
802
768
768
770
766
768
769
766
769
792
766
790
768
789
768
767
767
769
769
767
767
766
767
766
798
767
796
766
798
766
766
768
1221
765
769
765
768
789
769
788
768
767
767
767
787
767
785
770
766
769
768
766
769
767
766
796
767
767
769
766
766
771
770
767
784
767
786
768
767
768
769
767
765
766
771
1165
765
766
766
766
767
767
766
766
766
766
782
766
784
765
784
766
784
766
766
765
766
767
767
766
766
766
766
770
767
767
767
766
766
787
766
787
767
788
767
769
766
768
1242
769
767
768
794
769
768
769
796
768
769
769
769
792
769
793
769
769
767
766
769
767
765
769
787
765
792
766
767
771
767
767
769
767
767
792
767
786
769
782
767
769
767
1199
791
768
769
768
768
768
768
766
766
785
768
783
768
788
767
767
767
767
766
766
766
766
765
767
765
766
790
766
786
771
784
888
766
767
767
767
767
767
766
767
765
786
1231
765
766
768
766
766
768
766
766
768
785
767
792
766
782
769
766
766
769
766
767
769
766
784
767
785
766
788
766
768
770
767
767
768
768
767
782
767
