0, 3662
1, 3481
2, 3714
3, 6419
4, 5453
5, 3476
6, 3589
7, 3404
8, 3463
9, 3544
10, 3303
11, 3420
12, 3160
13, 3230
14, 3234
15, 3327
16, 3206
17, 3331
18, 3323
19, 3198
20, 3241
21, 3228
22, 3275
23, 3208
24, 3529
25, 3604
26, 3512
27, 3520
28, 3362
29, 3500
30, 3492
31, 3441
32, 3514
33, 3495
34, 3452
35, 3263
36, 3385
37, 3314
38, 3421
39, 3414
40, 3297
41, 4814
42, 3531
43, 5197
44, 3539
45, 2946
46, 3416
47, 3290
48, 3376
49, 3363
50, 3472
51, 3297
52, 3400
53, 3408
54, 3329
55, 3562
56, 3362
57, 3303
58, 3470
59, 3335
60, 3414
61, 3398
62, 3526
63, 3475
64, 3308
65, 3484
66, 3286
67, 3403
68, 4407
69, 3440
70, 3751
71, 3794
72, 3463
73, 3734
74, 3717
75, 3852
76, 3746
77, 3547
78, 3584
79, 4708
80, 6132
81, 5534
82, 3327
83, 3577
84, 3418
85, 3280
86, 3485
87, 3139
88, 3330
89, 3429
90, 3294
91, 3458
92, 3345
93, 3253
94, 3401
95, 3226
96, 3169
97, 3289
98, 3440
99, 3436
100, 3389
101, 3130
102, 3567
103, 3497
104, 3390
105, 3439
106, 3308
107, 3492
108, 3082
109, 3112
110, 3316
111, 3625
112, 3516
113, 3497
114, 3498
115, 3511
116, 3498
117, 5269
118, 3728
119, 4956
120, 3635
121, 3550
122, 3836
123, 3830
124, 3738
125, 3423
126, 3509
127, 3502
128, 3526
129, 3603
130, 3450
131, 3460
132, 3398
133, 3443
134, 3403
135, 3510
136, 3520
137, 3542
138, 3495
139, 3646
140, 3490
141, 3530
142, 3525
143, 3362
144, 3586
145, 3521
146, 3515
147, 3523
148, 3348
149, 3356
150, 3474
151, 3606
152, 3204
153, 3662
154, 3427
155, 4444
156, 6323
157, 5598
158, 3348
159, 3238
160, 3297
161, 3283
162, 3267
163, 3277
164, 2902
165, 3197
166, 3213
167, 3256
168, 3467
169, 3469
170, 3617
171, 3536
172, 3448
173, 3526
174, 3481
175, 3470
176, 3485
177, 3526
178, 3392
179, 3394
180, 3457
181, 3426
182, 3540
183, 3513
184, 3440
185, 3453
186, 3334
187, 3534
188, 3409
189, 3514
190, 3433
191, 3490
192, 3476
193, 5509
194, 5506
195, 3149
196, 3247
197, 3195
198, 3219
199, 3325
200, 3221
201, 3195
202, 3204
203, 3413
204, 3348
205, 3265
206, 3124
207, 3330
208, 3283
209, 3220
210, 3149
211, 3154
212, 3246
213, 3166
214, 3178
215, 3267
216, 3310
217, 3434
218, 3263
219, 3204
220, 3167
221, 3286
222, 3609
223, 3251
224, 3213
225, 3251
226, 3330
227, 3228
228, 3450
229, 2990
230, 3309
231, 4136
232, 6373
233, 5781
234, 3108
235, 3228
236, 3196
237, 3153
238, 3219
239, 3268
240, 3147
241, 3186
242, 3132
243, 3515
244, 3457
245, 3517
246, 3498
247, 3064
248, 3503
249, 3455
250, 3431
251, 3486
252, 3454
253, 3646
254, 3682
255, 3604
256, 3722
257, 3642
258, 3493
259, 3465
260, 3470
261, 3437
262, 3532
263, 3471
264, 3417
265, 3455
266, 3498
267, 3485
268, 3486
269, 4634
270, 6441
271, 3389
272, 5041
273, 3413
274, 3266
275, 3289
276, 3426
277, 3296
278, 3223
279, 3238
280, 3262
281, 3197
282, 3195
283, 3182
284, 2860
285, 3087
286, 3198
287, 3131
288, 3336
289, 3187
290, 3106
291, 3243
292, 3226
293, 3258
294, 3461
295, 3482
296, 3390
297, 3434
298, 3428
299, 3688
300, 3466
301, 3560
302, 3518
303, 3491
304, 3446
305, 3571
306, 3598
307, 3971
308, 6233
309, 3106
310, 5009
311, 3229
312, 3214
313, 3414
314, 3568
315, 3488
316, 3530
317, 3475
318, 3458
319, 3444
320, 3452
321, 3492
322, 3452
323, 3501
324, 3120
325, 3243
326, 3319
327, 3428
328, 3349
329, 3489
330, 3486
331, 3426
332, 3377
333, 3405
334, 3467
335, 3477
336, 3523
337, 3558
338, 3500
339, 3466
340, 3407
341, 3389
342, 3456
343, 3483
344, 3557
345, 4164
346, 6123
347, 5744
348, 3312
349, 3270
350, 3251
351, 3034
352, 3233
353, 3286
354, 3256
355, 3163
356, 3250
357, 3454
358, 3511
359, 3552
360, 3554
361, 3412
362, 3417
363, 3408
364, 3403
365, 3434
366, 3508
367, 3501
368, 3417
369, 3518
370, 3561
371, 3425
372, 3519
373, 3460
374, 3420
375, 3523
376, 3492
377, 3613
378, 3430
379, 3464
380, 3451
381, 3485
382, 3495
383, 5499
384, 5845
385, 5482
386, 3135
387, 3133
388, 3181
389, 3175
390, 3118
391, 3749
392, 3316
393, 3361
394, 3392
395, 3361
396, 3256
397, 3401
398, 3254
399, 3240
400, 3297
401, 3409
402, 3311
403, 3491
404, 3383
405, 3402
406, 3534
407, 3370
408, 3418
409, 3379
410, 3473
411, 3185
412, 3472
413, 3477
414, 3413
415, 3442
416, 3335
417, 3492
418, 3469
419, 3215
420, 3493
421, 3528
422, 6534
423, 5301
424, 3393
425, 3546
426, 3127
427, 3466
428, 3418
429, 3539
430, 3408
431, 3491
432, 3482
433, 3451
434, 3492
435, 3493
436, 3498
437, 3460
438, 3385
439, 3449
440, 3436
441, 3337
442, 3311
443, 3335
444, 3432
445, 3411
446, 3497
447, 3397
448, 3423
449, 3378
450, 3395
451, 3451
452, 3352
453, 3383
454, 3359
455, 3286
456, 3388
457, 3394
458, 3385
459, 3254
460, 4818
461, 3628
462, 5322
463, 3539
464, 3283
465, 3368
466, 3376
467, 3425
468, 3512
469, 3402
470, 3383
471, 3477
472, 3383
473, 3362
474, 3272
475, 3326
476, 3272
477, 3452
478, 3302
479, 3359
480, 3370
481, 3451
482, 3500
483, 3531
484, 3405
485, 3397
486, 3452
487, 3297
488, 3417
489, 3437
490, 3438
491, 3422
492, 3346
493, 3409
494, 3514
495, 3469
496, 3488
497, 3462
498, 4468
499, 6302
