66224128
66142208
66125824
66125824
66125824
66109440
66101248
66101248
66084864
66076672
66076672
66043904
66035712
66035712
66011136
66011136
66011136
65986560
65986560
65986560
65961984
65953792
65937408
65904640
65904640
65896448
65871872
65863680
65847296
65830912
65830912
65830912
65806336
65789952
65789952
65773568
65773568
65773568
65757184
65740800
65740800
65716224
65708032
65699840
65675264
65667072
65650688
65634304
65634304
65634304
65609728
65609728
65601536
65585152
65576960
65560576
65519616
65519616
65519616
65503232
65503232
65495040
65470464
65462272
65462272
65429504
65421312
65413120
65396736
65380352
65372160
65355776
65347584
65347584
65331200
65331200
65323008
65298432
65282048
65282048
65265664
65257472
65257472
65232896
65191936
65191936
65175552
65167360
65159168
65134592
65134592
65126400
65093632
65093632
65093632
65069056
65069056
65069056
65044480
65028096
65019904
65003520
65003520
65003520
64978944
64970752
64962560
64946176
64946176
64946176
64913408
64897024
64888832
64864256
64864256
64847872
64831488
64815104
64815104
64798720
64798720
64782336
64757760
64757760
64757760
64741376
64724992
64716800
64692224
64692224
64692224
64667648
64651264
64651264
64626688
64626688
64626688
64610304
64593920
64585728
64552960
64544768
64544768
64512000
64503808
64495616
64479232
64479232
64471040
64454656
64446464
64446464
64430080
64430080
64405504
64389120
64380928
64372736
64356352
64356352
64356352
64315392
64315392
64315392
64299008
64282624
64274432
64249856
64233472
64208896
64184320
64184320
64184320
64159744
64159744
64159744
64126976
64126976
64118784
64102400
64102400
64102400
64077824
64069632
64045056
64028672
64028672
64020480
63995904
63987712
63979520
63954944
63954944
63954944
63938560
63930368
63905792
63889408
63873024
63864832
63840256
63840256
63840256
63823872
63823872
63823872
63799296
63782912
63782912
63750144
63733760
63725568
63700992
63700992
63700992
63684608
63684608
63676416
63660032
63660032
63651840
63627264
63619072
63610880
63586304
63578112
63569920
63553536
63545344
63545344
63512576
63504384
63496192
63471616
63463424
63463424
63438848
63438848
63430656
63406080
63406080
63406080
63381504
63373312
63373312
63348736
63348736
63348736
63332352
63324160
63315968
63291392
63283200
63250432
63209472
63193088
63184896
63168512
63168512
63168512
63152128
63143936
63135744
63119360
63111168
63102976
63078400
63070208
63070208
63053824
63053824
63053824
63037440
63029248
63029248
62996480
62971904
62963712
62939136
62939136
62930944
62906368
62906368
62898176
62873600
62873600
62865408
62849024
62832640
62824448
62808064
62808064
62808064
62791680
62783488
62775296
62758912
62742528
62742528
62701568
62693376
62685184
62668800
62668800
62668800
62652416
62644224
62644224
62611456
62611456
62595072
62570496
62562304
62562304
62537728
62537728
62537728
62513152
62504960
62488576
62472192
62464000
62439424
62414848
62414848
62414848
62398464
62390272
62382080
62365696
62357504
62357504
62332928
62332928
62324736
62308352
62291968
62291968
62267392
62251008
62234624
62201856
62201856
62193664
62177280
62152704
62152704
62136320
62136320
62136320
62111744
62103552
62095360
62078976
62070784
62062592
62038016
62038016
62038016
62021632
62021632
62013440
61988864
61980672
61972480
61956096
61939712
61923328
61890560
61882368
61882368
61865984
61865984
61857792
61833216
61833216
61833216
61808640
61792256
61792256
61767680
61767680
61759488
61734912
61726720
61718528
61702144
61702144
61693952
61677568
61669376
61652992
61628416
61620224
61620224
61587456
61579264
61571072
61554688
61546496
61546496
61521920
61521920
61521920
61497344
61497344
61472768
61448192
61448192
61448192
61423616
61423616
61415424
61399040
61382656
61382656
61366272
61358080
61349888
61325312
61317120
61300736
61284352
61267968
61259776
61227008
61227008
61227008
61202432
61194240
61194240
61177856
61161472
61161472
61128704
61128704
61128704
61095936
61095936
61087744
61063168
61063168
61063168
61046784
61038592
61030400
60997632
60989440
60981248
60964864
60956672
60940288
60923904
60923904
60915712
60891136
60882944
60882944
60866560
60858368
60841984
60825600
60801024
60801024
60784640
60784640
60776448
60751872
60743680
60743680
60727296
60727296
60719104
60686336
60686336
60686336
60661760
60653568
60645376
60628992
60620800
60620800
60596224
60579840
60563456
60538880
60538880
60538880
60514304
60506112
60489728
60473344
60473344
60473344
60456960
60440576
60440576
60424192
60416000
60407808
60391424
60383232
60383232
60358656
60350464
60350464
60293120
60293120
60284928
60260352
60243968
60219392
60194816
60194816
60194816
60178432
60178432
60170240
60137472
60137472
60137472
60112896
60112896
60104704
60080128
60080128
60080128
60063744
60055552
60030976
60014592
60014592
59998208
59973632
59965440
59965440
59940864
59932672
59932672
59899904
59891712
59891712
59875328
59875328
59867136
59850752
59834368
59834368
59817984
59817984
59809792
59777024
59760640
59752448
59736064
59727872
59727872
59703296
59703296
59703296
59678720
59670528
59662336
59645952
59637760
59629568
59604992
59604992
59588608
59572224
59572224
59572224
59547648
59539456
59523072
59482112
59482112
59465728
59449344
59441152
59441152
59424768
59424768
59416576
59392000
59392000
59392000
59375616
59359232
59359232
59326464
59318272
59318272
59293696
59277312
59277312
59236352
59236352
59219968
59195392
59195392
59187200
59162624
59154432
59154432
59129856
59129856
59121664
59105280
59105280
59105280
59080704
59072512
59072512
59056128
59056128
59031552
59006976
58998784
58998784
58982400
58957824
58949632
58925056
58925056
58916864
58900480
58892288
58892288
58859520
58851328
58851328
58834944
58826752
58826752
58802176
58802176
58802176
58769408
58761216
58753024
58736640
58736640
58728448
58679296
58679296
58671104
58654720
58654720
58646528
58621952
58613760
58613760
58589184
58589184
58580992
58556416
58548224
58540032
58523648
58507264
58507264
58490880
58482688
58482688
58466304
58458112
58441728
58417152
58408960
58408960
58384384
58376192
58376192
58351616
58351616
58343424
58318848
58310656
58294272
58277888
58261504
58245120
58228736
58228736
58220544
58195968
58195968
58187776
58171392
58146816
58146816
58130432
58122240
58122240
58097664
58089472
58089472
58073088
58073088
58056704
58040320
58023936
58015744
57991168
57991168
57982976
57958400
57950208
57950208
57925632
57917440
57917440
57876480
57868288
57860096
57843712
57843712
57835520
57819136
57819136
57810944
57786368
57786368
57769984
57753600
57745408
57745408
57720832
57712640
57712640
57696256
57696256
57688064
57663488
57647104
57630720
57606144
57597952
57597952
57573376
57573376
57565184
57548800
57540608
57532416
57507840
57507840
57491456
57475072
57475072
57466880
57450496
57450496
57450496
57425920
57417728
57409536
57393152
57368576
57368576
57335808
57327616
57319424
57294848
57294848
57278464
57245696
57237504
57237504
57204736
57204736
57204736
57180160
57171968
57171968
57155584
57147392
57147392
57122816
57122816
57114624
57081856
57081856
57073664
57049088
57049088
57040896
57016320
57008128
56999936
56975360
56967168
56967168
56950784
56942592
56934400
56918016
56909824
56909824
56877056
56868864
56868864
56844288
56844288
56827904
56811520
56803328
56803328
56778752
56778752
56770560
56745984
56729600
56721408
56705024
56705024
56705024
56680448
56680448
56672256
56655872
56647680
56647680
56614912
56606720
56590336
56573952
56557568
56549376
56524800
56516608
56516608
56492032
56492032
56483840
56459264
56459264
56459264
56434688
56426496
56418304
56401920
56401920
56393728
56377344
56360960
56352768
56328192
56320000
56320000
56287232
56262656
56254464
56229888
56221696
56221696
56197120
56188928
56188928
56172544
56172544
56172544
56147968
56147968
56147968
56123392
56115200
56098816
56074240
56074240
56074240
56057856
56049664
56025088
56008704
56000512
56000512
55975936
55959552
55951360
55926784
55918592
55918592
55902208
55894016
55894016
55877632
55877632
55869440
55844864
55836672
55828480
55812096
55803904
55795712
55762944
55746560
55746560
55730176
55721984
55721984
55689216
55689216
55689216
55656448
55656448
55648256
55631872
55623680
55615488
55590912
55590912
55574528
55558144
55558144
55549952
55533568
55517184
55517184
55484416
55484416
55476224
55459840
55435264
55435264
55418880
55418880
55418880
55394304
55394304
55377920
55361536
55345152
55336960
55304192
55304192
55287808
55263232
55263232
55255040
55238656
55238656
55222272
55189504
55189504
55173120
55156736
55156736
55156736
55140352
55140352
55123968
55107584
55107584
55107584
55083008
55066624
55050240
55025664
55025664
55017472
55001088
54992896
54992896
54976512
54943744
54935552
54902784
54902784
54902784
54878208
54878208
54878208
54853632
54853632
54853632
54837248
54829056
54820864
54779904
54779904
54779904
54763520
54755328
54747136
54730752
54730752
54730752
54689792
54673408
54665216
54648832
54648832
54632448
54616064
54607872
54599680
54583296
54583296
54575104
54542336
54534144
54534144
54517760
54517760
54517760
54501376
54484992
54484992
54460416
54452224
54427648
54403072
54403072
54394880
54370304
54370304
54362112
54329344
54329344
54329344
54288384
54255616
54247424
54231040
54231040
54231040
54214656
54214656
54206464
54190080
54190080
54181888
54157312
54124544
54116352
54099968
54099968
54099968
54083584
54075392
54075392
54059008
54050816
54034432
54001664
54001664
53993472
53977088
53968896
53960704
53936128
53936128
53936128
53919744
53903360
53903360
53862400
53862400
53862400
53837824
53837824
53829632
53805056
53796864
53796864
53764096
53764096
53755904
53739520
53739520
53739520
53723136
53706752
53698560
53682176
53682176
53657600
53641216
53624832
53608448
53592064
53592064
53592064
53575680
53559296
53542912
53526528
53510144
53510144
53485568
53477376
53477376
53460992
53460992
53460992
53436416
53436416
53428224
53395456
53387264
53379072
53354496
53329920
53329920
53305344
53305344
53280768
53264384
53264384
53248000
53223424
53223424
53215232
53198848
53198848
53198848
53182464
53174272
53166080
53149696
53141504
53133312
53116928
53100544
53100544
53067776
53067776
53059584
53035008
53026816
53026816
53002240
52985856
52985856
52961280
52953088
52944896
52928512
52928512
52920320
52903936
52903936
52895744
52871168
52871168
52862976
52838400
52838400
52813824
52781056
52781056
52772864
52756480
52748288
52740096
52723712
52715520
52715520
52690944
52690944
52682752
52658176
52649984
52641792
52617216
52609024
52609024
52584448
52584448
52584448
52559872
52543488
52543488
52518912
52502528
52494336
52469760
52469760
52461568
52445184
52445184
52445184
52428800
52428800
52412416
52396032
52379648
52355072
52330496
52330496
52322304
52289536
52289536
52289536
52256768
52248576
52248576
52224000
52215808
52215808
52191232
52183040
52174848
52158464
52158464
52158464
52133888
52133888
52125696
52109312
52101120
52101120
52068352
52051968
52043776
52027392
52019200
52002816
51978240
51970048
51961856
51937280
51937280
51929088
51912704
51904512
51904512
51888128
51888128
51879936
51847168
51847168
51838976
51822592
51806208
51806208
51789824
51789824
51781632
51765248
51740672
51732480
51716096
51699712
51691520
51666944
51666944
51666944
51642368
51642368
51642368
51609600
51601408
51601408
51576832
51568640
51568640
51544064
51535872
51535872
51519488
51519488
51511296
51470336
51462144
51453952
51437568
51429376
51429376
51404800
51404800
51396608
51363840
51355648
51347456
51331072
51314688
51290112
51265536
51265536
51265536
51249152
51249152
51249152
51224576
51216384
51191808
51167232
51167232
51159040
51134464
51134464
51134464
51118080
51118080
51109888
51085312
51085312
51077120
51044352
51036160
51027968
51003392
51003392
51003392
50978816
50970624
50962432
50946048
50929664
50921472
50905088
50896896
50896896
50872320
50864128
50864128
50847744
50831360
50823168
50806784
50798592
50798592
50774016
50774016
50774016
50757632
50757632
50733056
50700288
50700288
50700288
50659328
50659328
50642944
50626560
50626560
50626560
50610176
50610176
50585600
50552832
50544640
50536448
50520064
50520064
50511872
50495488
50495488
50495488
50479104
50462720
50462720
50438144
50421760
50405376
50372608
50356224
50356224
50339840
50339840
50339840
50290688
50290688
50290688
50266112
50257920
50257920
50233344
50233344
50225152
50208768
50208768
50192384
50176000
50176000
50176000
50151424
50135040
50118656
50102272
50102272
50102272
50077696
50053120
50044928
50028544
50028544
50020352
50003968
49995776
49987584
49963008
49963008
49963008
49938432
49930240
49930240
49905664
49897472
49897472
49856512
49856512
49856512
49831936
49815552
49807360
49782784
49782784
49782784
49758208
49758208
49750016
49717248
49717248
49717248
49700864
49684480
49676288
49651712
49651712
49643520
49627136
49627136
49602560
49586176
49569792
49569792
49545216
49537024
49528832
49512448
49504256
49504256
49487872
49479680
49479680
49463296
49463296
49446912
49414144
49405952
49397760
49364992
49364992
49364992
49340416
49307648
49307648
49291264
49283072
49283072
49258496
49258496
49242112
49225728
49217536
49209344
49192960
49192960
49192960
49168384
49160192
49160192
49143808
49143808
49135616
49119232
49094656
49070080
49037312
49037312
49029120
49012736
49004544
49004544
48979968
48971776
48971776
48947200
48947200
48939008
48914432
48906240
48906240
48881664
48881664
48881664
48857088
48857088
48840704
48824320
48824320
48807936
48775168
48775168
48758784
48742400
48734208
48726016
48709632
48709632
48701440
48685056
48676864
48668672
48652288
48635904
48635904
48619520
48603136
48594944
48578560
48570368
48570368
48553984
48529408
48529408
48504832
48504832
48496640
48472064
48472064
48472064
48431104
48422912
48414720
48381952
48381952
48381952
48357376
48357376
48340992
48300032
48300032
48291840
48275456
48275456
48259072
48226304
48226304
48218112
48201728
48193536
48193536
48168960
48160768
48160768
48144384
48136192
48136192
48119808
48103424
48103424
48070656
48062464
48062464
48046080
48029696
48029696
48005120
47996928
47980544
47955968
47955968
47955968
47923200
47923200
47923200
47898624
47898624
47882240
47865856
47865856
47857664
47833088
47833088
47824896
47808512
47808512
47792128
47775744
47767552
47759360
47734784
47710208
47710208
47693824
47685632
47685632
47661056
47652864
47652864
47628288
47620096
47620096
47595520
47570944
47570944
47546368
47546368
47546368
47521792
47521792
47513600
47497216
47497216
47497216
47448064
47431680
47423488
47398912
47390720
47382528
47366144
47357952
47357952
47341568
47325184
47316992
47300608
47292416
47276032
47259648
47259648
47251456
47226880
47226880
47226880
47210496
47202304
47185920
47169536
47161344
47161344
47136768
47120384
47112192
47095808
47079424
47079424
47054848
47054848
47054848
47030272
47030272
47030272
46997504
46981120
46981120
46956544
46956544
46956544
46931968
46915584
46907392
46891008
46891008
46882816
46858240
46850048
46833664
46817280
46817280
46800896
46784512
46776320
46776320
46751744
46743552
46735360
46718976
46718976
46710784
46694400
46678016
46678016
46637056
46628864
46628864
46604288
46596096
46587904
46571520
46571520
46571520
46538752
46538752
46530560
46514176
46514176
46514176
46473216
46473216
46465024
46448640
46440448
46424064
46407680
46391296
46374912
46358528
46358528
46325760
46309376
46309376
46301184
46284800
46276608
46276608
46252032
46252032
46243840
46227456
46211072
46211072
46194688
46194688
46194688
46178304
46161920
46161920
46137344
46120960
46104576
46055424
46055424
46055424
46039040
46039040
46039040
46014464
46006272
45998080
45973504
45973504
45957120
45932544
45932544
45932544
45916160
45916160
45907968
45891584
45883392
45883392
45842432
45834240
45817856
45801472
45793280
45793280
45776896
45760512
45760512
45735936
45735936
45735936
45711360
45703168
45694976
45678592
45670400
45662208
45637632
45637632
45629440
45604864
45604864
45580288
45555712
45555712
45555712
45539328
45539328
45539328
45498368
45490176
45490176
45465600
45457408
45441024
45416448
45416448
45416448
45400064
45400064
45391872
45359104
45334528
45326336
45301760
45277184
45277184
45260800
45260800
45260800
45244416
45236224
45228032
45211648
45203456
45195264
45178880
45162496
45162496
45146112
45146112
45146112
45113344
45105152
45096960
45080576
45072384
45064192
45023232
45023232
45015040
44990464
44990464
44982272
44965888
44957696
44957696
44933120
44933120
44924928
44900352
44900352
44900352
44883968
44875776
44859392
44834816
44834816
44826624
44810240
44802048
44777472
44761088
44752896
44752896
44736512
44728320
44720128
44703744
44679168
44679168
44654592
44654592
44654592
44638208
44630016
44613632
44589056
44580864
44580864
44556288
44556288
44556288
44523520
44507136
44507136
44490752
44482560
44466176
44433408
44425216
44417024
44400640
44400640
44392448
44376064
44376064
44351488
44335104
44326912
44318720
44294144
44285952
44285952
44269568
44261376
44261376
44228608
44228608
44228608
44212224
44195840
44187648
44163072
44154880
44154880
44130304
44122112
44113920
44097536
44097536
44097536
44072960
44064768
44056576
44032000
44023808
44007424
43991040
43991040
43974656
43958272
43958272
43950080
43925504
43917312
43917312
43900928
43892736
43876352
43843584
43843584
43843584
43827200
43819008
43810816
43778048
43778048
43778048
43761664
43753472
43753472
43728896
43704320
43696128
43671552
43663360
43655168
43638784
43638784
43638784
43606016
43606016
43606016
43589632
43581440
43573248
43540480
43532288
43532288
43515904
43515904
43499520
43483136
43474944
43466752
43433984
43425792
43409408
43384832
43384832
43376640
43343872
43335680
43335680
43319296
43319296
43319296
43302912
43286528
43278336
43253760
43253760
43253760
43229184
43220992
43220992
43204608
43204608
43188224
43163648
43147264
43139072
43114496
43098112
43089920
43073536
43073536
43073536
43048960
43048960
43032576
42999808
42999808
42999808
42983424
42975232
42967040
42950656
42950656
42950656
42934272
42909696
42885120
42868736
42860544
42860544
42844160
42835968
42827776
42811392
42803200
42803200
42778624
42762240
42762240
42745856
42737664
42737664
42704896
42704896
42704896
42680320
42680320
42680320
42622976
42614784
42614784
42598400
42598400
42590208
42565632
42565632
42565632
42549248
42541056
42516480
42491904
42491904
42483712
42450944
42442752
42442752
42426368
42426368
42418176
42401792
42369024
42328064
42311680
42311680
42311680
42295296
42287104
42287104
42270720
42270720
42270720
42229760
42221568
42213376
42196992
42196992
42196992
42172416
42172416
42172416
42147840
42147840
42123264
42098688
42082304
42082304
42049536
42049536
42041344
42016768
42016768
42016768
42000384
41992192
41975808
41959424
41959424
41959424
41943040
41926656
41918464
41902080
41902080
41893888
41869312
41852928
41852928
41820160
41820160
41811968
41787392
41787392
41779200
41762816
41754624
41746432
41713664
41713664
41705472
41689088
41689088
41689088
41664512
41664512
41656320
41623552
41615360
41598976
41574400
41574400
41558016
41541632
41541632
41533440
41517056
41508864
41508864
41467904
41443328
41443328
41426944
41426944
41418752
41402368
41394176
41394176
41361408
41361408
41353216
41320448
41312256
41312256
41295872
41279488
41279488
41254912
41246720
41246720
41230336
41222144
41222144
41189376
41189376
41181184
41164800
41156608
41148416
41123840
41123840
41123840
41091072
41091072
41074688
41058304
41058304
41050112
41009152
41000960
41000960
40984576
40984576
40976384
40960000
40943616
40935424
40919040
40919040
40919040
40886272
40869888
40869888
40853504
40845312
40845312
40804352
40804352
40804352
40787968
40779776
40755200
40738816
40730624
40730624
40697856
40697856
40681472
40665088
40665088
40665088
40648704
40640512
40632320
40607744
40607744
40591360
40574976
40558592
40558592
40542208
40542208
40534016
40517632
40484864
40476672
40460288
40452096
40443904
40402944
40402944
40402944
40386560
40370176
40370176
40345600
40345600
40345600
40321024
40321024
40312832
40288256
40271872
40271872
40255488
40255488
40247296
40214528
40214528
40206336
40189952
40181760
40165376
40148992
40140800
40124416
40099840
40091648
40091648
40075264
40067072
40067072
40042496
40026112
40026112
40009728
40009728
40001536
39976960
39976960
39952384
39927808
39927808
39927808
39895040
39895040
39886848
39870464
39870464
39862272
39837696
39829504
39821312
39804928
39796736
39780352
39763968
39763968
39763968
39747584
39739392
39731200
39714816
39682048
39682048
39665664
39649280
39641088
39616512
39616512
39616512
39600128
39591936
39591936
39567360
39567360
39559168
39518208
39518208
39510016
39485440
39485440
39477248
39452672
39452672
39444480
39411712
39411712
39395328
39346176
39346176
39346176
39329792
39329792
39321600
39305216
39288832
39288832
39272448
39264256
39256064
39231488
39231488
39231488
39215104
39206912
39206912
39174144
39174144
39157760
39124992
39108608
39108608
39092224
39084032
39084032
39059456
39051264
39043072
39026688
39026688
39026688
38993920
38993920
38985728
38969344
38969344
38952960
38936576
38928384
38928384
38903808
38887424
38871040
38854656
38854656
38846464
38830080
38821888
38813696
38780928
38780928
38780928
38764544
38748160
38748160
38723584
38723584
38723584
38707200
38699008
38690816
38658048
38641664
38641664
38592512
38592512
38592512
38576128
38576128
38576128
38551552
38535168
38535168
38510592
38494208
38477824
38453248
38453248
38453248
38436864
38436864
38428672
38404096
38387712
38387712
38371328
38363136
38330368
38313984
38305792
38305792
38289408
38281216
38273024
38256640
38256640
38256640
38240256
38223872
38223872
38199296
38191104
38191104
38158336
38141952
38141952
38125568
38125568
38125568
38092800
38076416
38076416
38051840
38043648
38043648
38010880
38010880
38002688
37986304
37986304
37969920
37953536
37953536
37953536
37937152
37928960
37896192
37879808
37879808
37879808
37855232
37830656
37830656
37797888
37797888
37797888
37781504
37765120
37756928
37740544
37732352
37732352
37699584
37699584
37699584
37675008
37675008
37666816
37634048
37634048
37634048
37609472
37609472
37601280
37576704
37576704
37552128
37535744
37527552
37494784
37478400
37478400
37478400
37462016
37445632
37437440
37421056
37421056
37404672
37388288
37371904
37371904
37355520
37347328
37347328
37322752
37314560
37306368
37289984
37273600
37273600
37240832
37240832
37240832
37224448
37224448
37216256
37175296
37175296
37167104
37134336
37134336
37117952
37101568
37101568
37101568
37085184
37076992
37060608
37044224
37044224
37036032
36995072
36986880
36978688
36962304
36962304
36962304
36945920
36929536
36929536
36904960
36904960
36904960
36880384
36847616
36847616
36831232
36831232
36831232
36798464
36798464
36798464
36782080
36782080
36749312
36724736
36724736
36716544
36691968
36691968
36675584
36651008
36651008
36651008
36634624
36626432
36618240
36601856
36601856
36601856
36569088
36552704
36536320
36511744
36511744
36503552
36478976
36454400
36454400
36438016
36438016
36438016
36405248
36372480
36372480
36356096
36347904
36339712
36315136
36315136
36315136
36298752
36298752
36290560
36265984
36257792
36257792
36241408
36233216
36225024
36175872
36175872
36175872
36159488
36151296
36134912
36118528
36118528
36110336
36085760
36077568
36069376
36052992
36052992
36044800
36028416
36012032
36012032
35995648
35995648
35987456
35962880
35954688
35938304
35921920
35913728
35913728
35880960
35872768
35864576
35848192
35840000
35840000
35815424
35807232
35807232
35790848
35790848
35774464
35758080
35749888
35749888
35717120
35717120
35708928
35692544
35667968
35651584
35635200
35618816
35618816
35602432
35602432
35594240
35577856
35561472
35553280
35528704
35520512
35512320
35487744
35479552
35479552
35463168
35454976
35454976
35430400
35430400
35414016
35381248
35373056
35364864
35332096
35332096
35332096
35307520
35307520
35299328
35282944
35282944
35282944
35266560
35266560
35250176
35225600
35209216
35201024
35184640
35176448
35168256
35151872
35151872
35135488
35119104
35102720
35102720
35086336
35069952
35053568
35037184
35028992
35028992
35012608
35012608
35012608
34979840
34979840
34979840
34955264
34955264
34947072
34906112
34897920
34897920
34873344
34856960
34840576
34824192
34824192
34816000
34799616
34799616
34791424
34766848
34766848
34758656
34734080
34725888
34717696
34701312
34693120
34693120
34668544
34660352
34660352
34643968
34635776
34635776
34594816
34586624
34570240
34545664
34537472
34529280
34504704
34504704
34504704
34488320
34488320
34471936
34447360
34447360
34439168
34406400
34398208
34390016
34373632
34373632
34373632
34357248
34349056
34324480
34299904
34291712
34291712
34275328
34267136
34267136
34242560
34242560
34234368
34217984
34201600
34201600
34168832
34152448
34152448
34127872
34127872
34127872
34111488
34111488
34095104
34062336
34045952
34037760
34021376
34013184
34013184
33988608
33988608
33988608
33972224
33972224
33955840
33939456
33914880
33914880
33898496
33890304
33873920
33857536
33857536
33857536
33841152
33824768
33824768
33783808
33783808
33783808
33751040
33742848
33742848
33718272
33718272
33718272
33685504
33677312
33669120
33652736
33652736
33652736
33628160
33628160
33619968
33595392
33587200
33570816
33538048
33529856
33513472
33497088
33497088
33488896
33472512
33472512
33472512
33456128
33431552
33398784
33374208
33374208
33374208
33357824
33349632
33349632
33333248
33333248
33333248
33308672
33300480
33284096
33259520
33243136
33243136
33210368
33210368
33210368
33193984
33193984
33185792
33153024
33144832
33144832
33120256
33120256
33103872
33079296
33079296
33079296
33062912
33062912
33046528
33021952
33021952
33021952
32989184
32980992
32972800
32956416
32948224
32940032
32923648
32907264
32890880
32874496
32874496
32874496
32858112
32849920
32841728
32825344
32825344
32825344
32784384
32776192
32768000
32751616
32751616
32735232
32710656
32710656
32702464
32669696
32669696
32661504
32628736
32628736
32620544
32604160
32595968
32587776
32563200
32555008
32555008
32530432
32522240
32505856
32489472
32489472
32489472
32473088
32440320
32440320
32407552
32407552
32407552
32382976
32358400
32358400
32342016
32342016
32342016
32317440
32317440
32317440
32292864
32292864
32292864
32251904
32243712
32235520
32219136
32219136
32219136
32169984
32169984
32169984
32153600
32153600
32120832
32104448
32104448
32096256
32071680
32071680
32063488
32047104
32047104
32047104
32030720
32006144
32006144
31989760
31981568
31981568
31956992
31932416
31916032
31891456
31891456
31891456
31850496
31850496
31850496
31834112
31834112
31834112
31801344
31793152
31793152
31768576
31768576
31752192
31727616
31727616
31727616
31711232
31703040
31694848
31678464
31662080
31645696
31629312
31612928
31596544
31580160
31571968
31563776
31547392
31539200
31539200
31522816
31522816
31522816
31481856
31465472
31465472
31449088
31432704
31432704
31416320
31408128
31408128
31375360
31375360
31358976
31334400
31326208
31326208
31301632
31301632
31301632
31277056
31277056
31268864
31252480
31244288
31227904
31211520
31203328
31186944
31170560
31170560
31154176
31137792
31137792
31121408
31088640
31080448
31072256
31055872
31055872
31047680
31031296
31023104
31023104
31006720
30998528
30990336
30965760
30957568
30949376
30932992
30924800
30924800
30892032
30892032
30892032
30875648
30851072
30842880
30810112
30810112
30810112
30793728
30785536
30777344
30760960
30752768
30752768
30728192
30720000
30703616
30687232
30687232
30679040
30662656
30662656
30654464
30629888
30629888
30605312
30556160
30547968
30547968
30531584
30523392
30523392
30507008
30490624
30490624
30474240
30466048
30449664
30400512
30400512
30400512
30384128
30384128
30384128
30359552
30359552
30359552
30326784
30318592
30302208
30269440
30269440
30269440
30244864
30244864
30236672
30220288
30220288
30212096
30187520
30179328
30162944
30146560
30138368
30138368
30121984
30105600
30105600
30089216
30081024
30081024
30056448
30031872
30031872
30015488
30007296
29999104
29982720
29974528
29974528
29941760
29941760
29925376
29900800
29900800
29900800
29884416
29884416
29884416
29843456
29843456
29835264
29818880
29810688
29802496
29761536
29761536
29761536
29745152
29745152
29736960
29712384
29687808
29679616
29655040
29646848
29646848
29630464
29622272
29622272
29597696
29581312
29581312
29556736
29548544
29540352
29515776
29507584
29491200
29474816
29474816
29474816
29450240
29433856
29425664
29409280
29401088
29384704
29368320
29368320
29368320
29343744
29343744
29335552
29319168
29310976
29310976
29294592
29278208
29270016
29245440
29229056
29229056
29212672
29196288
29188096
29163520
29163520
29163520
29138944
29130752
29130752
29106176
29097984
29097984
29073408
29073408
29065216
29048832
29040640
29032448
29007872
29007872
29007872
28975104
28966912
28942336
28917760
28909568
28909568
28893184
28884992
28876800
28852224
28852224
28852224
28835840
28835840
28819456
28794880
28786688
28786688
28762112
28753920
28753920
28737536
28737536
28704768
28688384
28680192
28672000
28647424
28647424
28631040
28606464
28598272
28590080
28573696
28573696
28573696
28549120
28532736
28532736
28516352
28499968
28491776
28475392
28475392
28459008
28442624
28426240
28418048
28393472
28393472
28393472
28360704
28352512
28344320
28327936
28327936
28327936
28311552
28303360
28286976
28270592
28270592
28270592
28246016
28237824
28221440
28188672
28188672
28188672
28147712
28139520
28139520
28123136
28114944
28106752
28082176
28082176
28082176
28057600
28049408
28041216
28016640
28016640
28016640
28000256
27992064
27983872
27959296
27951104
27951104
27934720
27926528
27893760
27869184
27869184
27869184
27844608
27836416
27836416
27820032
27820032
27811840
27795456
27779072
27770880
27754496
27754496
27738112
27705344
27705344
27705344
27688960
27688960
27688960
27648000
27631616
27623424
27590656
27582464
27582464
27557888
27549696
27549696
27533312
27533312
27516928
27500544
27500544
27500544
27467776
27443200
27435008
27418624
27418624
27418624
27394048
27377664
27377664
27344896
27344896
27336704
27320320
27303936
27303936
27279360
27279360
27279360
27254784
27246592
27238400
27222016
27213824
27205632
27181056
27181056
27172864
27156480
27156480
27140096
27115520
27115520
27099136
27082752
27066368
27058176
27041792
27041792
27041792
27017216
27009024
27000832
26984448
26976256
26968064
26943488
26935296
26935296
26910720
26910720
26910720
26886144
26869760
26869760
26853376
26836992
26828800
26812416
26796032
26796032
26779648
26779648
26763264
26738688
26730496
26714112
26697728
26689536
26689536
26664960
26656768
26656768
26632192
26615808
26607616
26591232
26583040
26574848
26533888
26533888
26525696
26509312
26509312
26509312
26484736
26476544
26460160
26443776
26443776
26435584
26402816
26394624
26394624
26378240
26378240
26370048
26353664
26345472
26345472
26329088
26320896
26296320
26271744
26263552
26255360
26238976
26230784
26222592
26198016
26198016
26198016
26181632
26173440
26165248
26148864
26140672
26132480
26107904
26099712
26091520
26075136
26075136
26075136
26050560
26034176
26025984
26009600
26009600
25993216
25952256
25944064
25944064
25919488
25919488
25911296
25894912
25886720
25886720
25870336
25862144
25862144
25829376
25829376
25821184
25804800
25796608
25788416
25747456
25747456
25747456
25714688
25714688
25714688
25690112
25681920
25673728
25649152
25640960
25624576
25608192
25600000
25591808
25575424
25575424
25567232
25550848
25550848
25534464
25518080
25509888
25493504
25460736
25452544
25452544
25427968
25419776
25419776
25403392
25395200
25395200
25370624
25362432
25362432
25337856
25337856
25329664
25305088
25305088
25296896
25280512
25272320
25264128
25239552
25206784
25198592
25182208
25182208
25174016
25157632
25157632
25149440
25124864
25108480
25108480
25092096
25075712
25075712
25059328
25051136
25051136
25034752
25034752
25026560
25001984
24985600
24985600
24936448
24936448
24928256
24903680
24903680
24903680
24887296
24879104
24879104
24854528
24854528
24846336
24821760
24821760
24805376
24780800
24780800
24780800
24756224
24748032
24739840
24723456
24715264
24698880
24674304
24666112
24657920
24633344
24616960
24608768
24592384
24584192
24584192
24551424
24551424
24551424
24535040
24526848
24526848
24510464
24494080
24469504
24436736
24436736
24428544
24412160
24395776
24395776
24371200
24371200
24371200
24346624
24346624
24330240
24305664
24297472
24289280
24272896
24272896
24264704
24248320
24248320
24240128
24215552
24207360
24207360
24174592
24174592
24174592
24133632
24117248
24117248
24100864
24100864
24092672
24076288
24068096
24059904
24043520
24035328
24035328
24010752
24010752
23994368
23969792
23961600
23961600
23937024
23928832
23928832
23912448
23912448
23879680
23863296
23863296
23863296
23838720
23838720
23814144
23789568
23789568
23789568
23773184
23764992
23756800
23724032
23724032
23715840
23699456
23683072
23674880
23650304
23633920
23633920
23617536
23592960
23592960
23568384
23560192
23560192
23535616
23527424
23527424
23511040
23511040
23511040
23461888
23461888
23461888
23437312
23429120
23420928
23396352
23396352
23396352
23379968
23379968
23371776
23339008
23330816
23322624
23298048
23298048
23273472
23257088
23257088
23257088
23232512
23224320
23224320
23207936
23207936
23199744
23183360
23158784
23150592
23126016
23126016
23126016
23101440
23101440
23085056
23068672
23060480
23060480
23027712
23027712
23027712
22986752
22970368
22970368
22945792
22945792
22945792
22921216
22921216
22904832
22888448
22888448
22888448
22872064
22863872
22847488
22822912
22806528
22798336
22781952
22765568
22765568
22749184
22740992
22740992
22724608
22716416
22700032
22683648
22659072
22650880
22626304
22618112
22618112
22601728
22601728
22601728
22577152
22577152
22577152
22528000
22528000
22519808
22487040
22470656
22470656
22454272
22454272
22446080
22429696
22429696
22421504
22405120
22388736
22380544
22364160
22364160
22347776
22331392
22331392
22323200
22306816
22306816
22282240
22257664
22241280
22224896
22208512
22208512
22208512
22192128
22175744
22175744
22151168
22142976
22134784
22110208
22110208
22102016
22085632
22085632
22085632
22061056
22061056
22061056
22028288
21995520
21987328
21962752
21962752
21962752
21938176
21938176
21929984
21913600
21913600
21905408
21880832
21880832
21864448
21848064
21839872
21839872
21823488
21807104
21807104
21790720
21782528
21766144
21733376
21725184
21725184
21700608
21692416
21684224
21651456
21651456
21643264
21618688
21610496
21610496
21585920
21585920
21585920
21569536
21569536
21569536
21536768
21536768
21520384
21471232
21471232
21446656
21430272
21430272
21430272
21413888
21413888
21405696
21389312
21381120
21364736
21331968
21323776
21323776
21307392
21307392
21307392
21291008
21282816
21282816
21258240
21241856
21241856
21217280
21184512
21184512
21168128
21159936
21159936
21135360
21135360
21135360
21102592
21102592
21102592
21078016
21078016
21069824
21045248
21045248
21028864
21004288
21004288
20987904
20971520
20971520
20963328
20930560
20930560
20930560
20905984
20897792
20889600
20873216
20856832
20856832
20832256
20824064
20824064
20807680
20807680
20807680
20774912
20758528
20758528
20725760
20709376
20709376
20676608
20668416
20652032
20635648
20635648
20627456
20611072
20602880
20586496
20570112
20570112
20561920
20537344
20537344
20537344
20520960
20496384
20496384
20480000
20463616
20455424
20439040
20430848
20430848
20414464
20398080
20389888
20373504
20357120
20357120
20332544
20324352
20324352
20291584
20291584
20291584
20275200
20267008
20267008
20242432
20234240
20226048
20201472
20201472
20193280
20168704
20160512
20160512
20127744
20127744
20119552
20103168
20094976
20086784
20062208
20054016
20054016
20029440
20021248
20004864
19988480
19980288
19980288
19955712
19947520
19947520
19931136
19922944
19914752
19898368
19898368
19873792
19849216
19841024
19832832
19808256
19808256
19808256
19783680
19783680
19775488
19759104
19750912
19734528
19709952
19693568
19677184
19660800
19660800
19652608
19636224
19636224
19636224
19619840
19603456
19595264
19562496
19546112
19546112
19529728
19521536
19505152
19488768
19488768
19488768
19472384
19464192
19456000
19431424
19431424
19415040
19390464
19390464
19382272
19365888
19365888
19365888
19324928
19316736
19316736
19292160
19292160
19283968
19243008
19234816
19234816
19218432
19218432
19210240
19185664
19177472
19169280
19152896
19152896
19144704
19120128
19120128
19120128
19095552
19087360
19062784
19046400
19030016
19030016
19005440
18997248
18997248
18980864
18972672
18972672
18956288
18939904
18931712
18907136
18907136
18907136
18882560
18882560
18874368
18857984
18857984
18849792
18817024
18800640
18792448
18767872
18759680
18751488
18726912
18726912
18718720
18694144
18694144
18677760
18653184
18644992
18644992
18628608
18620416
18612224
18587648
18587648
18587648
18571264
18554880
18554880
18505728
18481152
18481152
18456576
18456576
18456576
18440192
18440192
18432000
18399232
18399232
18391040
18366464
18358272
18358272
18333696
18333696
18333696
18317312
18317312
18300928
18284544
18268160
18243584
18227200
18227200
18210816
18194432
18194432
18186240
18169856
18153472
18153472
18137088
18128896
18128896
18104320
18096128
18096128
18071552
18071552
18063360
18030592
18022400
18022400
17997824
17981440
17981440
17956864
17956864
17948672
17932288
17924096
17915904
17891328
17891328
17883136
17866752
17858560
17850368
17833984
17833984
17833984
17817600
17793024
17768448
17752064
17735680
17735680
17694720
17678336
17678336
17661952
17661952
17661952
17637376
17629184
17620992
17588224
17588224
17588224
17563648
17563648
17563648
17547264
17547264
17522688
17498112
17498112
17489920
17465344
17465344
17432576
17416192
17416192
17416192
17399808
17383424
17375232
17358848
17358848
17350656
17334272
17317888
17317888
17301504
17293312
17285120
17260544
17252352
17252352
17235968
17227776
17227776
17211392
17178624
17170432
17154048
17154048
17145856
17113088
17113088
17113088
17088512
17088512
17088512
17055744
17055744
17047552
17014784
17006592
16998400
16982016
16982016
16965632
16949248
16949248
16941056
16908288
16908288
16908288
16875520
16875520
16859136
16842752
16834560
16834560
16818176
16801792
16801792
16777216
16777216
16760832
16744448
16719872
16711680
16687104
16687104
16687104
16662528
16662528
16646144
16621568
16613376
16613376
16588800
16588800
16572416
16556032
16556032
16556032
16515072
16515072
16515072
16490496
16490496
16474112
16457728
16449536
16449536
16424960
16424960
16408576
16392192
16375808
16367616
16351232
16343040
16343040
16326656
16310272
16310272
16285696
16261120
16261120
16244736
16236544
16236544
16211968
16211968
16203776
16179200
16179200
16179200
16146432
16138240
16138240
16097280
16097280
16097280
16072704
16064512
16056320
16039936
16031744
16023552
16007168
16007168
15982592
15966208
15966208
15958016
15941632
15933440
15933440
15917056
15908864
15908864
15884288
15876096
15859712
15835136
15818752
15818752
15794176
15785984
15785984
15761408
15753216
15745024
15712256
15712256
15712256
15687680
15679488
15671296
15646720
15646720
15646720
15622144
15622144
15613952
15597568
15581184
15572992
15556608
15540224
15515648
15499264
15499264
15482880
15466496
15458304
15458304
15441920
15441920
15433728
15400960
15400960
15392768
15376384
15368192
15368192
15343616
15335424
15335424
15302656
15294464
15286272
15261696
15261696
15261696
15228928
15228928
15220736
15196160
15196160
15196160
15163392
15163392
15155200
15138816
15138816
15138816
15114240
15097856
15089664
15073280
15073280
15040512
15024128
15015936
15007744
14991360
14991360
14983168
14958592
14958592
14950400
14934016
14925824
14925824
14901248
14901248
14893056
14876672
14860288
14852096
14835712
14835712
14827520
14794752
14761984
14753792
14729216
14721024
14721024
14696448
14688256
14688256
14663680
14663680
14663680
14630912
14622720
14622720
14606336
14606336
14598144
14573568
14573568
14573568
14540800
14540800
14524416
14483456
14475264
14475264
14458880
14450688
14442496
14426112
14417920
14417920
14401536
14393344
14393344
14368768
14360576
14352384
14327808
14319616
14319616
14295040
14295040
14295040
14270464
14270464
14245888
14229504
14229504
14221312
14172160
14172160
14172160
14155776
14155776
14147584
14131200
14123008
14123008
14098432
14098432
14082048
14057472
14041088
14032896
14016512
14008320
14008320
13983744
13967360
13967360
13950976
13934592
13934592
13918208
13910016
13910016
13885440
13869056
13860864
13844480
13844480
13844480
13811712
13803520
13795328
13778944
13770752
13754368
13729792
13721600
13721600
13680640
13680640
13664256
13647872
13647872
13647872
13631488
13631488
13623296
13590528
13590528
13590528
13574144
13541376
13533184
13516800
13516800
13516800
13500416
13492224
13484032
13467648
13459456
13434880
13410304
13402112
13402112
13385728
13377536
13377536
13352960
13352960
13344768
13328384
13320192
13295616
13271040
13271040
13271040
13254656
13254656
13246464
13213696
13205504
13205504
13189120
13164544
13148160
13131776
13131776
13131776
13115392
13099008
13099008
13074432
13074432
13058048
13033472
13025280
13025280
13000704
13000704
13000704
12976128
12976128
12967936
12951552
12951552
12943360
12902400
12886016
12886016
12869632
12861440
12861440
12836864
12828672
12820480
12795904
12787712
12771328
12746752
12746752
12746752
12722176
12722176
12705792
12681216
12681216
12681216
12656640
12640256
12623872
12607488
12607488
12607488
12591104
12582912
12558336
12517376
12517376
12509184
12484608
12484608
12484608
12468224
12468224
12468224
12435456
12427264
12427264
12402688
12386304
12386304
12361728
12345344
12345344
12328960
12328960
12320768
12296192
12288000
12288000
12263424
12255232
12247040
12222464
12214272
12214272
12197888
12189696
12189696
12165120
12165120
12156928
12140544
12132352
12115968
12083200
12083200
12075008
12050432
12042240
12034048
12017664
12009472
12009472
11984896
11984896
11984896
11960320
11960320
11960320
11935744
11919360
11919360
11886592
11886592
11878400
11862016
11862016
11845632
11821056
11796480
11788288
11755520
11747328
11739136
11714560
11714560
11706368
11689984
11689984
11689984
11673600
11657216
11649024
11632640
11624448
11624448
11608064
11599872
11591680
11575296
11542528
11542528
11517952
11509760
11501568
11476992
11476992
11476992
11452416
11444224
11444224
11427840
11419648
11419648
11395072
11386880
11378688
11354112
11354112
11345920
11329536
11321344
11321344
11288576
11288576
11280384
11247616
11239424
11239424
11214848
11198464
11198464
11182080
11182080
11182080
11165696
11157504
11149312
11116544
11116544
11108352
11091968
11075584
11059200
11042816
11042816
11026432
11001856
10993664
10985472
10969088
10969088
10969088
10944512
10936320
10928128
10911744
10903552
10895360
10870784
10862592
10862592
10846208
10846208
10821632
10805248
10797056
10788864
10756096
10739712
10723328
10698752
10698752
10698752
10682368
10674176
10674176
10657792
10657792
10657792
10641408
10616832
10600448
10584064
10584064
10567680
10543104
10543104
10543104
10526720
10526720
10526720
10477568
10469376
10452992
10436608
10428416
10420224
10403840
10403840
10403840
10387456
10387456
10379264
10346496
10346496
10338304
10305536
10305536
10297344
10272768
10272768
10272768
10256384
10240000
10207232
10190848
10190848
10190848
10166272
10158080
10158080
10141696
10133504
10125312
10100736
10084352
10084352
10059776
10059776
10059776
10035200
10027008
10027008
10010624
10010624
10010624
9969664
9945088
9945088
9928704
9928704
9912320
9895936
9895936
9887744
9871360
9871360
9846784
9814016
9814016
9805824
9773056
9764864
9764864
9748480
9748480
9748480
9723904
9699328
9699328
9666560
9666560
9666560
9650176
9641984
9633792
9617408
9617408
9617408
9568256
9543680
9543680
9527296
9527296
9527296
9502720
9502720
9502720
9478144
9469952
9445376
9428992
9420800
9404416
9388032
9388032
9379840
9363456
9363456
9363456
9347072
9322496
9314304
9289728
9289728
9281536
9265152
9256960
9248768
9232384
9232384
9232384
9207808
9191424
9191424
9175040
9158656
9142272
9109504
9109504
9109504
9093120
9084928
9076736
9043968
9043968
9043968
9027584
9027584
9019392
9003008
8986624
8986624
8970240
8962048
8945664
8929280
8921088
8921088
8888320
8888320
8880128
8863744
8847360
8830976
8790016
8765440
8765440
8749056
8749056
8749056
8732672
8724480
8724480
8708096
8708096
8691712
8658944
8658944
8650752
8634368
8634368
8617984
8593408
8593408
8577024
8560640
8552448
8536064
8511488
8511488
8511488
8495104
8478720
8470528
8454144
8454144
8454144
8429568
8429568
8413184
8396800
8388608
8388608
8372224
8347648
8339456
8314880
8314880
8306688
8282112
8273920
8273920
8257536
8249344
8241152
8216576
8216576
8216576
8200192
8192000
8183808
8142848
8142848
8142848
8126464
8126464
8110080
8060928
8060928
8060928
8036352
8036352
8019968
8003584
7995392
7995392
