1846
1911
1695
1884
2038
2038
2137
2089
2047
2121
1985
1938
1967
1933
2382
2546
2515
2531
2351
2526
2644
2635
2600
2587
2693
2675
2700
2709
2875
2881
2845
2783
2890
3085
3103
2792
2735
2686
2745
2930
2960
3074
2899
2991
3058
3084
2949
2936
2961
3053
2890
3046
3064
2918
2937
2971
2959
3108
2920
2973
2993
2678
2690
2776
2677
3021
2944
2975
2951
2976
3098
2946
2962
3058
2951
2960
2886
2962
3068
2761
2694
2961
2906
2933
3023
2971
2999
2917
2947
3050
2992
2949
2914
3051
3064
2713
2728
2930
2984
2929
2903
2971
2951
2893
2922
3003
3095
3041
2968
2999
3091
2916
2983
2930
2982
2893
2984
3000
3020
2979
2938
3087
2901
2993
3021
2979
3008
2973
2951
3023
2959
2936
3028
2802
2687
2533
2717
2997
2951
2957
2979
2966
3079
3043
2968
2911
2958
3080
2968
2980
2967
2910
2677
2622
2689
2982
2772
2962
2971
2901
2975
2877
2983
2949
2977
2987
3113
2909
2872
3022
3034
2889
2886
2968
3004
2941
3023
2969
3062
3015
2977
2787
2774
2938
2735
3029
2947
2886
2930
2952
2962
2918
3004
2997
3000
2940
2996
3019
2996
2974
2925
3078
2716
2708
2684
2721
2988
2875
3031
2913
2938
3025
3021
3018
2921
3025
3069
2917
3012
3019
2934
2964
3043
2959
2989
2955
2897
2985
2877
2906
2993
2982
2984
3052
2864
3001
2924
2937
3041
2761
2644
2674
2713
2924
2990
3040
2996
3056
2931
3016
3055
3038
2951
2964
3039
2721
2760
2682
2666
2906
2970
3062
3014
2900
3000
3042
2660
2988
3072
2942
2993
2917
2985
2966
2871
2801
2960
3030
3001
3000
2690
2989
2937
2948
2984
2971
2901
2983
3029
2962
2954
2994
2903
2985
2941
2950
2984
2958
2917
3030
3000
2935
2943
2998
2939
2968
2842
3006
2848
2947
3010
2945
2875
2924
2910
2933
2977
2723
2724
2702
2719
3011
2970
2940
2936
2999
2966
2959
2844
2939
2968
2939
2848
2998
3091
2914
2996
2944
2863
2968
2949
2960
3060
2966
2987
3069
2939
2945
2912
2870
2961
2939
2978
2994
2899
2802
2995
2968
2953
2984
2729
2704
2796
2729
2951
3000
2991
2936
2957
2954
2970
3013
2965
2968
2946
2933
4320
2776
2900
2943
2954
2736
2603
2705
2699
2903
2985
2983
2951
2838
2992
2914
2944
2909
3012
2916
2926
3032
2730
2693
2647
2649
2952
2865
2933
2957
3083
2720
2739
2745
2882
2969
3039
2937
3003
2675
2681
2713
2689
2932
2934
2848
3094
2969
2869
2969
2952
3039
2885
3042
2874
2955
2962
2967
3033
2963
2917
2983
2940
2929
3039
2930
2963
2920
2908
2643
2518
3029
2923
3052
2900
2895
2987
2975
2927
3539
2839
2844
2819
2772
2809
2882
2595
2682
2609
2576
2885
2832
2787
2890
2828
2900
2781
2835
2829
2734
2820
2908
2823
2881
2661
2541
2791
2878
2804
2738
2905
2849
2814
2825
2882
2875
2875
2885
2846
2784
2792
2821
2874
2742
2726
2729
2711
2788
2808
2686
2725
2576
2460
2594
2549
2821
2822
2777
3031
2721
2875
2804
2803
2848
2843
2905
2803
2798
2807
2812
2858
2888
2832
2780
2864
2850
2863
2867
2878
2819
2795
2843
2844
2819
2861
2837
2786
2746
2878
2813
2825
2870
2788
2863
2765
2845
2836
2755
2852
2829
2773
2968
2875
2799
2680
2878
2870
2850
2862
2842
2803
2836
2828
2685
2838
2815
2812
2588
2623
2620
2594
2870
2869
2780
2721
2846
2778
2884
2872
2750
2788
2804
2859
2823
2817
2895
2844
2772
2843
2940
2599
2522
2621
2589
2801
2864
2792
2814
2861
2805
2844
2884
2838
2779
2796
2817
2830
2871
2861
2864
2824
2755
2868
2782
2885
2885
2830
2801
2750
2787
2845
2786
2815
2868
2827
2724
2831
2841
2790
2805
2870
2856
2795
2869
2800
2747
2876
2813
2785
2865
2787
2923
2776
2829
2782
2798
2841
2914
2809
2862
2804
2808
2746
2827
2806
2817
2805
2783
2785
2782
2810
2765
2814
2849
2835
2790
2841
2772
2822
2729
2897
2768
2815
2843
2816
2771
2765
2786
2699
2790
2796
2783
2750
2852
2682
2754
2767
2839
2789
2745
2832
2807
2805
2919
2818
2737
2849
2833
2850
2823
2852
2840
2849
2842
2851
2809
2786
2768
2752
2845
2823
2789
2813
2843
2868
2831
2861
2870
2832
2765
2867
2848
2838
2780
2804
2868
2865
2877
2825
2832
2776
2812
2838
2826
2793
2814
2780
2734
2790
2891
2769
2831
2794
2853
2841
2857
2768
2663
2909
2790
2865
2857
2754
2780
2805
2895
2821
2850
2854
2616
2483
2627
2605
2797
2940
2776
2747
2847
2882
2814
2781
2819
2818
2801
2836
2875
2809
2715
2821
2848
2790
2874
2826
2851
2825
2935
2863
2692
2927
2622
2638
2693
2623
2833
3386
3494
2853
2840
2788
2832
2892
2830
2900
2887
2884
2857
2779
2891
2896
2828
2899
3033
2816
2872
2903
2910
2779
2839
2844
2905
2840
2913
2819
2739
2880
2861
2932
2839
2937
2817
2876
2966
2852
2776
2891
2865
2838
2853
2837
2855
2880
2861
2950
2799
2870
2877
2907
2822
2764
2837
2855
2928
2819
2851
2859
2782
2833
2827
2892
2835
2782
2791
2801
2899
2828
2818
2881
2817
2745
2754
2822
2865
2717
2793
2810
2806
2869
2784
2714
2865
2815
2832
2807
2844
2839
3826
3254
2733
2856
2823
2789
2841
2850
2792
2862
2845
2837
2783
2847
2850
2834
2909
2907
2842
2791
2832
2718
2706
3311
2790
2794
2783
2833
2838
2864
2800
2800
2873
2718
2836
2778
2800
2832
2803
2751
2795
2808
2803
2831
2837
2807
2844
2876
2842
2797
2673
2857
2843
2812
2862
2853
2867
2837
2803
2801
2639
2834
2803
2864
2905
2811
2808
2680
2823
2864
2862
2870
2887
2753
2769
2864
2838
2794
2822
2835
2809
2811
2834
2820
2692
2877
2768
2843
2823
2806
2781
2774
2874
2840
2793
2810
2832
2802
2826
2839
2794
2731
2811
2828
2799
2810
2830
2788
2850
