443
455
333
439
448
455
457
449
446
450
335
451
338
443
709
718
740
720
767
764
826
818
823
838
871
890
870
882
965
977
981
968
979
1069
1035
976
871
874
870
1052
1049
1044
1043
1036
1060
1045
1043
1042
1083
1032
1047
1027
1075
1057
1054
1034
1073
1039
1037
1058
1066
872
878
879
870
1049
1036
1061
1037
1031
1048
1048
1043
1051
1037
1065
1047
1026
1044
869
874
1034
1079
1042
1124
1055
1056
1039
1048
1036
1075
1041
1039
1046
1060
858
885
1058
1042
1051
1038
1055
1046
1039
1044
1066
1033
1036
1052
1067
1034
1058
1041
1055
1059
1035
1044
1061
1037
1051
1043
1056
1049
1040
1033
1074
1033
1041
1048
1048
1035
1047
1041
961
885
852
895
1047
1029
1047
1072
1034
1039
1038
1055
1051
1044
1037
1079
1035
1038
1053
871
868
868
1038
1028
1058
1065
1043
1052
1041
1063
1046
1047
1040
1064
1043
1043
1043
1059
1053
1043
1033
1083
1044
1073
1047
1056
1041
1044
931
887
1061
1041
1068
1053
1045
1038
1077
1040
1036
1044
1076
1062
1034
1038
1078
1039
1048
1043
1056
871
876
880
871
1044
1034
1055
1048
1041
1046
1063
1036
1028
1053
1045
1032
1061
1058
1055
1051
1037
1064
1063
1047
1042
1051
1038
1040
1126
1071
1036
1038
1051
1071
1051
1039
1046
891
862
876
906
1049
1042
1037
1062
1035
1036
1050
1061
1039
1041
1036
1062
879
857
890
881
1035
1056
1063
1043
1032
1045
1066
879
1050
1037
1056
1046
1048
1072
1037
1045
1035
1078
1034
1041
1130
899
1045
1036
1044
1062
1043
1032
1044
1070
1030
1044
1039
1065
1043
1035
1050
1045
1044
1037
1062
1041
1033
1039
1080
1045
1045
1041
1078
1038
1040
1049
1070
1044
1041
1045
1057
1041
865
902
871
864
1049
1065
1043
1035
1067
1038
1133
1043
1057
1051
1044
1042
1082
1038
1049
1046
1071
1047
1052
1036
1060
1040
1040
1046
1062
1043
1049
1033
1068
1040
1039
1066
1072
1041
1039
1058
1031
1040
1053
910
865
866
883
1051
1042
1041
1056
1057
1034
1038
1075
1045
1032
1048
1052
1121
1046
1039
1041
1078
868
873
879
871
1038
1056
1032
1046
1048
1060
1057
1047
1039
1068
1038
1050
1058
895
858
894
888
1046
1053
1068
1040
1049
1042
1052
1049
1041
1042
1066
1043
1046
863
860
865
860
1042
1046
1030
1062
1047
1034
1126
1093
1043
1055
1062
1064
1040
1053
1032
1055
1042
1034
1046
1065
1044
1049
1047
1057
1046
1047
708
725
1052
1037
1089
1051
1037
1056
1070
1041
1189
968
974
946
951
963
948
808
810
811
810
970
946
945
943
963
947
945
963
948
943
944
962
944
944
838
809
943
974
943
944
947
963
945
947
963
944
943
946
969
945
944
967
946
945
950
941
947
942
960
946
945
829
810
810
818
948
948
967
945
949
949
945
949
952
960
948
948
964
940
942
945
964
946
951
965
945
950
950
975
946
949
968
947
948
946
959
942
945
963
947
949
946
946
950
953
963
945
948
967
946
947
950
967
947
947
955
943
948
943
959
942
947
955
944
943
941
941
803
809
810
806
944
958
939
940
963
943
946
948
945
943
949
956
940
944
962
945
944
948
962
817
810
842
807
943
964
939
940
962
946
941
944
976
945
943
964
945
942
945
967
940
941
968
944
942
944
945
944
942
976
945
942
965
943
942
947
953
945
945
975
946
943
944
950
937
946
960
943
945
949
943
945
948
957
943
949
970
946
945
947
976
945
941
992
942
944
942
946
947
944
958
948
941
959
943
949
943
959
942
939
961
945
944
947
948
951
942
956
942
944
964
943
943
962
946
942
947
942
944
945
976
947
946
999
943
944
947
963
942
949
962
942
940
947
972
943
944
961
939
946
947
944
947
945
961
944
947
978
943
940
940
952
945
949
957
942
947
943
953
945
947
961
944
950
945
944
945
938
949
945
942
965
945
942
944
959
945
943
963
948
943
945
948
941
939
952
941
942
958
806
805
829
801
942
947
942
945
943
960
947
943
958
945
941
944
972
948
942
967
947
941
963
948
945
945
963
949
945
962
806
809
812
809
944
946
950
963
942
946
960
943
942
944
972
942
939
960
940
943
944
960
940
943
940
973
941
939
957
947
946
945
960
947
941
972
945
943
940
970
946
944
971
942
946
942
961
943
946
962
940
943
946
960
942
941
944
939
939
942
962
937
940
943
939
942
946
961
944
943
950
943
943
945
959
941
943
961
941
941
944
968
940
943
955
942
945
952
939
943
945
961
943
945
962
939
946
944
943
956
941
942
968
940
946
940
970
943
942
964
941
943
942
958
944
941
958
942
944
1050
962
943
945
960
942
949
945
963
946
949
959
943
949
947
945
948
941
956
948
943
961
947
937
941
960
949
943
968
945
943
972
946
943
942
956
948
943
968
949
945
943
964
944
944
959
942
945
963
949
943
943
964
942
946
973
946
940
944
968
944
942
969
943
946
948
945
945
946
959
945
944
961
940
943
946
951
942
948
961
943
943
941
944
949
944
