1508524299
1602425161
44961519
59345321
67678876
68894067
68922280
47138895
49354025
69132077
68929219
59873855
68534959
59758330
68885149
68437487
68042254
52208574
69343439
60164533
69876679
69439084
70131489
59367253
68251710
69204607
69134668
68632306
68995365
69383471
68957902
67236183
68850754
68647010
69420794
69067952
66537626
69000838
59935027
68745472
67021687
58563361
67812090
69128196
68661603
68606141
68919401
68807339
58579188
68927665
64734263
68854023
68314320
68273522
66723781
68594228
69143399
70177891
68620344
69277307
69296136
68871047
59433638
69584082
68916338
42829679
65396655
68607010
68573038
69429251
68857638
68679426
59618053
68623510
68473277
69034046
69198155
67982824
68533150
68355121
68840565
69134179
68969050
68906160
69403521
65043031
68427228
68875739
68875484
69006840
68664860
68289393
68520089
69317150
69486479
68358302
68987434
69235549
68771428
68563535
68843153
69313400
68893929
68212115
68346805
69920855
68792291
68547792
68306626
69107375
69411694
68541199
69288956
68481680
68939782
67041271
67955695
69029947
68550888
69127249
66663624
68522395
69038714
70034670
68343369
68692583
69335865
68967274
68454572
68349309
69012741
69012521
68727989
68518155
69058221
68773227
68851980
67599131
68880117
68241754
69183201
69174912
68345820
68612370
68514599
67479693
69325366
69186425
68695957
67581671
68570405
68897122
69229388
68863906
59737110
68646084
68428931
68177532
59462505
68929385
69239610
68812863
68531383
68330269
68325619
58961840
68494188
65483177
68818567
68615901
68966795
68160778
69547835
68375370
67120583
68762961
68723602
69137292
69011244
68634420
68866496
68977442
57950520
55982221
68679633
69179561
69126182
69600602
69377954
68916979
59756333
68465353
68214007
68391838
69326052
67702542
69511050
68638573
68210947
69230677
68933695
68723309
59732694
68563828
60060712
68343904
69338963
68850613
68564266
68954427
69043508
68932006
69119665
68108713
68974950
68956425
68932413
68540245
68167342
69367707
68021612
65451997
68629657
68823427
69450624
67197758
69866677
69380402
68881607
68501213
68413168
59479395
68520564
68384713
69488316
64477555
68710049
70910476
67969905
68610817
68494140
68959595
69093100
68807655
68339500
67227674
68501913
59658728
69811421
69107455
68717013
68510588
69057280
69186725
68687708
68457428
68427881
68975257
69327433
68665692
68511210
67119379
68820014
69544308
67498113
56974119
68668746
68328425
67111713
68381435
69384964
69145546
68688329
68543299
66947437
68672802
68921703
67982098
69502022
68655890
68810814
69005131
69027358
68594667
68966212
68937058
69132696
68646404
67788302
68435770
68358105
69192137
69228480
68464503
68329697
59404896
68404375
59277601
68829036
69537790
66913052
66715439
69057713
66820738
68274906
68593285
67860866
69439116
68730124
68367324
69182095
68950104
69053061
68580112
69878930
68775095
68952675
66953763
68827488
68192464
68434251
69118306
68862833
68542852
68333633
68350522
69699449
68840467
68399474
69245478
67668508
69007675
68950862
68500545
68837403
59750111
69640537
68565976
67232330
68506649
66784675
68899669
66869923
68817052
68591004
68549035
59329530
68182618
68118780
68237866
66810908
68014154
69208617
69289182
61322647
68913822
66502006
57796225
69046207
68734823
67982938
68798702
69191601
67581178
67159092
68824348
69097836
68802434
68396898
69215457
69267190
68578835
68256213
70085449
68693697
68776092
66931469
68380238
59848012
51784331
68453534
69335582
69106641
59952274
69011172
68394184
68405215
68949361
69429248
61647611
57079298
67852213
67268564
68164487
68821712
68673743
69109283
67933608
69219435
68736919
68856003
68262783
69169792
66036796
57767518
68632017
68537358
68450451
68497660
59347280
68663250
68090663
69014722
69053767
68496407
59409126
68471877
57723869
69724076
59569993
68473217
68215917
59336667
69196421
68876403
67575038
68323370
65967572
67098894
68631893
59596483
68188688
69286512
68761595
69007348
68340078
67491070
68393865
68332039
69259534
68954220
60118678
68679059
69110698
69389709
68574705
68487113
68644004
69451930
68995287
69042365
69137075
68967054
68628700
68415247
69428869
66469097
69157522
68998527
68940253
68562991
68214204
69669270
69000108
68299967
69039850
68649146
58789891
69278866
69024204
68765151
68606658
69286059
69163854
68734322
69222467
69043840
59686344
68664204
49456390
69247294
68905870
68862626
69307945
69015272
67453767
69196491
68346272
68384707
68691416
69097370
68681973
69026263
69246723
69489220
68498865
69285084
60232321
68784047
69356203
59598975
52141969
68492012
69398240
69033658
69237134
69014337
69147108
68504029
68315679
67324805
68420560
67193885
68351331
62606158
68791988
68913945
69034357
68868536
59932814
69176048
68322081
69424473
68916166
68669727
68368032
68205710
68330585
69346038
68998744
68422148
69358363
69128090
68585521
68457874
68782927
69650957
68617780
68900607
69511730
67660051
69235458
68494966
59406236
69051083
69113873
69186331
68852266
68297573
69276923
68845364
68780038
68448636
69395159
68936816
68565828
68514964
69172453
68095723
58896578
68501619
69317926
69204698
68443554
69203931
68948152
60190942
68464989
65732139
69036247
68759331
68659957
68958140
68597348
66861167
69069480
68762125
68790302
59445905
69198467
69762216
68861411
68389767
69116055
51442800
69078956
68742147
69068310
68672299
67101180
57643743
50808107
69080949
70018997
59737597
68245776
67820797
69322140
68968302
68582745
68477455
69412208
69426806
60245803
68396174
68904286
69184856
67150403
67358162
69014437
69543830
68224454
69517729
68995647
68596022
68555105
68028756
59114894
68514295
69075189
69067519
68633594
59332764
68540402
68432774
69369109
59671041
69104202
68448553
68454944
68618694
67781762
68497613
69380657
68999631
68653017
69086455
69001362
69314685
59395739
68960972
68920879
68488312
67299013
56984744
68560558
68639890
69797753
68942239
68520608
68711226
68985238
69462247
68658420
68520952
69193363
77639497
66245271
68745648
68686350
68461303
59164456
69318494
68008281
68895599
69593589
69321319
68887179
68758348
61029131
69405654
68949595
68990741
69260433
69004911
68853157
68617837
69376165
69059466
68970788
59504444
69354547
69264157
68672657
68981664
68939218
69092075
60334061
68563975
68317110
69376395
69764494
68455753
68960004
69370735
68698862
68510206
68377702
67999407
66971629
68450077
69207197
58604442
68530013
69253580
69231179
68541930
59547880
68307238
69038638
68913823
68425645
68708910
70327769
68964278
68397005
68187555
68227491
59179556
68315692
69436313
68795602
67837094
68736245
68382124
69409331
68998961
68735019
69657486
69059880
68795031
68453050
59489220
68412965
69336949
69670760
68423770
68822880
68115497
69135301
68760501
58029600
69035320
68802524
57945050
68908815
68711292
68957529
69003956
69048854
67576415
68807531
68485942
69334515
69161478
59975076
67390708
68859844
68861706
68767769
69096122
68833687
68516902
68940134
69640340
68675051
68541668
69151442
68950226
68500207
68527292
68304020
69472429
68974815
58163054
69603267
68741495
68370334
68973077
69360219
68811238
68879239
68713356
69120049
68895233
68535858
68863617
69259490
68895613
68786038
69271073
68930992
68687369
68454954
68367311
69194402
68969215
68304749
68041878
69057239
69019585
69228966
68432874
59304234
68426070
69331982
66539429
69580324
60353682
68877063
68541598
68985084
68071253
69273120
68643769
68916139
69389443
69003288
68511083
68568635
69033094
68934759
68660264
69126682
69830376
68848696
68438054
59599575
68851041
69004937
69099406
68774868
68383927
69173294
69259003
68607694
68615891
69068573
68060617
69042834
68644840
68642646
68212348
69336135
68833170
68620634
68450911
68212614
69314786
68984685
68660109
68204332
70358871
68667577
68444422
68802488
68830331
67678679
69125770
68481446
69124006
69333262
68834966
68543012
59816415
68662309
68992465
68931692
68819348
68562619
69082485
69041300
68581681
68628830
69677090
69137160
68497477
68302409
68146215
69109813
69189687
69141208
69018144
69013927
68664206
67160002
68727849
68390045
68391789
66122018
68623441
68428990
68938209
68575598
69007997
69047928
60574427
69217028
69064793
68662951
68137563
69048673
69041457
68650087
68908413
68637371
69047650
68994522
68532274
68147568
69102400
65907122
68434877
68213852
68891493
63207686
69176774
68884269
67617421
68682200
68282819
68341190
68806257
69157971
67059211
69183980
59866125
68678514
68419027
68702611
66853128
68186908
59246451
68397229
68441110
68051874
69254607
68905835
68477128
68630395
69573594
68822797
68462960
67144582
68615897
68492060
69014557
68994721
68831020
68628268
59635394
51979824
68624577
68907660
68977701
68997501
68681754
69321803
68777271
68116501
68746625
69281297
69227206
69068130
69116679
69189790
66025187
69423466
68818419
68629631
69045086
69140322
69100599
69381072
66798254
68225457
68525199
69310400
68218954
68639620
68480414
68750452
69052100
68566198
69306182
69133299
69168027
68810334
68761358
68990354
67997974
67890597
68993808
68871093
68484456
68202059
69089932
60076514
69165538
69136501
