0, 7110
1, 6503
2, 6242
3, 6327
4, 6358
5, 6403
6, 6095
7, 6399
8, 6203
9, 6402
10, 6328
11, 6368
12, 5824
13, 5885
14, 6219
15, 6108
16, 6147
17, 6270
18, 5769
19, 5719
20, 5698
21, 5740
22, 5498
23, 4737
24, 4626
25, 4518
26, 4472
27, 4429
28, 4854
29, 4750
30, 4947
31, 4819
32, 4524
33, 4556
34, 4574
35, 4464
36, 4295
37, 3272
38, 3068
39, 2918
40, 2923
41, 2943
42, 2890
43, 2927
44, 2919
45, 2916
46, 2956
47, 2923
48, 2933
49, 2917
50, 2923
51, 2931
52, 2928
53, 2943
54, 2938
55, 2931
56, 2941
57, 2971
58, 2931
59, 2801
60, 2792
61, 2389
62, 2785
63, 2823
64, 3179
65, 3144
66, 3137
67, 3105
68, 3165
69, 3147
70, 3138
71, 3184
72, 3114
73, 3066
74, 3006
75, 4986
76, 2698
77, 2733
78, 2500
79, 2495
80, 2503
81, 2490
82, 2470
83, 2114
84, 2465
85, 2494
86, 2497
87, 2472
88, 2490
89, 2737
90, 2728
91, 2748
92, 2741
93, 2721
94, 2766
95, 2724
96, 2779
97, 2761
98, 2716
99, 2781
100, 2795
101, 2743
102, 2779
103, 2748
104, 2774
105, 2744
106, 2733
107, 2741
108, 2731
109, 2737
110, 2737
111, 2743
112, 2765
113, 4000
114, 5760
115, 2456
116, 2376
117, 2366
118, 2316
119, 2274
120, 2301
121, 2341
122, 2245
123, 2380
124, 2458
125, 2510
126, 2497
127, 2521
128, 2523
129, 2575
130, 2578
131, 2511
132, 2509
133, 2589
134, 2479
135, 2684
136, 2526
137, 2607
138, 2546
139, 2610
140, 2569
141, 2658
142, 2434
143, 2526
144, 2503
145, 2550
146, 2519
147, 2587
148, 2513
149, 2502
150, 2435
151, 3417
152, 5627
153, 2523
154, 2461
155, 2090
156, 2503
157, 2458
158, 2480
159, 2538
160, 2483
161, 2465
162, 2495
163, 2473
164, 2491
165, 2479
166, 2469
167, 2468
168, 2478
169, 2547
170, 2472
171, 2402
172, 2463
173, 2486
174, 2504
175, 2473
176, 2477
177, 2473
178, 2481
179, 2479
180, 2498
181, 2492
182, 2471
183, 2468
184, 2460
185, 2556
186, 2537
187, 2609
188, 2522
189, 2498
190, 4959
191, 2293
192, 2211
193, 2328
194, 2236
195, 2401
196, 2347
197, 2304
198, 2364
199, 2332
200, 2286
201, 2308
202, 2289
203, 2557
204, 2492
205, 2437
206, 2479
207, 2287
208, 2560
209, 2475
210, 2565
211, 2522
212, 2511
213, 2564
214, 2520
215, 2533
216, 2579
217, 2546
218, 2548
219, 2543
220, 2528
221, 2557
222, 2460
223, 2566
224, 2517
225, 2607
226, 2651
227, 2576
228, 4152
229, 2202
230, 2403
231, 2378
232, 2377
233, 1982
234, 2325
235, 2375
236, 2470
237, 2413
238, 2385
239, 2408
240, 2391
241, 2372
242, 2308
243, 2658
244, 2689
245, 2626
246, 2613
247, 2588
248, 2605
249, 2654
250, 2605
251, 2589
252, 2647
253, 2622
254, 2649
255, 2722
256, 2623
257, 5680
258, 2304
259, 2352
260, 2196
261, 2526
262, 2316
263, 2564
264, 2499
265, 2560
266, 2616
267, 2596
268, 2598
269, 2603
270, 2522
271, 2582
272, 2603
273, 2587
274, 2582
275, 2639
276, 2583
277, 2619
278, 2610
279, 2648
280, 2661
281, 2483
282, 2547
283, 2722
284, 2607
285, 2653
286, 2652
287, 2656
288, 2228
289, 2668
290, 3157
291, 3262
292, 3230
293, 3188
294, 3187
295, 3728
296, 5965
297, 2424
298, 2498
299, 2400
300, 2420
301, 2418
302, 2403
303, 2406
304, 2404
305, 2393
306, 2052
307, 2399
308, 2413
309, 2430
310, 2635
311, 2599
312, 2221
313, 2653
314, 2645
315, 2633
316, 2634
317, 2639
318, 2615
319, 2638
320, 2632
321, 2617
322, 2646
323, 2661
324, 5490
325, 2392
326, 2381
327, 2619
328, 2653
329, 2631
330, 2612
331, 2613
332, 2613
333, 2626
334, 2629
335, 2643
336, 2653
337, 2638
338, 2601
339, 2643
340, 2621
341, 2669
342, 2641
343, 2640
344, 2607
345, 2622
346, 2620
347, 2621
348, 2650
349, 2638
350, 2615
351, 2649
352, 2639
353, 2640
354, 2604
355, 2834
356, 3235
357, 3217
358, 3203
359, 3223
360, 3253
361, 2997
362, 4483
363, 2614
364, 2506
365, 2449
366, 2410
367, 2322
368, 2383
369, 2366
370, 2392
371, 2383
372, 2377
373, 2378
374, 2393
375, 2358
376, 2449
377, 2369
378, 2387
379, 2463
380, 2379
381, 2383
382, 2403
383, 2446
384, 2397
385, 2392
386, 2602
387, 2628
388, 2631
389, 2654
390, 3495
391, 5509
392, 2381
393, 2424
394, 2392
395, 2377
396, 2418
397, 2380
398, 2379
399, 2031
400, 2373
401, 2392
402, 2396
403, 2641
404, 2625
405, 2624
406, 2678
407, 2624
408, 2611
409, 2661
410, 2638
411, 2627
412, 2637
413, 2660
414, 2642
415, 2649
416, 2601
417, 2618
418, 2637
419, 2607
420, 2629
421, 2645
422, 3226
423, 3246
424, 3246
425, 3196
426, 3255
427, 4017
428, 5507
429, 2391
430, 2430
431, 2400
432, 2393
433, 2432
434, 2400
435, 2386
436, 2626
437, 2736
438, 2622
439, 2655
440, 2611
441, 2638
442, 2659
443, 2648
444, 2670
445, 2261
446, 2640
447, 2648
448, 2648
449, 2626
450, 2615
451, 2657
452, 2650
453, 2624
454, 2651
455, 2635
456, 5356
457, 2407
458, 2400
459, 2424
460, 2388
461, 2422
462, 2032
463, 2384
464, 2379
465, 2419
466, 2368
467, 2389
468, 2383
469, 2618
470, 2611
471, 2625
472, 2618
473, 2645
474, 2648
475, 2248
476, 2610
477, 2619
478, 2664
479, 2641
480, 2628
481, 2401
482, 2624
483, 2598
484, 2682
485, 2610
486, 2641
487, 3232
488, 3278
489, 3234
490, 3225
491, 3234
492, 3257
493, 2662
494, 3566
495, 5916
496, 2390
497, 2441
498, 2625
499, 2427
500, 2386
501, 2407
502, 2371
503, 2600
504, 2620
505, 2645
506, 2614
507, 2646
508, 2637
509, 2623
510, 2602
511, 2653
512, 2622
513, 2652
514, 2617
515, 2612
516, 2608
517, 2638
518, 2619
519, 2670
520, 2639
521, 2558
522, 2545
523, 2710
524, 2647
525, 2652
526, 2648
527, 2612
528, 2611
529, 2680
530, 2752
531, 2753
532, 4222
533, 2424
534, 2509
535, 2413
536, 2382
537, 2435
538, 2418
539, 2666
540, 2707
541, 2607
542, 2733
543, 2646
544, 2252
545, 2665
546, 2681
547, 2699
548, 2666
549, 2672
550, 2663
551, 2699
552, 2670
553, 2620
554, 2614
555, 2666
556, 2654
557, 2621
558, 2651
559, 2621
560, 2661
561, 2614
562, 2614
563, 2655
564, 2640
565, 2626
566, 2640
567, 2628
568, 2610
569, 2648
570, 3839
571, 5234
572, 2378
573, 2431
574, 2426
575, 2379
576, 2432
577, 2371
578, 2389
579, 2393
580, 4970
581, 5044
582, 5005
583, 5691
584, 5711
585, 2778
586, 2826
587, 2838
588, 2917
589, 2871
590, 2870
591, 2840
592, 2876
593, 2839
594, 2875
595, 2875
596, 2876
597, 2922
598, 2842
599, 2849
600, 2881
601, 2897
602, 2736
603, 2760
604, 2745
605, 2754
606, 2737
607, 2727
608, 4335
609, 2447
610, 2423
611, 2398
612, 2438
613, 2391
614, 2380
615, 2380
616, 2410
617, 2471
618, 2368
619, 2379
620, 2413
621, 2422
622, 2421
623, 2397
624, 2385
625, 2361
626, 2410
627, 2364
628, 2324
629, 2438
630, 2604
631, 2653
632, 2657
633, 2639
634, 2653
635, 2628
636, 2629
637, 2607
638, 2683
639, 2597
640, 2650
641, 2629
642, 2646
643, 2686
644, 2640
645, 2666
646, 4293
647, 2363
648, 2402
649, 2489
650, 2388
651, 2035
652, 2404
653, 2385
654, 2417
655, 2406
656, 2389
657, 2409
658, 2385
659, 2412
660, 2424
661, 2410
662, 2374
663, 2017
664, 2402
665, 2404
666, 2408
667, 2401
668, 2407
669, 2400
670, 2427
671, 2655
672, 2628
673, 2641
674, 2724
675, 2722
676, 2753
677, 2637
678, 2644
679, 2658
680, 2714
681, 2650
682, 2642
683, 2743
684, 3395
685, 5830
686, 2399
687, 2438
688, 2400
689, 2422
690, 2424
691, 2395
692, 2360
693, 2391
694, 2422
695, 2400
696, 2413
697, 2392
698, 2389
699, 2365
700, 2410
701, 2395
702, 2397
703, 2400
704, 2398
705, 2380
706, 2418
707, 2408
708, 2421
709, 2454
710, 2364
711, 2332
712, 2352
713, 2372
714, 2396
715, 2576
716, 2526
717, 2698
718, 2659
719, 2626
720, 2640
721, 2696
722, 3726
723, 5333
724, 2367
725, 2342
726, 2290
727, 2340
728, 2026
729, 2356
730, 2379
731, 2543
732, 2572
733, 2610
734, 2541
735, 2539
736, 2589
737, 2547
738, 2563
739, 2537
740, 2631
741, 2516
742, 2519
743, 2549
744, 2666
745, 2535
746, 2156
747, 2519
748, 2588
749, 2598
750, 2609
751, 2575
752, 2568
753, 2585
754, 2592
755, 2593
756, 2647
757, 2591
758, 2571
759, 2544
760, 3050
761, 5386
762, 2342
763, 2376
764, 2350
765, 2364
766, 2349
767, 2436
768, 2385
769, 2334
770, 2383
771, 2406
772, 2391
773, 2336
774, 2387
775, 2372
776, 2645
777, 2602
778, 2577
779, 2573
780, 2586
781, 2554
782, 2606
783, 2202
784, 2579
785, 2606
786, 2567
787, 2599
788, 2576
789, 2624
790, 2534
791, 2531
792, 2562
793, 2538
794, 2582
795, 2610
796, 2655
797, 2664
798, 3032
799, 5752
800, 2355
801, 2349
802, 2345
803, 2390
804, 2409
805, 2328
806, 2367
807, 2379
808, 2617
809, 2627
810, 2502
811, 2603
812, 2616
813, 2595
814, 2578
815, 2651
816, 2621
817, 2617
818, 2670
819, 2656
820, 2636
821, 2645
822, 2611
823, 2266
824, 2427
825, 2507
826, 2619
827, 2645
828, 2651
829, 2650
830, 2672
831, 2699
832, 2607
833, 2634
834, 2603
835, 2634
836, 3749
837, 5632
838, 2406
839, 2465
840, 2388
841, 2384
842, 2378
843, 2414
844, 2426
845, 2405
846, 2382
847, 2420
848, 2417
849, 2646
850, 2348
851, 2607
852, 2653
853, 2704
854, 2620
855, 2632
856, 2644
857, 2626
858, 2636
859, 2640
860, 2646
861, 2685
862, 2620
863, 2757
864, 2631
865, 2764
866, 2641
867, 2613
868, 2679
869, 2620
870, 2625
871, 2646
872, 2638
873, 2681
874, 3768
875, 5561
876, 2431
877, 2633
878, 2708
879, 2632
880, 2604
881, 2644
882, 2659
883, 2525
884, 2636
885, 2646
886, 2697
887, 2679
888, 2664
889, 2658
890, 2437
891, 2688
892, 2674
893, 2625
894, 2671
895, 2649
896, 2736
897, 2653
898, 2650
899, 2640
900, 2648
901, 2629
902, 2701
903, 2579
904, 2734
905, 2678
906, 2616
907, 2611
908, 2748
909, 2659
910, 2400
911, 2693
912, 2872
913, 5662
914, 2414
915, 2486
916, 2376
917, 2427
918, 2230
919, 2432
920, 2422
921, 2467
922, 2468
923, 2463
924, 2444
925, 2310
926, 2669
927, 2653
928, 2702
929, 2681
930, 2646
931, 2731
932, 2638
933, 2691
934, 2655
935, 2665
936, 2637
937, 2668
938, 2645
939, 2727
940, 2648
941, 2730
942, 2648
943, 2680
944, 2649
945, 2751
946, 2673
947, 2709
948, 2662
949, 2657
950, 3514
951, 5478
952, 2430
953, 2426
954, 2422
955, 2438
956, 2644
957, 2660
958, 2626
959, 2704
960, 2743
961, 2746
962, 2658
963, 2741
964, 2607
965, 2675
966, 2680
967, 2672
968, 2677
969, 2677
970, 2640
971, 2649
972, 2657
973, 2732
974, 2667
975, 2660
976, 2667
977, 2624
978, 2577
979, 2647
980, 2643
981, 2775
982, 2646
983, 2701
984, 2605
985, 2592
986, 2606
987, 2594
988, 3500
989, 5330
990, 2364
991, 2388
992, 2308
993, 2395
994, 2374
995, 2417
996, 2491
997, 2598
998, 2610
999, 2620
