7.941458
0.011959
0.013914
0.015592
0.014296
0.014741
0.014789
0.015526
0.014587
0.016646
0.016394
0.015924
0.014280
0.016341
0.013391
0.013231
0.019383
0.014725
0.014925
0.016283
0.011867
0.014790
0.012970
0.014729
0.014033
0.012056
0.015964
0.011848
0.011448
0.016212
0.013662
0.016539
0.013301
0.012808
0.009971
0.015392
0.012551
0.014084
0.017005
0.016266
0.012767
0.012989
0.011438
0.010418
0.011433
0.010135
0.009713
0.015301
0.011606
0.022646
0.014730
0.015578
0.014806
0.013594
0.014603
0.016195
0.013399
0.015441
0.012545
0.013144
0.004775
0.005134
0.005195
0.005208
0.005480
0.005357
0.005208
0.005303
0.005632
0.005398
0.005337
0.005305
0.016749
0.015782
0.011765
0.013130
0.012983
0.014236
0.016681
0.013878
0.013165
0.016502
0.013313
0.013041
0.014102
0.016352
0.013160
0.015592
0.014960
0.011551
0.012297
0.013490
0.016991
0.015899
0.016322
0.015842
0.014601
0.014433
0.013133
0.015426
0.014280
0.015114
0.015722
0.012969
0.013765
0.015878
0.014047
0.016445
0.011614
0.012793
0.011159
0.012181
0.013884
0.013345
0.015204
0.014715
0.013841
0.014974
0.015151
0.011124
0.010628
0.010995
0.010621
0.015929
0.014211
0.013347
0.010676
0.015350
0.016940
0.016497
0.013437
0.011297
0.006232
0.004880
0.005142
0.005258
0.005095
0.005399
0.005345
0.005135
0.005331
0.005102
0.004855
0.005281
0.005268
0.004916
0.004994
0.004820
0.005258
0.005354
0.005025
0.004940
0.005302
0.005188
0.005376
0.004833
0.005160
0.004959
0.005197
0.004974
0.005320
0.005483
0.005251
0.005069
0.005164
0.005530
0.005155
0.005267
0.005483
0.005692
0.005555
0.005353
0.005080
0.005061
0.005286
0.005405
0.005024
0.005381
0.005146
0.005250
0.005252
0.004846
0.005209
0.005509
0.005399
0.005417
0.005245
0.005168
0.005160
0.005530
0.005351
0.005350
0.005604
0.005420
0.005674
0.005537
0.005411
0.005428
0.005456
0.005374
0.005787
0.005333
0.005185
0.005172
0.005246
0.004961
0.004832
0.004896
0.005179
0.004863
0.005211
0.005474
0.005370
0.005325
0.005567
0.005358
0.004937
0.005608
0.005534
0.005073
0.005100
0.005245
0.005253
0.005084
0.005043
0.005062
0.005034
0.005239
0.005108
0.005460
0.005025
0.005538
0.005242
0.005199
0.004991
0.005146
0.005641
0.005422
0.005423
0.005404
0.004997
0.005271
0.005204
0.005188
0.005198
0.004779
0.004931
0.005115
0.004987
0.004968
0.005034
0.005358
0.005429
0.005406
0.005417
0.005242
0.005078
0.005257
0.005145
0.005478
0.005631
0.005694
0.005666
0.005553
0.005387
0.005315
0.005118
0.005012
0.005405
0.005250
0.005331
0.005407
0.005131
0.005071
0.005172
0.005006
0.005207
0.005012
0.005166
0.005162
0.005343
0.005028
0.005017
0.005280
0.005154
0.005493
0.004922
0.004902
0.004826
0.004848
0.004935
0.004736
0.005674
0.006564
0.005814
0.005646
0.005540
0.005170
0.005228
0.005472
0.005059
0.004304
0.003976
0.005101
0.005025
0.005242
0.005108
0.004999
0.005235
0.005262
0.005336
0.005287
0.005103
0.005336
0.005226
0.004961
0.005198
0.005101
0.005518
0.005665
0.005133
0.004964
0.005306
0.005217
0.005625
0.005371
0.005254
0.005343
0.005241
0.005122
0.005113
0.005105
0.005016
0.005076
0.005051
0.005380
0.005498
0.005021
0.004819
0.005171
0.005281
0.005415
0.004917
0.005177
0.005164
0.005259
0.004922
0.004873
0.004796
0.004938
0.005355
0.005277
0.004950
0.005486
0.005523
0.005937
0.005378
0.005768
0.005506
0.005320
0.005583
0.005518
0.005418
0.005347
0.009926
0.005557
0.005348
0.005271
0.005375
0.005419
0.005391
0.005490
0.005350
0.005033
0.005266
0.005277
0.005377
0.004943
0.005193
0.005332
0.005585
0.005426
0.005400
0.005350
0.005363
0.005354
0.005687
0.005713
0.005510
0.005266
0.005467
0.005615
0.004719
0.002772
0.005248
0.004987
0.005280
0.005308
0.005218
0.005630
0.005700
0.005287
0.005402
0.005536
0.005600
0.005212
0.004924
0.004867
0.005253
0.005234
0.005205
0.005368
0.005278
0.005696
0.005553
0.005350
0.005401
0.005786
0.005400
0.005255
0.005319
0.005139
0.005347
0.005184
0.004851
0.005214
0.005173
0.005145
0.005328
0.005244
0.005447
0.005291
0.005435
0.005451
0.005034
0.005405
0.005236
0.005003
0.005159
0.005372
0.005035
0.005012
0.005132
0.005214
0.005006
0.005157
0.005333
0.005529
0.005552
0.005425
0.005288
0.005421
0.005216
0.004823
0.004871
0.004991
0.005261
0.005271
0.004797
0.004963
0.005020
0.004970
0.004903
0.005009
0.005001
0.005050
0.005216
0.005017
0.005177
0.005002
0.005206
0.005211
0.005342
0.005339
0.005588
0.005343
0.005366
0.005477
0.005579
0.005467
0.005304
0.005424
0.005245
0.005470
0.005195
0.005513
0.005358
0.005281
0.005160
0.005045
0.005173
0.004833
0.005289
0.005188
0.005178
0.005359
0.005184
0.005241
0.005288
0.005295
0.005068
0.005380
0.005128
0.005385
0.004990
0.005045
0.005019
0.005309
0.005163
0.005113
0.005849
0.005596
0.005226
0.005100
0.005130
0.005004
0.004902
0.005392
0.005366
0.005254
0.005139
0.005101
0.005027
0.005083
0.005012
0.005348
0.005162
0.004995
0.005172
0.005134
0.005286
0.005179
0.005171
0.005058
0.005271
0.005286
0.005232
0.005212
0.005577
0.005624
0.005716
0.005600
0.005723
0.005631
0.005299
0.005335
0.005427
0.005033
0.005301
0.004930
0.005077
0.005351
0.005311
0.004969
0.005055
0.005236
0.005143
0.005286
0.005261
0.005396
0.005094
0.005176
0.004959
0.005137
0.005145
0.004931
0.005219
0.005139
0.005145
0.005134
0.005353
0.005498
0.005609
0.005903
0.005464
0.005133
0.005171
0.005485
0.005635
0.005314
0.005235
0.005145
0.005094
0.004938
0.005317
0.005079
0.005302
0.005188
0.005534
0.005657
0.005215
0.005283
0.005106
0.005415
0.005266
0.005488
0.005460
0.005348
0.005530
0.005201
0.005103
0.005106
0.005364
0.005553
0.005442
0.005294
0.005269
0.005054
0.004873
0.004668
0.004708
0.004646
0.005229
0.005158
0.005014
0.005105
0.004951
0.004944
0.004979
0.005223
0.004896
0.005142
0.005384
0.005431
0.005163
0.005478
0.005351
0.005556
0.005227
0.005295
0.005343
0.005029
0.005290
0.005075
0.005328
0.005083
0.005237
0.005169
0.005205
0.005367
0.005107
0.005285
0.004962
0.005078
0.005389
0.005146
0.005370
0.005367
0.006101
0.005546
0.005169
0.005139
0.005219
0.005258
0.005105
0.005312
0.005224
0.005516
0.005494
0.005082
0.004881
0.005026
0.004765
0.005126
0.004840
0.005873
0.005761
0.005487
0.005256
0.005420
0.004819
0.005275
0.005409
0.005125
0.005146
0.005297
0.005391
0.005423
0.005375
0.005297
0.005234
0.004729
0.004946
0.005065
0.005275
0.005488
0.005302
0.005529
0.005386
0.005463
0.005296
0.005176
0.004895
0.004745
0.005479
0.005703
0.005486
0.005570
0.005511
0.005053
0.005783
0.005361
0.005588
0.005486
0.004437
0.002924
0.005677
0.005357
0.005408
0.005264
0.005154
0.004691
0.005216
0.005175
0.005285
0.005370
0.005182
0.005439
0.005440
0.005343
0.005030
0.005192
0.005091
0.005175
0.005471
0.005410
0.005472
0.005912
0.005866
0.005438
0.005368
0.005209
0.005311
0.005144
0.005050
0.004647
0.005088
0.005290
0.005132
0.005070
0.004796
0.004983
0.005067
0.005066
0.005260
0.005250
0.005348
0.005411
0.004904
0.004772
0.004886
0.004932
0.005111
0.005170
0.005021
0.005249
0.005563
0.005266
0.005301
0.005013
0.005554
0.004890
0.005474
0.005244
0.005085
0.005418
0.005002
0.005177
0.005359
0.005124
0.005390
0.005383
0.005145
0.005117
0.005184
0.005001
0.005000
0.004790
0.004975
0.005247
0.005267
0.005417
0.005256
0.005198
0.005154
0.005144
0.005420
0.005138
0.005672
0.005651
0.005296
0.005180
0.005110
0.004923
0.005395
0.005289
0.005271
0.005074
0.005107
0.005307
0.005351
0.004961
0.005184
0.004807
0.005382
0.005145
0.005073
0.004860
0.005228
0.005516
0.005352
0.004865
0.004982
0.005234
0.005197
0.005016
0.005383
0.005431
0.005535
0.005828
0.005940
0.005499
0.005280
0.005135
0.005686
0.005287
0.005086
0.005148
0.004902
0.005358
0.005022
0.005036
0.005582
0.005415
0.005078
0.005011
0.005359
0.005295
0.005129
0.004981
0.005000
0.005303
0.005388
0.005254
0.005086
0.005159
0.005216
0.005093
0.005097
0.005239
0.005706
0.005833
0.005759
0.005436
0.005348
0.005210
0.005193
0.005407
0.005257
0.005440
0.005329
0.005575
0.005149
0.005229
0.005396
0.005374
0.005242
0.005534
0.005487
0.005471
0.005430
0.005184
0.005463
0.005411
0.005192
0.004976
0.005323
0.005456
0.005181
0.004724
0.005303
0.005599
0.005506
0.005389
0.005118
0.005159
0.005266
0.005305
0.005067
0.004897
0.004983
0.005120
0.004729
0.004942
0.004945
0.005017
0.004543
0.004663
0.004091
0.004962
0.004782
0.004770
0.005026
0.005319
0.005319
0.005503
0.005489
0.005411
0.005138
0.005335
0.005048
0.005104
0.005521
0.005754
0.005785
0.005416
0.005185
0.005294
0.005378
0.005419
0.005483
0.005130
0.005492
0.005387
0.005239
0.004909
0.005128
0.005031
0.005262
0.005129
0.005182
0.005077
0.005118
0.005287
0.005253
0.005088
0.005145
0.005274
0.005105
0.005185
0.005319
0.005246
0.005225
0.005410
0.005747
0.005664
0.005614
0.005354
0.004773
0.004843
0.005240
0.005125
0.005269
0.005095
0.005003
0.004915
0.005113
0.005104
0.005253
0.005207
0.005553
0.005316
0.004872
0.005138
0.005204
0.005557
0.005465
0.005184
0.005466
0.005235
0.005458
0.005420
0.005541
0.005615
0.005793
0.005897
0.005688
0.005740
0.005480
0.005360
0.005348
0.005205
0.005633
0.005490
0.005201
0.005233
0.004800
0.005033
0.004865
0.004975
0.004945
0.004993
0.005059
0.005502
0.005093
0.005107
0.005051
0.005212
0.004877
0.005289
0.005351
0.005496
0.004862
0.005604
0.005221
0.005452
0.005585
0.005568
0.005489
0.005301
0.005141
0.005296
0.005586
0.005437
0.005350
0.005229
0.005109
0.005216
0.005488
0.005043
0.005120
0.005001
0.003329
0.005423
0.005051
0.005144
0.005163
0.005432
0.005338
0.005488
0.005271
0.005277
0.005209
0.005157
0.005136
0.005469
0.005563
0.005855
0.005875
0.005626
0.005353
0.005510
0.005055
0.005274
0.005381
0.005387
0.005359
0.005195
0.005294
0.004912
0.005001
0.005319
0.005190
0.004791
0.004925
0.005038
0.005085
0.005039
0.005202
0.005384
0.005182
0.005392
0.005176
0.005297
0.005452
0.005260
0.005354
0.005650
0.005227
0.005317
0.005068
0.005340
0.005357
0.004713
0.005225
0.005106
0.005191
0.004874
0.005172
0.004756
0.004992
0.005163
0.005628
0.005147
0.004861
0.005048
0.005136
0.005094
0.005009
0.005472
0.005281
0.004674
0.005122
0.005111
0.005029
0.005288
0.005537
0.005263
0.005646
0.005483
0.005368
0.005435
0.005185
0.005264
0.005010
0.005404
0.005542
0.102875
0.013067
0.011036
0.010615
0.011630
0.015429
0.012898
0.012842
0.015499
0.013630
0.013160
0.011947
0.012099
0.015523
0.014465
0.016302
0.013322
0.010341
0.015262
0.013678
0.016761
0.015143
0.014004
0.016690
0.013931
0.013201
0.013980
0.011054
0.017101
0.012646
0.015162
0.014296
0.013395
0.014474
0.013531
0.010246
0.016644
0.014009
0.014407
0.015540
0.016862
0.015824
0.015807
0.016876
0.011753
0.015813
0.013423
0.013988
0.014044
0.013707
0.010758
0.015044
0.013943
0.013426
0.014618
0.014898
0.015091
0.011741
0.015186
0.016077
0.004276
0.004883
0.005466
0.005225
0.005274
0.005395
0.005417
0.005252
0.004999
0.004877
0.005302
0.005187
0.005541
0.005343
0.005253
0.005186
0.005176
0.005093
0.005046
0.005269
0.005188
0.005558
0.005145
0.005713
0.005316
0.005676
0.005495
0.005511
0.005317
0.005240
0.005285
0.005254
0.004924
0.005283
0.005423
0.005469
0.005471
0.005219
0.005431
0.005184
0.005346
0.005262
0.005208
0.005579
0.005216
0.005457
0.005287
0.005471
0.005221
0.005043
0.005134
0.005250
0.005128
0.004962
0.005630
0.005470
0.005403
0.005552
0.005364
0.005309
0.005217
0.005016
0.005161
0.005222
0.004709
0.004839
0.004959
0.004968
0.005149
0.004991
0.004785
0.004831
0.005262
0.005001
0.005301
0.004814
0.005220
0.005148
0.004836
0.005250
0.005324
0.003901
0.005272
0.005984
0.005434
0.005644
0.005658
0.005816
0.005570
0.005670
0.005504
0.005437
0.005392
0.004858
0.005002
0.005130
0.005184
0.005280
0.005462
0.005405
0.005333
0.005110
0.005126
0.005067
0.004765
0.004566
0.005071
0.005207
0.005295
0.004993
0.005380
0.005372
0.005204
0.005177
0.005217
0.005367
0.005324
0.005527
0.005444
0.005510
0.005361
0.004951
0.004868
0.005062
0.005486
0.004964
0.005074
0.004912
0.004854
0.005105
0.005180
0.004998
0.005410
0.005356
0.005365
0.005105
0.005297
0.005247
0.005675
0.005305
0.005215
0.005162
0.005221
0.004881
0.004996
0.005282
0.005070
0.005251
0.005338
0.005529
0.005202
0.005225
0.005071
0.005113
0.005588
0.005473
0.005221
0.005383
0.005480
0.005196
0.005170
0.005115
0.005301
0.004721
0.004780
0.005048
0.004832
0.005020
0.004824
0.005127
0.005582
0.005213
0.005245
0.005505
0.005195
0.005247
0.003929
0.004287
0.003953
0.004523
0.005543
0.005366
0.005212
0.005051
0.005080
0.005137
0.005164
0.005030
0.005037
0.005228
0.005001
0.004891
0.004942
0.005164
0.005222
0.005420
0.005276
0.005083
0.005002
0.005298
0.005005
0.005145
0.004960
0.005020
0.005202
0.004991
0.005068
0.005407
0.005444
0.005268
0.005330
0.005214
0.005565
0.005597
0.004970
0.005072
0.005031
0.005290
0.005031
0.004892
0.005134
0.005145
0.005279
0.005205
0.005083
0.005403
0.004810
0.004707
0.005186
0.005513
0.005377
0.005055
0.005099
0.005256
0.005035
0.005474
0.005472
0.005266
0.005218
0.005551
0.005544
0.005385
0.005671
0.005241
0.005544
0.005079
0.004963
0.005344
0.005089
0.004698
0.005152
0.005098
0.005192
0.005419
0.005191
0.005325
0.005553
0.005227
0.005147
0.004943
0.004808
0.004648
0.004861
0.004651
0.005053
0.005214
0.005201
0.005189
0.005489
0.005397
0.005351
0.005203
0.005529
0.005484
0.005486
0.005185
0.004753
0.005194
0.005060
0.005431
0.005345
0.005274
0.005088
0.004934
0.005113
0.004959
0.004924
0.005005
0.005015
0.004883
0.004835
0.005243
0.005220
0.005271
0.005237
0.005109
0.004903
0.005172
0.005197
0.005070
0.005187
0.005492
0.005417
0.005768
0.005849
0.005699
0.005480
0.005434
0.005525
0.005344
0.005276
0.005130
0.004829
0.005088
0.005170
0.005287
0.005151
0.005377
0.005125
0.005239
0.005097
0.005055
0.005257
0.005253
0.005210
0.004947
0.005063
0.005599
0.005335
0.005468
0.005362
0.005314
0.005251
0.005526
0.005801
0.005691
0.005420
0.005491
0.005371
0.005176
0.005316
0.005046
0.005387
0.005281
0.005300
0.005088
0.005263
0.005145
0.005086
0.004999
0.005020
0.005427
0.005372
0.005089
0.005278
0.005138
0.005099
0.004995
0.005199
0.004891
0.005148
0.005219
0.005413
0.005540
0.005532
0.005483
0.005343
0.005564
0.005682
0.005402
0.005457
0.005328
0.005281
0.004902
0.005225
0.005363
0.005050
0.005030
0.005021
0.004942
0.005082
0.004628
0.005058
0.005053
0.005106
0.005099
0.004808
0.004875
0.005436
0.005464
0.005072
0.005336
0.005410
0.005017
0.005242
0.005364
0.005463
0.005579
0.005430
0.005338
0.005093
0.005406
0.005173
0.005387
0.005378
0.004974
0.005307
0.005214
0.004838
0.005129
0.005402
0.005377
0.005253
0.005253
0.005228
0.005340
0.004955
0.005088
0.005257
0.005355
0.012371
0.004990
0.005286
0.005020
0.004990
0.005126
0.005163
0.005223
0.005430
0.005814
0.005316
0.005404
0.005343
0.005374
0.005462
0.005051
0.005611
0.005451
0.005149
0.005322
0.005631
0.005377
0.005159
0.005388
0.005547
0.005106
0.005267
0.005170
0.005333
0.005290
0.005066
0.005131
0.004929
0.005360
0.005215
0.005253
0.005534
0.005602
0.005315
0.005690
0.005527
0.005500
0.005464
0.005283
0.005240
0.005492
0.005294
0.005279
0.005007
0.005316
0.005192
0.005372
0.005132
0.005185
0.005178
0.005113
0.004684
0.005345
0.004691
0.005133
0.005339
0.005493
0.005579
0.005514
0.005124
0.005362
0.005280
0.005508
0.005494
0.005617
0.005863
0.005702
0.005650
0.005118
0.005172
0.005452
0.004989
0.005141
0.004936
0.005286
0.005417
0.005344
0.005061
0.005202
0.005234
0.005008
0.005222
0.004891
0.005280
0.004913
0.005038
0.005071
0.005099
0.005271
0.005149
0.005493
0.005352
0.005427
0.005222
0.005503
0.005446
0.005463
0.005594
0.005351
0.005350
0.005379
0.005704
0.005446
0.005191
0.005094
0.004834
0.005321
0.005308
0.004998
0.005040
0.005023
0.004869
0.004951
0.004898
0.004961
0.004885
0.005146
0.005231
0.005287
0.005079
0.005320
0.004961
0.004911
0.005045
0.005111
0.005400
0.005608
0.005779
0.005397
0.005304
0.005209
0.005260
0.005169
0.005028
0.005745
0.004962
0.005106
0.004726
0.005405
0.005009
0.005200
0.005110
0.005390
0.005317
0.005179
0.004933
0.005075
0.005019
0.004994
0.005116
0.005680
0.005058
0.004860
0.004829
0.005369
0.005508
0.005635
0.005515
0.005704
0.005392
0.005401
0.005426
0.005475
0.005430
0.005012
0.005058
0.004873
0.005090
0.005167
0.005139
0.004859
0.004963
0.005238
0.004888
0.005057
0.005326
0.004863
0.005124
0.005261
0.004930
0.005096
0.004898
0.004931
0.004760
0.005002
0.005264
0.005456
0.005500
0.005402
0.005685
0.005766
0.004912
0.005166
0.005025
0.005312
0.005466
0.004982
0.004916
0.004923
0.005129
0.004824
0.004913
0.004910
0.005196
0.004930
0.005168
0.004809
0.005270
0.005217
0.005443
0.005342
0.004955
0.005244
0.004987
0.005330
0.005178
0.005085
0.005065
0.005372
0.005350
0.005916
0.005474
0.005700
0.005209
0.005115
0.005161
0.005255
0.005195
0.004973
0.005604
0.005518
0.005304
0.005116
0.004915
0.005062
0.005168
0.005093
0.005049
0.005304
0.005037
0.005123
0.004972
0.005198
0.005884
0.005147
0.005107
0.005222
0.005060
0.005147
0.005929
0.005447
0.005614
0.005401
0.005373
0.005263
0.004935
0.005596
0.005302
0.005319
0.004870
0.005206
0.005070
0.003535
0.004990
0.005104
0.005219
0.005515
0.005405
0.004848
0.004310
0.005147
0.004813
0.004855
0.004916
0.005202
0.005533
0.005232
0.005145
0.005090
0.005383
0.005350
0.004957
0.005607
0.005519
0.005282
0.005061
0.005184
0.004938
0.005038
0.005112
0.005064
0.005135
0.005253
0.004863
0.004959
0.004676
0.005045
0.004703
0.004857
0.005013
0.005219
0.005222
0.004884
0.004696
0.004841
0.004969
0.005045
0.005503
0.005299
0.005176
0.005242
0.004982
0.005295
0.005518
0.005215
0.005330
0.004841
0.005002
0.005477
0.005285
0.004959
0.005211
0.005001
0.005187
0.005199
0.004901
0.005255
0.005096
0.005186
0.004914
0.004923
0.004775
0.004865
0.005372
0.005073
0.013084
0.005708
0.005514
0.005150
0.005531
0.005303
0.005416
0.005693
0.005461
0.005627
0.005363
0.005318
0.005299
0.005279
0.004843
0.004963
0.004919
0.004831
0.004954
0.005375
0.005172
0.005335
0.005143
0.005104
0.005063
0.005540
0.005358
0.005487
0.005294
0.005045
0.005429
0.005349
0.005283
0.005244
0.005540
0.005211
0.005309
0.005005
0.005392
0.005462
0.005576
0.005345
0.005574
0.005507
0.005185
0.005274
0.004959
0.005178
0.004904
0.004784
0.004801
0.005214
0.005312
0.005247
0.004871
0.005039
0.005003
0.004979
0.004948
0.004973
0.005471
0.005355
0.005402
0.005174
0.005182
0.005278
0.005329
0.005160
0.005534
0.005695
0.005644
0.005595
0.005294
0.005511
0.005440
0.005404
0.005410
0.005421
0.005564
0.005507
0.005437
0.005170
0.005562
0.005505
0.005254
0.005345
0.005342
0.005050
0.005070
0.005102
0.005240
0.005403
0.005332
0.005155
0.005463
0.005345
0.005272
0.004992
0.005273
0.005123
0.005205
0.005441
0.005848
0.005796
0.005402
0.005398
0.005245
0.005129
0.004648
0.004784
0.005161
0.005260
0.005384
0.005416
0.005446
0.005182
0.005238
0.005447
0.005087
0.005033
0.005150
0.005137
0.005349
0.004764
0.004993
0.004899
0.005272
0.005208
0.005070
0.005043
0.005488
0.004977
0.005050
0.005153
0.004991
0.005055
0.004729
0.004795
0.004783
0.004974
0.004917
0.005171
0.005309
0.004856
0.005249
0.005054
0.005254
0.005051
0.005188
0.005116
0.005069
0.005123
0.005115
0.004899
0.004880
0.005135
0.004894
0.004906
0.005014
0.005015
0.004978
0.004643
0.004971
0.004784
0.005633
0.005515
0.005182
0.004977
0.005191
0.005034
0.005125
0.005033
0.005037
0.004972
0.005111
0.005084
0.005192
0.005201
0.005056
0.005093
0.005160
0.005490
0.005466
0.005534
0.005427
0.005092
0.005335
0.005258
0.005348
0.005192
0.005318
0.005283
0.004773
0.004902
0.004792
0.005252
0.004975
0.004786
0.004812
0.004851
0.005100
0.004911
0.004841
0.004966
0.005135
0.004986
0.004860
0.005111
0.005174
0.005352
0.005360
0.005220
0.005180
0.005302
0.005142
0.111380
0.012142
0.010893
0.012801
0.014100
0.010873
0.012570
0.012339
0.015898
0.012621
0.015598
0.016336
0.012283
0.016473
0.013009
0.010904
0.013115
0.011142
0.012286
0.013263
0.011672
0.011209
0.014238
0.011605
0.015599
0.014169
0.010797
0.012704
0.012518
0.010942
0.014500
0.012361
0.015677
0.010907
0.012881
0.012773
0.012012
0.014780
0.012374
0.012797
0.017790
0.015247
0.012112
0.010765
0.013853
0.015435
0.013468
0.014291
0.015213
0.012346
0.014251
0.009677
0.010965
0.009671
0.015299
0.014669
0.017482
0.010359
0.011277
0.011750
0.003902
0.004258
0.005337
0.005199
0.005532
0.004632
0.004805
0.005064
0.005483
0.005075
0.005391
0.005464
0.005273
0.005507
0.005341
0.005293
0.005493
0.005112
0.005317
0.005311
0.005375
0.005580
0.005184
0.005240
0.005484
0.005228
0.005052
0.005111
0.004789
0.005161
0.005379
0.005222
0.005103
0.004985
0.004985
0.004923
0.004532
0.005135
0.005159
0.005553
0.005388
0.005457
0.005234
0.005164
0.005117
0.005189
0.004875
0.005071
0.004938
0.004873
0.005008
0.005326
0.004780
0.005044
0.004626
0.005084
0.005313
0.005482
0.005257
0.005582
0.004858
0.005419
0.005190
0.004990
0.005118
0.005228
0.005221
0.005332
0.005365
0.005335
0.005154
0.005195
0.005292
0.005257
0.005613
0.005479
0.005628
0.005428
0.005135
0.004902
0.005014
0.004828
0.004526
0.004932
0.005351
0.005000
0.005019
0.005378
0.004843
0.005271
0.005182
0.005408
0.005130
0.005239
0.005190
0.005289
0.005031
0.005087
0.004745
0.004556
0.005040
0.005085
0.005112
0.005071
0.005243
0.005245
0.005489
0.005281
0.005230
0.004769
0.005357
0.005118
0.005268
0.005014
0.004861
0.005184
0.004977
0.005037
0.004876
0.005000
0.005233
0.005250
0.004660
0.004959
0.005008
0.004928
0.005109
0.004856
0.004909
0.005269
0.005290
0.005619
0.005443
0.005192
0.005082
0.005169
0.005439
0.005778
0.005485
0.005540
0.005232
0.005285
0.004772
0.005113
0.005385
0.005133
0.005061
0.005208
0.005098
0.005005
0.004431
0.004749
0.005247
0.005083
0.005454
0.005119
0.004840
0.005452
0.005052
0.005021
0.004820
0.005059
0.005162
0.005041
0.005224
0.005427
0.005108
0.005511
0.005535
0.005465
0.005237
0.005317
0.005010
0.005076
0.005237
0.005435
0.005303
0.005006
0.005220
0.005104
0.005051
0.004414
0.004934
0.004597
0.005285
0.005030
0.004835
0.004838
0.004779
0.004811
0.004840
0.005337
0.005087
0.004944
0.005806
0.005207
0.005166
0.005100
0.005142
0.005366
0.005174
0.005171
0.004890
0.004969
0.004955
0.005258
0.005117
0.004994
0.004987
0.004807
0.005113
0.005246
0.005100
0.005317
0.005161
0.005116
0.004902
0.004968
0.004895
0.005325
0.005097
0.005334
0.005284
0.005577
0.005486
0.005595
0.005355
0.005455
0.005589
0.005385
0.005526
0.005334
0.005339
0.005026
0.005104
0.005254
0.005071
0.005287
0.005074
0.005112
0.004818
0.004855
0.005098
0.004986
0.005206
0.005011
0.005204
0.005061
0.005452
0.005415
0.005286
0.005247
0.005049
0.004795
0.005434
0.005476
0.005467
0.004878
0.005219
0.005107
0.005598
0.005540
0.005506
0.005182
0.005196
0.005236
0.005470
0.005432
0.004996
0.004948
0.005093
0.005357
0.005421
0.005204
0.005329
0.005430
0.005197
0.005129
0.005028
0.005205
0.012366
0.005588
0.005458
0.005546
0.005277
0.004725
0.005075
0.004916
0.005145
0.004905
0.005124
0.005420
0.005348
0.005484
0.005192
0.005152
0.005235
0.005247
0.005245
0.004859
0.005209
0.005086
0.005339
0.005170
0.004992
0.005041
0.004787
0.004707
0.005409
0.005411
0.005101
0.005299
0.005190
0.005157
0.005434
0.005439
0.005237
0.005235
0.005052
0.005100
0.005200
0.005060
0.005916
0.005558
0.005539
0.005213
0.005041
0.004821
0.004870
0.004905
0.005261
0.004807
0.004980
0.004792
0.005070
0.005092
0.005024
0.004779
0.004780
0.004869
0.004940
0.004797
0.005270
0.004906
0.004831
0.004959
0.004919
0.004977
0.004768
0.004835
0.004819
0.004659
0.005587
0.005557
0.005570
0.005126
0.005251
0.005053
0.004886
0.004865
0.005185
0.005204
0.004816
0.004936
0.004624
0.004904
0.005308
0.005254
0.005109
0.004979
0.004730
0.004752
0.005039
0.004984
0.004986
0.004884
0.005046
0.004892
0.005073
0.005167
0.005017
0.004898
0.004772
0.005088
0.004973
0.005115
0.005304
0.005071
0.005038
0.004978
0.004716
0.005108
0.004876
0.004818
0.005049
0.004835
0.004916
0.004937
0.004836
0.004869
0.004947
0.005068
0.005024
0.005041
0.005420
0.005479
0.005525
0.005642
0.005380
0.005334
0.005341
0.005293
0.005273
0.005350
0.005348
0.005506
0.005588
0.005202
0.005197
0.005228
0.005283
0.005546
0.005584
0.006016
0.005273
0.004939
0.005005
0.005345
0.005123
0.005532
0.005169
0.005419
0.005279
0.005413
0.005424
0.005030
0.005180
0.005461
0.005407
0.005300
0.005089
0.005296
0.005286
0.005556
0.005573
0.005460
0.005969
0.005645
0.005425
0.005189
0.005107
0.005012
0.005068
0.004968
0.004824
0.005183
0.005027
0.005070
0.004928
0.005111
0.004787
0.005091
0.004888
0.005488
0.005592
0.005073
0.005115
0.005087
0.005112
0.004980
0.004854
0.005059
0.005070
0.004865
0.005559
0.005157
0.005242
0.005582
0.005433
0.005311
0.005714
0.005256
0.005034
0.005108
0.005133
0.004781
0.005015
0.005012
0.005098
0.005458
0.005299
0.005184
0.005236
0.004806
0.005501
0.005115
0.005152
0.004983
0.005542
0.005377
0.004899
0.005529
0.005231
0.005241
0.005112
0.005179
0.005252
0.005051
0.005350
0.005384
0.005360
0.005239
0.004924
0.005146
0.005374
0.005499
0.004406
0.005041
0.004960
0.003579
0.004855
0.005233
0.004902
0.005019
0.005099
0.005077
0.005344
0.005637
0.005258
0.005510
0.005334
0.005396
0.005527
0.005271
0.004982
0.005008
0.005254
0.005492
0.005160
0.005358
0.004924
0.005285
0.004966
0.005193
0.005102
0.004926
0.005127
0.004899
0.004902
0.005199
0.005168
0.005122
0.005338
0.005173
0.005313
0.005425
0.005458
0.005006
0.005503
0.005706
0.005463
0.005749
0.005546
0.005544
0.005537
0.005501
0.005340
0.005077
0.005228
0.005266
0.005353
0.005336
0.005321
0.005156
0.005219
0.005028
0.005277
0.005325
0.004940
0.004794
0.005099
0.004902
0.005213
0.005008
0.005535
0.005226
0.005243
0.005563
0.005464
0.005117
0.005059
0.004809
0.005182
0.005402
0.005373
0.005138
0.005236
0.004821
0.005235
0.005391
0.005505
0.005624
0.006429
0.005928
0.004997
0.005085
0.005136
0.005302
0.005068
0.004817
0.004717
0.005145
0.005456
0.005514
0.005530
0.005266
0.005374
0.005357
0.005164
0.005374
0.005332
0.005420
0.005192
0.005083
0.005249
0.005180
0.005355
0.005398
0.004977
0.005327
0.005342
0.005420
0.005450
0.005417
0.005169
0.005297
0.005338
0.005400
0.005336
0.005158
0.005525
0.005156
0.005343
0.005351
0.005308
0.005022
0.005328
0.005413
0.005358
0.005143
0.005415
0.005367
0.005297
0.005190
0.004896
0.005603
0.005485
0.005444
0.005156
0.005329
0.005337
0.005423
0.005524
0.005640
0.005313
0.005187
0.005095
0.005004
0.005034
0.004941
0.004993
0.005614
0.005351
0.005170
0.005514
0.005452
0.005387
0.005055
0.004826
0.004904
0.004842
0.005018
0.005399
0.005012
0.004850
0.005107
0.004971
0.004958
0.005248
0.005120
0.004793
0.005074
0.004834
0.005414
0.005602
0.005053
0.005092
0.004790
0.005400
0.005042
0.005003
0.004865
0.004815
0.005042
0.004895
0.005179
0.005215
0.005181
0.004940
0.004732
0.004678
0.004921
0.004897
0.004733
0.004739
0.004848
0.004750
0.004969
0.005071
0.004894
0.004766
0.004905
0.005046
0.005080
0.005263
0.005342
0.005547
0.005074
0.003623
0.005026
0.005227
0.005017
0.005007
0.004810
0.005164
0.005049
0.005011
0.004931
0.004916
0.004698
0.005027
0.004802
0.004929
0.005019
0.003432
0.004748
0.005041
0.005087
0.004960
0.004715
0.005267
0.005212
0.005350
0.005435
0.005088
0.005280
0.004477
0.005179
0.004981
0.005140
0.005018
0.005210
0.005121
0.004812
0.005203
0.005109
0.005035
0.005194
0.005142
0.005258
0.005143
0.004881
0.005199
0.004995
0.005126
0.004935
0.004724
0.005133
0.004936
0.005109
0.005136
0.004925
0.005193
0.004850
0.004991
0.004851
0.005203
0.005005
0.005136
0.005184
0.005193
0.005045
0.004840
0.004798
0.004974
0.004831
0.004699
0.005508
0.005090
0.004789
0.004709
0.005030
0.004836
0.004895
0.004868
0.004973
0.004972
0.004880
0.005062
0.005111
0.005044
0.005085
0.005042
0.004754
0.005365
0.005528
0.005461
0.005787
0.005731
0.005231
0.005496
0.004981
0.005030
0.005604
0.005375
0.005411
0.005360
0.005323
0.004967
0.005285
0.005337
0.005000
0.005489
0.005470
0.005209
0.005352
0.005282
0.005455
0.005432
0.005024
0.005060
0.005174
0.004998
0.005302
0.005134
0.005132
0.005385
0.005589
0.005610
0.005535
0.005491
0.005050
0.005393
0.005108
0.005163
0.005070
0.004889
0.005096
0.005198
0.005175
0.005120
0.005162
0.005071
0.004878
0.004972
0.005006
0.005241
0.005202
0.005210
0.005309
0.005096
0.005274
0.004851
0.004470
0.005117
0.004997
0.005245
0.005234
0.005796
0.005803
0.005209
0.005384
0.005249
0.005382
0.005533
0.005553
0.005175
0.005426
0.005270
0.005394
0.004851
0.005362
0.005359
0.005129
0.004974
0.005146
0.005111
0.004985
0.005104
0.005119
0.005253
0.005262
0.005594
0.005409
0.004995
0.005067
0.005183
0.005277
0.005576
0.005684
0.005776
0.005684
0.005891
0.005374
0.005313
0.005673
0.005131
0.005356
0.005170
0.005197
0.006267
0.005277
0.005186
0.005067
0.005207
0.005462
0.005373
0.005379
0.005017
0.005451
0.005172
0.005006
0.005501
0.005233
0.005429
0.005438
0.005629
0.005146
0.005426
0.005612
0.005702
0.005568
0.005192
0.005293
0.005137
0.005160
0.005531
0.005038
0.005348
0.005370
0.005059
0.005026
0.005290
0.005470
0.005147
0.004997
0.005157
0.004950
0.004890
0.005088
0.005428
0.005380
0.005447
0.005543
0.005346
0.004738
0.005672
0.005514
0.005466
0.005394
0.004939
0.005640
0.004791
0.005465
0.005137
0.005161
0.004918
0.005193
0.005345
0.005166
0.005441
0.005301
0.004999
0.005376
0.004635
0.005162
0.005109
0.005386
0.005221
0.107299
0.012184
0.011856
0.010222
0.013147
0.016692
0.013521
0.014416
0.013489
0.012938
0.012282
0.013324
0.011824
0.013009
0.010791
0.015027
0.012225
0.015365
0.014330
0.013769
0.014569
0.011946
0.013732
0.014386
0.013659
0.013978
0.015026
0.016764
0.013513
0.015891
0.013450
0.013391
0.014472
0.014056
0.013071
0.015779
0.013750
0.016159
0.015696
0.014227
0.012732
0.012715
0.011968
0.014425
0.011904
0.015134
0.012942
0.012948
0.012914
0.012754
0.009654
0.015616
0.013123
0.013126
0.015518
0.013106
0.012799
0.011573
0.011464
0.016151
0.004042
0.004197
0.004112
0.004960
0.004908
0.005153
0.004910
0.005224
0.005081
0.005054
0.005304
0.005364
0.005201
0.005054
0.005297
0.005531
0.005477
0.005263
0.005504
0.005160
0.005332
0.005092
0.005248
0.005045
0.005004
0.005306
0.004761
0.005528
0.005467
0.005410
0.005210
0.005049
0.005299
0.005337
0.005282
0.004758
0.005340
0.005341
0.005297
0.005446
0.005277
0.005373
0.004791
0.005165
0.005203
0.005426
0.005434
0.005259
0.004896
0.004979
0.005323
0.005280
0.004979
0.005566
0.005138
0.005081
0.004581
0.004793
0.004982
0.004820
0.004864
0.005002
0.005386
0.005340
0.005057
0.005203
0.005023
0.005107
0.005035
0.005407
0.005321
0.005338
0.004910
0.005103
0.005377
0.005410
0.005468
0.005689
0.005251
0.013558
0.005602
0.005268
0.005000
0.005043
0.005040
0.004879
0.005326
0.005144
0.005252
0.005139
0.004950
0.004944
0.005279
0.005294
0.005005
0.004978
0.004760
0.004946
0.005235
0.005182
0.005414
0.005136
0.005322
0.005369
0.005190
0.004946
0.005284
0.004935
0.005397
0.005196
0.005352
0.005238
0.004982
0.005078
0.005062
0.005219
0.005085
0.004970
0.005100
0.005158
0.004810
0.004749
0.004942
0.004920
0.005203
0.005158
0.004734
0.004936
0.005115
0.005216
0.005104
0.005041
0.005055
0.005011
0.005080
0.005006
0.004902
0.004969
0.005096
0.005147
0.005182
0.004950
0.005166
0.005248
0.004970
0.005238
0.004838
0.004740
0.004740
0.005067
0.004905
0.004777
0.004686
0.005007
0.005072
0.005069
0.005064
0.005182
0.004946
0.004989
0.004931
0.005174
0.005418
0.005221
0.005015
0.004853
0.004725
0.004344
0.005434
0.005493
0.005254
0.005525
0.005362
0.003457
0.005082
0.004722
0.005023
0.004990
0.005179
0.005312
0.004362
0.004886
0.005239
0.005002
0.005174
0.005578
0.005577
0.005256
0.005229
0.005403
0.005388
0.005448
0.005230
0.005231
0.005074
0.005288
0.005100
0.005541
0.005507
0.005387
0.005271
0.005654
0.005446
0.005153
0.005040
0.005038
0.005117
0.005335
0.004984
0.005352
0.005018
0.005148
0.004909
0.005020
0.005281
0.005052
0.005470
0.005016
0.005033
0.005108
0.005356
0.005274
0.005443
0.005356
0.005615
0.005466
0.005323
0.005424
0.005331
0.005391
0.005292
0.005532
0.005640
0.005375
0.005496
0.005430
0.005025
0.005114
0.005099
0.005117
0.005280
0.005098
0.005437
0.005314
0.005282
0.005235
0.005040
0.004846
0.004559
0.004732
0.005142
0.005403
0.005158
0.005022
0.005004
0.004834
0.005097
0.005018
0.005321
0.005087
0.005274
0.005722
0.005616
0.005652
0.005582
0.004945
0.005093
0.005250
0.005017
0.004771
0.005491
0.005151
0.005286
0.005170
0.005186
0.004931
0.004908
0.005239
0.005139
0.005181
0.005233
0.005060
0.005131
0.005025
0.004974
0.005016
0.004789
0.004666
0.004892
0.005178
0.005058
0.004877
0.005471
0.005656
0.005268
0.005321
0.005248
0.005212
0.005091
0.005379
0.005220
0.005505
0.005497
0.005217
0.005251
0.005524
0.005132
0.004968
0.005252
0.005344
0.005234
0.005058
0.005118
0.005422
0.005076
0.004953
0.005194
0.005017
0.005036
0.005268
0.005328
0.005345
0.005290
0.005696
0.005527
0.005166
0.005356
0.005291
0.005025
0.004902
0.005253
0.005297
0.004888
0.004886
0.004873
0.005028
0.004897
0.005015
0.005062
0.005288
0.005111
0.004973
0.004926
0.004957
0.004894
0.005011
0.004803
0.004942
0.005080
0.005164
0.004965
0.005226
0.005012
0.005154
0.005079
0.005548
0.005339
0.005561
0.005113
0.005215
0.005024
0.004774
0.005066
0.004922
0.005186
0.005302
0.005220
0.005441
0.005306
0.005452
0.005108
0.005226
0.005058
0.005343
0.005231
0.005228
0.005234
0.005192
0.005422
0.005121
0.005130
0.005125
0.005233
0.005485
0.005377
0.005637
0.005603
0.005491
0.005451
0.005340
0.005347
0.005393
0.005942
0.005308
0.004923
0.005136
0.005387
0.005301
0.005284
0.005234
0.005184
0.005196
0.005163
0.005110
0.005389
0.005287
0.005314
0.005204
0.005562
0.005564
0.005333
0.005164
0.005164
0.005181
0.005342
0.004954
0.005108
0.005521
0.005069
0.005019
0.005018
0.004854
0.005338
0.004923
0.004896
0.004991
0.005453
0.005154
0.005181
0.005260
0.005139
0.005258
0.005046
0.005237
0.004876
0.004957
0.005201
0.005126
0.005254
0.005255
0.005156
0.005099
0.004938
0.004934
0.005055
0.005032
0.005543
0.005493
0.005659
0.005019
0.005075
0.004871
0.004946
0.005189
0.004930
0.004948
0.005168
0.004777
0.004728
0.004599
0.004945
0.004896
0.005036
0.004744
0.005246
0.005270
0.005197
0.005136
0.005004
0.005105
0.005107
0.005179
0.004904
0.005095
0.005356
0.005075
0.004937
0.005010
0.005191
0.005303
0.004973
0.005154
0.005109
0.004783
0.004686
0.004498
0.004710
0.004744
0.005230
0.004993
0.004980
0.005031
0.004780
0.004959
0.004789
0.004758
0.005619
0.005178
0.004953
0.005100
0.004998
0.005042
0.005120
0.005244
0.004897
0.005364
0.005469
0.005154
0.005372
0.005438
0.005341
0.005308
0.005304
0.005344
0.005275
0.005627
0.004821
0.004883
0.005393
0.005271
0.005344
0.005320
0.005111
0.005124
0.005307
0.005341
0.005179
0.005240
0.005290
0.005211
0.004967
0.005038
0.005144
0.005350
0.005494
0.005098
0.004904
0.004868
0.005646
0.005358
0.005588
0.005448
0.005433
0.004979
0.005138
0.005032
0.004799
0.004879
0.005387
0.005259
0.005226
0.005415
0.005327
0.005400
0.005231
0.005036
0.004922
0.005076
0.004927
0.005169
0.004636
0.004836
0.005071
0.005203
0.005095
0.005084
0.004986
0.005401
0.004925
0.005227
0.005294
0.005455
0.005322
0.004825
0.004840
0.005028
0.005155
0.005390
0.005194
0.005061
0.005081
0.004916
0.005150
0.005067
0.005351
0.005175
0.005375
0.005111
0.005463
0.005215
0.005418
0.005023
0.005098
0.004915
0.005377
0.005396
0.005179
0.004875
0.004994
0.005010
0.005322
0.005275
0.005227
0.005588
0.005235
0.005269
0.004905
0.004894
0.005058
0.004812
0.004875
0.004905
0.004593
0.004895
0.005129
0.005485
0.005435
0.005486
0.005312
0.005219
0.005332
0.005233
0.005366
0.005418
0.005073
0.005095
0.005177
0.005052
0.005142
0.005220
0.005518
0.005564
0.005636
0.005807
0.005664
0.005264
0.004902
0.005368
0.005241
0.005463
0.005298
0.005323
0.005466
0.005226
0.005311
0.005313
0.005166
0.005545
0.005295
0.004859
0.004988
0.005271
0.004961
0.005041
0.005005
0.005091
0.005311
0.005332
0.004999
0.005065
0.004825
0.004981
0.005030
0.005613
0.005813
0.005824
0.005473
0.005335
0.005215
0.005164
0.005006
0.004944
0.004900
0.005186
0.004915
0.005131
0.005057
0.005262
0.005342
0.005223
0.005192
0.005140
0.005069
0.005057
0.004852
0.005181
0.005118
0.004863
0.004941
0.005114
0.005008
0.005468
0.005098
0.006409
0.005453
0.005289
0.005184
0.005239
0.005229
0.005233
0.005038
0.005326
0.005148
0.005365
0.005101
0.005200
0.005064
0.005214
0.004870
0.005274
0.005168
0.005317
0.004929
0.005122
0.005211
0.005183
0.005205
0.005343
0.005496
0.005388
0.005347
0.005291
0.005085
0.005507
0.005290
0.005383
0.005420
0.005257
0.005420
0.005203
0.005133
0.005133
0.005273
0.004953
0.005203
0.005051
0.005052
0.005175
0.005294
0.005313
0.005198
0.005165
0.005576
0.005466
0.005283
0.005140
0.005366
0.005488
0.005225
0.005259
0.005057
0.005531
0.005229
0.005181
0.005398
0.005764
0.005198
0.005701
0.005696
0.005355
0.005406
0.005470
0.005228
0.005435
0.005350
0.005131
0.005121
0.005366
0.005118
0.005197
0.004999
0.004983
0.004971
0.004751
0.005059
0.005048
0.005378
0.005261
0.004451
0.005185
0.004829
0.004949
0.004603
0.005151
0.005128
0.004822
0.005259
0.005336
0.005727
0.005054
0.005119
0.004963
0.004968
0.004711
0.004563
0.005013
0.005049
0.004697
0.004817
0.004728
0.004558
0.004793
0.004673
0.004873
0.004860
0.004887
0.004987
0.004842
0.005138
0.005178
0.005300
0.005150
0.005159
0.005302
0.005205
0.005056
0.004772
0.005122
0.005036
0.005045
0.004937
0.005223
0.005356
0.005145
0.005325
0.005216
0.005073
0.005204
0.005107
0.005339
0.004821
0.005117
0.004975
0.005190
0.004627
0.005147
0.005202
0.005211
0.005065
0.005031
0.005018
0.005264
0.005134
0.004986
0.004964
0.005177
0.005272
0.005126
0.005236
0.005693
0.005555
0.005605
0.005157
0.005194
0.005170
0.004913
0.005136
0.005092
0.004776
0.005238
0.005107
0.004761
0.004951
0.005146
0.005070
0.005029
0.005192
0.005063
0.004914
0.004917
0.005215
0.005097
0.005213
0.005290
0.005015
0.005056
0.005069
0.005026
0.005525
0.005321
0.005341
0.005544
0.005661
0.005379
0.005145
0.004342
0.005274
0.005574
0.005228
0.005261
0.004941
0.005187
0.005119
0.005098
0.005023
0.005125
0.005249
0.005496
0.005361
0.005472
0.005196
0.005051
0.005141
0.005182
0.004919
0.005097
0.004659
0.005191
0.004979
0.005170
0.005239
0.005418
0.005329
0.005295
0.005613
0.005315
0.005063
0.005296
0.005247
0.005245
0.005035
0.005242
0.005391
0.005405
0.005321
0.005464
0.005338
0.005194
0.005275
0.005456
0.004964
0.004881
0.004897
0.005208
0.005452
0.005399
0.005355
0.004968
0.005119
0.005143
0.005230
0.005059
0.005375
0.005675
0.005271
0.005132
0.005041
0.005298
0.005371
0.005160
0.005136
0.005280
0.005383
0.005343
0.005144
0.005166
0.005222
0.005080
0.005102
0.005263
0.005084
0.005210
0.005003
0.005016
0.005165
0.005451
0.005149
0.004924
0.005334
0.005522
0.005362
0.005367
0.005428
0.005064
0.005847
0.005459
0.005919
0.005576
0.005238
0.005231
0.005176
0.005312
0.005526
0.005203
0.005440
0.005320
0.005247
0.005583
0.005648
0.005463
0.005183
0.005000
0.088598
0.010419
0.013141
0.013462
0.013616
0.011581
0.015023
0.012949
0.014233
0.013645
0.016201
0.014143
0.013858
0.014843
0.010014
0.013221
0.013543
0.014318
0.014042
0.013837
0.017129
0.011989
0.013115
0.014377
0.014653
0.014926
0.012209
0.013716
0.015309
0.012030
0.015538
0.013320
0.013956
0.013688
0.015936
0.016135
0.012754
0.015363
0.015995
0.014763
0.014866
0.014428
0.015486
0.014105
0.014636
0.014391
0.011771
0.012250
0.012372
0.010816
0.015737
0.013514
0.012466
0.015143
0.015648
0.016287
0.015105
0.012307
0.015705
0.012663
0.004959
0.005144
0.005088
0.005222
0.005102
0.004777
0.005073
0.005022
0.005367
0.005597
0.005315
0.005032
0.004902
0.005117
0.005251
0.005862
0.005965
0.005442
0.005629
0.005100
0.005300
0.005348
0.005213
0.005405
0.005650
0.005451
0.005280
0.005373
0.005089
0.005252
0.005195
0.005281
0.005036
0.005413
0.005024
0.005564
0.005303
0.005165
0.005291
0.005114
0.004932
0.004949
0.005109
0.005080
0.005075
0.005324
0.005387
0.005568
0.005503
0.005226
0.005329
0.005275
0.005355
0.004993
0.005452
0.005150
0.005302
0.005401
0.005291
0.005269
0.005203
0.005295
0.005442
0.005143
0.005018
0.005121
0.005067
0.005767
0.005380
0.005215
0.005268
0.005252
0.005072
0.005354
0.005187
0.005079
0.005317
0.005676
0.005397
0.005284
0.005229
0.004990
0.004942
0.004807
0.004984
0.004953
0.005460
0.005038
0.005468
0.005555
0.005562
0.005021
0.005213
0.005000
0.005232
0.004917
0.004788
0.004989
0.005350
0.005126
0.005158
0.005129
0.005091
0.005411
0.005561
0.005262
0.005488
0.005465
0.005874
0.005456
0.005282
0.005160
0.005051
0.005215
0.005070
0.005442
0.005297
0.005560
0.005305
0.005380
0.005152
0.005162
0.005445
0.005275
0.005154
0.005489
0.004903
0.005560
0.005444
0.013420
0.005376
0.005158
0.004773
0.005083
0.004557
0.004987
0.005182
0.005228
0.005190
0.005377
0.005329
0.005305
0.004775
0.005047
0.004873
0.005097
0.005172
0.004836
0.004842
0.004757
0.005032
0.005043
0.005165
0.005215
0.005068
0.005013
0.005066
0.004920
0.005374
0.005271
0.005369
0.005468
0.005379
0.005547
0.005094
0.005355
0.005315
0.005049
0.005216
0.004853
0.005293
0.005145
0.004327
0.005416
0.004696
0.005047
0.004744
0.005079
0.004811
0.005252
0.005168
0.005040
0.004885
0.004677
0.004940
0.004952
0.005001
0.005377
0.005212
0.005397
0.005443
0.005294
0.005385
0.005129
0.005182
0.004826
0.004866
0.005071
0.005492
0.005490
0.005331
0.005586
0.005303
0.006068
0.005190
0.004847
0.005176
0.005231
0.005496
0.005338
0.005379
0.005337
0.005461
0.005098
0.005323
0.005501
0.005225
0.005645
0.005404
0.005358
0.005266
0.005282
0.005093
0.005415
0.005344
0.005432
0.005368
0.005699
0.005478
0.005212
0.005350
0.005224
0.005947
0.005673
0.005109
0.005074
0.005016
0.004933
0.004840
0.005100
0.004984
0.005222
0.004807
0.004964
0.004883
0.004706
0.004952
0.005086
0.005012
0.005026
0.005356
0.005168
0.005155
0.004935
0.005311
0.005046
0.005255
0.005645
0.005168
0.005483
0.004962
0.005291
0.005575
0.005577
0.005127
0.005316
0.005198
0.005040
0.005356
0.005259
0.005263
0.004879
0.005162
0.005247
0.004922
0.005470
0.005505
0.005501
0.005229
0.005234
0.005242
0.005158
0.005267
0.005287
0.005326
0.004758
0.005182
0.005165
0.005302
0.005207
0.004850
0.004971
0.005428
0.005663
0.005349
0.005383
0.005268
0.005214
0.005071
0.005223
0.005545
0.005512
0.005397
0.004946
0.005255
0.005108
0.005297
0.005071
0.005399
0.005465
0.005342
0.005360
0.005498
0.005444
0.005267
0.005367
0.005337
0.005527
0.005446
0.005455
0.005355
0.005293
0.005258
0.005481
0.005555
0.005723
0.005386
0.004930
0.005092
0.004865
0.004925
0.005013
0.005287
0.005092
0.005162
0.005286
0.005099
0.005312
0.005062
0.005059
0.005092
0.005167
0.005147
0.005178
0.005284
0.004873
0.004921
0.005072
0.005047
0.004892
0.005154
0.005064
0.005459
0.005182
0.004903
0.005105
0.005344
0.005585
0.004825
0.004884
0.004925
0.004910
0.004790
0.005326
0.005274
0.004814
0.004597
0.004970
0.005043
0.004873
0.004981
0.005200
0.005077
0.005047
0.004980
0.004698
0.004934
0.005244
0.004971
0.005105
0.005006
0.005082
0.005139
0.005293
0.005150
0.005158
0.005518
0.005120
0.005345
0.005358
0.005297
0.005236
0.005129
0.005359
0.005255
0.005133
0.005627
0.005504
0.005387
0.005408
0.005448
0.005024
0.005276
0.005208
0.004927
0.004991
0.005092
0.005045
0.005066
0.005091
0.005137
0.005068
0.005004
0.004954
0.005318
0.005581
0.005789
0.005230
0.005046
0.005429
0.005267
0.005305
0.005225
0.005047
0.005146
0.005276
0.005393
0.005007
0.005329
0.005129
0.005105
0.005338
0.005324
0.005358
0.005514
0.004996
0.005375
0.005319
0.005401
0.005238
0.005260
0.005436
0.005373
0.005377
0.005237
0.005442
0.005541
0.005605
0.005143
0.005540
0.005415
0.005085
0.004733
0.005196
0.005106
0.005177
0.004997
0.005191
0.004684
0.005401
0.005233
0.005334
0.005080
0.004919
0.005020
0.005269
0.005226
0.005261
0.005541
0.005225
0.005305
0.004880
0.005360
0.005408
0.005160
0.005039
0.005157
0.005509
0.005493
0.005749
0.005706
0.005391
0.005178
0.005199
0.005483
0.005263
0.005538
0.005643
0.005457
0.005742
0.005572
0.005115
0.004988
0.004918
0.004986
0.005044
0.005056
0.005192
0.005318
0.005516
0.005360
0.005340
0.005311
0.005417
0.005564
0.005460
0.005682
0.005261
0.005673
0.005663
0.005420
0.006432
0.004756
0.004261
0.005200
0.005395
0.005340
0.005324
0.005258
0.005351
0.005395
0.005359
0.005533
0.005608
0.005079
0.005211
0.005485
0.005327
0.005110
0.005419
0.005294
0.005327
0.005403
0.005590
0.005269
0.005148
0.005214
0.005210
0.005358
0.005538
0.005692
0.005229
0.005513
0.005273
0.005340
0.005397
0.005285
0.005333
0.005268
0.005194
0.005212
0.005197
0.005179
0.005309
0.005306
0.005248
0.005495
0.005536
0.005391
0.005064
0.005107
0.005527
0.005314
0.005330
0.005723
0.005347
0.005224
0.005419
0.004947
0.005202
0.005568
0.005558
0.005808
0.005893
0.005618
0.005123
0.005623
0.005519
0.005471
0.005453
0.005498
0.005433
0.005297
0.005489
0.005969
0.005086
0.004906
0.005087
0.004874
0.004967
0.005555
0.005523
0.005236
0.005281
0.005606
0.005103
0.005344
0.005753
0.005350
0.005210
0.005095
0.005245
0.005224
0.005748
0.005446
0.005452
0.005198
0.005557
0.005149
0.004910
0.005373
0.005319
0.005295
0.005373
0.004887
0.005330
0.005401
0.005392
0.005447
0.005501
0.005622
0.005704
0.005350
0.005303
0.005355
0.005503
0.005486
0.005330
0.005167
0.005314
0.005095
0.005230
0.005356
0.005770
0.005412
0.005345
0.005003
0.005140
0.004933
0.005086
0.004973
0.005289
0.005189
0.005084
0.004895
0.004847
0.005100
0.005124
0.005232
0.004806
0.004881
0.005261
0.005092
0.004991
0.005209
0.005076
0.005566
0.005067
0.005426
0.005499
0.005147
0.005173
0.004852
0.003422
0.005482
0.005412
0.005160
0.004900
0.004712
0.005549
0.005204
0.005225
0.005177
0.005175
0.005122
0.005025
0.005265
0.005245
0.005463
0.004981
0.004791
0.005049
0.005029
0.004577
0.004988
0.005033
0.005038
0.005023
0.005442
0.005238
0.005325
0.005440
0.005082
0.005163
0.005043
0.005298
0.005236
