126775296
274964480

162856960
163155968
163016704
163254272
163217408
163172352
163127296
163291136
163291136
163266560
163192832
163151872
163106816
163065856
163295232
163299328
163102720
163299328
163274752
163229696
163192832
163147776
163348480
163332096
163291136
163393536
163201024
163426304
163414016
163385344
163356672
163328000
163299328
163266560
163233792
163463168
163434496
163405824
163377152
163414016
163491840
163459072
163430400
163381248
163348480
163287040
163508224
163500032
163467264
163438592
163409920
163381248
163352576
163323904
163303424
163069952
163270656
163094528
163315712
163307520
163278848
163246080
163209216
163180544
163151872
163123200
163094528
163315712
163307520
163278848
163250176
163221504
163192832
163164160
163131392
163102720
163315712
163315712
163315712
163229696
163201024
163172352
163139584
163110912
163082240
163315712
163295232
163262464
163233792
163205120
163176448
163147776
163115008
163086336
163315712
163282944
163254272
163225600
163196928
163168256
163139584
163110912
163082240
163315712
163295232
163254272
163225600
163315712
163155968
163123200
163094528
163315712
163307520
163278848
163250176
163221504
163192832
163164160
163131392
163090432
163315712
163299328
163270656
163241984
163213312
163184640
163151872
163123200
163094528
163315712
163307520
163274752
163246080
163217408
163188736
163160064
163131392
163102720
163315712
163315712
163287040
163258368
163229696
163196928
163172352
163319808
163151872
163123200
163094528
163319808
163307520
163274752
163246080
163217408
163188736
163160064
163131392
163102720
163323904
163315712
163287040
163258368
163229696
163196928
163168256
163127296
163098624
163323904
163311616
163282944
163254272
163225600
163196928
163168256
163139584
163110912
163323904
163323904
163295232
163266560
163237888
163209216
163180544
163151872
163123200
163094528
163323904
163307520
163278848
163250176
163508224
163471360
163442688
163524608
163495936
163561472
163622912
163594240
163655680
163627008
163598336
163643392
163614720
163573760
163545088
163766272
163753984
163725312
163696640
163667968
163639296
163610624
163581952
163553280
163766272
163766272
163737600
163708928
163680256
163651584
163622912
163594240
163565568
163536896
163766272
163749888
163721216
163692544
163663872
163635200
163606528
163577856
163549184
163774464
163766272
163737600
163708928
163680256
163651584
163622912
163594240
163565568
163536896
163774464
163749888
163721216
163692544
163663872
163635200
163606528
163577856
163549184
163774464
163762176
163733504
163704832
163676160
163647488
163618816
163590144
163774464
163618816
163586048
163553280
163774464
163762176
163733504
163704832
163676160
163647488
163614720
163586048
163557376
163774464
163770368
163741696
163713024
163684352
163655680
163627008
163594240
163565568
163536896
163774464
163749888
163700736
163672064
163643392
163614720
163581952
163553280
163774464
163766272
163737600
163708928
163680256
163651584
163622912
163594240
163565568
163536896
163774464
163749888
163721216
163692544
163663872
163635200
163606528
163577856
163549184
163774464
163762176
163733504
163704832
163676160
163979264
163946496
163917824
163889152
163860480
163831808
163803136
164024320
164016128
163987456
163958784
163930112
163901440
163872768
163844096
163815424
163786752
164024320
163999744
163971072
163942400
163913728
163885056
163856384
163827712
163799040
164024320
164012032
163983360
164024320
163971072
163934208
163905536
163876864
163848192
163819520
163790848
164024320
163999744
163971072
163942400
163913728
163885056
163856384
164130816
164102144
164073472
164016128
163987456
164200448
164200448
164171776
164143104
164114432
164081664
164052992
164020224
163991552
163962880
164200448
164175872
164147200
164118528
164085760
164057088
164028416
163999744
163971072
164200448
164184064
164155392
164126720
164098048
164069376
164040704
164012032
163983360
164200448
164196352
164167680
164139008
164110336
164081664
164052992
164024320
163995648
163966976
164200448
164179968
164151296
164122624
164093952
164065280
164036608
164007936
163979264
164204544
164192256
164163584
164134912
164106240
164077568
164048896
164020224
163991552
164204544
164204544
164175872
164147200
164118528
164089856
164061184
164032512
164003840
163975168
164204544
164188160
164159488
164130816
164102144
164073472
164044800
164016128
163987456
164204544
164200448
164171776
164143104
164114432
164085760
164057088
164028416
163999744
163971072
164204544
164184064
164204544
164077568
164036608
164003840
163975168
164204544
164184064
164155392
164126720
164093952
164065280
164036608
164007936
163979264
164196352
164167680
164134912
164106240
164077568
164048896
164020224
163991552
164204544
164204544
164175872
164147200
164118528
164089856
164061184
164032512
164003840
163975168
164204544
164188160
164159488
164130816
164102144
164069376
164040704
164012032
163983360
164204544
164196352
164163584
164134912
164106240
164077568
164048896
164020224
163991552
164204544
164196352
164167680
164139008
164110336
164081664
164052992
164020224
163991552
164204544
164204544
164175872
164147200
164114432
164085760
164057088
164028416
163999744
163971072
164204544
164184064
164155392
164126720
164098048
164061184
164032512
164003840
163975168
164204544
164188160
164159488
164130816
164102144
164073472
164044800
164016128
163987456
164204544
164200448
164171776
164143104
164114432
164085760
164057088
164028416
163999744
163971072
164204544
164184064
164151296
164122624
164093952
164065280
164032512
164003840
163975168
164204544
164188160
164159488
164130816
164102144
164073472
164044800
164016128
163983360
164204544
164196352
164167680
164139008
164110336
164081664
164052992
164020224
163991552
164204544
164204544
164175872
164147200
164118528
164089856
164061184
164032512
164003840
163975168
164204544
164179968
164151296
164122624
164093952
164204544
164204544
164184064
164155392
164122624
164089856
164061184
164024320
163995648
163966976
164204544
164175872
164143104
164114432
164085760
164052992
164024320
163995648
163966976
164204544
164179968
164151296
164122624
164093952
164065280
164036608
164007936
163979264
164204544
164192256
164159488
164130816
164102144
164073472
164044800
164089856
164061184
164032512
164003840
163975168
163946496
163917824
163889152
163942400
163909632
164012032
163983360
163954688
164192256
164167680
164139008
164110336
164081664
164052992
164024320
164233216
164225024
164241408
164298752
164270080
164241408
164212736
164184064
164155392
164126720
164098048
164335616
164311040
164282368
164253696
164225024
164196352
164167680
164139008
164110336
164343808
164323328
164294656
164265984
164237312
164208640
164179968
164151296
164122624
164347904
164335616
164306944
164278272
164249600
164220928
164192256
164163584
164134912
164347904
164347904
164319232
164290560
164261888
164233216
164200448
164171776
164143104
164114432
164352000
164327424
164298752
164270080
164241408
164212736
164184064
164155392
164126720
164352000
164339712
164311040
164282368
164253696
164225024
164196352
164167680
164139008
164352000
164352000
164323328
164294656
164265984
164237312
164208640
164175872
164147200
164118528
164352000
164331520
164302848
164274176
164245504
164216832
164188160
164159488
164130816
164352000
164343808
164315136
164286464
164257792
164229120
164200448
164171776
164143104
164114432
164352000
164327424
164298752
164270080
164241408
164212736
164184064
164155392
164126720
164352000
164429824
164401152
164372480
164343808
164315136
164286464
164257792
164229120
164450304
164442112
164413440
164384768
164356096
164327424
164298752
164270080
164450304
164261888
164220928
164450304
164433920
164388864
164347904
164319232
164282368
164249600
164220928
164450304
164421632
164392960
164364288
164335616
164306944
164278272
164249600
164450304
164446208
164413440
164384768
164356096
164327424
164298752
164270080
164241408
164212736
164450304
164421632
164392960
164364288
164335616
164306944
164278272
164249600
164220928
164450304
164429824
164401152
164372480
164343808
164315136
164286464
164462592
164433920
164405248
164376576
164347904
164319232
164286464
164012032
164249600
164225024
164196352
164167680
164139008
164110336
164081664
164052992
164024320
164261888
164237312
164208640
164179968
164151296
164122624
164093952
164065280
164036608
164261888
164249600
164220928
164192256
164163584
164134912
164106240
164077568
164048896
164265984
164261888
164233216
164204544
164175872
164147200
164118528
164089856
164061184
164339712
164311040
164282368
164253696
164491264
164462592
164433920
164405248
164376576
164347904
164319232
164544512
164532224
164503552
164474880
164446208
164417536
164388864
164360192
164331520
164548608
164544512
164515840
164487168
164458496
164429824
164401152
164372480
164343808
164315136
164556800
164528128
164499456
164470784
164442112
164413440
164384768
164356096
164327424
164560896
164540416
164511744
164483072
164454400
164425728
164397056
164368384
164339712
164560896
164552704
164524032
164495360
164466688
164438016
164409344
164380672
164352000
164323328
164560896
164536320
164507648
164478976
164450304
164421632
164392960
164364288
164335616
164560896
164548608
164519936
164491264
164462592
164433920
164405248
164376576
164347904
164560896
164560896
164532224
164503552
164474880
164446208
164417536
164388864
164360192
164331520
164560896
164544512
164515840
164487168
164458496
164429824
164560896
164372480
164339712
164425728
164397056
164614144
164605952
164577280
164548608
164519936
164478976
164446208
164417536
164618240
164618240
164589568
164560896
164532224
164503552
164474880
164446208
164417536
164388864
164618240
164495360
164466688
164433920
164646912
164618240
164589568
164560896
164532224
164503552
164474880
164446208
164417536
164655104
164630528
164601856
164573184
164544512
164515840
164478976
164450304
164421632
164655104
164634624
164605952
164577280
164548608
164519936
164491264
164462592
164433920
164655104
164646912
164618240
164589568
164556800
164528128
164499456
164470784
164442112
164655104
164651008
164622336
164593664
164564992
164536320
164507648
164478976
164450304
164421632
164655104
164634624
164605952
164577280
164548608
164519936
164491264
164462592
164433920
164655104
164646912
164618240
164589568
164560896
164532224
164503552
164474880
164446208
164417536
164655104
164630528
164601856
164573184
164544512
164515840
164487168
164458496
164429824
164655104
164642816
164614144
164585472
164556800
164528128
164499456
164462592
164433920
164659200
164646912
164618240
164589568
164560896
164532224
164503552
164474880
164446208
164659200
164659200
164630528
164601856
164573184
164544512
164515840
164487168
164458496
164429824
164659200
164642816
164614144
164585472
164556800
164528128
164499456
164470784
164442112
164659200
164655104
164626432
164597760
164569088
164540416
164511744
164483072
164454400
164425728
164659200
164630528
164601856
164573184
164544512
164515840
164487168
164458496
164429824
164659200
164642816
164614144
164585472
164179968
164405248
164388864
164458496
164429824
164401152
164372480
164343808
164569088
164556800
164528128
164499456
164470784
164442112
164413440
164384768
164356096
164569088
164569088
164540416
164511744
164548608
164569088
164556800
164524032
164495360
164466688
164438016
164401152
164368384
164339712
164569088
164470784
164696064
164679680
164651008
164622336
164593664
164564992
164536320
164507648
164466688
164696064
164679680
164651008
164622336
164593664
164564992
164532224
164503552
164474880
164696064
164679680
164651008
164622336
164593664
164564992
164536320
164507648
164478976
164696064
164691968
164663296
164634624
164605952
164577280
164548608
164515840
164487168
164458496
164696064
164671488
164642816
164614144
164585472
164552704
164524032
164495360
164462592
164696064
164675584
164646912
164618240
164589568
164560896
164532224
164503552
164474880
164696064
164687872
164659200
164630528
164601856
164573184
164544512
164515840
164487168
164458496
164696064
164671488
164642816
164614144
164585472
164556800
164528128
164499456
164470784
164696064
164683776
164655104
164626432
164597760
164569088
164540416
164511744
164552704
164524032
164495360
164466688
164438016
164409344
164638720
164622336
164593664
164564992
164536320
164503552
164474880
164446208
164417536
164642816
164630528
164601856
164573184
164544512
164515840
164487168
164458496
164429824
164642816
164642816
164614144
164585472
164556800
164528128
164499456
164470784
164442112
164413440
164642816
164626432
164597760
164569088
164540416
164511744
164483072
164454400
164425728
164642816
164638720
164675584
164642816
164614144
164585472
164814848
164798464
164769792
164741120
164712448
164683776
164655104
164626432
164597760
164814848
164810752
164782080
164753408
164724736
164696064
164667392
164638720
164610048
164581376
164814848
164646912
164704256
164675584
164646912
164618240
164589568
164560896
164532224
164745216
164745216
164716544
164687872
164659200
164630528
164601856
164573184
164544512
164515840
164745216
164745216
164528128
164745216
164728832
164696064
164667392
164638720
164610048
164577280
164544512
164515840
164745216
164724736
164696064
164667392
164638720
164610048
164577280
164548608
164519936
164745216
164728832
164696064
164667392
164638720
164610048
164581376
164552704
164524032
164745216
164737024
164708352
164679680
164651008
164622336
164593664
164564992
164536320
164507648
164745216
164716544
164687872
164659200
164630528
164601856
164573184
164544512
164515840
164745216
164728832
164700160
164667392
164638720
164610048
164569088
164540416
164511744
164745216
164724736
164696064
164667392
164638720
164610048
164581376
164552704
164524032
164745216
164728832
164700160
164671488
164642816
164614144
164585472
164556800
164528128
164745216
164741120
164712448
164683776
164655104
164626432
164593664
164564992
164536320
164507648
164745216
164720640
164691968
164663296
164634624
164605952
164577280
164548608
164519936
164745216
164728832
164700160
164671488
164642816
164614144
164585472
164556800
164528128
164794368
164765696
164737024
164708352
164679680
164651008
164622336
164593664
164564992
164802560
164777984
164749312
164720640
164691968
164663296
164634624
164605952
164577280
164802560
164790272
164761600
164732928
164704256
164675584
164646912
164618240
164589568
164802560
164802560
164773888
164745216
164716544
164687872
164659200
164630528
164601856
164573184
164802560
164782080
164753408
164724736
164696064
164667392
164638720
164610048
164581376
164802560
164794368
164765696
164737024
164708352
164679680
164651008
164622336
164593664
164564992
164802560
164777984
164749312
164720640
164691968
164663296
164634624
164605952
164577280
164802560
164790272
164761600
164732928
164704256
164675584
164646912
164618240
164589568
164802560
164802560
164773888
164802560
164712448
164802560
164753408
164720640
164691968
164663296
164634624
164605952
164577280
164802560
164790272
164757504
164728832
164700160
164671488
164642816
164610048
164581376
164802560
164790272
164761600
164732928
164704256
164675584
164646912
164311040
164282368
164253696
164225024
164454400
164614144
164585472
164556800
164528128
164499456
164470784
164442112
164413440
164630528
164626432
164597760
164556800
164528128
164499456
164470784
164442112
164413440
164630528
164626432
164597760
164569088
164540416
164511744
164483072
164454400
164425728
164397056
164630528
164610048
164581376
164552704
164524032
164495360
164466688
164438016
164405248
164630528
164618240
164589568
164560896
164532224
164503552
164474880
164446208
164417536
164630528
164630528
164601856
164573184
164544512
164515840
164487168
164458496
164429824
164401152
164630528
164610048
164581376
164552704
164524032
164495360
164466688
164438016
164806656
164794368
164765696
164737024
164708352
164679680
164651008
164622336
164589568
164806656
164802560
164773888
164745216
164716544
164687872
164659200
164630528
164601856
164573184
164806656
164786176
164757504
164728832
164700160
164671488
164642816
164614144
164585472
164806656
164798464
164769792
164741120
164712448
164683776
164655104
164626432
164597760
164569088
164806656
164782080
164753408
164724736
164696064
164667392
164638720
164610048
164581376
164806656
164794368
164765696
164737024
164708352
164679680
164651008
164622336
164593664
164806656
164806656
164777984
164749312
164720640
164691968
164663296
164462592
164495360
164466688
164438016
164409344
164646912
164622336
164593664
164564992
164536320
164507648
164478976
164450304
164421632
164646912
164634624
164605952
164577280
164548608
164519936
164646912
164438016
164646912
164626432
164614144
164581376
164552704
164773888
164761600
164732928
164700160
164671488
164642816
164614144
164585472
164556800
164773888
164769792
164741120
164712448
164683776
164655104
164626432
164597760
164569088
164540416
164773888
164753408
164720640
164691968
164663296
164634624
164605952
164577280
164548608
164773888
164761600
164732928
164704256
164675584
164646912
164618240
164589568
164560896
164773888
164773888
164741120
164712448
164683776
164655104
164626432
164597760
164569088
164540416
164773888
164753408
164724736
164691968
164663296
164634624
164605952
164577280
164548608
164773888
164761600
164732928
164704256
164675584
164638720
164610048
164581376
164552704
164773888
164765696
164737024
164708352
164679680
164651008
164622336
164593664
164564992
164536320
164773888
164745216
164589568
164683776
164655104
164626432
164597760
164569088
164540416
164511744
164483072
164716544
164696064
164667392
164638720
164610048
164581376
164552704
164524032
164495360
164716544
164708352
164679680
164651008
164622336
164593664
164564992
164536320
164507648
164478976
164716544
164691968
164663296
164634624
164605952
164577280
164548608
164519936
164491264
164716544
164704256
164675584
164646912
164618240
164589568
164560896
164532224
164503552
164716544
164716544
164687872
164659200
164622336
164593664
164597760
164569088
164540416
164511744
164749312
164724736
164696064
164667392
164638720
164610048
164581376
164552704
164524032
164749312
164810752
164782080
164753408
164724736
164696064
164667392
164638720
164610048
164839424
164823040
164794368
164839424
164786176
164696064
164642816
164601856
164839424
164810752
164782080
164749312
164720640
164691968
164663296
164634624
164605952
164839424
164818944
164773888
164745216
164716544
164687872
164773888
164700160
164655104
164614144
164839424
164814848
164786176
164749312
164720640
164691968
164659200
164630528
164601856
164839424
164810752
164782080
164753408
164724736
164696064
164667392
164638720
164610048
164839424
164823040
164794368
164761600
164732928
164700160
164671488
164642816
164614144
164839424
164814848
164786176
164757504
164728832
164700160
164671488
164642816
164610048
164839424
164823040
164794368
164765696
164737024
164708352
164675584
164646912
164618240
164839424
164827136
164798464
164769792
164962304
164929536
164900864
164872192
164843520
164814848
164777984
164749312
164986880
164962304
164933632
164904960
164876288
164847616
164818944
164790272
164761600
164986880
164974592
164945920
164917248
164888576
164859904
164831232
164802560
164773888
164986880
164986880
164958208
164929536
164900864
164872192
164843520
164814848
164786176
164814848
164782080
164814848
164786176
164757504
164728832
164700160
164671488
164642816
164880384
164855808
164827136
164798464
164769792
164732928
164704256
164675584
164646912
164884480
164859904
164831232
164802560
164773888
164745216
164716544
164687872
164659200
164884480
164872192
164843520
164814848
164786176
164757504
164728832
164700160
164671488
164892672
164884480
164855808
164827136
164798464
164769792
164741120
164712448
164683776
164655104
164892672
164868096
164839424
164810752
164782080
164753408
164724736
164696064
164667392
164892672
164880384
164851712
164823040
164794368
164765696
164737024
164708352
164679680
164892672
164892672
164864000
164835328
164806656
164777984
164749312
164720640
164691968
164663296
164892672
164876288
164847616
164818944
164790272
164761600
164732928
164704256
164675584
164892672
164888576
164859904
164831232
164802560
164773888
164745216
164716544
164687872
164659200
164782080
164769792
164716544
164679680
164892672
164876288
164847616
164818944
164790272
164761600
164732928
164704256
164671488
164892672
164880384
164851712
164823040
164794368
164757504
164728832
164700160
164671488
164892672
164884480
164855808
164827136
164798464
164769792
164741120
164712448
164683776
164655104
164892672
164864000
164835328
164806656
164777984
164749312
164720640
164691968
164663296
164892672
164876288
164847616
164818944
164790272
164761600
164724736
164696064
164667392
164892672
164880384
164851712
164823040
164782080
164745216
164716544
164687872
164659200
164892672
164872192
164843520
164814848
164786176
164757504
164728832
164700160
164671488
164892672
164884480
164855808
164827136
164798464
164769792
164741120
164712448
164683776
164655104
164892672
164868096
164839424
164810752
164777984
164749312
164720640
164691968
164663296
164892672
164876288
164847616
164818944
164786176
164757504
164724736
164696064
164667392
164892672
164880384
164851712
164823040
164794368
164765696
164737024
164704256
164675584
164892672
164888576
164859904
164831232
164802560
164773888
164745216
164716544
164687872
164655104
164888576
164859904
164831232
164802560
164773888
164745216
164716544
164687872
164659200
164892672
164872192
164843520
164814848
164786176
164757504
164728832
164691968
164663296
164892672
164876288
164847616
164818944
164790272
164761600
164732928
164704256
164675584
164892672
164888576
164859904
164831232
164802560
164704256
164675584
164892672
164888576
164859904
164831232
164798464
164769792
164741120
164708352
164892672
164872192
164843520
164814848
164786176
164757504
164728832
164700160
164671488
164892672
164884480
164855808
164827136
164798464
164769792
164741120
164712448
164683776
164892672
164892672
164864000
164835328
164806656
164777984
164749312
164892672
164737024
164675584
164892672
164786176
164753408
164716544
164687872
164990976
164962304
164933632
164904960
164872192
164843520
165076992
165056512
165023744
164995072
164966400
164937728
164909056
164880384
164851712
165076992
165056512
165027840
164999168
164970496
164941824
164913152
164884480
164855808
165076992
165068800
165040128
165011456
164978688
164950016
164921344
164892672
164864000
165076992
165076992
165048320
165019648
164990976
164962304
164933632
164904960
164876288
164847616
165076992
165060608
165031936
165003264
164974592
164945920
164917248
164888576
164859904
165081088
165064704
165036032
165007360
164524032
164753408
164868096
164839424
164810752
164782080
164753408
164724736
164696064
164667392
164896768
164876288
164847616
164818944
164790272
164761600
164732928
164704256
164675584
164900864
164888576
164859904
164831232
164802560
164773888
164745216
164716544
164687872
164904960
164900864
164872192
164843520
164814848
164786176
164757504
164728832
164700160
164671488
164904960
164884480
164855808
164827136
164798464
164769792
164741120
164712448
164683776
164909056
164896768
164868096
164839424
164810752
164782080
164753408
164724736
164696064
164921344
164904960
164876288
164847616
164818944
164790272
164761600
164732928
164704256
164921344
164917248
164888576
164859904
164831232
164802560
164773888
164745216
164716544
164687872
164925440
164900864
164872192
164843520
164814848
164786176
164757504
164728832
164700160
164929536
164913152
164884480
164855808
164827136
164798464
164769792
164741120
164712448
164929536
164925440
164896768
164868096
164839424
164810752
164782080
164753408
164724736
164696064
164933632
164909056
164880384
164851712
164823040
164794368
164765696
164737024
164708352
164945920
164921344
164892672
164864000
164835328
164806656
164777984
164945920
164884480
164769792
164823040
164790272
164761600
164728832
164945920
164941824
164913152
164884480
164855808
164814848
164786176
164757504
164728832
164950016
164941824
164913152
164880384
164851712
164823040
164794368
164765696
164737024
164954112
164950016
164921344
164892672
164859904
164831232
164802560
164773888
164745216
164954112
164954112
164925440
164896768
164868096
164839424
164810752
164782080
164749312
164962304
164962304
164933632
164904960
164876288
164847616
164818944
164790272
164761600
164732928
164970496
164945920
164917248
164888576
164859904
164831232
164802560
164773888
164745216
164970496
164954112
164925440
164896768
164868096
164839424
164810752
164777984
164749312
164970496
164962304
164933632
164904960
164876288
164847616
164818944
164790272
164761600
164974592
164974592
164945920
164917248
164888576
164859904
164806656
164839424
164810752
164888576
164859904
164831232
164802560
164773888
164745216
164974592
164958208
164933632
164937728
164909056
164880384
164851712
164823040
164794368
164765696
164990976
164978688
164950016
164921344
164892672
164864000
164835328
164806656
164777984
165019648
164990976
164962304
164933632
164904960
164876288
164847616
164818944
164790272
165027840
165003264
164974592
164945920
164917248
164888576
165400576
164990976
164962304
164933632
164904960
164876288
164847616
164818944
164790272
165003264
165003264
164974592
164945920
164917248
164888576
164859904
164831232
164802560
164773888
165003264
164986880
164958208
164929536
164900864
164872192
164843520
164814848
164786176
165003264
164999168
164970496
164941824
164913152
164884480
164855808
164827136
164798464
164769792
165003264
164982784
164954112
164925440
164896768
164868096
164839424
164810752
164782080
165003264
164995072
164966400
164937728
164909056
164880384
164851712
165003264
164847616
164945920
164896768
164982784
164909056
164876288
164843520
164810752
164777984
164995072
164978688
164945920
164913152
164880384
164843520
164810752
164777984
164995072
164982784
164950016
164917248
164884480
164851712
164818944
164786176
164995072
164986880
164954112
164921344
164888576
164855808
164823040
164790272
164995072
164995072
164962304
164929536
164896768
164864000
164831232
164798464
164765696
164995072
164970496
164937728
164904960
164868096
164835328
164802560
164769792
164995072
164974592
164941824
164909056
164876288
164843520
164810752
164777984
164995072
164982784
165068800
165031936
164999168
164966400
164933632
164900864
165122048
165105664
165072896
165040128
165007360
164974592
164941824
164909056
165122048
165113856
165081088
165040128
165007360
164982784
164950016
164917248
165130240
165113856
165081088
165048320
165015552
164982784
164950016
164917248
165130240
165122048
165089280
165056512
165023744
164990976
164958208
164925440
165130240
165130240
165097472
165064704
165031936
164999168
164966400
164925440
165130240
165130240
165097472
165064704
165031936
164999168
164966400
164933632
164900864
165130240
165105664
165072896
165040128
165007360
164974592
164941824
164909056
165130240
165113856
165081088
165048320
165015552
164982784
164950016
164917248
165130240
165122048
165089280
165052416
165019648
164986880
164954112
164921344
165130240
165126144
165093376
165060608
165027840
164995072
164962304
164929536
164896768
165130240
165101568
165068800
165036032
165003264
164970496
164937728
164900864
165130240
165105664
165072896
165040128
164933632
164900864
164868096
164835328
165040128
165040128
165007360
164974592
164941824
164909056
164872192
164839424
165048320
165044224
165011456
164978688
164945920
164913152
164880384
164847616
164814848
165048320
165019648
165048320
165048320
164892672
164835328
165048320
165031936
164995072
164962304
164929536
164896768
164864000
164827136
165048320
165031936
164999168
164966400
164933632
164888576
164855808
164823040
165052416
165023744
164990976
164958208
164925440
164892672
164855808
164823040
165052416
165027840
164995072
164962304
164929536
164896768
164864000
164831232
165056512
165036032
165003264
164970496
164937728
164904960
164872192
164839424
165068800
165044224
165011456
164978688
164945920
164913152
164880384
164847616
165068800
165052416
165019648
164986880
164954112
164921344
164888576
164855808
165068800
165060608
165027840
164995072
164958208
164925440
164892672
164859904
165068800
165064704
165031936
164999168
164966400
164933632
164900864
164868096
165044224
165011456
164978688
164945920
164913152
165130240
165117952
165081088
165048320
165015552
164982784
164950016
164917248
165130240
165122048
165089280
165056512
165023744
164990976
164958208
164925440
165130240
165130240
165097472
165064704
165031936
164999168
164966400
164933632
164900864
165130240
165105664
165072896
165040128
165007360
164974592
164941824
164909056
165130240
165113856
165081088
165048320
165015552
164982784
164950016
164917248
165130240
165122048
165089280
165056512
165023744
164990976
164958208
164925440
165130240
165130240
165097472
165064704
165003264
165220352
165208064
165175296
165142528
165109760
165076992
165044224
165011456
165220352
165216256
165183488
165150720
165117952
165085184
165052416
165019648
164986880
165220352
165191680
165158912
165126144
165093376
165060608
165027840
164995072
165220352
165199872
165167104
165134336
165101568
165068800
165036032
165003264
165220352
165208064
165175296
165142528
165109760
165076992
165044224
165011456
165228544
165216256
165183488
165150720
165228544
165208064
165085184
165031936
165228544
165212160
165175296
165138432
165105664
165122048
165113856
165081088
165048320
165015552
165236736
165220352
165187584
165154816
165122048
165089280
165056512
165023744
165236736
165228544
165195776
165163008
165130240
165187584
165150720
165117952
165322752
165322752
165289984
165253120
165220352
165187584
165154816
165359616
165359616
165326848
165294080
165261312
165228544
165195776
165163008
165130240
165363712
165335040
165302272
165269504
165236736
165203968
165171200
165138432
165367808
165343232
165310464
165277696
165244928
165212160
165179392
165146624
165367808
165351424
165318656
165285888
165253120
165220352
165187584
165154816
165367808
165359616
165203968
165171200
165138432
165105664
165072896
165040128
165244928
165244928
165212160
165179392
165146624
165113856
165081088
165048320
165015552
165244928
165220352
165187584
165457920
165425152
165412864
165625856
165617664
165584896
165552128
165519360
165486592
165453824
165421056
165625856
165625856
165593088
165560320
165527552
165494784
165462016
165429248
165396480
165625856
165601280
165568512
165535744
165502976
165470208
165433344
165400576
165625856
165605376
165572608
165539840
165507072
165474304
165441536
165408768
165625856
165613568
165580800
165548032
165515264
165482496
165449728
165416960
165634048
165621760
165588992
165556224
165523456
165543936
165511168
165478400
165445632
165412864
165380096
165347328
165548032
165548032
165515264
165482496
165449728
165416960
165384192
165507072
165715968
165711872
165679104
165646336
165613568
165580800
165548032
165515264
165482496
165715968
165687296
165654528
165621760
165588992
165556224
165523456
165490688
165715968
165695488
165662720
165629952
165597184
165564416
165531648
165498880
165715968
165715968
165715968
165597184
165523456
165715968
165711872
165675008
165642240
165597184
165564416
165531648
165482496
165715968
165687296
165654528
165621760
165588992
165556224
165523456
165490688
165715968
165691392
165658624
165625856
165593088
165556224
165519360
165486592
165621760
165584896
165552128
165519360
165486592
165715968
165691392
165658624
165625856
165593088
165560320
165527552
165494784
165715968
165699584
165662720
165629952
165597184
165564416
165531648
165498880
165715968
165703680
165670912
165634048
165593088
165560320
165527552
165494784
165715968
165699584
165666816
165634048
165601280
165568512
165535744
165502976
165715968
165707776
165675008
165642240
165609472
165576704
165539840
165507072
165715968
165711872
165679104
165646336
165613568
165580800
165548032
165515264
165482496
165715968
165687296
165654528
165621760
165588992
165556224
165523456
165490688
165715968
165695488
165662720
165629952
165597184
165564416
165531648
165498880
165715968
165703680
165670912
165638144
165605376
165572608
165539840
165535744
165498880
165466112
165433344
165400576
165367808
165335040
165539840
165539840
165507072
165474304
165441536
165408768
165376000
165343232
165310464
165539840
165511168
165478400
165445632
165412864
165380096
165347328
165314560
165539840
165519360
165486592
165453824
165421056
165388288
165355520
165322752
165539840
165199872
165363712
165330944
165543936
165535744
165502976
165470208
165437440
165404672
165371904
165339136
165543936
165543936
165511168
165478400
165445632
165412864
165380096
165347328
165314560
165543936
165511168
165478400
165400576
165367808
165335040
165543936
165539840
165507072
165474304
165441536
165408768
165376000
165343232
165310464
165543936
165515264
165482496
165449728
165416960
165384192
165351424
165318656
165543936
165523456
165490688
165507072
165543936
165404672
165335040
165543936
165515264
165482496
165441536
165408768
165367808
165335040
165584896
165552128
165519360
165486592
165453824
165421056
165388288
165588992
165588992
165556224
165523456
165490688
165449728
165416960
165384192
165588992
165588992
165552128
165519360
165486592
165449728
165416960
165384192
165588992
165588992
165556224
165511168
165478400
165445632
165412864
165380096
165588992
165584896
165552128
165519360
165482496
165449728
165416960
165384192
165588992
165588992
165556224
165523456
165490688
165457920
165425152
165392384
165359616
165588992
165564416
165531648
165498880
165466112
165433344
165400576
165367808
165593088
165572608
165539840
165507072
165613568
165580800
165548032
165515264
165744640
165720064
165687296
165654528
165621760
165588992
165556224
165523456
165744640
165728256
165695488
165662720
165629952
165597184
165564416
165531648
165773312
165736448
165703680
165670912
165883904
165875712
165842944
165810176
165777408
165744640
165711872
165679104
165883904
165883904
165851136
165818368
165785600
165752832
165720064
165687296
165654528
165888000
165859328
165826560
165793792
165761024
165728256
165695488
165662720
165892096
165867520
165834752
165801984
165769216
165736448
165703680
165670912
165892096
165875712
165842944
165810176
165777408
165744640
165711872
165679104
165900288
165883904
165851136
165818368
165785600
165752832
165720064
165687296
165900288
165892096
165859328
165826560
165793792
165761024
165728256
165695488
165900288
165900288
165867520
165834752
165801984
165756928
165720064
165687296
165900288
165896192
165863424
165830656
165797888
165765120
165732352
165699584
165904384
165904384
165871616
165838848
165806080
165773312
165740544
165707776
165675008
165904384
165879808
165847040
165814272
165781504
165748736
165715968
165830656
165904384
165728256
165904384
165949440
165908480
165867520
165830656
165797888
165765120
165965824
165965824
165933056
165900288
165867520
165834752
165801984
165769216
165965824
165965824
165933056
165900288
165867520
165834752
165801984
165769216
165736448
165965824
165941248
165908480
165875712
165830656
165793792
165761024
165965824
165953536
165920768
165888000
165855232
165822464
165789696
165756928
165965824
165961728
165928960
165896192
165863424
165830656
165793792
165761024
165965824
165965824
165933056
165900288
165863424
165830656
165797888
165756928
165965824
165961728
165928960
165896192
165863424
165830656
165797888
165765120
165732352
165965824
165937152
165904384
165871616
165838848
165806080
165773312
165740544
165965824
165945344
165912576
165879808
165847040
165814272
165781504
165748736
165965824
165953536
165920768
165888000
165855232
165822464
165789696
165756928
165965824
165961728
165928960
165896192
165863424
165830656
165797888
165765120
165732352
165965824
165937152
165904384
165871616
165838848
165806080
165773312
165740544
165965824
165945344
165912576
165879808
165847040
165814272
165781504
165748736
165974016
165953536
165920768
165888000
165847040
165814272
165781504
165748736
165974016
165953536
165920768
165888000
165855232
165822464
165789696
165756928
165974016
165961728
165928960
165896192
165863424
165830656
165797888
165765120
165974016
165969920
165933056
165896192
165863424
165830656
165797888
165765120
165978112
165969920
165937152
165904384
165871616
165838848
165806080
165773312
165978112
165842944
165810176
165777408
165986304
165982208
165949440
165916672
165883904
165851136
165818368
165785600
165752832
165986304
165957632
165924864
165892096
165859328
165826560
165793792
165761024
165986304
165961728
165928960
165896192
165863424
165830656
165797888
165986304
165986304
165806080
165969920
165920768
165855232
165822464
165781504
165986304
165986304
165953536
165916672
165883904
165851136
165818368
165785600
165752832
165986304
165957632
165924864
165892096
165986304
165986304
165953536
165920768
165888000
165855232
165822464
165789696
165752832
165986304
165953536
165920768
165888000
165838848
165806080
165773312
165986304
165978112
165945344
165912576
165879808
165847040
165814272
165781504
165986304
166252544
165957632
165920768
165888000
165855232
165822464
165789696
165756928
165986304
165961728
165928960
165896192
165863424
165830656
165797888
165765120
165986304
165969920
165937152
165904384
165871616
165838848
165806080
165773312
165986304
165978112
165945344
165912576
165879808
165847040
165814272
165781504
165986304
165986304
165953536
165920768
165888000
165855232
165822464
165789696
165756928
165986304
165961728
165928960
165896192
165863424
165830656
165797888
165765120
165986304
165969920
165937152
165904384
165871616
165838848
165806080
165773312
165986304
165941248
165908480
165875712
165842944
165810176
165777408
165986304
165982208
165949440
165916672
165883904
165851136
165818368
165785600
165994496
165990400
165957632
165924864
165892096
165859328
165826560
165793792
165761024
165994496
165965824
165933056
165900288
165867520
165834752
165801984
165769216
165994496
165974016
165941248
165908480
165875712
165842944
165810176
165777408
165994496
165982208
165949440
165916672
165879808
165847040
165814272
165781504
166047744
166023168
165986304
165953536
165920768
165888000
165855232
165822464
166051840
166027264
165994496
165961728
165928960
165896192
165863424
165830656
166051840
166035456
166002688
165969920
165937152
165904384
165871616
165838848
166051840
166043648
166010880
165978112
165945344
165912576
165879808
165847040
166051840
166051840
166019072
166027264
166035456
165851136
166039552
165994496
165957632
165916672
165879808
165847040
166051840
166035456
166002688
165724160
165826560
165793792
165748736
165715968
165683200
165650432
165871616
165855232
165822464
165789696
165756928
165724160
165687296
165650432
165871616
165851136
165818368
165785600
165752832
165720064
165687296
165654528
165871616
165859328
165826560
165793792
165761024
165728256
165695488
165662720
165871616
165867520
165834752
165801984
165769216
165736448
165703680
165670912
165638144
165871616
165842944
165810176
165777408
165744640
165711872
165679104
165642240
165871616
165847040
165814272
165781504
165748736
165715968
165683200
165650432
165871616
165855232
165822464
165789696
165756928
165724160
165691392
165658624
165871616
165863424
165830656
165797888
165765120
165732352
165699584
165666816
165871616
165871616
165838848
165806080
165773312
165740544
165707776
165675008
165642240
165871616
165847040
165814272
165781504
165773312
165728256
165711872
165679104
165646336
165613568
165580800
165797888
165785600
165752832
165720064
165687296
165654528
165621760
165588992
165797888
165793792
165761024
165728256
165695488
165662720
165629952
165597184
165564416
165797888
165769216
165736448
165703680
165670912
165638144
165605376
165572608
165797888
165777408
165744640
165711872
165679104
165646336
165613568
165580800
165797888
165785600
165752832
165720064
165687296
165654528
165621760
165588992
165797888
165793792
165761024
165728256
165695488
165662720
165629952
165597184
165564416
165797888
165769216
165736448
165703680
165670912
165638144
165605376
165572608
165797888
165777408
165744640
165711872
165679104
165646336
165613568
165580800
165797888
165785600
165752832
165720064
165687296
165654528
165621760
165588992
165797888
165793792
165761024
165728256
165695488
165662720
165629952
165597184
165564416
165797888
165769216
165736448
165703680
165670912
165638144
165605376
165572608
165797888
165777408
165744640
165711872
165679104
165646336
165613568
165580800
165797888
165785600
165752832
165720064
165679104
165646336
165613568
165834752
165818368
165785600
165752832
165720064
165687296
165654528
165621760
165838848
165826560
165793792
165761024
165728256
165695488
165662720
165629952
165838848
165834752
165801984
165769216
165736448
165703680
165670912
165638144
165605376
165838848
165810176
165777408
165744640
165711872
165679104
165646336
165613568
165838848
165818368
165785600
165752832
165720064
165687296
165654528
165621760
165838848
165826560
165793792
165761024
165728256
165695488
165662720
165629952
165838848
165834752
165801984
165769216
165736448
165703680
165670912
165638144
165605376
165838848
165810176
165777408
165744640
165711872
165679104
165646336
165613568
165838848
165818368
165785600
165752832
165720064
165687296
165654528
165621760
165838848
165826560
165793792
165761024
165728256
165695488
165662720
165629952
165838848
165834752
165801984
165769216
165736448
165703680
165670912
165638144
165605376
165838848
165810176
165777408
165744640
165711872
165679104
165646336
165613568
165838848
165818368
165785600
165752832
165720064
165687296
165654528
165621760
165838848
165826560
165793792
165761024
165728256
165695488
165662720
165629952
165851136
165834752
165851136
165851136
165650432
165810176
165724160
165675008
165625856
165851136
165822464
165773312
165728256
165691392
165658624
165625856
165851136
165826560
165789696
165756928
165724160
165691392
165658624
165834752
165797888
165765120
165732352
165699584
165666816
165634048
165863424
165838848
165806080
165773312
165740544
165707776
165675008
165642240
165863424
165847040
165814272
165781504
165748736
165715968
165683200
165650432
165867520
165855232
165822464
165789696
165756928
165724160
165691392
165658624
165871616
165863424
165830656
165797888
165765120
165732352
165879808
165826560
165785600
165879808
165793792
165752832
165711872
165679104
165879808
165879808
165842944
165801984
165769216
165736448
165691392
165658624
165879808
165863424
165830656
165797888
165765120
165728256
165695488
165662720
165879808
165867520
165834752
165801984
165769216
165736448
165703680
165670912
165883904
165875712
165838848
165806080
165773312
165740544
165707776
165675008
165888000
165875712
165842944
165810176
165777408
165744640
165711872
165679104
165892096
165883904
165851136
165818368
165785600
165752832
165720064
165687296
165892096
165892096
165859328
165826560
165793792
165761024
165728256
165695488
165904384
165900288
165867520
165834752
165801984
165769216
165736448
165703680
165670912
165904384
165875712
165842944
165810176
165777408
165744640
165711872
165679104
165904384
165883904
165851136
165818368
165785600
165752832
165720064
165687296
165904384
165892096
165859328
165826560
165793792
165761024
165728256
165695488
165908480
165900288
165867520
165834752
165801984
165769216
165736448
165703680
165912576
165908480
165875712
165842944
165810176
165777408
165744640
165711872
165679104
165912576
165883904
165851136
165818368
165785600
165752832
165720064
165924864
165924864
165892096
165859328
165826560
165793792
165761024
165728256
165695488
165924864
165900288
165867520
165834752
165801984
165769216
165736448
165703680
165924864
165908480
165875712
165842944
165810176
165777408
165744640
165711872
165924864
165916672
165883904
165851136
165818368
165785600
165752832
165720064
165928960
165920768
165888000
165855232
165822464
165789696
165756928
165724160
165933056
165928960
165896192
166162432
166129664
165855232
165822464
165789696
165756928
165724160
165941248
165928960
165896192
165863424
165830656
165797888
165765120
165732352
165953536
165937152
165904384
165871616
165838848
165806080
165773312
165740544
165969920
165937152
166195200
166162432
166129664
166285312
166182912
166137856
166264832
166178816
166133760
166092800
166285312
166285312
166244352
166211584
166170624
166137856
166105088
166068224
166285312
166273024
166236160
166199296
166162432
166129664
166096896
166064128
166285312
166264832
166232064
166199296
166166528
166133760
166100992
166068224
166285312
166268928
166236160
166203392
166170624
166137856
166105088
166072320
166285312
166273024
166240256
166207488
166072320
166285312
166277120
166244352
166207488
166170624
166137856
166105088
166072320
166285312
166277120
166240256
166207488
166170624
166137856
166105088
166072320
166285312
166277120
166244352
166211584
166178816
166146048
166113280
166080512
166285312
166285312
166252544
166219776
166187008
166154240
166121472
166088704
166055936
166285312
166260736
166100992
166158336
166125568
166092800
166060032
166027264
165994496
166199296
166199296
166166528
166133760
166100992
166068224
166035456
166002688
165969920
166199296
166174720
166141952
166109184
166076416
166043648
166010880
165978112
166199296
166182912
166297600
166264832
166232064
166199296
165904384
166121472
166105088
166072320
166039552
166006784
165974016
165941248
165908480
166121472
166113280
166080512
166047744
166014976
165982208
165949440
165916672
166121472
166121472
166088704
166055936
166023168
165990400
165957632
165924864
165892096
166121472
166096896
166064128
166031360
165998592
165965824
165933056
165900288
166121472
166105088
166072320
166039552
166006784
165974016
165941248
165908480
166121472
166113280
166080512
166047744
166014976
165982208
165949440
165916672
166121472
166121472
166088704
166055936
166023168
165990400
165957632
165924864
165892096
166121472
166096896
166064128
166031360
165998592
165965824
165933056
165900288
166133760
166105088
166105088
166068224
166035456
166002688
165969920
166195200
166174720
166141952
166109184
166076416
166043648
166010880
165978112
166199296
166182912
166199296
166084608
166080512
166199296
166158336
166109184
166047744
166010880
165974016
166203392
166174720
166141952
166105088
166072320
166039552
166006784
166203392
166199296
166166528
166133760
166096896
166064128
166031360
165998592
166211584
166203392
166170624
166137856
166105088
166072320
166039552
166002688
166211584
166207488
166174720
166141952
166109184
166076416
166043648
166010880
166219776
166215680
166182912
166150144
166117376
166084608
166051840
166014976
166219776
166219776
166187008
166154240
166121472
166088704
165994496
166223872
166199296
166166528
166133760
166100992
166068224
166035456
166002688
166227968
166207488
166174720
166141952
166109184
166076416
166043648
166010880
166232064
166215680
166182912
166150144
166117376
166084608
166051840
166019072
166236160
166223872
166191104
166158336
166125568
166092800
166060032
166027264
166240256
166232064
166199296
166166528
166133760
166100992
166068224
166035456
166244352
166240256
166207488
166174720
166137856
166105088
166072320
166039552
166244352
166244352
166211584
166178816
166146048
166113280
166080512
166047744
166014976
166244352
166219776
166187008
166154240
166121472
166453248
166420480
166453248
166420480
166633472
166625280
166592512
166559744
166526976
166494208
166461440
166428672
166633472
166633472
166600704
166567936
166535168
166502400
166469632
166436864
166404096
166637568
166535168
166498304
166465536
166432768
166400000
166367232
166334464
166551552
166539264
166506496
166473728
166440960
166408192
166375424
166342656
166551552
166547456
166514688
166481920
166449152
166416384
166383616
166350848
166318080
166551552
166522880
166490112
166457344
166424576
166391808
166359040
166326272
166559744
166531072
166498304
166465536
166432768
166400000
166367232
166334464
166559744
166539264
166506496
166473728
166440960
166408192
166375424
166342656
166567936
166547456
166506496
166473728
166440960
166408192
166576128
166404096
166428672
166563840
166461440
166379520
166584320
166572032
166535168
166494208
166461440
166424576
166563840
166531072
166494208
166461440
166428672
166383616
166604800
166588416
166555648
166522880
166490112
166457344
166424576
166391808
166604800
166596608
166563840
166531072
166498304
166461440
166428672
166395904
166604800
166600704
166567936
166535168
166502400
166469632
166436864
166404096
166371328
166604800
166576128
166543360
166510592
166477824
166445056
166412288
166379520
166604800
166584320
166551552
166518784
166486016
166453248
166420480
166387712
166604800
166592512
166559744
166526976
166494208
166461440
166428672
166395904
166604800
166600704
166567936
166535168
166502400
166469632
166436864
166404096
166371328
166604800
166576128
166539264
166506496
166473728
166440960
166408192
166375424
166604800
166580224
166547456
166514688
166481920
166449152
166416384
166383616
166604800
166588416
166555648
166522880
166490112
166457344
166424576
166391808
166604800
166596608
166539264
166510592
166510592
166477824
166445056
166412288
166629376
166617088
166584320
166551552
166518784
166486016
166453248
166420480
166629376
166625280
166592512
166555648
166522880
166490112
166457344
166424576
166629376
166629376
166596608
166563840
166531072
166498304
166465536
166432768
166400000
166629376
166604800
166572032
166539264
166506496
166473728
166440960
166408192
166629376
166612992
166580224
166547456
166514688
166481920
166449152
166416384
166629376
166621184
166588416
166555648
166522880
166490112
166457344
166424576
166629376
166629376
166596608
166563840
166531072
166498304
166465536
166432768
166400000
166629376
166604800
166572032
166539264
166506496
166473728
166440960
