0.710110
0.434251
0.410156
0.594015
0.401546
0.388912
0.634236
0.401191
0.396479
0.583348
0.399560
0.394962
0.583498
0.386474
0.398235
0.587755
0.400491
0.405699
0.600286
0.389055
0.398454
0.598236
0.400561
0.401246
0.627688
0.399609
0.408625
0.594104
0.406994
0.400224
0.580733
0.395696
0.399217
0.589943
0.405667
0.407059
0.597099
0.403918
0.398871
0.594593
0.405066
0.415822
0.603801
0.400882
0.395538
0.620304
0.399304
0.401900
0.588857
0.400227
0.400266
0.591924
0.404839
0.405790
0.608623
0.404880
0.404916
0.591190
0.393764
0.415742
0.590440
0.407148
0.402612
0.597512
0.406804
0.418875
0.604148
0.396944
0.403347
0.605277
0.405085
0.399749
0.594339
0.403716
0.404359
0.604908
0.402058
0.406588
0.608118
0.398524
0.917960
0.621493
0.414587
0.412832
0.607156
0.405686
0.409035
0.597730
0.400874
0.401280
0.593621
0.402593
0.399898
0.595485
0.409549
0.406817
0.626760
0.400455
0.400728
0.594763
0.404195
0.400828
0.590266
0.408173
0.404790
0.601825
0.403769
0.411291
0.600622
0.406268
0.403879
0.602331
0.405891
0.410595
0.596960
0.401666
0.414238
0.591278
0.390782
0.402308
0.589421
0.407475
0.400906
0.595947
0.400853
0.407414
0.595681
0.404262
0.403178
0.604332
0.406784
0.404018
0.597056
0.405567
0.408789
0.618638
0.408332
0.422241
0.599775
0.411135
0.397214
0.610752
0.403834
0.403148
0.610251
0.399088
0.398069
0.587144
0.407922
0.397228
0.600338
0.405879
0.405259
0.592049
0.403256
0.402005
0.606419
0.406795
0.403423
0.603428
0.405027
0.401638
0.600287
0.408447
0.406643
0.591263
0.405816
0.406686
0.596115
0.404302
0.398657
0.592201
0.406750
0.406554
0.621525
0.406095
0.396506
0.603120
0.403904
0.412641
0.604512
0.402078
0.406449
0.591296
0.405774
0.409599
0.599194
0.407876
0.407651
0.604493
0.411979
0.405785
0.601861
0.422838
0.403351
0.596897
0.408155
0.410356
0.603243
0.408604
0.409147
0.588101
0.404202
0.409583
0.594888
0.410132
0.401545
0.595104
0.405216
0.415714
0.610098
0.413780
0.424601
0.582863
0.410050
0.409411
0.590638
0.406360
0.406919
0.585672
0.408168
0.406879
0.580317
0.405003
0.404260
0.590916
0.410444
0.411958
0.600102
0.411096
0.412426
0.607264
0.403541
0.427133
0.587950
0.429456
0.409894
0.603475
0.407202
0.412063
0.589677
0.410462
0.416389
0.593969
0.409047
0.415610
0.594698
0.402461
0.404134
0.595162
0.410800
0.416253
0.592845
0.407183
0.415200
0.596691
0.411845
0.412469
0.598285
0.409753
0.412683
0.592341
0.410343
0.411168
0.593846
0.410436
0.411295
0.593296
0.409914
0.411093
0.605941
0.420866
0.401535
0.597735
0.440335
0.409380
0.603720
0.406441
0.409717
0.588972
0.406418
0.414805
0.583319
0.407209
0.412091
0.599526
0.407397
0.415785
0.593762
0.424731
0.406785
0.588981
0.404068
0.417569
0.606390
0.403519
0.408445
0.579544
0.400884
0.402488
0.582743
0.399879
0.396403
0.578538
0.400176
0.408171
0.577244
0.400052
0.415813
0.587717
0.403212
0.403401
0.583396
0.398403
0.405214
0.581845
0.396334
0.402074
0.584515
0.403193
0.398841
0.576941
0.400620
0.406454
0.580723
0.403776
0.403270
0.576938
0.412045
0.397279
0.578344
0.401294
0.404389
0.580665
0.390425
0.401256
0.582936
0.401688
0.392662
0.582791
0.400397
0.403293
0.582344
0.401779
0.396803
0.579688
0.403242
0.402477
0.586945
0.399448
0.398788
0.580059
0.402949
0.396669
0.579007
0.398861
0.396153
0.579798
0.397257
0.403097
0.582695
0.396117
0.401584
0.581873
0.400815
0.399510
0.586930
0.412111
0.397376
0.586743
0.400273
0.408468
0.606801
0.421503
0.400766
0.586294
0.396069
0.400134
0.585656
0.386549
0.392633
0.611579
0.400335
0.389619
0.583122
0.393930
0.397535
0.594885
0.395060
0.390203
0.596278
0.396620
0.398597
0.577673
0.393084
0.394905
0.577105
0.395009
0.398764
0.572105
0.398340
0.398175
0.586399
0.398816
0.394055
0.583165
0.399536
0.385361
0.585574
0.396386
0.392555
0.576934
0.396366
0.397927
0.587539
0.394211
0.396379
0.579285
0.394247
0.397329
0.584306
0.399513
0.399736
0.584954
0.398606
0.398652
0.602564
0.397941
0.400788
0.580911
0.398864
0.399981
0.586974
0.396783
0.398580
0.590559
0.396719
0.396634
0.587480
0.401169
0.398671
0.592927
0.393658
0.398031
0.584659
0.398080
0.404665
0.580188
0.384405
0.387911
0.568604
0.379593
0.377894
0.582984
0.395167
0.396569
0.599783
0.396787
0.392832
0.577993
0.391245
0.398892
0.582880
0.392287
0.395796
0.603545
0.388084
0.396865
0.576524
0.396190
0.394801
0.583584
0.395512
0.393519
0.595427
0.395522
0.396210
0.583283
0.398068
0.394260
0.578994
0.397582
0.398545
0.582528
0.394963
0.401136
0.594614
0.387239
0.396259
0.579111
0.400003
0.401326
0.585271
0.394720
0.397188
0.577746
0.396813
0.397592
0.590597
0.397924
0.411932
0.584434
0.397354
0.399468
0.581937
0.410835
0.398368
0.584844
0.394122
0.405293
0.575427
0.386128
0.391982
0.593535
0.395060
0.401820
0.580672
0.399400
0.396331
0.585717
0.400405
0.394016
0.582700
0.393445
0.393791
0.601351
0.394203
0.394793
0.585017
0.396963
0.389085
0.581281
0.395308
0.396730
0.570360
0.392529
0.382108
0.566538
0.386195
0.382141
0.564237
0.388580
0.385866
0.560189
0.383984
0.397020
1.062392
0.380136
0.391852
0.565241
0.383559
0.388161
0.564208
0.385464
0.382455
0.566183
0.377585
0.386207
0.565565
0.387997
0.378396
0.563931
0.381531
0.387682
0.581153
0.391119
0.388295
0.567355
0.386086
0.388087
0.572936
0.391660
0.390582
0.562304
0.383588
0.389079
0.565261
0.386268
0.397556
0.565407
0.377704
0.386721
0.565814
0.410709
0.399213
0.568833
0.377318
0.386499
0.567391
0.387573
0.386526
0.565824
0.387554
0.388698
0.566049
0.388164
0.385117
0.563279
0.397323
0.392378
0.564667
0.385614
0.385118
0.570622
0.401317
0.398378
0.571475
0.387684
0.392064
0.564075
0.390436
0.388364
0.565839
0.387365
0.388132
0.562819
0.387974
0.387800
0.566590
0.391053
0.385440
0.568183
0.390214
0.397775
0.583862
0.386306
0.387672
0.564018
0.384785
0.384461
0.565449
0.387229
0.385359
0.562614
0.384269
0.385077
0.568122
0.392277
0.388980
0.564393
0.384660
0.393028
0.568041
0.383940
0.399488
0.559593
0.387079
0.384979
0.566446
0.388908
0.388837
0.567532
0.382010
0.383512
0.565437
0.382503
0.382694
0.559833
0.383917
0.386979
0.569640
0.390662
0.385430
0.560356
0.398510
0.379574
1.085419
0.378704
0.382148
0.560153
0.384908
0.380119
0.560596
0.385211
0.387312
0.574395
0.393053
0.384229
0.569628
0.384796
0.386243
0.563630
0.384505
0.385374
0.582802
0.383454
0.381096
0.562735
0.382775
0.384400
0.572436
0.382297
0.392238
0.568047
0.381491
0.393140
0.559380
0.388589
0.385246
0.563458
0.385999
0.384562
0.564868
0.384451
0.394709
0.560833
0.386046
0.389547
0.579066
0.388676
0.379574
0.566240
0.381588
0.387891
0.567694
0.387185
0.388695
0.565029
0.383700
0.389597
0.574040
0.388248
0.391439
0.565562
0.393368
0.401449
0.589238
0.399978
0.393109
0.577279
0.401123
0.398420
0.583587
0.395626
0.387184
0.579410
0.389935
0.398696
0.587200
0.394248
0.398968
0.585796
0.393601
0.396649
0.605200
0.395789
0.388827
0.591447
0.393282
0.386209
0.580867
0.395177
0.395782
0.586083
0.397313
0.401845
0.583684
0.393626
0.395109
0.583227
0.400884
0.398391
0.594968
0.410002
0.388656
0.582573
0.397632
0.400727
0.590037
0.396221
0.397388
0.579525
0.395899
0.396628
0.584264
0.395974
0.393627
0.594163
0.397678
0.397509
0.585965
0.388667
0.395039
0.598109
0.386283
0.401827
0.584506
0.391294
0.391402
0.586205
0.394052
0.389881
0.579491
0.397762
0.393751
0.577693
0.395306
0.393457
0.587223
0.393968
0.395590
0.581335
0.391656
0.401376
0.579099
0.392427
0.397338
0.575704
0.395466
0.396709
0.587282
0.393630
0.390914
0.583153
0.397052
0.398027
0.582422
0.397181
0.395945
0.580947
0.393624
0.397521
0.595129
0.394837
0.407663
0.578839
0.395129
0.397088
0.581277
0.403258
0.395792
0.583622
0.396019
0.396066
0.582917
0.401569
0.397513
0.580438
0.394480
0.401712
0.581284
0.401228
0.409750
0.578814
0.399106
0.394300
0.584250
0.396054
0.395878
0.580286
0.386569
0.395674
0.581194
0.395260
0.396253
0.574614
0.381158
0.394821
0.575801
0.387582
0.397762
0.567884
0.402612
0.395683
0.580513
0.393940
0.389036
0.579322
0.397371
0.396555
0.593485
0.395577
0.394915
0.584006
0.389373
0.397677
0.582507
0.398016
0.393807
0.578422
0.388555
0.393914
0.596555
0.396473
0.461099
0.593430
0.393630
0.736641
0.429121
0.435584
0.578308
0.395622
0.390649
0.576896
0.386867
0.392871
0.573184
0.409061
0.393159
0.597278
0.383146
0.395575
0.576483
0.391863
0.389026
0.579422
0.392860
0.395103
0.579721
0.397584
0.390420
0.600250
0.398497
0.399979
0.585322
0.395718
0.464151
0.576279
0.399122
0.401155
0.601413
0.403772
0.397065
0.573726
0.397803
0.409155
0.585184
0.409356
0.394495
0.579853
0.386526
0.395897
0.582421
0.399334
0.399389
0.591829
0.419580
0.394883
0.591460
0.396244
0.481301
0.569073
0.398843
0.393030
0.597632
0.417738
0.402482
0.568537
0.395606
0.383844
0.572854
0.387031
0.407903
0.561329
0.389139
0.386550
0.569951
0.383660
0.384889
0.579266
0.387592
0.383638
0.574480
0.382667
0.398962
0.563922
0.391982
0.378532
0.583571
0.392365
0.387202
0.560683
0.392116
0.386819
0.581730
0.382467
0.391307
0.557718
0.387610
0.377508
0.576923
0.384127
0.387943
0.563501
0.479752
0.398978
0.579943
0.384343
0.387142
0.567668
0.388666
0.383194
0.568976
0.389497
0.385309
0.566001
0.393467
0.383216
0.592673
0.402072
0.393067
0.580511
0.405373
0.394580
0.602646
0.398625
0.399298
0.584051
0.399333
0.398705
0.589985
0.397235
0.397003
0.577064
0.403053
0.399455
0.587519
0.402838
0.395131
0.602494
0.898375
0.400998
0.584178
0.474472
0.398917
0.580253
0.399697
0.388684
0.594928
0.398759
0.400871
0.578722
0.420878
0.464160
0.592332
0.395991
0.402212
0.593754
0.399579
0.396063
0.582706
0.401382
0.403625
0.578372
0.405169
0.397137
0.587941
0.397127
0.421036
0.578583
0.402520
0.396351
0.584511
0.408350
0.403065
0.579992
0.397955
0.396702
0.591459
0.391059
0.399050
0.572502
0.393438
0.401150
0.584587
0.396114
0.461546
0.582950
0.398038
0.391475
0.587257
0.402553
0.394990
0.580131
0.391162
0.391438
0.597145
0.403009
0.396048
0.583462
0.394481
0.397756
0.588711
0.402071
0.401494
0.582222
0.398081
0.411669
0.584363
0.401945
0.399823
0.588116
0.401685
0.398064
0.586275
0.409655
0.409095
0.574132
0.401238
0.404955
0.583815
0.397231
0.388602
0.576709
0.393813
0.396842
0.584214
0.392848
0.412373
0.581864
0.391749
0.397673
0.585491
0.397529
0.398345
0.591821
0.389623
0.392211
0.583732
0.395052
0.397051
0.584323
0.406685
0.397054
0.576189
0.398130
0.399142
0.581043
0.415506
0.398518
0.586324
0.398772
0.398398
0.581371
0.397689
0.411472
0.592731
0.401202
0.416309
0.587305
0.397212
0.406420
0.584681
0.393982
0.392754
0.581459
0.399369
0.400641
0.593410
0.404841
0.396964
0.586828
0.399451
0.391840
0.585159
0.407818
0.394946
0.573568
0.390885
0.400969
0.583277
0.403691
0.390213
0.578947
0.393160
0.394176
0.577928
0.397320
0.384054
0.583301
0.389292
0.403950
0.584605
0.399959
0.417095
0.596694
0.391055
0.396504
0.581628
0.409188
0.391853
0.592671
0.395500
0.398488
0.583091
0.397370
0.401654
0.582457
0.392292
0.407838
0.578880
0.404767
0.393645
0.580113
0.411810
0.396050
0.585280
0.403808
0.402136
0.589775
0.395696
0.403289
0.586044
0.401308
0.392089
0.579850
0.402338
0.395019
0.583763
0.406706
0.400129
0.586659
0.404771
0.397792
0.604081
0.392771
0.395059
0.578757
0.400243
0.397703
0.585350
0.398845
0.401382
0.588686
0.402199
0.398337
0.586562
0.402520
0.403094
0.590884
0.398913
0.396766
0.585961
0.421574
0.398885
0.581619
0.402533
0.397392
0.592348
0.402410
0.397621
0.588003
0.394786
0.394962
0.587168
0.393512
0.396408
0.590201
0.402876
0.390788
0.581016
0.400196
0.397500
0.593696
0.913754
0.414843
0.592652
0.411307
0.397355
0.580785
0.414997
0.396820
0.578389
0.396183
0.397951
0.580244
0.399886
0.398723
0.587655
0.400698
0.422276
0.613298
0.398145
0.399299
0.586306
0.404587
0.398150
0.583206
0.407423
0.401799
0.583686
0.398114
0.391997
0.586881
0.398651
0.390473
0.596453
0.415488
0.385770
0.574952
0.390539
0.407685
0.577833
0.400871
0.394902
0.581203
0.396717
0.399170
0.580941
0.402156
0.409539
0.581553
0.400447
0.424658
0.584852
0.406946
0.390141
0.588510
0.399387
0.397227
0.601429
0.403146
0.401348
0.585671
0.396310
0.403913
0.591704
0.408184
0.395403
0.591189
0.401681
0.395437
0.593444
0.399806
0.400368
0.592887
0.402508
0.392931
0.574210
0.402645
0.407017
0.581622
0.398908
0.399234
0.579786
0.405183
0.401333
0.579396
0.398458
0.398397
0.581517
0.397309
0.389583
0.572477
0.401085
0.398661
0.586552
0.400627
0.395317
0.595663
0.403336
0.401702
0.587265
0.404091
0.402583
0.587775
0.404128
0.401601
0.589512
0.388797
0.399866
0.574388
0.397811
0.396206
0.587179
0.394940
0.396354
0.568608
0.400071
0.413015
0.587822
0.894414
0.395979
0.583426
0.399921
0.400601
0.593707
0.426161
0.387855
0.592825
0.440524
0.413916
0.593016
0.401539
0.402390
0.585334
0.395893
0.401058
0.585545
0.403006
0.394256
0.585665
0.401664
0.402852
0.602979
0.402961
0.420434
0.577607
0.401671
0.402635
0.587493
0.404856
0.403659
0.583933
0.409321
0.401145
0.586543
0.407570
0.393669
0.579580
0.401532
0.392068
0.596346
0.422943
0.388166
0.582170
0.391295
0.406659
0.587466
0.403719
0.414291
0.588539
0.395238
0.403782
0.585338
0.406844
0.395611
0.579853
0.401935
0.410690
0.577933
0.402114
0.400921
0.588729
0.391801
0.411206
0.584159
0.406367
0.398269
0.587217
0.398003
0.401765
0.586447
0.413944
0.395749
0.575172
0.408255
0.395673
0.599325
0.406646
0.409331
0.581421
0.404325
0.404407
0.598182
0.399819
0.400894
0.578529
0.390791
0.400666
0.587285
0.406263
0.400567
0.583911
0.403039
0.403328
0.629878
0.405466
0.402466
0.592408
0.465279
0.404139
0.577783
0.403590
0.394376
0.579759
0.396317
0.400534
0.586917
0.401781
0.401042
0.583741
0.400616
0.400933
0.582612
0.408994
0.393955
0.588794
0.397038
0.403652
0.594544
0.404445
0.397268
0.579449
0.394668
0.402023
0.581744
0.411226
0.391480
0.583707
0.401288
0.409240
0.578513
0.406894
0.403944
0.573532
0.396434
0.406244
0.572771
0.405794
0.396541
0.589120
0.401929
0.404044
0.594313
0.401499
0.397790
0.588367
0.393829
0.402902
0.587317
0.409497
0.398237
0.584478
0.403769
0.393529
0.585965
0.406331
0.389269
0.566418
0.410383
0.403424
0.586737
0.399944
0.395217
0.580493
0.393504
0.399202
0.608841
0.400444
0.401473
0.581293
0.400865
0.394386
0.582420
0.413279
0.399421
0.582010
0.402290
0.403516
0.604230
0.398557
0.403965
0.581252
0.405702
0.400975
0.596995
0.403804
0.400476
0.587102
0.408865
0.393146
0.585222
0.418549
0.400245
0.572903
0.401708
0.395805
0.582033
0.414365
0.399253
0.583605
0.411891
0.409697
0.587425
0.405963
0.396149
0.587566
0.399263
0.406591
0.581121
0.399941
0.406794
0.580437
0.397641
0.405689
0.580622
0.405907
0.400053
0.582973
0.400475
0.407061
0.583600
0.405789
0.394314
0.583892
0.403245
0.407778
0.595452
0.402750
0.398445
0.571991
0.401799
0.397807
1.064258
0.397663
0.402049
0.575913
0.395003
0.392956
0.591575
0.389084
0.391921
0.571205
0.391911
0.390575
0.567045
0.388765
0.398566
0.578136
0.392755
0.403566
0.586614
0.393088
0.381206
0.565562
0.388445
0.383407
0.571003
0.391995
0.389053
0.564624
0.391861
0.388985
0.581688
0.409689
0.389058
0.566651
0.393354
0.380116
0.564201
0.401239
0.385943
0.568762
0.392692
0.397612
0.572598
0.401379
0.386804
0.558218
0.388417
0.392389
0.592076
0.392237
0.383976
0.564486
0.393671
0.389563
0.587619
0.395483
0.385303
0.579983
0.391418
0.378198
0.570198
0.391712
0.389685
0.571978
0.412787
0.380620
0.568313
0.395453
0.389421
0.564039
0.398169
0.382259
0.567757
0.395855
0.387999
0.563434
0.391535
0.413372
0.575141
0.390786
0.402216
0.563921
0.389447
0.387987
0.567114
0.392908
0.386122
0.560873
0.391082
0.390451
0.565216
0.389395
0.388970
0.564384
0.397764
0.385175
0.586980
0.411947
0.381934
0.571929
0.392560
0.388172
0.586156
0.391177
0.388109
0.563227
0.406530
0.386883
0.564812
0.394297
0.386129
0.571419
0.416307
0.386563
0.569925
0.395229
0.393891
0.576507
0.892872
0.389425
0.564128
0.421042
0.377932
0.554099
0.415659
0.387899
0.567741
0.392461
0.383716
0.560772
0.400624
0.391342
0.569091
0.409889
0.382177
0.561429
0.397263
0.389071
0.566870
0.389783
0.394447
0.560939
0.389855
0.409381
0.584086
0.427024
0.398240
0.580154
0.404569
0.395192
0.579233
0.397887
0.459121
0.578850
0.398618
0.422686
0.570877
0.395129
0.400962
0.576614
0.424607
0.395671
0.618795
0.400132
0.399386
0.582788
0.398537
0.396458
0.581766
0.404157
0.400382
0.584744
0.396255
0.402634
0.595991
0.407648
0.388898
0.579341
0.401313
0.399829
0.584302
0.403732
0.394753
0.589741
0.397659
0.399505
0.586767
0.407871
0.392554
0.583357
0.390953
0.421229
0.589062
0.416264
0.401069
0.571014
0.413684
0.401842
0.588784
0.405363
0.396971
0.568284
0.401944
0.398348
0.577392
0.407648
0.398021
0.586186
0.406074
0.408868
0.595759
0.410605
0.400855
0.577023
0.409876
0.392881
0.585926
0.398762
0.393705
0.573048
0.403438
0.403238
0.597351
0.401970
0.400255
0.588761
0.396053
0.402613
0.586126
0.403052
0.392902
0.578557
0.394173
0.394318
0.590960
0.403583
0.400258
0.582333
0.403056
0.409747
0.589487
0.400080
0.412337
0.583038
0.400648
0.401713
0.584655
0.402002
0.397906
0.580704
0.401814
0.402654
0.592138
0.418686
0.394116
0.591743
0.401947
0.401111
0.590432
0.408598
0.400934
0.580610
0.398162
0.395374
0.571017
0.400313
0.404467
0.576615
0.423365
0.408912
0.596104
0.406450
0.412127
0.572216
0.417248
0.400870
0.587270
0.409876
0.401806
0.587524
0.399528
0.421125
0.584562
0.403677
0.399099
0.587281
0.401993
0.405043
0.592168
0.407419
0.398026
0.587430
0.404320
0.399337
0.583321
0.401391
0.391150
0.579461
0.405293
0.403026
0.580461
0.406907
0.403504
0.594051
0.406383
0.405568
0.601434
0.410475
0.409628
0.596150
0.414354
0.412506
0.573831
0.411228
0.409413
0.598749
0.407251
0.406874
0.606454
0.410876
0.413934
0.598413
0.410070
0.401960
0.619035
0.407919
0.402791
0.592915
0.409559
0.407472
0.612200
0.411002
0.404660
0.582209
0.402146
0.411839
0.593621
0.413990
0.398384
0.605193
0.412476
0.412691
0.592922
0.412919
0.399270
0.595605
0.401417
0.407797
0.595779
0.410382
0.418341
0.586660
0.410972
0.403015
0.584348
0.408811
0.410427
0.605152
0.409129
0.405621
0.589161
0.404933
0.403077
0.594636
0.405561
0.412658
0.606740
0.407068
0.409734
0.608992
0.407796
0.403348
0.599617
0.413012
0.408259
0.604943
0.407942
0.399066
0.602037
0.412026
0.406347
0.581532
0.406666
0.409921
0.596229
0.419906
0.402380
0.593159
0.422555
0.414365
0.601854
0.414424
0.407430
0.597499
0.403610
0.402115
0.595387
0.413988
0.401618
0.598173
0.403669
0.418576
0.584515
0.408341
0.407657
0.595474
0.398379
0.403832
0.591600
0.403037
0.401637
0.583137
0.402003
0.399281
0.596411
0.402667
0.417289
0.580957
0.401431
0.391932
0.597984
0.401067
0.405364
0.577450
0.404195
0.408372
0.601014
0.405680
0.394436
0.587287
0.407575
0.397138
0.582676
0.407608
0.395861
0.585232
0.400547
0.397916
0.587132
0.404261
0.397861
0.573643
0.394026
0.402518
0.580277
0.402971
0.415545
0.580934
0.398084
0.399624
0.588031
0.405062
0.395520
0.578873
0.393739
0.405332
0.589950
0.405322
0.397184
0.578773
0.396081
0.406539
0.586475
0.398203
0.398264
0.577666
0.410360
0.398571
1.100152
0.408968
0.389639
0.582071
0.400524
0.401049
0.584508
0.410610
0.394243
0.581612
0.418868
0.396655
0.577214
0.404047
0.396698
0.581609
0.396468
0.408360
0.575681
0.395962
0.399278
0.575455
0.397168
0.401463
0.581682
0.401329
0.398238
0.604616
0.394997
0.396566
0.582844
0.402703
0.399017
0.582914
0.403424
0.397182
0.589665
0.405681
0.394556
0.587314
0.393977
0.411770
0.568153
0.417963
0.398821
0.583882
0.391902
0.403596
0.575840
0.399956
0.396161
0.590314
0.394151
0.398401
0.580266
0.409934
0.411281
0.588259
0.420956
0.409829
0.583381
0.400324
0.404614
0.582967
0.399328
0.400224
0.576781
0.395958
0.404659
0.584978
0.402968
0.407400
0.577078
0.400964
0.418800
0.595329
0.398094
0.397805
0.571711
0.396677
0.564269
0.585979
0.557942
0.398136
0.559432
0.405335
0.559625
0.606633
0.565449
0.447158
0.561757
0.402862
0.570209
0.593767
0.561806
0.396923
0.564930
0.414889
0.559237
0.584870
0.566802
0.390564
0.565138
0.403636
0.564105
0.575788
0.577321
0.394985
0.565727
0.396188
0.566293
0.597489
0.558963
0.397510
0.564797
0.399411
0.565729
0.604367
0.565958
0.414257
0.570758
0.403760
0.554952
0.576465
0.569489
0.392887
0.570625
0.404612
0.563143
0.595581
0.588431
0.398823
0.563307
0.423879
0.564880
0.609370
0.567649
0.407053
0.558158
0.401884
0.587383
0.586055
0.558635
0.402440
0.565962
0.398367
0.570878
0.605650
0.570565
0.407220
0.571400
0.412586
0.561594
0.586377
0.569396
0.411993
0.566260
0.397614
0.572345
0.570708
0.585349
0.425454
0.566866
0.398857
0.575524
0.585714
0.569814
0.400626
0.563645
0.401619
0.566123
0.589216
0.565983
0.399679
0.567405
0.412992
0.568153
0.613825
0.566372
0.408249
0.564666
0.401965
0.574824
0.590089
0.571781
0.399962
0.563014
0.406143
0.566881
0.577965
0.579065
0.416421
0.565540
0.404167
0.562933
0.608662
0.568148
0.401998
0.570154
0.410481
0.580708
0.586510
0.572287
0.400003
0.562737
0.420948
0.566681
0.605584
0.565758
0.402490
0.564604
0.400515
0.567470
0.586191
0.571871
0.398561
0.562761
0.418932
0.580320
1.105199
0.609688
0.400374
0.568105
0.402740
0.562828
0.581854
0.584167
0.407478
0.587024
0.407552
0.566800
0.587334
0.567035
0.407490
0.551917
0.400595
0.566910
0.582163
0.567737
0.398759
0.565357
0.403643
0.555206
0.580812
0.563682
0.414686
0.569165
0.423200
0.581606
0.574103
0.586673
0.439717
0.566381
0.400475
0.566949
0.604728
0.567085
0.404336
0.564507
0.395788
0.569347
0.593736
0.581077
0.388749
0.564187
0.404934
0.566378
0.585161
0.570765
0.401379
0.563963
0.407059
0.570362
0.593113
0.564094
0.442214
0.571151
0.399222
0.565497
0.583536
0.586265
0.402395
0.569843
0.392574
0.567732
0.606877
0.581773
0.403712
0.568932
0.424630
0.571533
0.589493
0.566876
0.398036
0.564141
0.401406
0.564443
0.570885
0.566318
0.388454
0.567174
0.401102
0.560400
0.585376
0.572689
0.420089
0.562397
0.400411
0.564433
0.585531
0.580244
0.401085
0.561406
0.403690
0.561752
0.405597
0.548268
0.588810
0.554689
0.422296
0.561501
0.399592
0.576118
0.587472
0.561618
0.409536
0.567461
0.403205
0.568358
0.582596
0.586371
0.396231
0.565851
0.418161
0.579148
0.605018
0.566187
0.401570
0.559955
0.397104
0.570946
0.579706
0.565981
0.415899
0.570241
0.411656
0.571538
0.581335
0.562091
0.405288
0.579426
0.405624
0.565859
0.594561
0.562577
0.402241
0.567139
0.413380
0.543953
0.583014
0.588293
0.392599
0.559270
0.416835
0.565944
0.622284
0.553784
0.402773
0.618822
0.397451
0.587477
0.590057
0.567783
0.391669
0.562224
0.412015
0.560642
0.598661
0.572023
0.400754
0.576850
0.403446
0.565919
0.581444
0.560124
0.400909
0.565594
0.399975
0.566141
0.583777
0.584535
0.402744
0.574235
0.391780
0.557240
0.606040
0.564587
0.402024
0.553191
0.395838
0.554616
0.579459
0.566946
0.399984
0.566780
0.403956
0.565492
0.576858
0.578335
0.401606
0.584536
0.401357
0.564228
0.573498
0.567175
0.398861
0.565446
0.397998
0.563087
0.581673
0.590715
0.420455
0.563223
0.400314
0.568069
0.608367
0.561424
0.399822
0.576229
0.402271
1.058644
0.566805
0.564296
0.400308
0.561913
0.422841
0.563766
0.579751
0.556144
0.392087
0.581051
0.399801
0.566240
0.581326
0.565359
0.398580
0.559152
0.403509
0.565028
0.605383
0.604620
0.401438
0.565148
0.393690
0.559106
0.592338
0.568937
0.400453
0.563966
0.402744
0.562232
0.579884
0.581893
0.419321
0.568077
0.400226
0.563541
0.573403
0.565297
0.392630
0.581801
0.397609
0.565893
0.578915
0.564211
0.405358
0.563482
0.419406
0.562435
0.583289
0.585537
0.406795
0.562060
0.400294
0.559218
0.597173
0.567598
0.398427
0.572425
0.402274
0.570816
0.569868
0.558679
0.401644
0.563852
0.418638
0.561711
0.573198
0.571899
0.393257
0.590540
0.399567
0.561950
0.586428
0.565083
0.415476
0.557829
0.421326
0.565482
0.571935
0.575438
0.402756
0.565709
0.399061
0.562099
0.616259
0.554445
0.405117
0.575325
0.403788
0.574046
0.580626
0.590456
0.393550
0.564582
0.416964
0.567004
0.580438
0.561521
0.393879
0.601130
0.397882
0.626448
0.619350
0.580901
0.940329
0.590821
0.393711
0.558709
0.573636
0.556239
0.403491
0.551618
0.390781
0.548915
0.610871
0.551626
0.393175
0.556980
0.410525
0.573254
0.571013
0.558173
0.389388
0.551580
0.386930
0.558089
0.564721
0.583643
0.382250
0.541705
0.395026
0.545373
0.579294
0.550966
0.412156
0.549089
0.392976
0.566559
0.567015
0.565149
0.398916
0.573166
0.399656
0.566901
0.583951
0.565158
0.395702
0.568925
0.401466
0.566310
0.590177
0.567346
0.409396
0.561933
0.421539
0.571576
0.584413
0.585452
0.395525
0.568758
0.403920
0.562041
0.605048
0.565612
0.427544
0.562431
0.398507
0.570322
0.576307
0.569550
0.393715
0.566834
0.406856
0.561594
0.585089
0.567004
0.402458
0.589097
0.411394
0.562309
0.581705
0.562567
0.401080
0.558086
0.420735
0.557622
0.583990
0.571590
0.399336
0.568101
0.414722
0.573641
0.576405
0.575024
0.424651
0.563636
0.403011
0.565592
0.592962
0.562438
0.398004
0.569250
0.400584
0.569539
0.595140
0.561948
0.394239
0.558721
0.391574
0.551907
0.593047
0.551849
0.403300
0.564167
0.437057
0.551563
0.577039
0.566279
0.403187
0.562824
0.396581
0.585243
0.581232
0.566812
0.398942
0.576258
0.405436
0.570155
0.577104
0.565758
0.399821
0.568562
0.402671
0.565235
0.614846
0.590285
0.394921
0.547819
0.391794
0.544742
0.565261
0.552304
0.394897
0.560253
0.390982
0.548952
0.565247
0.568562
0.385397
0.558579
0.386682
0.554088
0.566582
0.566964
0.400998
0.568060
0.397444
0.558526
0.598964
0.563413
0.403131
0.574586
0.393750
0.564858
0.616218
0.574723
0.400603
0.601992
0.404873
0.577184
0.581152
0.571278
0.390664
0.568817
0.420914
0.565902
0.583307
0.568955
0.421916
0.576790
0.412120
0.566580
0.606662
0.581232
0.406993
0.581673
0.407686
0.577944
0.589945
0.583155
0.415492
0.583173
0.436822
0.588679
0.603271
0.589558
0.419846
0.587018
0.412692
0.573430
0.580534
0.573488
0.413888
0.567344
0.415166
0.565818
0.616042
0.610349
0.410554
0.584340
0.400497
0.571295
0.601440
0.592489
0.407506
0.579076
0.420989
0.586551
0.600943
0.578776
0.415099
0.596140
0.410608
0.576365
0.609043
0.570272
0.411974
0.571023
0.416045
0.582052
0.588010
0.572156
0.406804
0.569590
0.435106
0.595920
0.598723
0.595982
0.417883
0.577816
0.418235
0.583300
0.586579
0.581179
0.405257
0.576724
0.412194
0.593423
0.608891
0.590012
0.406328
0.568665
0.421177
0.574807
0.617340
0.560549
0.405862
0.595628
0.402162
0.568179
0.582201
0.568078
0.418901
0.572483
0.420850
0.575164
0.574949
0.562462
0.403793
0.563505
0.405465
0.570889
0.576881
0.577097
0.405775
0.567601
0.402953
0.568760
0.578996
0.578172
0.406143
0.560845
0.407889
0.579585
0.604867
0.563135
0.399290
0.584328
0.403967
0.570561
0.582716
0.563043
0.410478
0.563124
0.417766
0.563907
0.585875
0.571545
0.405384
0.578015
0.397797
0.578956
0.565544
0.565961
0.401716
0.570793
0.406535
0.591640
0.570269
0.574487
0.399732
0.561330
0.405412
0.563831
0.595110
0.561123
0.389869
0.584995
0.390738
0.556656
0.579381
0.590058
0.399563
0.562124
0.426968
0.563457
0.586077
0.562647
0.405244
0.571267
0.408790
0.566719
0.599215
0.567709
0.425901
0.573593
0.412761
0.579812
0.582253
0.558047
0.405756
0.567022
0.407032
0.561736
0.604871
0.556264
0.399120
0.578462
0.400948
0.566099
0.583844
0.594407
0.404735
0.561651
0.413269
0.560477
0.586818
0.564687
0.408382
0.561553
0.413909
0.550704
0.586372
0.560953
0.422230
0.586897
0.407208
0.584991
0.575415
0.567308
0.405612
0.563806
0.404836
0.575732
0.595692
0.560311
0.397539
0.586653
0.409403
0.585653
0.582075
0.567899
0.405474
0.581558
0.420936
0.579559
0.588722
0.585568
0.400689
0.576084
0.399587
0.559292
0.585125
0.587155
0.412547
0.571654
0.393715
0.584849
0.586195
0.562017
0.404257
0.566630
0.405510
0.562438
0.607612
0.561163
0.415713
0.558898
0.404330
0.567795
0.581622
0.569519
0.400627
0.565282
0.424238
0.563960
0.585993
0.563562
0.404027
0.561793
0.400127
0.579656
0.580038
0.589779
0.416332
0.556198
0.901671
0.574509
0.587285
0.570562
0.409989
0.558768
0.404015
0.565298
0.576977
0.579094
0.401435
0.580681
0.406400
0.562235
0.584068
0.578670
0.400558
0.611212
0.403488
0.566101
0.580798
0.593892
0.401557
0.563189
0.418659
0.561661
0.577908
0.563786
0.437966
0.571298
0.407911
0.559549
0.591072
0.566789
0.398173
0.571985
0.408785
0.575971
0.604657
0.573635
0.424519
0.565623
0.424641
0.554863
0.583568
0.565441
0.401318
0.562106
0.404969
0.566434
0.597453
0.583635
0.399278
0.573137
0.401852
0.565265
0.592252
0.563449
0.429647
0.560818
0.402716
0.560646
0.585919
0.567548
0.403194
0.567153
0.408247
0.563332
0.600251
0.569719
0.407034
0.568813
0.400979
0.565016
0.587557
0.574034
0.403324
0.567736
0.405557
0.565701
0.583582
0.588156
0.396069
0.562514
0.401583
0.574878
0.580189
0.563251
0.415806
0.553303
0.408180
0.567765
0.584262
0.565293
0.398620
0.569815
0.402161
0.584856
0.589559
0.573488
0.417935
0.585691
0.413011
0.585326
0.586097
0.559929
0.406957
0.570163
0.411729
0.583331
0.595312
0.620981
0.413282
0.573913
0.413260
0.581297
0.602442
0.566199
0.410170
0.577347
0.417326
0.568488
0.589363
0.574286
0.427382
0.572184
0.416831
0.577935
0.611771
0.575210
0.408909
0.564425
0.407783
0.573676
0.591496
0.582268
0.412470
0.578538
0.424601
0.577887
0.593173
0.588783
0.413483
0.576020
0.408597
0.576737
0.602507
0.577097
0.413199
0.579381
0.432321
0.576581
0.616903
0.581001
0.411427
0.580462
0.414169
0.579920
0.621931
0.577144
0.412082
0.621736
0.410935
0.575716
0.591895
0.578759
0.431169
0.582620
0.426607
0.581718
0.593544
0.596015
0.422618
0.590687
0.414835
0.575515
0.584975
0.581045
0.440396
0.571246
0.431215
0.600489
0.597721
0.572623
0.416319
0.585783
0.432609
0.576470
0.610204
0.602765
0.411363
0.570852
0.405883
0.580448
0.608770
0.599026
0.414860
0.587163
0.418975
0.582943
0.595216
0.602554
0.403415
0.576603
0.414810
0.581254
0.598221
0.587198
0.433042
0.599146
0.410762
0.592788
0.597560
0.593768
0.409740
0.588101
0.413491
0.594919
0.612418
0.581492
0.404807
0.597267
0.410642
0.597573
0.605410
0.592945
0.406935
0.587157
0.434000
0.576517
0.595166
0.596068
0.409955
0.565693
0.410902
0.564072
0.596687
0.668509
0.415389
0.569581
0.409259
0.602513
0.593177
0.564313
0.406484
0.570822
0.411110
0.579548
0.599324
0.571115
0.430659
0.597373
0.413126
0.573104
0.591148
0.579550
0.413425
0.571612
0.438961
0.567876
0.599997
0.602371
0.405367
0.577521
0.430407
0.584733
0.597851
0.589347
0.426773
0.570520
0.411306
0.603595
0.591631
0.577238
0.400008
0.577313
0.417279
0.581878
0.585230
0.578533
0.420092
0.583053
0.417764
0.566246
0.590492
0.576098
0.412098
0.578566
0.414210
0.575870
0.600052
0.581948
0.432495
0.588824
0.409155
0.568292
0.595524
0.572021
0.405170
0.569478
0.402711
0.586434
0.580252
0.562779
0.396238
0.563750
0.425816
0.570377
0.600295
0.554191
0.397470
0.573715
0.393401
0.565390
0.578098
0.578190
0.403306
0.563483
0.426209
0.555922
0.600029
0.588583
0.401364
0.567300
0.411484
0.566484
0.585582
0.555908
0.413755
0.556224
0.402063
0.567882
0.584652
0.565386
0.398718
0.563091
0.395951
0.563011
0.604317
0.564274
0.401068
0.560561
0.397302
0.567040
0.583093
0.566075
0.412364
0.570246
0.415394
0.557967
0.610641
0.585934
0.405681
0.559069
0.405721
0.577289
0.584694
0.557532
0.402720
0.565347
0.398830
0.563541
0.579390
0.564851
0.397454
0.564588
0.404912
0.562569
0.589843
0.567199
0.399702
0.561141
0.401836
0.554545
0.591299
0.567661
0.403686
0.564622
0.410159
0.560729
0.580724
0.599173
0.387408
0.552245
0.401778
0.553405
0.587530
0.563280
0.418223
0.560225
0.394683
0.566885
0.583074
0.569256
0.406198
0.577511
0.420802
0.552762
0.597522
0.582386
0.403252
0.569336
0.403228
0.564719
0.608593
0.561540
0.396632
0.569544
0.421252
0.583136
0.581133
0.591136
0.405138
0.565404
0.405764
0.569707
0.584341
0.568137
0.402622
1.070937
0.405347
0.563454
0.587871
0.563025
0.403394
0.564294
0.397334
0.568466
0.577007
0.567463
0.404442
0.567333
0.400275
0.560816
0.594671
0.575222
0.409388
0.573054
0.427301
0.576089
0.592590
0.587780
0.403160
0.563883
0.403519
0.562095
0.588846
0.570773
0.405262
0.560218
0.420669
0.580912
0.594717
0.566609
0.400718
0.564488
0.395332
0.566926
0.577535
0.564913
0.397023
0.596513
0.391146
0.568392
0.600207
0.569647
0.407351
0.562323
0.422972
0.580574
0.590933
0.558120
0.401388
0.555244
0.399874
0.558511
0.578744
0.562235
0.417317
0.556262
0.408146
0.552619
0.588502
0.563650
0.403737
0.565444
0.401968
0.577334
0.598669
0.568765
0.401083
0.590767
0.401712
0.567449
0.589745
0.574766
0.408824
0.567308
0.421419
0.562555
0.587206
0.590813
0.403852
0.566495
0.416241
0.562695
0.575612
0.564932
0.404152
0.561074
0.405092
0.566438
0.587743
0.564634
0.400055
0.571596
0.404113
0.557031
0.600369
0.568904
0.402145
0.586139
0.422158
0.571605
1.081431
0.568045
0.390435
0.570391
0.398059
0.564932
0.578223
0.580987
0.400322
0.565782
0.400778
0.566237
0.591485
0.565591
0.399856
0.570956
0.397923
0.568604
0.585339
0.572741
0.402181
0.569042
0.416920
0.560302
0.582530
0.563791
0.423401
0.609072
0.405305
0.566132
0.585391
0.559437
0.408771
0.564090
0.401348
0.568813
0.584949
0.599835
0.399471
0.567694
0.421381
0.582236
0.606929
0.571617
0.399771
0.565162
0.396520
0.590869
0.586444
0.568030
0.408694
0.558470
0.423369
0.564701
0.604540
0.570418
0.408811
0.568271
0.401188
0.575405
0.581459
0.568481
0.403940
0.569373
0.400729
0.564649
0.578748
0.589233
0.401739
0.559527
0.401452
0.559589
0.607141
0.571295
0.399557
0.567231
0.397987
0.570379
0.580003
0.565858
0.404461
0.559891
0.422648
0.565167
0.580499
0.587321
0.389356
0.561461
0.396210
0.563076
0.576031
0.578278
0.403410
0.580308
0.404474
0.580140
0.580552
0.569804
0.412909
0.571602
0.396730
0.572141
0.608823
0.578122
0.394737
0.560289
0.390870
0.560344
0.584249
0.573986
0.394231
0.563513
0.433974
0.559585
0.577359
0.571102
0.411644
0.566809
0.408843
0.572661
0.593598
0.558101
0.396922
0.570801
0.390676
0.574613
0.582983
0.588165
0.402908
0.563912
0.408502
0.567783
0.598951
0.559264
0.396009
0.580598
0.478655
0.591319
0.597288
0.569363
0.422425
0.565586
0.399794
0.566233
0.584887
0.563584
0.401084
0.585012
0.396240
0.572143
0.596490
0.569188
0.402673
0.568322
0.394073
0.560778
0.606925
0.587241
0.406902
0.565813
0.409411
0.566425
0.583125
0.559121
0.409968
0.571471
0.399694
0.577000
0.581529
0.566538
0.403308
0.572681
0.427413
0.579978
0.584688
0.565206
0.402104
0.563184
0.395255
0.566287
0.582386
0.564197
0.402534
0.565333
0.412872
0.558266
0.584997
0.570756
0.398388
0.559348
0.402918
0.581515
0.600305
0.559449
0.394120
0.571396
0.392448
0.577939
0.593274
0.564863
0.400546
0.563913
0.419601
0.565529
0.584625
0.567034
0.401493
0.565200
0.399751
0.571160
0.582902
0.568414
0.422081
0.581300
0.393868
0.577250
0.587210
0.565279
0.399340
0.565004
0.401663
0.564005
0.607877
0.562361
0.395308
0.583498
0.412157
0.560229
0.588432
0.587996
0.396073
0.564839
0.437960
0.559935
0.588102
0.565153
0.404710
0.568207
0.409311
0.560400
0.584848
0.566508
0.417617
0.585632
0.405868
0.555852
0.580911
0.563701
0.403669
0.562010
0.401770
0.563682
0.605060
0.565146
0.398590
0.553674
0.402865
0.570241
0.578888
0.576358
0.398796
0.559348
0.401873
0.547190
0.586254
0.561917
0.409020
0.575542
0.405911
0.563630
0.603473
0.569058
0.406500
0.582492
0.403693
0.566702
0.585786
0.580714
0.387970
0.579997
0.397317
0.564278
0.603103
0.555499
0.410765
0.565461
0.394819
0.558556
0.583468
0.565622
0.392971
0.549936
0.426427
0.565867
0.590623
0.572164
0.415481
0.590072
0.408892
0.568999
0.590007
0.564751
0.413648
0.569663
0.406779
0.569719
0.596229
0.579168
0.412764
0.564842
0.417674
0.560512
0.587399
0.563447
0.408016
0.564042
0.409659
1.109319
0.589764
0.569573
0.411027
0.563807
0.412151
0.567618
0.586790
0.565504
0.412858
0.591411
0.411208
0.557613
0.605714
0.577113
0.411788
0.563636
0.416460
0.589184
0.590701
0.567352
0.402938
0.565091
0.409472
0.552686
0.604302
0.561574
0.417253
0.563761
0.410254
0.568537
0.589280
0.565689
0.417080
0.591272
0.412258
0.564559
0.589582
0.563188
0.432501
0.562849
0.415388
0.572419
0.609890
0.561459
0.413844
0.559752
0.407060
0.578313
0.604236
0.581366
0.413392
0.563812
0.426616
0.567217
0.391106
0.572956
0.390005
0.566847
0.386126
0.568560
0.387713
0.567731
0.379423
0.556164
0.388168
0.553468
0.380369
0.578062
0.385747
0.574671
0.384366
0.566866
0.383427
0.566084
0.380789
0.573457
0.379603
0.571988
0.382024
0.559280
0.381841
0.571315
0.380397
0.561578
0.378451
0.577054
0.384830
0.553078
0.379656
0.564951
0.469354
0.569996
0.381438
0.559749
0.389437
0.561031
0.383611
0.565879
0.393636
0.566197
0.391602
0.564525
0.388678
0.562653
0.380779
0.577057
0.386830
0.564261
0.887240
0.587615
0.375474
0.560154
0.408707
0.558631
0.408908
0.565562
0.380180
0.568590
0.384378
0.567979
0.384417
0.560829
0.391182
0.581050
0.384307
0.561505
0.385757
0.558862
0.398415
0.557236
0.387164
0.561693
0.380738
0.561661
0.380855
0.575949
0.381071
0.568754
0.381838
0.566559
0.383398
0.569355
0.392579
0.558080
0.375356
0.563635
0.366824
0.559552
0.374688
0.554842
0.386082
0.556884
0.386938
0.553530
0.383111
0.553281
0.392516
0.562247
0.389997
0.558370
0.380794
0.570433
0.383062
0.564745
0.388320
0.564493
0.392340
0.566477
0.385418
0.561805
0.385609
0.563867
0.388442
0.549142
0.386313
0.565569
0.379711
0.564266
0.378320
0.564273
0.377931
0.553053
0.379660
0.561951
0.388117
0.566871
0.382232
0.580645
0.383223
0.569591
0.382169
0.560035
0.373267
0.560603
0.374600
0.559630
0.391196
0.560763
0.379577
0.563335
0.373551
0.560697
0.386267
0.568344
0.388921
0.566449
0.391173
0.560241
0.385670
0.563351
0.386301
0.560341
0.387926
0.563677
0.391471
0.572223
0.383763
0.559140
0.378692
0.580833
0.378691
1.077617
0.404653
0.563077
0.415566
0.562808
0.389362
0.567770
0.388867
0.571865
0.386664
0.562492
0.387924
0.561674
0.385040
0.555608
0.383349
0.569122
0.379449
0.570255
0.383890
0.559907
0.386027
0.558077
0.380279
0.564571
0.382201
0.557939
0.380768
0.562091
0.381507
0.565129
0.379239
0.563989
0.379663
0.561373
0.389998
0.547203
0.376324
0.558005
0.383978
0.560304
0.390116
0.567139
0.395336
0.569804
0.398839
0.565778
0.390906
0.572363
0.392310
0.572859
0.394145
0.564268
0.444801
0.589954
0.390173
0.580295
0.390393
0.561404
0.391059
0.574630
0.391658
0.573930
0.392431
0.578269
0.393872
0.578029
0.382902
0.572613
0.396361
0.580823
0.386755
0.590483
0.389058
0.578591
0.393535
0.575539
0.387537
0.577973
0.387488
0.576108
0.411458
0.579237
0.391599
0.573312
0.383091
0.584195
0.388244
0.580061
0.387173
0.582452
0.394158
0.569281
0.389160
0.642069
0.373861
0.570365
0.383344
0.562660
0.387522
0.561580
0.393347
0.567354
0.392750
0.580430
0.389927
0.577043
0.399740
0.572426
0.390711
0.588258
0.415192
0.566329
0.390395
0.576653
0.390238
0.583526
0.391953
0.576139
0.391325
0.575251
0.388432
0.581914
0.426684
0.583042
0.386864
0.575314
0.409689
0.574073
0.386299
0.577771
0.411832
0.578121
0.395674
0.580031
0.394566
0.577470
0.396840
0.569767
0.394296
0.574753
0.390970
0.571760
0.391148
0.572583
0.381729
0.575248
0.396295
0.553913
0.391449
0.576198
0.388676
0.571664
0.394138
0.569387
0.382125
0.576001
0.379593
0.566529
0.396623
0.567935
0.394701
0.565368
0.398129
0.564737
0.398204
0.590239
0.386430
0.565065
0.390745
0.577724
0.381026
0.579424
0.410347
0.571557
0.379651
0.564447
0.389825
0.568787
0.384776
0.566241
0.390274
0.572094
0.390231
0.568570
0.398364
0.566758
0.388959
0.580467
0.387864
0.574719
0.389282
0.576759
0.392885
0.576299
0.392101
0.581241
0.390799
0.566211
0.386748
0.562735
0.395197
0.577105
0.390780
0.589904
0.389177
0.578998
0.386466
0.565578
0.391330
0.575455
0.386284
0.574011
0.391386
0.565669
0.391460
0.583920
0.385555
0.585056
0.393190
0.577762
0.388393
0.587019
0.392532
0.581258
0.890235
0.576661
0.392412
0.611466
0.389696
0.582339
0.396367
0.581041
0.388459
0.578399
0.386240
0.570623
0.396521
0.581163
0.385519
0.569694
0.390013
0.577806
0.398940
0.583230
0.411299
0.576452
0.397982
0.568808
0.386359
0.565779
0.397985
0.570198
0.392662
0.572478
0.392206
0.573204
0.389063
0.574794
0.392760
0.561082
0.378268
0.571049
0.389557
0.572565
0.393113
0.574188
0.381333
0.578128
0.389522
0.583193
0.381616
0.575138
0.391803
0.581337
0.391863
0.570636
0.392730
0.587462
0.388542
0.581214
0.395256
0.577190
0.396707
0.578852
0.387061
0.564669
0.392121
0.579064
0.385326
0.580589
0.386874
0.577564
0.387482
0.577438
0.393235
0.583543
0.391603
0.567784
0.391139
0.566424
0.384950
0.575135
0.391370
0.571770
0.392936
0.577664
0.391128
0.583375
0.396215
0.575665
0.397493
0.572087
0.392666
0.575521
0.392203
0.588506
0.384745
0.581642
0.391382
0.579494
0.386586
0.584418
0.390133
0.572088
0.388967
0.582809
0.390367
0.574957
0.382628
0.561890
0.397827
0.575054
0.390430
0.582313
0.378265
0.564815
0.887534
0.578442
0.386988
0.578003
0.418150
0.573925
0.395867
0.568324
0.381531
0.666262
0.392708
0.575652
0.394593
0.574570
0.396676
0.591730
0.396953
0.573240
0.382549
0.578029
0.395256
0.568839
0.376553
0.548965
0.383218
0.555604
0.380247
0.571210
0.382275
0.562014
0.382789
0.559662
0.379459
0.561158
0.403516
0.563030
0.383038
0.596772
0.383142
0.564711
0.375652
0.565724
0.378264
0.557203
0.389700
0.564842
0.384279
0.557513
0.381447
0.565493
0.381419
0.560406
0.381867
0.571311
0.370112
0.561182
0.384529
0.564824
0.384214
0.564902
0.383038
0.562703
0.386392
0.555583
0.385702
0.561277
0.385833
0.564063
0.385930
0.586520
0.380173
0.563338
0.380957
0.565339
0.384967
0.563554
0.372906
0.570837
0.373547
0.567615
0.379257
0.567936
0.379375
0.564239
0.382010
0.564125
0.377844
0.569655
0.379861
0.561733
0.389293
0.560327
0.385312
0.562498
0.382669
0.561975
0.378414
0.565983
0.391625
0.562571
0.383637
0.566522
0.386496
0.561700
0.387511
0.565608
0.379930
0.588285
0.387010
0.565747
0.384235
0.575295
0.384069
0.560888
0.889169
0.564801
0.383884
0.565765
0.386162
0.568500
0.386630
0.569137
0.389577
0.565373
0.385156
0.559079
0.384052
0.567844
0.405768
0.574202
0.381321
0.554942
0.380612
0.561184
0.378037
0.565540
0.381094
0.559749
0.382375
0.564698
0.380728
0.564858
0.388447
0.569646
0.378987
0.566438
0.380915
0.564567
0.391361
0.559048
0.375337
0.562761
0.378511
0.562771
0.392661
0.558666
0.381837
0.564131
0.387931
0.560866
0.385475
0.565081
0.380079
0.552507
0.389427
0.553836
0.384893
0.573707
0.385135
0.560360
0.386583
0.566659
0.379989
0.568557
0.389252
0.566303
0.389385
0.554003
0.381287
0.554527
0.378588
0.570437
0.378903
0.566639
0.379608
0.559202
0.385742
0.553262
0.377730
0.556981
0.382771
0.580854
0.383591
0.572367
0.372850
0.553505
0.372816
0.552379
0.371423
0.549125
0.370554
0.548611
0.372564
0.546389
0.371756
0.544203
0.387971
0.540841
0.376235
0.542669
0.383599
0.548564
0.378474
0.547011
0.386358
0.564476
0.384464
0.567315
0.384834
0.563541
0.379575
0.561782
0.384210
0.559856
0.385880
0.571644
0.390119
0.561344
0.887019
0.570727
0.381857
0.581343
0.390101
0.560274
0.402040
0.557646
0.390812
0.572410
0.414577
0.576297
0.392519
0.575169
0.396614
0.582022
0.393141
0.583283
0.409160
0.572861
0.389215
0.584614
0.391924
0.577865
0.392985
0.579476
0.393687
0.580006
0.389762
0.580994
0.392026
0.575446
0.386270
0.569283
0.388709
0.573616
0.395230
0.583731
0.390793
0.584092
0.409081
0.561720
0.389696
0.563462
0.389236
0.565620
0.387463
0.564645
0.389685
0.563759
0.384608
0.559831
0.383306
0.573361
0.370380
0.557880
0.386149
0.557765
0.383460
0.581489
0.380979
0.575418
0.380541
0.568632
0.379188
0.563938
0.383328
0.568411
0.377619
0.562537
0.376229
0.558899
0.398320
0.554880
0.389949
0.562117
0.384326
0.568745
0.385874
0.566652
0.378255
0.562398
0.393561
0.569354
0.397706
0.564596
0.386502
0.568002
0.388386
0.565490
0.385077
0.572710
0.380967
0.554819
0.380512
0.557046
0.377935
0.568454
0.380594
0.556592
0.381404
0.565650
0.380902
0.563660
0.383092
0.579771
0.382097
0.577582
0.382548
0.565024
0.396486
0.564269
0.378078
1.069392
0.386819
0.566382
0.398019
0.565960
0.385662
0.582203
0.384065
0.566409
0.379054
0.566877
0.383555
0.571773
0.374318
0.570806
0.393851
0.563095
0.374840
0.567144
0.376619
0.557048
0.389837
0.564059
0.390803
0.562873
0.394545
0.560388
0.386100
0.555566
0.389195
0.561567
0.385783
0.563626
0.380462
0.579399
0.387350
0.565139
0.383560
0.564209
0.383599
0.564134
0.381499
0.555713
0.379630
0.543128
0.379774
0.573431
0.379417
0.562219
0.382244
0.554891
0.382119
0.562440
0.395812
0.564253
0.380366
0.566703
0.383171
0.567784
0.382734
0.561845
0.370722
0.551776
0.377457
0.557785
0.385237
0.558178
0.383537
0.562482
0.381358
0.564658
0.380123
0.567906
0.376454
0.563344
0.386216
0.576859
0.388129
0.565698
0.389816
0.567066
0.386302
0.579426
0.384897
0.571111
0.386347
0.568363
0.383944
0.561685
0.375750
0.561283
0.378166
0.567186
0.377491
0.566351
0.382524
0.565474
0.379753
0.571790
0.382148
0.569103
0.382731
0.569058
0.379710
0.564912
0.379854
0.562090
0.379285
0.558206
0.380894
0.561024
0.383054
0.561765
0.387240
0.564564
0.385023
0.567245
0.382600
0.563054
0.385086
0.564867
0.390034
0.554026
0.382820
0.563757
0.389431
0.664294
0.387705
0.566980
0.387742
0.584578
0.381852
0.575957
0.391568
0.579770
0.398929
0.576588
0.391702
0.580027
0.388494
0.578971
0.381702
0.574228
0.388724
0.576478
0.387694
0.577663
0.412282
0.578955
0.384362
0.581924
0.395694
0.579630
0.395831
0.582865
0.393932
0.578618
0.390188
0.566777
0.403021
0.579138
0.384914
0.585680
0.393665
0.582689
0.390833
0.581624
0.400401
0.573214
0.388825
0.569013
0.386570
0.583228
0.387348
0.572872
0.396761
0.580679
0.411644
0.575404
0.388792
0.570007
0.388289
0.571187
0.390444
0.568390
0.396065
0.584350
0.392347
0.569740
0.387562
0.579816
0.390616
0.573298
0.391153
0.584395
0.384534
0.579200
0.390637
0.580348
0.397991
0.576290
0.383566
0.573434
0.395173
0.573420
0.381985
0.575599
0.391350
0.577633
0.389152
0.579242
0.394009
0.577283
0.382051
0.601164
0.396134
0.576299
0.388157
0.557235
0.386833
0.580480
0.387445
0.576348
0.389164
0.564327
0.386802
1.084762
0.402283
0.585156
0.395310
