130670056
132615184
128541224
121351576
128030736
129290720
120139360
127269688
127796600
120085464
128594360
127679848
120815336
129320872
128469936
120756024
128670328
129001968
120759720
128282440
128284736
120895752
128221016
128749024
119844496
128874552
127761664
119981872
127631168
127763680
119783776
128028152
127697480
119981432
128222200
128422280
120571408
127567936
128550600
120572560
129076616
127831872
121621800
128814808
128554336
121362944
128227232
133471232
120379344
128228976
127377976
120510816
127376312
127770792
119657896
127639176
127638280
119857352
126920584
126919440
119334432
127247344
127638424
120775064
128493072
128427504
119594632
127378248
127508400
119661792
127707080
129345120
119922232
127574840
127442624
119530728
128425888
127509904
119594968
127574840
128297272
121824840
127508064
127706288
121495064
127640264
127707152
120054776
127575360
127580464
119989544
128689544
126266024
118289104
127508808
126792112
119396776
125871368
126199936
119404888
126396296
127318128
119531976
126134104
126595856
118094840
128689792
128428672
120904312
128558136
128756600
120774368
128622872
128165592
119792400
128558048
127443704
121499024
128557560
128362072
121365840
128623656
128557984
120778128
128033752
128034392
120841104
127904288
128167576
119791648
127772328
127774752
120057328
127838512
128886104
120776792
128822840
128428288
119857704
128755240
128756648
120973176
128688784
128494048
121496136
128558280
129671952
120842232
128360976
129542400
121172928
128886312
127115696
120907832
128295248
128033384
120577008
128558920
128295344
121430632
128034672
127838192
121103264
127509488
133342184
120710144
127115912
127051816
120382464
129082576
128034280
120645480
128492840
128758088
120579328
128494464
128364184
121235904
127837192
128364056
120450544
127904400
127640888
120055800
127708824
127641984
120447688
127510152
127509136
119662456
128697328
127844376
119996480
127646944
128497992
120127024
130594920
129482584
121253968
128642240
74361928
208421672

130342664
121685976
127752128
120042384
129407240
127978312
120595176
128580472
127928512
120089960
128133640
128138400
120686808
128079040
128601680
119641576
127556792
128411456
119252712
127760304
127561576
119584728
129660928
127630712
120107496
128808744
128219152
120109648
132021088
129534840
119390240
127566232
128615120
120243808
128157344
128290896
121164312
128158968
128160720
120442184
128226368
129339616
119523712
128356128
127963672
119986696
127964376
128097096
119788808
128294040
128161984
120643456
128161880
128688376
121362944
127180224
127834720
121036672
127770824
127511896
120444912
127573792
127115704
120188512
128164232
128296408
120315640
128494512
128294784
119468976
128295656
128362664
119595304
128164312
127967664
120056584
127902128
128296208
120119688
127773424
128557264
120185416
128163952
127837584
120578312
127052152
128232816
120184344
127967776
128167248
120319528
127051720
130065392
119334544
127511984
127248760
119660896
127247776
127377960
119859928
127574064
127314168
119988544
127313440
127902832
119990104
127639848
127248408
119005568
132294240
128491920
120317488
128230024
128428120
121563744
128164672
128360360
119727504
128360488
128363456
120381936
128297048
128036208
120252368
128235504
128231608
120120032
131114576
128101264
119531488
128623192
128231880
120185488
127116688
127378136
119727840
128164248
128100776
119139384
128361840
128363376
120452024
127968760
128494456
120185832
128167904
128230320
119531144
128689688
127643672
120316680
128232696
128426576
119989672
128295536
128165552
119595880
129344344
127181840
118744080
128230448
128690064
120448040
128166664
128102696
120250416
128492176
127511712
120122680
127838712
128230912
119400736
127447072
127445672
120644112
128361616
128491928
120514272
128494384
127772776
120318448
128427408
128360728
120383072
129474840
130525288
119335728
127182192
128363312
120514240
128238392
128242616
119403696
128498344
128564768
121114056
128498608
128370256
119744856
128381944
129624328
120400320
128641096
128315304
120072976
130542016
127789816
119812208
128642080
129364352
119089744
127463072
128444952
121973520
128707224
128250360
119286320
127333520
127792008
120007424
128248088
128186568
120077256
128053256
127789256
119483928
127659232
127856560
120467664
128510616
128510752
120401192
129821920
129953488
120335640
128576376
128575232
120991144
128511568
127465856
120005816
128576088
127464016
120470904
128184224
128578496
120072400
127531048
128314272
120336152
128575704
127921304
120465520
128576768
127920216
120270368
128837816
128774296
120269712
128380424
128903224
120794928
129689912
127790680
119417616
128186032
128449064
120204336
128707672
127726368
120530264
128511128
127790176
119484040
127921248
128380720
119219992
128249240
127661080
119419248
127987304
129626224
120073336
128969816
128970144
120335656
128183616
128511920
121451152
128380312
128511072
122236328
127265088
127528344
119546272
128707608
127921824
119678288
127790296
127856064
119417744
127134560
128379064
120205456
128186240
128385040
120338312
129301784
128645360
120470800
129234608
128909328
120141320
128056152
128710224
120803032
128513816
128253672
119946208
128318552
128578352
120077848
128452152
127860064
120404712
128449032
128318128
120273688
128844616
129105056
119487080
128318088
129825424
120339000
128316752
128842880
121256816
128579760
128451080
121387880
128448992
128120120
120141584
128125192
128513912
120208880
128448152
128515736
120470296
128515304
129366008
120472416
129369704
128450712
119160608
128252824
128646048
124141224
127664248
127999688
119621120
128322336
129306136
119691968
128453416
128259016
120147384
128259600
127732224
119427000
128387552
127603232
120015256
128715592
128453120
120277976
132450592
129505752
120342712
129175016
128256256
120344168
128190720
127930560
120080824
128323800
128388200
120082872
127994328
128258368
120079968
128257152
128191592
120933776
128257744
127799584
120998400
127864712
127797392
119623024
129174664
128847960
119491616
127994944
128584936
121719952
127929480
128127512
120605928
128060480
128190408
120016240
129043688
128388096
119884152
128128304
127470400
119495312
127340008
127342120
119884472
128650376
128125088
120147448
130025536
128519072
120015032
128652832
128649152
120279032
129043040
128323680
120539576
128062616
130029456
120145160
128386848
128718512
120018568
127668616
128060784
120016752
127538896
127864376
119948928
128518880
127863592
120803224
127994736
128192152
119950400
128913160
127601520
120081744
128715560
128454328
128993120
128388256
128518800
120278096
128518504
128387840
120473784
127932656
129437056
121720600
129304832
128783800
120342616
74630688
208431640

129293696
128025008
127948856
120503656
128489856
128306144
124658144
127990576
128584424
119426928
127871456
128664064
119180008
127028872
127029904
118987216
127297880
127233064
121677792
127103424
127826552
119126912
127760184
126976608
118731520
126253872
126646536
120700808
128222296
128681272
120181712
128681392
126845496
119785848
127044696
126654280
119783856
126978768
126652056
122151440
127046272
127046584
119196920
126721464
127701936
119265768
126785680
127048816
119134400
127244528
127114696
119004712
126983464
127312152
119266736
127442400
127245712
119267408
131309160
126984904
119398672
127049448
127442456
119201968
127115000
127313192
119267664
126919168
127050072
120316528
127378040
127313024
119529920
127379392
127052600
119332384
127508776
127446008
126151728
127509840
127314576
119531360
127839744
127510856
119268016
127181624
127573952
119465064
127508416
129017296
120449456
128230232
127705088
119989640
127705088
127575664
120709112
128295928
127443520
119793448
127314200
127513160
119792440
127378264
127444464
119536056
128034208
127840800
119595504
127580008
127837344
119533176
127050488
127316056
119268112
127774048
127706136
119203600
127575288
127576408
119203536
127247496
127837112
119727856
127443992
127838104
120710224
127116336
127444136
120776352
127313736
127183280
119006464
126462976
127119192
118546688
127443848
127250040
119205552
127051824
127119280
119466752
126988864
127249896
120579536
127117032
128099056
119269528
127509008
126855520
119598048
127051400
127312496
119335160
128295792
129083840
119399208
127837608
128296152
119138080
127708200
127773024
120054536
127575784
128229904
120776792
127248704
127054992
119137832
127051464
126986880
120058664
127444944
127183888
119397720
127575496
127247088
119922688
127247240
127510568
119465000
127119352
127706056
119268768
127116104
127313832
119530624
128754864
127116008
119140032
127712736
128761416
119142744
126991016
117899904
119864184
127449504
127384960
119941608
127399064
127791888
119417064
127657920
127594432
121317512
127593848
127329560
119285776
127592400
127792832
119157944
127463416
127266976
119288384
127989760
127725288
119352856
127527672
127526808
119287552
127529792
128119560
118893840
127396976
127199352
119090528
127199352
127725384
119154832
128052336
127529392
119090688
129297880
129626184
118893744
127397200
128118008
119156160
128380152
127922344
119681672
127593680
127790232
120270368
127595240
127401944
119285520
127266096
127069304
119484000
127201288
127401624
118957968
127790128
127791848
119160000
127724952
127725944
118958856
127596448
127397240
120533296
117125776
127267440
120400456
127725336
128838288
119025800
127658736
127529712
119155944
129036160
127265424
118959336
127659576
127202008
119090088
127922072
127265520
119091272
127397040
128971352
120007080
127594264
127593232
120402056
127134352
127398864
119417704
127464712
128252032
119154616
129886704
128514368
120535320
127987800
129298528
120402400
128776096
128511592
120992904
128249848
128446368
119942720
128249176
128188160
120207144
128514760
128383632
120077464
128319720
128974368
119290888
128056136
127924880
119295784
128842680
129040312
119487424
127859360
127599936
120143120
128451200
128650672
120272424
128645408
128646968
120277280
127991080
127599912
119290528
129237808
130021960
119487936
128579680
128778080
119617592
129105256
128055168
120208776
129629048
128319672
119552296
129300632
128776528
119881448
129104336
129106032
119880008
128058440
130156480
119814584
127858640
128714560
120473464
128646392
128777696
121519488
128713408
127538576
119623856
127798944
128454568
120933832
127601696
127274896
119098360
127405016
127339648
120605992
128455160
126947664
118377912
128650520
127404448
118509096
127470976
126816368
118901976
129175256
128259640
119295304
127406296
127475944
120211680
127142936
127208576
119295624
128651024
127082240
118378752
126881824
126423576
118513408
126358016
127014304
118506168
127601912
126751792
120938008
126488488
126621416
118440888
126356824
126817232
118381976
126553344
126490144
119162712
127273912
128454464
119561272
127143232
127079744
119623344
127801960
128059800
118967152
127076664
128520632
119294512
127079128
127208056
119099440
127273688
127209688
119163664
127078208
127142744
119492848
127601176
127670256
119294640
128650848
127273592
119034256
128059896
128783000
119818672
128585216
127863192
120805576
127863192
127602904
120670640
127800496
127735976
120473904
127667136
127342800
120345856
128520776
128454768
120213992
128194472
128455824
120277880
128977752
128584640
120408904
128585216
128719840
120671384
129175368
129369976
119623184
130746424
127799288
120211792
128650272
128452472
120018440
128518776
128261008
120282344
128454720
128455016
121393768
128063976
128258288
120606232
128585632
128257448
119688712
129764736
129503248
120278328
128453816
128583744
120672136
128193232
128391904
120079016
128977816
129045232
122641592
128323168
128718240
120670736
128060928
128453016
120346120
128584184
128520536
120605200
129043744
128715744
120934168
128125336
128848216
120605200
128651600
128129032
120538672
127732024
128915784
120674592
127668224
127995816
121132328
127671304
127735480
120082624
128323832
128454528
120213832
128192736
127931472
119820504
128520216
128323680
120738696
128061608
129635408
120868920
128454776
128519328
120606984
128520192
127799032
120606896
128522728
128321800
120476816
128651032
127734424
119360592
127406208
128191384
120082896
127863928
128523728
119622736
128651392
128060440
120934128
128846872
128324664
121130032
128718640
128916008
121263088
128978840
128720720
120480176
128520840
128519560
120737544
128519616
129307184
120671960
128389536
128454376
120737832
128716448
128455088
120016632
128126904
128847968
120868808
128128112
128065504
120605608
127930360
130553520
119757752
128192832
128260352
120344432
128193184
128126648
120347080
127667896
127342200
121720560
128520960
128519640
120411344
128585176
129176408
122899536
128326168
128846032
120345640
128261352
127407184
120410232
128127320
128192512
122048904
128585696
129045808
120213280
128257624
128192384
120869704
128716768
128062320
120015736
129896600
128454304
121393704
128391072
128262056
119949720
128542872
128674400
120563568
128542296
127889080
120498192
129134968
128608344
120569656
127756248
128478856
120498144
128412688
130967240
120040704
128673704
128284928
120039392
127759528
128547168
119646856
127952680
129671800
122338848
128546496
129397704
120894896
127958952
128219024
119255992
128938744
127562656
119911672
129200112
128415552
120239080
129398704
129396792
120698104
128414544
128350112
120829032
129922152
128546784
120767016
128677136
128156008
120568392
128812800
128284304
120698664
128676392
128416200
121090304
128546288
128611344
120569696
128610184
128546696
120959104
128678528
130252536
120564672
128675656
128350744
121421552
129333528
128874176
120894360
129462896
128480640
120238024
127955944
128807984
120894776
128283792
128416320
120239184
128349256
128087088
120698392
128809504
128484688
120565288
128414664
128022176
120505064
128545776
128547984
120696928
128218864
128479656
120174656
128610504
128612584
120303936
128547656
128282728
120501888
128348488
128350440
121355248
128418960
128549960
120568240
129071448
128484392
120505568
128155712
128679208
121028968
128747880
128614736
120701120
128483008
128351584
120373712
128810408
128418032
120569112
129203704
128875776
120438280
128482656
128548976
128487512
119657248
128421384
117232696
121230192
128684592
128486008
120443208
128619536
128490280
120178576
128618896
128749744
122216504
128552768
129405192
119787336
129143544
128682192
120706000
127962040
128751576
120508136
130323640
127699184
120378192
128289720
129337952
120508232
128684152
128682448
121559528
129535256
127506680
121168128
128685720
128618240
121296456
129342472
127962488
120574768
127506008
127700000
120640008
129469888
127962040
119854264
128094840
129272472
120050088
128552512
129470136
121033336
128291280
127961848
120443528
128552608
127699104
120509512
128622688
128551344
121364360
127569536
129338760
120705096
128750776
128813296
121296144
128617496
129534592
120573960
128491088
128747728
121230512
128617624
128028448
120836136
128686184
129012192
121752656
128945016
128750264
120835104
129339120
128682616
120967720
128421664
128421336
120770288
130257456
128945112
120182248
128683656
128814136
121492144
128487856
129010424
120705448
127636624
129734280
120507568
127833104
128552320
120048368
128815008
128884112
121167664
128427168
128489560
120775704
128621600
128427104
120708816
128557792
129079384
121036536
127769504
128752104
123592432
128426816
128226400
120381904
127182416
127376192
120380664
128557272
128162400
120381968
128556584
128555936
120315032
129147808
132748712
119660560
128489640
128424736
121758200
129605816
128619968
121561392
128489832
129080872
120644104
128429896
128359512
120381176
128555840
128491144
119398096
132031296
127702808
121564368
128621344
129015464
120315600
128556704
131766264
120578936
128293568
128555400
120446736
128166416
129018288
120250208
127441888
128230424
121368256
128230560
128227976
120316208
128557824
128620440
119463696
127443680
128620408
120644408
129014816
128556680
120053680
127902752
128097112
120382784
128424864
133077704
120184784
128493968
128427752
121101944
128097024
128752840
120316696
128557232
128555520
120578352
128162408
128686784
120447064
129212280
129275328
120250672
128563432
129014816
121037000
130261064
128424528
120185152
129475560
128558432
120576712
128491528
128688040
119660184
128359024
128883160
120708448
127770896
128685672
120840552
127310032
127835096
119988840
128368016
128300280
121176248
132829856
128701384
120395152
128900928
127982616
121312264
129356592
128768848
120464368
128702960
128898072
121313312
128701592
128766512
120920136
129228960
128704544
121512056
128769552
129031016
121512256
128573600
129423720
120594680
128050048
129493400
120727104
128706368
128441808
120397344
127720264
128311120
120856600
128836840
129030400
120660640
128507824
128441304
120463256
127722728
128964768
120661184
128572392
128572944
119807960
127919016
129686432
120268264
127982920
128573888
120335400
128443848
128507792
120334072
128380672
128312016
121972920
128508872
127722016
119747664
128507664
128442968
120529208
128836840
127130112
119876088
128245288
128703472
120791576
128378408
129030208
120005600
128310376
128180272
120332504
128641600
128964280
120266088
128769064
128180048
120396672
128509112
128441984
120596016
128704968
128836192
120202784
128771288
128835328
120400080
128574344
128901408
120989496
128182040
129097376
120400240
129296832
128576336
120527992
129361656
128311488
121119448
128180320
129686824
120137136
128840600
128113912
120138008
128377216
128639880
120136880
128379072
128638616
121187264
128639208
129101120
120529840
128316312
128446768
119416480
129425856
129100496
121517240
128510424
128443360
119876432
128377736
128442776
121186096
128640592
129751896
120464808
129098784
127656216
120931384
128447976
130346616
119485248
128446840
129560016
121517064
129758184
128513344
120341584
128512312
128383192
119618184
127534752
128118544
120470288
128510992
128315736
120992352
129234576
128314344
119488736
129035728
128643544
119550560
127989520
130869992
120993736
128511664
129692024
120467776
128973024
128650664
120597352
127331472
128381288
120406256
117653040
127725592
120075528
129627160
127855464
119877792
128577232
128051464
119355176
128838864
129165976
120402464
128512400
128707688
120992304
128773520
128643160
120008672
128315568
128444000
120403920
128382768
128838976
120338640
128513664
128577832
120664976
129298664
128577184
121123640
128643704
129690912
120730512
128578976
128511648
121712696
130544120
129691408
121192960
128839784
128316176
120664080
127532232
127593504
120009056
128183616
128577672
121581776
129168928
128576120
119813944
128642624
130871304
120533680
129693160
128575992
120927736
128511424
128708888
120733440
128710144
128511944
120534424
128513784
128511328
120402968
129692184
129230816
120730384
128576520
128315040
119551352
128513080
130086840
121058192
128249960
127987040
121844664
127403880
127466928
120014784
129173096
128126080
121327432
128585320
128582648
120341480
128647696
128517592
120931584
117002800
128384296
120802024
127861848
129696960
119882880
128453040
128712008
121391496
128712944
128451976
120607824
127928944
129633680
120999752
128390184
128648920
120802704
129173576
128516752
120604608
128451608
128844144
120999136
128648840
128647504
120538848
129041432
130220272
122701864
128648968
128909616
122505736
127736608
128253768
120604976
128587048
129696632
120474392
127730080
129957544
120800272
128387488
128057368
121064064
129434016
117853512
121258992
128323664
129371208
120080176
127732752
128254592
120476656
127863520
128516840
120473296
128524696
128647552
120670392
128845592
128713056
121390960
130027296
128712992
120735896
127928216
129958240
120866544
117197992
128908040
120472816
128453760
128909920
120539872
128451168
128452104
120932176
128977824
128515736
119557112
128648000
127338184
119490736
129633224
128385368
120474936
127599200
128191672
119559808
127406560
127402536
126177560
127339544
128845792
119818456
127927960
127468000
119621488
128451624
127795584
121063640
128583320
117001880
120407984
128386440
127861344
119948600
129370456
127730688
119818416
127602200
127472688
120146712
127798136
127733112
119626728
127469352
129763824
119751576
132843672
127270240
119685560
127403648
127074864
120080304
127536128
127271032
120080216
129172288
127928232
120538960
129633280
128516632
120737024
128320448
128976712
120604496
128257248
128450680
120541832
128518656
128586008
120668944
128518200
128649584
122771776
128517384
128452624
120735152
128518944
128253496
121196952
128647624
133629096
121587120
128388192
129171448
121130296
128385760
127600104
121390832
128782296
129236432
120606064
128322864
128517248
120408984
128125144
128320416
121391248
133366056
127599840
119556608
127601080
129236320
119883856
127665768
128516928
121405064
128072840
128136648
120356312
127352840
127288280
119763136
127548128
127088088
119572136
127156048
127220984
119371584
127482912
127286368
120096264
127154544
127548600
119176920
127355568
127152928
119439104
127284488
127550408
119702192
127224592
127154184
119636712
127219176
127285616
119372312
127156200
127480704
119767624
127285624
127613400
119503256
127352584
127218336
119439104
127349928
127219856
119634232
127614408
127087680
120749672
128791816
130038160
120485944
128597800
128528928
121601696
128267752
128005840
120879736
128466912
128662448
120420448
128660712
128858848
120031400
128007816
128661840
120749016
128467000
128597176
120357808
127812080
128531512
120422536
128989952
128400248
120028208
129122576
129189328
120487912
128271384
129846864
120357648
128600128
128333872
120423536
130104184
128532816
120557336
128664632
128728928
120422760
128666504
128926296
120554512
128402000
133708984
120621144
128532496
128859448
119964464
128336368
128531416
120684968
128402800
130435848
120813136
128869952
127678800
127087144
127611440
128071104
128137512
127546752
127875240
128071040
129579400
127744704
127747376
128137544
127218808
127678632
127874432
128006440
128005376
128071976
127807112
132330496
128201896
128005376
126957864
127875176
126957904
126957056
127550736
126825224
126760160
126892200
127874432
128923912
127351616
127485104
127611528
127940352
127416560
127809344
127808808
127809344
127939528
127482784
130499888
127938184
127874368
128006536
127940416
128007872
127809216
127875952
127741328
128202272
128070952
127153984
127679176
127350272
127219976
127482912
127092336
128793352
127678040
127417032
127416256
127613320
127612512
127419664
127807912
127944328
126958312
126760720
127744696
127154584
127875744
127352016
128010144
127939736
127940336
127547640
127481520
127546296
127678928
127811712
127218744
127350704
127351456
127088304
127220184
127874384
127745856
128332280
128267120
127547496
127546880
126630056
127939840
128007648
127808344
127808736
128071944
127088128
127219752
127284512
127678728
126827232
127616272
128005728
128074208
128137480
128007120
126957768
128398576
127023712
126567248
127743368
126302080
126368584
126367904
126564968
126761192
126765104
127546440
126826240
126825640
126695456
126434024
126627464
126301504
127022600
126367424
126498312
126766912
126572312
127883048
129589720
127420592
127487976
127423856
127095496
127226800
127029608
127554352
127289744
127685480
127225944
127619656
127750640
126701928
127555152
127685192
127687928
126701392
127423016
127489712
127423400
127427624
127425832
129330136
128078864
127228616
127949328
127491048
127426416
127425384
127426640
127620208
127622280
127953384
127425704
126836592
127884752
127819576
127687432
127558968
127423280
127294024
127555792
127752968
127621424
127098352
126835192
126572432
126966472
126967312
127687432
127491600
127949800
127557136
127688680
127689944
127685392
127687912
127623000
127491144
128147088
127752840
126903384
127619984
128014824
127688240
127883912
126441776
126638728
129132488
126705512
126903608
127095472
126835080
126441904
126769896
126705296
126374704
126835176
127164368
126573544
126903336
126311368
125853552
126114128
126245800
125524528
126245960
126181232
126835784
125855704
125589968
126835624
127035432
127359720
127031856
127163728
126642784
127227792
126441960
126705296
126704488
126967120
126705512
128740088
127362064
126507648
126769584
126311368
126442928
127031184
126702296
127490888
126770832
126507752
127033200
126705584
126771352
126572976
127163528
126639984
126704840
126836592
126704488
126639856
126702256
127228392
126703728
126442664
126705144
126638824
126705072
126440240
127097320
126639632
126376584
126965088
126835432
128802352
127489936
127884168
127885016
126769928
127688432
127491144
127426416
127426856
127626232
128407888
127294152
127426416
127298544
127235248
127562160
127171808
128019128
127364952
126513344
127429616
127757176
127167824
129789816
127492824
127560528
128481328
127691760
129204040
127696496
127105976
127892432
127433208
127300696
128351344
128416728
127630384
127041240
127565368
128481888
127892528
127502848
128678200
127367984
127630840
127892656
129399288
127761360
127502176
127628600
127499696
127499968
126844272
126910520
127892432
127500440
126514392
128089200
128548792
127892976
127564856
127761904
126716592
127369712
127698784
128743736
127564592
127565880
127564944
129137272
127697072
127765440
127367704
127892720
127173872
127499536
127762584
127368688
127370112
127499832
128224544
129006424
126909776
127107128
126713232
126909496
127040856
127174272
129070392
127958128
127434712
127040656
127302264
127697392
128027712
128349496
127237232
126974712
127434744
127827968
127041136
128416600
126581272
130120816
128678392
126975152
126581464
127761680
127826904
127041904
127108736
128284168
128679152
127768304
127435384
127697280
127565848
127565632
127959288
127500960
127565152
127761704
127502888
127500760
127698144
126845272
128614208
127500760
127635688
128874880
127565912
126322112
126714328
126125600
126648992
126323976
128089888
126583048
126781048
126517712
126125616
126452456
126192824
127695504
126320968
126583824
126846640
126256760
126331760
128946640
127828456
126649248
126453320
126321248
126321064
126778568
126517920
126781224
126518752
126648816
126649280
129270280
127828984
127831624
128942400
126911992
127371328
127698456
127371680
126911800
127569928
128876432
126977208
126780416
127698360
127567936
127501528
126586760
128418336
126714936
126978336
126453080
126651800
126519896
132551976
128352576
128091096
127828544
127828984
127829856
126976888
128028232
128876000
127567128
127634520
128026136
128549888
127043000
127960680
127892584
127960440
127632160
127829432
127961280
127895192
127764768
127764736
133334320
128025152
127567288
127830208
127239608
127828768
127765080
127767624
128745056
127763736
127436960
127764640
128813192
128025944
127702184
127827328
127304856
127699360
126780856
127895488
127109400
127046632
128156064
128354008
127568328
127567416
127699456
127043448
126388960
127434656
127109048
129010400
126584344
127503072
126780984
127045112
127567416
127504616
127437528
127636648
126256920
126847584
127371032
127501760
127565824
133072600
128093592
127829560
127699104
127567192
127566944
127567776
126653936
128025344
126715160
127109184
127829432
128944640
127632896
126850120
127894048
126649304
127108096
127960600
127895520
127632824
127828768
127761888
132023448
128156672
127764640
127699208
128026040
127502496
127763896
128094344
128417024
127501464
126978336
127829432
128091488
127632600
126718520
127696464
128550040
127895616
127763896
128092224
127632728
127830400
127306584
131831304
128353024
127632888
127701784
126912280
127306464
127830840
127637000
127763648
127829400
127435872
128222648
127699360
127763672
127764640
127698560
127701000
128418336
127370744
127765120
127699392
127765192
127633144
129468928
127566144
127960120
127830080
127240032
127435496
127632600
127239168
127698264
127636424
128680384
127501368
127697696
127698008
127764544
127763448
127439848
127828592
127501368
127698912
127960280
126978656
127043128
129074272
127696576
127174040
127764640
127239736
127372696
127698584
127436960
127567288
126325096
127828960
127632664
127632256
128419160
127566944
127567416
128357672
127109600
127501616
127895840
126977592
127830304
127763992
128747808
128025024
128025432
128746144
127566840
128157440
127895264
127895464
127828984
127832936
128090528
128091808
127764168
128091224
127895296
127567064
127897104
128028360
127958256
127697848
127697696
129205832
127829552
126978152
127371696
127174312
127375096
128417936
127109064
127766696
127961096
127306480
127764584
126719960
127565840
127764424
127829808
127109320
127372144
127437896
127702904
126847920
127436896
127174192
127109128
127698480
127502440
127700048
127436904
127702872
128288080
127436744
127110096
127503504
126979096
126520488
128554968
126975920
127174376
127895120
127895752
127830896
127829992
127241072
127177368
127764872
127568872
127502200
127961792
127895288
127173728
128092832
127834000
128681152
127501912
128353824
127764440
127701144
127698904
128946304
127044320
127765752
127766688
128027832
127635712
128093688
127634400
127373912
127637560
128160112
128159136
127439248
127897256
126979408
127373288
127307088
127044464
128093672
127963216
128290216
127635632
127045904
129010776
127636168
127900120
128747088
126913928
127044496
126848424
127634320
127177672
126982264
127174224
129798056
127176952
127503560
128094936
127767664
127637368
127767000
127382128
128230824
126915288
126719856
127767912
127507528
127572264
126985208
129731856
127505352
127374616
127702000
126654144
126916912
127704408
126914776
130717616
127836080
127113264
127114392
126327280
127442168
126785936
127378080
129537400
127506448
127505944
126785616
127637144
127572888
126916544
126851504
127576000
126785936
126851064
126851472
126720088
127310128
129606432
127570040
128031184
127376256
127375568
127572792
127506736
127703992
127639120
127772608
129340600
127505904
127636600
127375088
127245936
127899408
127117024
127374744
126851216
126786584
127113424
127112952
127505968
129407576
128031664
127639680
129014456
127244008
127702200
127702960
127572408
127244112
127052584
127046112
126654224
127638296
126982064
127048248
127637944
127244928
126849112
127702672
127637752
127637424
127506360
126457872
129145752
127245840
127116000
128684216
126982672
127507648
127441264
127375384
127375632
127248480
127832600
127440976
127507576
127441264
127113368
127048048
126394704
127373704
127572176
127704056
127768720
128949240
127506672
128883608
127702736
127706560
128946040
127768336
127771696
127243984
127376056
127702736
127968704
127374360
127637264
127572536
127702736
127638072
127510856
127638072
131569512
127772080
128486920
126719392
127767128
127309696
127244560
127703976
126592656
126915816
127244000
127441896
127507272
127507152
127244288
127379312
127242184
127965024
127703560
127244288
127376232
127309504
127441720
127570104
127834640
127966048
126851120
126917496
127309968
128490264
127508112
127443904
128357752
126458064
127375288
127637520
127640976
127244784
127245304
127178296
127833872
126719928
126589200
127440696
126785808
127441784
126261048
127834096
127705072
127637648
127114232
127375728
127113912
128032048
127246976
128553144
127571952
127572632
127375632
127114552
127179320
127444992
127832376
127571824
127309656
126195728
127180480
126851512
126524408
127307736
126850832
126524408
126851960
127704032
126458320
127048824
127111576
127178736
126524504
127113264
127441784
127252544
127244776
127177800
127769040
126917072
127440880
126589544
126850928
127179240
127242488
127178672
127647160
127123344
126664248
126992368
127190992
127121640
132497008
127844872
126926832
127648264
127188976
127254696
127648608
127649792
128563000
126860688
127256960
127122992
127254600
127254384
127322464
128235848
127646896
127319816
127450672
127450984
127779104
127387648
127320344
128368168
126664872
127451024
127123752
127349072
126694320
126706440
127680424
127156736
127418440
127418848
127811760
128404968
127416560
127811496
126435936
126893928
127549072
127287592
126763392
126499904
127882072
126567152
126501856
127024776
127352856
127680944
127286032
127745912
127746480
127745720
127615056
127352632
127483984
127613520
128204728
128073784
128073528
127484112
126762680
127811664
127615528
127880184
127679152
126500376
127615184
126304024
128796216
127221976
127356344
127220624
127483864
126763440
126238616
127484336
126828568
127487512
127547680
127090744
126699736
127418712
126509288
127811504
127025384
127351592
127680888
126960240
127615344
127550024
127287440
129319464
127223000
127156328
128598472
127287568
126501640
127353104
127746824
126894448
127422256
127481256
127549200
127484136
127681048
127418048
127680656
126697800
127089480
127811216
127549672
127418064
127549672
126828688
128204632
127484800
127618288
128989976
127680272
127615208
127549136
126566632
126698048
127880304
127155016
127811216
127484136
127025296
127551504
127287440
127681288
126956744
127877008
128008424
127222000
127484360
126697744
128336552
126370560
127164864
128074616
127025160
127091272
127418384
127745656
127943648
127552936
127285936
126959376
126763464
126697712
126631640
127025496
126766544
127679624
127746480
126893896
126697616
126893880
126764256
128928576
127484392
127091920
127551368
127551448
127682064
127419536
127616680
127549256
127681616
127616904
127551056
126961224
126567568
126436680
127353904
126831504
127025272
127288304
127615704
126960784
127420072
126502032
129123784
127352616
127747056
128403016
126829936
127618912
127812624
127288904
127550608
127881904
127484136
127484912
126829272
127419536
127419000
127879040
126898640
127290280
126960552
126895560
126633104
126830120
127026448
127617168
126959824
127943536
127747752
127484976
127747752
127616888
127747696
127551264
127423152
128139176
127288304
127420168
127747216
127550824
127748064
127880832
127944368
127944304
127681680
127944360
127157392
127092296
126960784
127356864
128729000
127616080
127223464
127812752
127291232
127551488
127553024
127352744
127947360
128079160
128471584
126768440
126898848
127554968
127227728
127361440
128800584
127488760
127422568
127816480
127160552
127947648
127423768
127880008
127947040
127751448
127554432
127751480
127555176
127685888
127488992
128541088
128733048
127620032
127292600
128144872
127423840
127882112
127751576
127618936
128210176
128603296
127750912
126899736
127750816
127816664
127816448
127816136
127356792
128013152
127685912
127816576
127557424
128209696
129062072
127555632
127556944
128535992
127488640
127030456
127357920
127489208
127293392
127557920
127752136
128340728
127161528
127881888
127948056
127685408
127816888
127553272
128144000
128340424
127750816
127948408
127555176
129193440
127686704
127951264
128666632
127226272
127751128
127685056
127357032
127750816
127623584
127160088
133321984
127686208
127751040
127751128
127685280
127947640
128602784
127886088
128863344
127685440
127685192
127685504
129653696
127816352
127815912
126504504
127422752
126768312
126702464
127818456
127818928
127819432
127751384
132340944
128477280
127688176
127950184
127753040
127818456
127753168
128149968
128210760
127621936
127884872
127949744
128408840
127295256
128145984
127885088
127822320
126836768
127819016
128080720
127949208
127687600
129261256
127490312
127491728
127426416
127032816
127295272
127032592
127556440
127426784
128084784
128668984
127491056
127163976
127426032
126969424
127425904
127295272
127489768
127360208
127097464
127098128
127163976
127164280
127426416
127685944
127687568
129066224
127561648
127819432
127491248
127033128
127097904
127362784
128078840
127163376
126770888
127294512
126967368
127688248
126970448
126833880
127032432
127491656
127491440
126902184
127032592
127887072
127685848
127622576
127883896
127492216
127360528
127360720
127294424
127294960
127560592
130439208
127490736
127688040
127753040
127753576
127360928
127822064
127489976
127884400
127754024
127884560
127687912
127752944
129654216
127622848
128149648
128800680
127818544
127755280
127884208
127753480
127425360
127557064
127227096
128015024
127949432
127622776
127884944
127818800
126705448
126967800
127760936
128278424
127688192
127360920
127032928
127359720
127295920
127560736
128670072
127687776
127753912
127557864
126573680
127425696
127624944
128406408
127359776
126901064
127556768
127360824
127491456
127687624
127751688
127819424
127622688
127491104
127491768
127622304
127753912
127489976
127491200
127754232
127360832
127688600
127556896
127494224
127754448
126511808
128014488
127556960
127885080
126705152
127295480
127689040
127429440
128276728
126770400
127101456
127360608
127361272
126967392
129195400
127489000
127687328
127819224
127491720
127753536
127818688
127557208
127622280
127428960
128669320
127491648
127557528
127360384
127230072
127492528
127494224
127687128
127622496
127360920
127557832
126704784
126967264
129264448
127883736
127359904
128146904
126835744
127098232
127753024
127693232
129003944
127826936
128740880
127300168
127366080
127758984
127628672
127431208
127500232
128346896
127169128
126776256
127758984
127302024
127890360
129335464
127495056
127627848
127825056
127890280
126907456
127758984
127890464
127563480
127500552
128939728
127562464
126776480
127431528
127694080
127759736
127565768
127757952
127563056
127759592
127759080
127956032
127563344
127562984
127692416
127562216
127562912
127496936
127824080
126775944
127823984
127300760
127434472
128412112
127496776
127299640
127497064
127563008
127824648
127628224
127299200
127758920
128348720
127365992
127759616
127431304
127629928
127702336
127507072
132680168
127504240
127308360
127766096
127766536
127438448
127308232
127764312
128028336
127506544
127635472
127570600
127504304
127963592
127503272
127504496
128029352
127242256
127307608
127766320
128945656
127766872
127573008
127109960
127045264
127634840
127635376
127962616
127569712
127570992
127634288
128028336
127701320
127766968
127701072
127241936
127178328
127638896
127568456
127765968
127766184
127635056
127176504
126849072
126982032
127305992
128094096
127439176
127504208
127308232
127700912
127242568
127436888
127635216
128029000
126324880
127048320
127831984
127635688
127570496
127637888
128682600
127503920
127635336
127504432
129863256
127767424
127507920
127047624
126914344
126718280
127635600
127636040
126783632
127898152
127241352
127569904
127701576
127635600
127635336
127111832
127962912
127767200
126983536
127043320
127504240
127176488
128028272
129076376
127702824
127900360
127764440
127898352
127832592
128028464
126718312
126979888
126718184
126978888
127110800
126980552
126979792
126587240
127438640
126523904
126782808
126848688
126783272
127569392
126914440
126913936
127769840
130453200
126851984
126912152
127765936
126850512
126455408
126390152
126193712
126325064
126126792
126848688
127635688
127307472
127635912
127438768
127373768
127374072
127504168
128234616
127045232
127701608
127569968
127373704
126129280
126394288
126848264
126390512
126522056
126587704
126915216
126522272
126791600
127109992
126914448
127439560
126783344
126587144
126586384
127045720
127046120
126980592
126980656
126390224
126783880
126454600
132157232
127505224
126849200
126849512
127635504
127635720
127505216
127769968
127634360
127700784
127701032
127766256
129339128
126979952
127570280
126913256
127897616
127766472
127700368
127703392
127962864
127897416
127700592
133012528
128289512
127503856
127701504
127504456
127701408
127773824
127775888
127446888
127707304
127838568
127576016
128690792
127641776
127510888
127574984
127641520
127510888
127117616
126986600
127839032
127576624
127446144
133019216
127706056
127772688
128035304
127969584
127642184
126987784
127185608
127115384
126921136
127773584
127838384
129476440
127642000
128494280
127640872
127641712
127660576
127465328
127596616
127727248
127800824
127798904
127867208
127207200
127470344
127143104
127601672
127142384
127601448
127666192
127731392
127470312
128586504
127797832
128781536
127928776
127667072
127732952
127866632
127468896
127994184
127993776
128059752
127731632
128125488
130160520
127469120
126814280
127405056
126552872
127077344
126684696
127015144
127927744
127601064
127864032
126946704
129632376
127798232
127473672
127796224
128321864
128125168
127929520
128124792
127797384
128060192
127993056
133368680
129239656
128059752
127798368
127273000
127600560
127732696
127800376
127735496
127736016
127015720
127605360
128918944
126949968
127540136
127669736
127932848
127801400
127801968
126753896
127081296
127868232
127344288
129706128
74702704
208608648

132570888
117754064
128211256
120239272
128686144
128240288
120136224
128316928
128514912
120542296
128004360
128594848
120356320
128796608
128732760
120624528
129129536
128870248
120563216
128806208
128217880
120698864
128547184
128681272
121487016
128613528
128744272
120503768
128550720
128681480
119263584
128616024
128681088
120440824
129270888
128814328
120178352
129206736
128419816
119852576
128290504
129080304
120309320
130387944
128946192
120574632
128619984
128686896
120510432
128423888
129473616
120448744
130390696
128950456
119659920
127638912
127704272
120905824
127901192
128363400
120447056
130523112
129799968
119660936
128625000
129410464
120512152
127706168
128556544
120644552
129017976
128493072
120053544
128295528
128425232
119530552
128425904
128099520
119726056
128557992
128493800
120579352
128360368
128425768
120119648
127970952
128557464
120185840
127967992
128689848
120382840
128820488
129016952
120186000
128558072
129148664
120448048
128428656
128300904
120054072
130524512
128560304
120253856
128887008
128427144
120252200
127770848
127707312
120185112
128099448
129280856
120645448
128426336
128887024
120971736
128296344
128101280
126019432
129149136
130069536
120451360
128430864
128624576
120121880
128164824
128626552
119727088
128754896
128492712
119727680
128690096
127969488
119202848
129016912
128230376
120972960
128492520
128952456
120316960
128361680
127838096
120186416
128102040
127904096
120382152
128558632
128754192
120187064
127967888
128559584
120714400
127772520
128950928
120580184
127771280
127773376
121038096
127575760
127574896
119465496
127772672
128299856
120445800
128558216
129146992
119922112
128688616
129607624
120513312
128230288
128558544
119926248
128557704
128755528
121234240
128820304
128885512
120516096
128426856
129148872
120186624
128169384
128819816
119660352
128098792
127903560
120249288
129410088
128819408
120120984
128631312
129023480
120649440
128760704
129742504
119930096
128694152
128696024
120727504
128510528
128774296
120732224
128445224
128578632
120401064
128580224
128182960
120401864
128379568
128314928
120597808
129232896
128445456
120468464
129166168
128838768
120727720
128906312
128579520
120662344
128576240
128643256
120332688
128642032
128247928
119811232
127790136
128642696
120859376
128903760
129887344
120466368
127200184
128381000
121645232
128510544
127986520
120662976
128575992
128970352
120534648
128510544
128901848
120466816
128707640
128511496
119548464
128707056
128575992
120401896
128576064
128904968
121121872
127724464
128511000
120794544
128641272
128707248
120728552
128448672
128968944
121317768
127789488
127856976
120138440
127528888
127789488
120008648
127724080
127531848
119680208
129626208
127854928
119418920
127986128
128577968
119875944
127463000
127920464
120730848
129624848
127921552
120662312
128510424
128508504
120598976
128383008
128642888
120727632
128315096
130477152
120008064
128576536
128577032
120925264
128838768
129035384
120270432
128511448
117783336
119876760
128248944
128381224
120470256
128576472
128709720
120662408
128645824
128707024
122239616
128707832
128906680
120728488
128642552
128903376
120865016
127728064
127664128
124991640
128777496
128648368
120862328
128579072
128844944
120603848
128711560
128646160
120995128
128907472
128188320
120600936
128710912
128841992
120535856
128579976
128122264
120470272
129432224
128776904
119946688
128647664
128780888
120599696
127924656
128582056
120605232
128383800
130220824
119552424
128779856
128448528
120469928
127858736
128646832
120862824
128842936
130479824
120864296
127924368
128063376
120211824
127865656
127801104
119819288
127600664
127997768
125785984
127734752
127733224
120409488
127866696
128716272
122243992
128453368
128453472
120212584
129239776
128519792
120802072
128650720
128585064
120999240
128389776
128391680
120735328
129763808
128716976
120871480
127863520
128522488
120605752
128587696
128388672
120804344
128583768
128913080
120866832
128912224
128845688
120739336
128583992
128323576
120277328
127995920
128980488
120734448
128583384
127342280
120674080
128716840
128126448
120082504
128456200
128454448
120080216
128584440
128583328
119884584
128845472
128847888
120540000
128453176
129108576
120408936
128455056
128457536
121062392
128649944
128388432
119953976
128519264
126686208
118507792
130225384
127403896
120474832
128714392
128520088
119883792
129110424
128780152
120475864
128911296
129175992
120670800
128585216
128190680
120147792
128715064
128194248
120739712
128781888
129830632
119950792
127865512
128323056
120015864
127929208
128060576
120344496
128191496
128585424
120015736
128846712
128519104
119819496
128387936
129960760
120670960
127601480
130484536
120933904
128125240
128325544
120477920
128323296
128322312
120213896
128586984
127602480
121522008
128125912
128322496
120671464
129633120
128257840
120408120
127732696
128717432
121654504
128783224
127672232
120734784
128387928
128586128
120216216
127601632
128259040
120605728
129374704
128190648
120277776
128321752
128651384
120342896
129830400
128518456
120540816
133631104
128847968
120735888
127866032
128587784
119622064
128518136
128652872
120542752
128651072
128784384
119953648
128391824
128587448
120017792
128061144
128519968
119951432
128978720
127668880
121984304
128651064
129437376
120541448
128520192
128455216
120344504
127536984
127800784
121462392
128455560
128456968
120476208
128523752
127865432
119033584
127929624
128521400
120409616
128717152
128454552
120476568
128716152
128718232
120278544
128651616
128716152
121656856
128781632
128521624
120279216
128388232
128845856
120607496
128785096
128717136
120606328
128781816
128846880
120999784
129766296
128913872
120736312
128913112
128781888
121196616
128062480
128786304
120801368
128912824
128849040
120675736
128061024
128456672
120540816
128325928
128388600
121196720
127995608
128849752
120279608
129306280
128257752
119493776
128257496
128849752
120606576
128587920
127671528
120409712
128585816
128523760
120675712
128782752
128259080
120934696
129702472
128782992
120278008
128651192
128587096
120541160
129437696
128455440
119624544
127864736
128389120
120082824
127732672
127734320
120477072
127995736
127995776
119689512
127930272
129502968
120409488
128021736
127887320
120367696
128215648
128086208
120236176
128871488
128083960
120569784
128346104
128151400
121218624
129986848
128348472
120694480
128542504
128609960
121021064
128084104
128215504
120171160
128215184
128489792
120372048
128283288
128348864
120829160
128413440
128480496
119909656
128020888
127955232
120501304
128283904
128288016
120237416
129593992
128219552
120308168
128021360
129136688
120435712
129008056
128349104
120567280
128151952
128809320
120107712
128218192
127824104
120764064
128413672
128284808
120566688
128087640
129397064
120043168
127824200
129137128
120500608
128153856
128286552
120500480
128479496
128613824
120569552
128480592
128544920
119715576
127367168
127632176
119648968
127632080
127562992
122075944
127692904
127694664
119451776
128152432
127496296
119518976
128020936
128482880
119517568
127497872
127955144
120829728
127758312
128415880
120959360
128351328
127500248
120437056
129659432
128546768
120433928
128676488
128545168
120566936
128414320
128415232
120369552
128480728
128611128
120698104
128152080
128743040
120566664
128414376
127757904
121222168
128745448
129206880
119978280
128220312
128615408
120569680
128350744
128155864
120895952
128352064
127630040
121947784
127433336
127828728
128225936
120444040
128289848
128356032
120442632
128162376
128423680
119788720
128159224
128489400
120447040
128488664
128289376
120705352
128159200
129600216
122343504
128750328
128747904
120508520
128747712
129010520
120705200
128356272
128879032
123326632
128684880
128489736
121228256
128487376
128356136
119987864
128486784
128356944
119852784
129274840
128354544
120314376
128355288
128289600
120508264
129340408
127371504
119395344
132418616
128421472
120442824
127113872
128223696
120509712
128813816
127964304
120905112
128357592
129666816
119394856
127375080
128421440
120377944
127242576
128484952
120181288
128487008
128748472
121557744
127308240
127372248
119395528
129077000
127306904
119526000
127308144
128419288
119329096
127438432
127241144
120312208
127177840
127437408
119460072
127440016
127113064
119721040
129077552
127635688
119593880
127372672
127505008
119592464
127116200
127569632
119658208
127765336
127765664
119656424
127374200
127567888
119594344
127568952
127503712
119525256
127243224
127568112
119656336
127503320
126786024
118808208
128297016
127440888
119595736
127769312
127376488
119332496
127574656
127506296
119268152
132881216
127248000
119725680
127380600
127445520
119594112
128096832
128557976
121038720
127312544
127639016
119267960
128166224
128293696
119267832
128032760
129604320
120709168
129079688
128358912
120839256
128492480
128490184
120643888
128426808
128231760
120706744
128491672
127574448
120319840
128425640
128428304
120513152
128492968
133404568
122151608
128817984
129604616
120774384
128361088
128554872
120776976
128555744
127837792
121237320
128754336
128555688
120643792
128622120
128555744
120709272
117041760
129014248
119922992
128490856
128555712
121430296
128491736
128031136
119922040
127638720
128689344
120778112
