5
7
7
9
9
11
11
11
12
12
12
12
12
12
12
12
13
13
13
13
13
14
14
14
14
14
14
14
14
14
14
15
15
15
15
15
16
16
16
16
16
17
17
17
17
17
18
18
18
18
18
20
20
20
20
20
22
22
22
22
22
23
23
23
23
23
24
24
24
24
24
25
25
25
25
25
26
26
26
26
26
26
26
26
26
26
26
26
27
27
27
27
27
27
28
28
28
28
28
30
30
30
30
30
30
30
30
30
30
32
32
32
32
32
34
34
34
34
34
35
35
35
35
35
37
37
37
37
37
39
39
39
39
39
40
40
40
40
40
41
41
41
41
41
42
42
42
42
42
43
43
43
43
43
44
44
44
44
44
45
45
45
45
45
45
46
46
46
46
46
48
48
48
48
48
49
49
49
49
49
51
51
51
51
51
52
52
52
52
52
52
53
53
53
53
53
55
55
55
55
55
57
57
57
57
57
59
59
59
59
59
60
60
60
60
60
62
62
62
62
62
63
63
63
63
63
64
64
64
64
64
66
66
66
66
66
67
67
67
67
67
68
68
68
68
68
69
69
69
69
69
70
70
70
70
70
71
71
71
71
71
72
72
72
72
72
72
73
73
73
73
73
75
75
75
75
75
76
76
76
76
76
78
78
78
78
78
80
80
80
80
80
81
81
81
81
81
83
83
83
83
83
84
84
84
84
84
84
86
86
86
86
86
86
87
87
87
87
87
88
88
88
88
88
89
89
89
89
89
90
90
90
90
90
91
91
91
91
91
93
93
93
93
93
94
94
94
94
94
96
96
96
96
96
96
97
97
97
97
97
99
99
99
99
99
100
100
100
100
100
101
101
101
101
101
102
102
102
102
102
104
104
104
104
104
104
104
104
104
104
104
104
105
105
105
105
105
105
105
105
105
105
105
107
107
107
107
107
107
107
107
107
107
108
108
108
108
108
109
109
109
109
109
110
110
110
110
110
111
111
111
111
111
112
112
112
112
112
112
113
113
113
113
113
113
114
114
114
114
114
115
115
115
115
115
116
116
116
116
116
117
117
117
117
117
118
118
118
118
118
119
119
119
119
119
121
121
121
121
121
121
122
122
122
122
122
122
123
123
123
123
123
125
125
125
125
125
126
126
126
126
126
127
127
127
127
127
129
129
129
129
129
131
131
131
131
131
131
132
132
132
132
132
132
132
132
132
132
132
134
134
134
134
134
136
136
136
136
136
138
138
138
138
138
139
139
139
139
139
141
141
141
141
141
143
143
143
143
143
144
144
144
144
144
146
146
146
146
146
148
148
148
148
148
149
149
149
149
149
151
151
151
151
151
153
153
153
153
153
155
155
155
155
155
156
156
156
156
156
157
157
157
157
157
159
159
159
159
159
159
160
160
160
160
160
162
162
162
162
162
163
163
163
163
163
165
165
165
165
165
166
166
166
166
166
168
168
168
168
168
169
169
169
169
169
169
169
169
169
169
170
170
170
170
170
171
171
171
171
171
172
172
172
172
172
173
173
173
173
173
174
174
174
174
174
174
174
174
174
174
174
175
175
175
175
175
176
176
176
176
176
177
177
177
177
177
178
178
178
178
178
179
179
179
179
179
179
179
179
179
179
179
179
180
180
180
180
180
181
181
181
181
181
182
182
182
182
182
183
183
183
183
183
184
184
184
184
184
184
184
184
184
184
186
186
186
186
186
187
187
187
187
187
188
188
188
188
188
189
189
189
189
189
190
190
190
190
190
191
191
191
191
191
192
192
192
192
192
193
193
193
193
193
194
194
194
194
194
195
195
195
195
195
195
195
195
195
195
195
195
195
195
195
195
195
196
196
196
196
196
196
196
196
196
196
198
198
198
198
198
199
199
199
199
199
200
200
200
200
200
201
201
201
201
201
201
201
201
201
201
201
201
202
202
202
202
202
203
203
203
203
203
204
204
204
204
204
205
205
205
205
205
206
206
206
206
206
207
207
207
207
207
208
208
208
208
208
209
209
209
209
209
210
210
210
210
210
210
211
211
211
211
211
212
212
212
212
212
212
214
214
214
214
214
214
214
214
214
214
215
215
215
215
215
216
216
216
216
216
217
217
217
217
217
218
218
218
218
218
220
220
220
220
220
221
221
221
221
221
222
222
222
222
222
223
223
223
223
223
223
224
224
224
224
224
225
225
225
225
225
226
226
226
226
226
227
227
227
227
227
228
228
228
228
228
229
229
229
229
229
230
230
230
230
230
231
231
231
231
231
232
232
232
232
232
233
233
233
233
233
