2564099
153691
98595
109301
78235
78824
78090
78572
78192
77715
78014
78291
78072
77961
78430
78197
78128
78743
78256
77733
79120
79484
78328
77599
81496
78414
77936
78500
78375
83571
160741
209850
77563
93461
76111
74453
63136
63396
49068
50344
47355
46590
47451
48505
48930
49881
48863
50046
49256
49812
50126
51649
54505
48821
50150
49779
50092
49957
50191
50022
50219
50008
50537
56749
140793
126763
54764
58207
54759
57722
56037
54129
67677
61907
63038
64211
88821
62753
62961
74380
50835
56389
46308
48866
47071
49989
47645
48197
48574
60974
49855
46619
49762
46921
50067
48338
49999
48754
165976
121843
