121629
150961
95806
106732
75435
75976
75484
75836
75367
74994
75140
75665
75237
75359
75558
75495
75031
75999
75217
75272
76264
76762
75371
75067
78674
76140
75152
76059
75095
80670
157803
207515
74826
91026
73365
71934
60478
60804
46628
47983
44872
44094
44814
45065
46114
47454
46011
47490
46112
47426
47398
49207
51437
46264
47494
47366
47356
47414
47416
47494
47459
47439
47664
54278
138123
124389
52202
55505
52024
55407
53399
51775
65067
59680
60242
61866
86157
60269
60287
71943
48050
53816
43552
46356
44812
47490
44821
45970
45905
58690
47233
44291
47274
44635
47270
45945
47308
46274
163611
119434
