2890
2406
2483
4888
2493
1297
782
1118
893
856
798
1155
1179
1094
1016
597
602
636
611
606
636
601
601
633
604
603
602
600
596
610
607
590
599
596
601
604
605
602
602
600
600
609
605
634
664
616
623
630
636
597
607
603
603
605
642
604
601
603
601
608
630
603
602
631
630
602
603
604
608
606
630
591
596
599
604
602
596
601
606
640
611
600
600
596
598
601
602
590
590
606
598
612
602
598
599
592
591
628
627
599
599
627
635
599
592
611
603
654
610
628
636
647
602
620
606
623
610
608
611
598
591
632
623
660
633
604
604
595
595
602
607
626
627
607
607
624
592
631
598
603
606
605
603
595
597
620
605
597
602
635
610
600
592
601
597
608
609
603
603
626
598
639
608
638
603
626
626
597
605
632
637
605
603
601
603
740
596
601
604
598
602
603
608
783
620
596
592
649
611
609
604
601
604
604
604
598
602
596
603
608
599
597
597
602
597
606
607
632
621
601
604
600
607
626
606
596
596
632
599
605
601
603
603
593
596
605
606
597
605
628
606
627
455
603
599
602
596
605
607
603
596
601
603
600
606
602
614
598
623
349
665
635
728
695
606
603
599
595
605
612
604
601
604
597
597
598
597
606
601
599
605
590
595
597
602
597
607
604
604
592
596
597
598
595
598
605
606
598
593
599
601
601
602
603
601
593
602
600
603
599
596
602
607
594
603
607
605
630
609
601
603
594
596
595
604
596
600
601
604
599
598
600
602
605
606
607
608
593
604
599
603
600
597
602
597
602
604
598
602
607
603
606
606
603
605
598
600
597
597
636
605
714
606
602
603
605
601
606
605
605
606
641
690
599
602
645
600
607
603
601
605
601
603
603
633
602
736
602
641
607
648
607
606
603
598
613
620
598
601
594
599
596
603
606
604
595
601
600
607
603
606
600
601
594
598
594
596
599
598
601
603
595
598
603
601
600
602
606
612
597
597
626
597
596
602
605
602
597
782
601
606
603
602
602
600
599
601
600
601
596
597
600
607
593
594
603
601
601
602
600
600
597
595
424
502
478
344
744
606
602
594
600
604
401
385
602
604
593
598
572
602
595
596
599
603
591
593
600
601
631
608
600
603
592
594
598
598
639
596
599
599
599
598
622
608
627
530
631
603
717
602
699
608
599
600
662
607
832
602
621
607
601
605
606
604
621
599
600
607
595
597
596
596
601
594
598
602
604
601
607
605
602
597
599
603
596
598
595
601
604
596
595
602
602
605
605
601
605
600
597
605
605
597
602
598
587
604
598
603
601
602
601
605
598
597
607
607
600
602
606
596
592
596
596
600
606
603
600
608
595
596
599
603
604
611
598
602
587
591
598
602
601
603
599
604
598
596
601
607
600
615
606
598
599
599
598
604
606
602
602
606
596
596
603
603
601
605
601
598
597
591
599
610
600
604
601
603
605
621
601
604
600
628
596
597
619
590
616
629
609
606
603
607
599
596
605
602
600
605
602
598
603
597
595
606
595
602
609
606
600
600
600
604
600
604
593
609
599
592
597
603
599
601
603
604
595
597
609
605
603
610
601
602
627
591
595
599
595
604
603
604
594
598
601
601
607
606
601
606
595
590
595
596
601
608
604
604
595
594
604
599
602
603
605
605
600
590
600
600
595
602
605
601
595
599
601
602
599
603
602
606
602
598
634
664
554
521
304
305
600
605
603
604
628
602
642
597
605
601
600
598
600
605
601
602
601
603
600
596
604
602
673
585
621
620
609
602
596
604
600
607
607
607
598
594
601
602
603
605
601
596
597
588
593
600
597
603
605
608
601
596
626
616
603
609
602
604
605
590
588
596
596
603
604
602
605
595
596
606
602
602
600
602
605
594
588
597
595
601
604
605
601
596
595
599
602
610
601
604
599
590
588
598
599
603
600
602
602
594
599
601
602
603
608
608
609
591
593
594
595
602
605
605
602
594
596
599
602
606
603
602
605
593
595
599
597
601
597
603
601
597
593
601
602
603
600
607
606
591
594
595
595
606
599
601
633
596
593
600
602
607
600
602
604
593
598
599
595
603
601
606
605
598
594
601
598
602
601
607
601
594
595
595
594
602
599
602
604
598
595
597
603
601
601
602
601
601
599
598
595
595
596
603
606
621
597
604
600
602
607
606
602
605
594
591
592
603
596
603
601
602
616
599
603
603
600
608
600
605
603
590
599
597
595
602
633
606
602
596
594
601
626
607
608
608
630
597
636
555
302
306
261
259
264
263
598
601
601
601
603
603
604
591
612
602
592
381
600
609
604
604
607
593
602
597
593
600
603
601
603
599
595
602
600
594
602
597
757
607
600
604
606
602
601
604
601
590
592
594
597
611
599
601
604
600
599
593
601
599
592
600
598
595
594
596
593
604
604
597
600
604
593
599
602
599
618
604
598
589
598
594
589
603
596
601
607
604
601
633
599
595
604
602
593
599
595
596
599
600
601
597
601
601
603
601
593
606
598
600
604
588
595
589
596
599
590
600
598
599
600
600
600
594
608
601
601
600
588
596
598
601
600
606
599
595
601
598
592
604
597
600
608
599
600
593
595
598
604
599
594
603
600
600
603
601
600
598
600
599
595
595
592
603
594
599
600
594
599
598
601
599
591
600
603
600
600
598
595
594
604
604
594
604
600
600
603
599
600
597
602
600
606
595
590
604
593
601
609
604
601
599
602
600
596
602
599
603
600
597
595
590
597
599
598
599
609
615
631
605
599
716
599
598
603
595
589
249
594
604
603
600
601
594
602
604
604
603
610
601
600
599
598
595
594
593
601
603
590
598
599
599
600
606
604
602
603
595
588
592
593
599
605
601
600
600
598
596
603
598
594
598
600
604
599
598
594
595
599
605
592
600
598
600
598
605
596
600
622
626
599
605
595
602
604
595
629
630
600
604
599
602
600
604
599
596
598
588
600
599
595
604
599
600
604
599
601
602
600
594
603
594
590
600
595
599
603
601
607
601
601
598
590
599
600
604
601
595
599
590
596
602
600
600
593
601
606
608
601
602
600
595
604
605
593
596
589
600
604
605
629
594
603
556
318
317
262
262
261
259
265
258
263
265
589
600
601
599
598
603
598
592
601
598
602
609
592
595
591
600
593
601
598
593
597
598
591
603
593
599
598
599
605
595
594
592
593
599
597
602
597
600
598
602
603
591
598
598
594
596
615
608
589
603
598
402
595
599
599
602
598
593
598
597
593
599
645
379
601
608
601
602
601
592
594
602
597
608
598
599
601
598
594
597
593
594
596
597
602
605
598
600
603
599
601
594
600
589
589
594
599
602
601
602
600
599
608
602
594
599
597
600
634
600
597
596
595
594
653
602
594
600
597
600
607
609
600
619
600
595
587
599
591
600
597
602
598
605
599
595
598
599
592
599
601
599
594
595
593
600
602
593
593
599
598
600
603
602
599
602
599
589
598
606
588
613
600
602
602
603
601
602
599
595
595
603
600
601
600
596
613
610
622
602
600
598
597
604
601
598
600
601
592
604
600
590
594
600
605
600
602
596
600
598
591
598
601
601
599
600
599
594
599
592
588
599
596
599
607
610
599
600
600
617
603
598
594
593
593
596
596
603
598
601
600
594
610
606
594
599
600
597
597
599
595
596
595
594
594
600
601
602
613
611
603
604
605
594
622
596
592
596
597
604
600
600
598
600
602
595
597
603
601
600
599
599
600
250
594
598
599
600
598
601
598
604
599
600
601
602
600
587
596
599
623
599
600
600
603
601
600
594
600
599
596
604
597
594
594
596
603
611
599
598
601
599
591
605
597
601
601
602
599
594
597
594
589
602
601
608
601
603
601
605
600
599
597
599
594
597
593
601
600
601
601
594
603
601
599
604
599
600
600
597
603
590
594
595
588
599
596
603
599
601
598
600
610
602
599
600
592
598
587
598
594
600
600
601
598
600
600
600
592
601
602
608
603
604
596
590
594
603
596
601
594
600
602
606
603
601
627
597
604
598
593
595
594
606
631
602
605
597
601
601
594
603
601
606
600
600
596
597
602
600
594
598
595
601
596
604
602
602
601
601
600
600
591
593
594
596
602
606
603
601
599
594
598
603
598
598
597
599
599
598
611
605
600
596
598
602
638
599
599
600
600
600
603
596
601
595
592
595
604
603
602
603
602
601
604
603
593
600
598
601
598
601
599
598
602
600
598
599
594
600
602
604
605
605
599
599
602
587
589
594
594
600
603
598
600
600
600
599
603
593
597
606
597
595
598
595
615
606
601
593
734
600
596
607
599
602
599
602
605
600
597
591
588
599
601
605
600
603
600
602
604
598
598
596
594
597
600
601
598
633
600
601
604
593
594
599
598
600
602
601
600
598
595
588
600
595
599
608
600
599
602
600
600
605
602
595
590
600
594
600
595
602
599
602
631
603
600
598
593
599
602
602
597
600
594
597
599
599
599
600
594
600
604
604
599
605
599
596
603
596
590
596
594
602
604
600
601
601
601
595
605
599
598
607
600
600
600
596
598
603
602
595
591
599
601
604
601
602
600
600
618
601
589
594
590
598
603
604
601
600
600
602
605
598
606
610
600
601
602
602
595
597
600
595
602
598
592
598
598
603
604
601
602
600
596
590
593
593
598
609
609
601
605
600
600
598
599
599
591
598
594
598
600
597
599
606
604
599
597
599
598
605
598
600
603
599
594
588
594
594
594
599
598
598
603
603
602
594
600
597
599
602
589
595
593
594
625
603
598
595
599
597
596
604
596
604
603
600
599
602
594
591
597
599
592
603
598
600
603
601
601
599
607
607
597
596
594
599
600
600
603
600
600
594
600
600
598
600
600
600
603
600
598
589
600
597
593
605
592
601
598
601
600
605
600
595
600
599
592
603
598
627
614
628
600
597
598
599
596
600
597
604
603
604
601
596
596
597
600
603
597
598
597
601
598
600
604
593
599
594
590
596
587
599
598
597
605
613
597
594
600
598
593
604
600
600
598
595
596
604
598
595
597
599
603
607
599
602
606
600
600
741
596
591
592
597
611
612
600
599
603
601
603
599
687
600
598
599
621
598
594
596
603
593
602
594
593
599
597
600
600
599
603
607
594
587
588
592
598
603
599
599
605
600
601
604
597
595
596
619
599
602
594
249
605
604
600
596
601
599
597
603
597
602
601
600
598
603
602
596
595
600
601
598
599
601
600
602
604
593
592
606
595
595
593
595
599
603
600
605
598
594
594
602
598
597
513
328
597
598
595
589
591
598
600
602
604
602
600
599
604
603
592
594
597
593
598
597
598
600
598
599
602
592
598
599
600
600
603
600
602
603
595
596
595
596
596
604
601
600
598
602
604
605
601
595
592
599
597
598
599
602
598
600
603
605
594
595
594
600
616
603
602
604
596
596
606
587
608
594
597
599
603
599
607
600
601
601
596
594
595
601
594
596
602
599
600
603
599
600
591
594
598
602
600
600
593
596
600
630
602
595
592
600
603
604
606
600
600
600
601
605
595
598
596
595
606
594
594
598
599
600
604
600
599
601
600
600
600
588
589
597
599
600
597
599
604
609
599
603
591
595
601
602
594
594
593
595
603
604
600
595
593
598
606
606
598
599
600
599
599
598
589
590
599
602
602
659
633
605
604
600
606
600
593
604
596
596
595
596
599
603
601
594
592
598
598
604
602
599
599
600
596
602
598
591
592
599
598
598
597
600
600
599
598
602
592
595
597
601
627
599
599
604
604
601
600
592
593
604
602
599
602
601
597
605
601
589
596
602
598
602
603
601
601
599
600
608
597
594
589
598
594
598
605
600
603
601
600
594
591
600
598
600
598
598
597
600
595
598
592
590
591
657
600
600
602
605
599
605
603
595
592
601
590
598
602
595
600
601
593
604
603
600
605
606
601
605
604
595
589
595
592
594
599
600
626
601
600
595
592
594
597
603
598
599
594
600
603
601
602
594
604
612
601
600
598
600
600
604
606
602
590
593
590
599
602
601
601
601
598
604
603
595
594
600
599
604
598
594
597
602
600
605
602
596
592
601
598
600
599
604
629
601
596
596
588
594
598
603
598
600
600
603
604
599
632
596
595
599
628
595
594
249
554
519
306
306
482
505
269
272
597
598
597
599
605
601
600
594
593
588
593
595
600
599
600
603
604
598
601
592
594
598
597
594
599
597
595
599
600
599
601
596
598
602
597
599
604
604
599
595
601
589
600
602
594
601
598
601
602
604
605
605
601
594
600
599
690
597
598
600
605
608
602
595
600
594
599
598
603
600
600
594
606
593
597
594
589
597
594
597
600
602
601
599
601
602
602
592
598
600
594
599
598
603
601
600
601
594
598
602
600
599
610
595
604
599
601
605
597
594
598
602
600
600
599
599
605
606
600
590
596
595
595
600
600
605
602
602
605
594
603
595
607
609
599
596
600
599
598
600
529
593
599
601
598
602
597
599
602
602
600
734
599
589
593
603
594
598
599
600
604
605
607
598
594
600
599
598
600
596
596
600
599
606
601
593
595
597
602
598
602
605
602
596
606
590
595
604
589
598
598
599
600
604
601
601
600
595
598
597
599
594
594
604
599
601
601
600
601
598
597
599
600
599
602
604
601
596
600
595
593
602
599
598
599
600
603
604
601
603
600
595
599
598
595
595
602
605
606
606
601
618
596
596
600
600
602
601
604
597
597
595
597
595
598
602
599
600
604
603
602
600
600
592
597
597
594
596
596
602
605
602
606
593
687
598
598
602
600
599
599
596
600
599
597
591
630
601
599
608
601
602
606
605
604
603
599
588
339
342
593
597
600
598
601
599
599
591
600
601
597
603
596
593
603
600
595
594
599
595
598
602
599
598
380
383
604
605
605
590
602
593
593
603
599
598
685
611
598
603
612
516
600
601
600
588
592
593
595
601
594
598
604
599
599
594
598
593
598
602
599
594
599
594
598
603
602
597
593
593
602
601
599
598
599
598
605
600
602
589
589
599
600
598
605
607
601
600
605
619
739
597
596
604
600
594
596
592
598
603
600
594
598
601
599
602
599
599
603
600
600
593
589
590
595
599
600
605
601
602
605
604
604
603
595
599
601
594
596
597
596
599
604
594
594
595
598
599
604
600
605
602
602
597
599
589
591
598
598
604
599
601
600
600
601
597
592
598
607
599
597
599
595
602
605
602
601
599
595
599
604
600
601
606
600
597
600
590
592
606
598
601
613
600
600
605
603
596
607
595
596
595
595
595
598
600
607
606
601
595
592
598
599
599
601
604
601
594
597
597
597
604
594
598
608
604
602
604
600
600
604
596
595
598
601
596
600
600
602
605
603
594
609
600
596
604
602
601
618
607
603
602
599
594
599
600
600
598
600
601
605
600
605
606
603
590
594
595
596
600
602
603
600
602
604
593
595
604
600
600
610
606
603
600
596
601
604
595
596
601
600
600
604
601
602
606
603
594
601
598
594
602
596
600
604
601
601
606
604
596
600
603
602
602
601
598
604
601
598
600
598
601
595
605
602
601
600
602
600
609
603
591
592
596
595
599
607
607
600
599
361
357
597
605
597
600
599
596
601
595
597
607
605
595
598
602
599
602
603
600
599
598
601
590
600
595
590
599
599
603
603
599
604
605
601
592
593
598
599
594
594
593
593
601
600
592
634
594
592
602
603
600
601
607
602
600
601
591
591
599
600
603
602
599
601
600
601
606
604
594
600
603
593
593
600
600
630
605
602
601
600
598
602
600
601
598
605
604
600
597
590
593
597
600
599
600
600
598
598
601
601
601
595
595
594
598
605
598
601
599
610
614
598
594
600
597
599
602
605
599
597
594
588
603
602
595
605
605
601
598
605
599
601
599
595
592
598
590
596
595
602
600
605
604
622
603
594
597
600
603
601
601
598
597
596
600
596
601
601
595
599
604
611
604
603
601
595
606
604
588
595
591
602
604
603
601
596
601
597
606
603
594
600
603
600
594
600
594
594
600
599
598
603
595
602
598
600
599
605
602
604
599
595
590
598
601
599
599
601
599
594
602
603
602
600
593
600
598
603
598
600
600
595
603
603
595
600
600
601
603
604
602
593
597
595
603
603
595
602
597
601
598
598
599
598
600
602
595
603
596
595
594
597
598
592
603
602
600
599
598
599
599
602
598
594
603
593
602
600
548
308
302
262
265
264
278
263
263
262
262
264
262
602
558
596
598
593
598
593
593
602
595
602
592
595
596
599
598
589
595
585
596
602
588
597
591
596
599
602
596
595
597
599
607
602
599
596
598
598
603
596
589
596
597
598
600
600
596
599
598
597
600
593
595
600
598
600
597
602
599
601
600
594
593
597
599
599
601
600
601
600
599
599
596
595
590
597
604
604
600
600
599
600
602
600
593
592
603
600
600
604
596
602
600
601
597
597
598
600
600
596
604
600
601
601
596
602
597
599
600
598
563
599
603
604
600
596
594
598
600
594
595
598
596
602
602
600
600
601
594
597
599
593
604
599
600
598
594
599
600
604
596
598
603
601
604
603
600
596
601
597
598
598
594
595
595
599
601
605
603
604
599
602
595
594
604
596
601
599
594
604
598
600
593
595
600
599
604
600
600
599
604
600
590
601
594
599
595
602
606
602
601
601
600
601
597
597
600
594
602
599
598
603
598
600
594
599
597
598
599
598
599
594
599
601
599
605
594
601
594
596
602
599
600
600
598
603
598
597
600
588
608
598
601
600
595
615
616
605
599
601
599
595
599
594
604
595
602
600
595
599
598
600
600
599
604
598
603
603
602
596
594
595
598
598
600
600
595
599
599
605
602
604
597
603
601
594
603
595
599
602
601
603
593
601
594
596
602
603
602
603
600
594
596
599
603
591
598
601
593
598
600
601
599
601
592
599
603
618
604
599
607
600
606
603
591
600
594
595
600
602
601
599
602
601
603
602
595
602
603
594
595
601
597
599
600
600
593
602
601
592
598
594
599
602
602
602
601
597
589
591
601
596
600
598
599
597
603
593
596
599
596
591
596
606
594
600
603
597
603
603
594
592
597
594
598
598
598
598
594
600
596
603
593
598
604
599
600
604
604
595
600
596
593
599
598
600
250
599
602
605
600
604
598
601
394
588
599
595
601
599
599
598
596
600
595
593
597
621
600
747
601
595
602
595
679
602
589
592
594
513
537
602
599
600
598
599
597
603
607
594
602
599
602
605
594
599
601
600
598
597
597
600
598
594
602
598
600
605
598
594
594
598
599
599
600
600
602
598
600
598
596
590
597
598
599
606
599
601
598
600
602
596
594
599
598
597
602
600
599
599
601
598
595
600
589
601
603
599
604
603
599
595
602
591
596
602
599
600
594
599
597
602
598
603
605
593
599
593
598
327
621
601
604
597
597
594
588
599
598
598
599
606
603
596
601
594
598
597
595
597
594
599
599
603
599
599
599
592
596
600
597
593
599
599
595
601
596
593
599
592
589
601
593
600
600
594
597
599
601
596
599
597
596
598
598
598
603
600
600
600
595
589
587
595
613
605
603
604
604
599
598
597
596
600
594
599
596
603
600
596
601
595
601
598
598
604
604
577
599
602
605
600
595
593
589
592
597
599
599
599
600
596
596
603
737
594
616
598
594
603
599
593
600
597
600
604
597
594
598
600
601
614
616
605
604
593
594
597
605
595
594
601
599
605
604
595
599
598
600
603
606
604
595
596
600
607
600
599
599
603
596
600
588
604
598
601
600
596
598
602
605
595
597
597
593
602
601
594
599
596
594
603
602
598
592
596
598
598
597
596
602
596
601
602
599
598
589
601
598
597
599
589
602
593
599
603
602
603
602
599
599
593
594
598
604
600
603
593
592
594
601
593
600
593
601
607
608
599
596
598
591
603
603
587
599
593
601
602
604
599
594
598
598
600
594
594
596
598
600
600
601
597
595
599
600
599
599
598
604
600
596
605
589
605
605
590
602
592
600
599
602
600
617
597
594
599
597
594
593
597
599
601
609
596
595
600
600
596
603
599
600
598
596
605
600
380
379
596
599
596
602
597
598
599
600
602
594
598
595
592
594
600
600
591
601
594
603
606
594
600
601
594
599
595
594
600
592
599
599
594
593
588
596
610
613
597
599
605
603
600
594
597
594
596
598
598
603
594
600
603
600
599
596
594
598
605
600
600
599
599
601
603
682
596
598
594
597
602
600
599
603
600
595
607
594
593
600
599
599
591
598
600
597
600
600
599
595
593
598
597
597
599
600
604
604
596
621
611
598
597
601
599
605
599
600
602
598
600
597
595
598
601
604
594
604
599
600
603
600
592
599
595
595
601
599
599
604
594
598
602
599
594
597
599
601
598
600
600
594
599
602
597
595
588
598
594
602
602
600
604
600
601
597
592
595
601
595
600
606
595
601
600
602
600
596
594
598
605
605
600
598
602
597
604
593
590
598
593
599
603
602
600
604
600
600
608
594
593
593
599
599
594
601
596
600
601
600
598
598
594
600
602
599
605
599
600
601
599
598
676
599
593
600
603
628
600
252
601
593
604
594
593
600
597
607
598
601
599
601
599
593
734
598
598
594
612
603
598
600
596
593
601
603
593
603
602
601
600
599
599
599
604
591
593
600
594
603
598
600
604
604
601
621
606
594
593
597
599
599
602
600
595
599
596
599
604
600
599
600
601
606
604
595
602
596
600
592
587
600
594
599
601
600
599
601
601
617
604
602
592
597
604
600
595
600
594
606
604
595
594
598
599
603
603
602
605
599
600
598
598
597
586
597
597
601
601
601
596
599
597
594
594
592
601
600
595
601
596
598
598
593
678
595
591
599
598
597
600
592
597
600
603
593
589
601
598
603
602
599
600
598
602
739
596
594
594
594
600
603
599
600
604
606
600
597
597
598
599
601
599
599
603
596
599
595
587
603
597
599
604
604
598
606
603
601
600
591
592
594
598
602
595
600
596
600
599
596
622
603
597
602
598
600
604
595
600
600
595
600
593
602
598
602
602
604
576
253
602
598
598
591
598
600
594
603
596
601
604
603
613
605
594
599
604
595
603
597
600
601
599
593
590
595
594
603
599
598
599
599
600
598
597
592
602
603
594
604
594
599
603
600
599
604
599
596
598
596
600
598
600
602
602
600
597
599
594
600
603
601
600
605
601
596
605
596
599
594
590
601
599
599
604
603
599
601
604
592
594
599
594
598
598
600
596
600
595
607
597
595
596
601
599
603
598
601
604
596
600
742
593
593
592
600
598
602
599
599
607
604
597
597
592
594
598
597
595
604
594
599
604
599
599
592
596
599
603
600
601
597
602
601
599
613
591
593
594
603
599
601
600
599
602
604
601
590
599
598
594
601
594
599
603
600
599
604
592
595
602
601
600
599
599
594
602
