29
37
46
55
64
73
82
91
100
109
118
127
136
145
154
163
172
181
190
199
208
217
226
235
244
253
262
271
280
289
298
307
316
325
334
343
352
361
370
379
388
397
406
415
424
433
442
451
460
469
478
487
496
505
514
523
532
541
550
559
568
577
586
595
604
613
622
631
640
649
658
667
676
685
694
703
712
721
730
739
748
757
766
775
784
793
802
811
820
829
838
847
856
865
874
883
892
901
910
919
928
937
946
955
964
973
982
991
1000
1009
1018
1027
1036
1045
1054
1063
1072
1081
1090
1099
1108
1117
1126
1135
1144
1153
1162
1171
1180
1189
1198
1207
1216
1225
1234
1243
1252
1261
1270
1279
1288
1297
1306
1315
1324
1333
1342
1351
1360
1369
1378
1387
1396
1405
1414
1423
1432
1441
1450
1459
1468
1477
1486
1495
1504
1513
1522
1531
1540
1549
1558
1567
1576
1585
1594
1603
1612
1621
1630
1639
1648
1657
1666
1675
1684
1693
1702
1711
1720
1729
1738
1747
1756
1765
1774
1783
1792
1801
1810
1819
1828
1837
1846
1855
1864
1873
1882
1891
1900
1909
1918
1927
1936
1945
1954
1963
1972
1981
1990
1999
2008
2017
2026
2035
2044
2053
2062
2071
2080
2089
2098
2107
2116
2125
2134
2143
2152
2161
2170
2179
2188
2197
2206
2215
2224
2233
2242
2251
2260
2269
2278
2287
2296
2305
2314
2323
2332
2341
2350
2359
2368
2377
2386
2395
2404
2413
2422
2431
2440
2449
2458
2467
2476
2485
2494
2503
2512
2521
2530
2539
2548
2557
2566
2575
2584
2593
2602
2611
2620
2629
2638
2647
2656
2665
2674
2683
2692
2701
2710
2719
2728
2737
2746
2755
2764
2773
2782
2791
2800
2809
2818
2827
2836
2845
2854
2863
2872
2881
2890
2899
2908
2917
2926
2935
2944
2953
2962
2971
2980
2989
2998
3007
3016
3025
3034
3043
3052
3061
3070
3079
3088
3097
3106
3115
3124
3133
3142
3151
3160
3169
3178
3187
3196
3205
3214
3223
3232
3241
3250
3259
3268
3277
3286
3295
3304
3313
3322
3331
3340
3349
3358
3367
3376
3385
3394
3403
3412
3421
3430
3439
3448
3457
3466
3475
3484
3493
3502
3511
3520
3529
3538
3547
3556
3565
3574
3583
3592
3601
3610
3619
3628
3637
3646
3655
3664
3673
3682
3691
3700
3709
3718
3727
3736
3745
3754
3763
3772
3781
3790
3799
3808
3817
3826
3835
3844
3853
3862
3871
3880
3889
3898
3907
3916
3925
3934
3943
3952
3961
3970
3979
3988
3997
4006
4015
4024
4033
4042
4051
4060
4069
4078
4087
4096
4105
4114
4123
4132
4141
4150
4159
4168
4177
4186
4195
4204
4213
4222
4231
4240
4249
4258
4267
4276
4285
4294
4303
4312
4321
4330
4339
4348
4357
4366
4375
4384
4393
4402
4411
4420
4429
4438
4447
4456
4465
4474
4483
4492
4501
4510
4519
4528
4537
4546
4555
4564
4573
4582
4591
4600
4609
4618
4627
4636
4645
4654
4663
4672
4681
4690
4699
4708
4717
4726
4735
4744
4753
4762
4771
4780
4789
4798
4807
4816
4825
4834
4843
4852
4861
4870
4879
4888
4897
4906
4915
4924
4933
4942
4951
4960
4969
4978
4987
4996
5005
5014
5023
5032
5041
5050
5059
5068
5077
5086
5095
5104
5113
5122
5131
5140
5149
5158
5167
5176
5185
5194
5203
5212
5221
5230
5239
5248
5257
5266
5275
5284
5293
5302
5311
5320
5329
5338
5347
5356
5365
5374
5383
5392
5401
5410
5419
5428
5437
5446
5455
5464
5473
5482
5491
5500
5509
5518
5527
5536
5545
5554
5563
5572
5581
5590
5599
5608
5617
5626
5635
5644
5653
5662
5671
5680
5689
5698
5707
5716
5725
5734
5743
5752
5761
5770
5779
5788
5797
5806
5815
5824
5833
5842
5851
5860
5869
5878
5887
5896
5905
5914
5923
5932
5941
5950
5959
5968
5977
5986
5995
6004
6013
6022
6031
6040
6049
6058
6067
6076
6085
6094
6103
6112
6121
6130
6139
6148
6157
6166
6175
6184
6193
6202
6211
6220
6229
6238
6247
6256
6265
6274
6283
6292
6301
6310
6319
6328
6337
6346
6355
6364
6373
6382
6391
6400
6409
6418
6427
6436
6445
6454
6463
6472
6481
6490
6499
6508
6517
6526
6535
6544
6553
6562
6571
6580
6589
6598
6607
6616
6625
6634
6643
6652
6661
6670
6679
6688
6697
6706
6715
6724
6733
6742
6751
6760
6769
6778
6787
6796
6805
6814
6823
6832
6841
6850
6859
6868
6877
6886
6895
6904
6913
6922
6931
6940
6949
6958
6967
6976
6985
6994
7003
7012
7021
7030
7039
7048
7057
7066
7075
7084
7093
7102
7111
7120
7129
7138
7147
7156
7165
7174
7183
7192
7201
7210
7219
7228
7237
7246
7255
7264
7273
7282
7291
7300
7309
7318
7327
7336
7345
7354
7363
7372
7381
7390
7399
7408
7417
7426
7435
7444
7453
7462
7471
7480
7489
7498
7507
7516
7525
7534
7543
7552
7561
7570
7579
7588
7597
7606
7615
7624
7633
7642
7651
7660
7669
7678
7687
7696
7705
7714
7723
7732
7741
7750
7759
7768
7777
7786
7795
7804
7813
7822
7831
7840
7849
7858
7867
7876
7885
7894
7903
7912
7921
7930
7939
7948
7957
7966
7975
7984
7993
8002
8011
8020
8029
8038
8047
8056
8065
8074
8083
8092
8101
8110
8119
8128
8137
8146
8155
8164
8173
8182
8191
8200
8209
8218
8227
8236
8245
8254
8263
8272
8281
8290
8299
8308
8317
8326
8335
8344
8353
8362
8371
8380
8389
8398
8407
8416
8425
8434
8443
8452
8461
8470
8479
8488
8497
8506
8515
8524
8533
8542
8551
8560
8569
8578
8587
8596
8605
8614
8623
8632
8641
8650
8659
8668
8677
8686
8695
8704
8713
8722
8731
8740
8749
8758
8767
8776
8785
8794
8803
8812
8821
8830
8839
8848
8857
8866
8875
8884
8893
8902
8911
8920
8929
8938
8947
8956
8965
8974
8983
8992
9001
9010
9019
9028
9037
9046
9055
9064
9073
9082
9091
9100
9109
9118
9127
9136
9145
9154
9163
9172
9181
9190
9199
9208
9217
9226
9235
9244
9253
9262
9271
9280
9289
9298
9307
9316
9325
9334
9343
9352
9361
9370
9379
9388
9397
9406
9415
9424
9433
9442
9451
9460
9469
9478
9487
9496
9505
9514
9523
9532
9541
9550
9559
9568
9577
9586
9595
9604
9613
9622
9631
9640
9649
9658
9667
9676
9685
9694
9703
9712
9721
9730
9739
9748
9757
9766
9775
9784
9793
9802
9811
9820
9829
9838
9847
9856
9865
9874
9883
9892
9901
9910
9919
9928
9937
9946
9955
9964
9973
9982
9991
10000
10009
10018
10027
10036
10045
10054
10063
10072
10081
10090
10099
10108
10117
10126
10135
10144
10153
10162
10171
10180
10189
10198
10207
10216
10225
10234
10243
10252
10261
10270
10279
10288
10297
10306
10315
10324
10333
10342
10351
10360
10369
10378
10387
10396
10405
10414
10423
10432
10441
10450
10459
10468
10477
10486
10495
10504
10513
10522
10531
10540
10549
10558
10567
10576
10585
10594
10603
10612
10621
10630
10639
10648
10657
10666
10675
10684
10693
10702
10711
10720
10729
10738
10747
10756
10765
10774
10783
10792
10801
10810
10819
10828
10837
10846
10855
10864
10873
10882
10891
10900
10909
10918
10927
10936
10945
10954
10963
10972
10981
10990
10999
11008
11017
11026
11035
11044
11053
11062
11071
11080
11089
11098
11107
11116
11125
11134
11143
11152
11161
11170
11179
11188
11197
11206
11215
11224
11233
11242
11251
11260
11269
11278
11287
11296
11305
11314
11323
11332
11341
11350
11359
11368
11377
11386
11395
11404
11413
11422
11431
11440
11449
11458
11467
11476
11485
11494
11503
11512
11521
11530
11539
11548
11557
11566
11575
11584
11593
11602
11611
11620
11629
11638
11647
11656
11665
11674
11683
11692
11701
11710
11719
11728
11737
11746
11755
11764
11773
11782
11791
11800
11809
11818
11827
11836
11845
11854
11863
11872
11881
11890
11899
11908
11917
11926
11935
11944
11953
11962
11971
11980
11989
11998
12007
12016
12025
12034
12043
12052
12061
12070
12079
12088
12097
12106
12115
12124
12133
12142
12151
12160
12169
12178
12187
12196
12205
12214
12223
12232
12241
12250
12259
12268
12277
12286
12295
12304
12313
12322
12331
12340
12349
12358
12367
12376
12385
12394
12403
12412
12421
12430
12439
12448
12457
12466
12475
12484
12493
12502
12511
12520
12529
12538
12547
12556
12565
12574
12583
12592
12601
12610
12619
12628
12637
12646
12655
12664
12673
12682
12691
12700
12709
12718
12727
12736
12745
12754
12763
12772
12781
12790
12799
12808
12817
12826
12835
12844
12853
12862
12871
12880
12889
12898
12907
12916
12925
12934
12943
12952
12961
12970
12979
12988
12997
13006
13015
13024
13033
13042
13051
13060
13069
13078
13087
13096
13105
13114
13123
13132
13141
13150
13159
13168
13177
13186
13195
13204
13213
13222
13231
13240
13249
13258
13267
13276
13285
13294
13303
13312
13321
13330
13339
13348
13357
13366
13375
13384
13393
13402
13411
13420
13429
13438
13447
13456
13465
13474
13483
13492
13501
13510
13519
13528
13537
13546
13555
13564
13573
13582
13591
13600
13609
13618
13627
13636
13645
13654
13663
13672
13681
13690
13699
13708
13717
13726
13735
13744
13753
13762
13771
13780
13789
13798
13807
13816
13825
13834
13843
13852
13861
13870
13879
13888
13897
13906
13915
13924
13933
13942
13951
13960
13969
13978
13987
13996
14005
14014
14023
14032
14041
14050
14059
14068
14077
14086
14095
14104
14113
14122
14131
14140
14149
14158
14167
14176
14185
14194
14203
14212
14221
14230
14239
14248
14257
14266
14275
14284
14293
14302
14311
14320
14329
14338
14347
14356
14365
14374
14383
14392
14401
14410
14419
14428
14437
14446
14455
14464
14473
14482
14491
14500
14509
14518
14527
14536
14545
14554
14563
14572
14581
14590
14599
14608
14617
14626
14635
14644
14653
14662
14671
14680
14689
14698
14707
14716
14725
14734
14743
14752
14761
14770
14779
14788
14797
14806
14815
14824
14833
14842
14851
14860
14869
14878
14887
14896
14905
14914
14923
14932
14941
14950
14959
14968
14977
14986
14995
15004
15013
15022
15031
15040
15049
15058
15067
15076
15085
15094
15103
15112
15121
15130
15139
15148
15157
15166
15175
15184
15193
15202
15211
15220
15229
15238
15247
15256
15265
15274
15283
15292
15301
15310
15319
15328
15337
15346
15355
15364
15373
15382
15391
15400
15409
15418
15427
15436
15445
15454
15463
15472
15481
15490
15499
15508
15517
15526
15535
15544
15553
15562
15571
15580
15589
15598
15607
15616
15625
15634
15643
15652
15661
15670
15679
15688
15697
15706
15715
15724
15733
15742
15751
15760
15769
15778
15787
15796
15805
15814
15823
15832
15841
15850
15859
15868
15877
15886
15895
15904
15913
15922
15931
15940
15949
15958
15967
15976
15985
15994
16003
16012
16021
16030
16039
16048
16057
16066
16075
16084
16093
16102
16111
16120
16129
16138
16147
16156
16165
16174
16183
16192
16201
16210
16219
16228
16237
16246
16255
16264
16273
16282
16291
16300
16309
16318
16327
16336
16345
16354
16363
16372
16381
16390
16399
16408
16417
16426
16435
16444
16453
16462
16471
16480
16489
16498
16507
16516
16525
16534
16543
16552
16561
16570
16579
16588
16597
16606
16615
16624
16633
16642
16651
16660
16669
16678
16687
16696
16705
16714
16723
16732
16741
16750
16759
16768
16777
16786
16795
16804
16813
16822
16831
16840
16849
16858
16867
16876
16885
16894
16903
16912
16921
16930
16939
16948
16957
16966
16975
16984
16993
17002
17011
17020
17029
17038
17047
17056
17065
17074
17083
17092
17101
17110
17119
17128
17137
17146
17155
17164
17173
17182
17191
17200
17209
17218
17227
17236
17245
17254
17263
17272
17281
17290
17299
17308
17317
17326
17335
17344
17353
17362
17371
17380
17389
17398
17407
17416
17425
17434
17443
17452
17461
17470
17479
17488
17497
17506
17515
17524
17533
17542
17551
17560
17569
17578
17587
17596
17605
17614
17623
17632
17641
17650
17659
17668
17677
17686
17695
17704
17713
17722
17731
17740
17749
17758
17767
17776
17785
17794
17803
17812
17821
17830
17839
17848
17857
17866
17875
17884
17893
17902
17911
17920
17929
17938
17947
17956
17965
17974
17983
17992
18001
18010
18018
18027
18036
18045
18054
18063
18072
18081
18090
18099
18108
18117
18126
18135
18144
18153
18162
18171
18180
18189
18198
18207
18216
18225
18234
18243
18252
18261
18270
18279
18288
18297
18306
18315
18324
18333
18342
18351
18360
18369
18378
18387
18396
18405
18414
18423
18432
18441
18450
18459
18468
18477
18486
18495
18504
18513
18522
18531
18540
18549
18558
18567
18576
18585
18594
18603
18612
18621
18630
18639
18648
18657
18666
18675
18684
18693
18702
18711
18720
18729
18738
18747
18756
18765
18774
18783
18792
18801
18810
18819
18828
18837
18846
18855
18864
18873
18882
18891
18900
18909
18918
18927
18936
18945
18954
18963
18972
18981
18990
18999
19008
19017
19026
19035
19044
19053
19062
19071
19080
19089
19098
19107
19116
19125
19134
19143
19152
19161
19170
19179
19188
19197
19206
19215
19224
19233
19242
19251
19260
19269
19278
19287
19296
19305
19314
19323
19332
19341
19350
19359
19368
19377
19386
19395
19404
19413
19422
19431
19440
19449
19458
19467
19476
19485
19494
19503
19512
19521
19530
19539
19548
19557
19566
19575
19584
19593
19602
19611
19620
19629
19638
19647
19656
19665
19674
19683
19692
19701
19710
19719
19728
19737
19746
19755
19764
19773
19782
19791
19800
19809
19818
19827
19836
19845
19854
19863
19872
19881
19890
19899
19908
19917
19926
19935
19944
19953
19962
19971
19980
19989
19998
20007
20016
20025
20034
20043
20052
20061
20070
20079
20088
20097
20106
20115
20124
20133
20142
20151
20160
20169
20178
20187
20196
20205
20214
20223
20232
20241
20250
20259
20268
20277
20286
20295
20304
20313
20322
20331
20340
20349
20358
20367
20376
20385
20394
20403
20412
20421
20430
20439
20448
20457
20466
20475
20484
20493
20502
20511
20520
20529
20538
20547
20556
20565
20574
20583
20592
20601
20610
20619
20628
20637
20646
20655
20664
20673
20682
20691
20700
20709
20718
20727
20736
20745
20754
20763
20772
20781
20790
20799
20808
20817
20826
20835
20844
20853
20862
20871
20880
20889
20898
20907
20916
20925
20934
20943
20952
20961
20970
20979
20988
20997
21006
21015
21024
21033
21042
21051
21060
21069
21078
21087
21096
21105
21114
21123
21132
21141
21150
21159
21168
21177
21186
21195
21204
21213
21222
21231
21240
21249
21258
21267
21276
21285
21294
21303
21312
21321
21330
21339
21348
21357
21366
21375
21384
21393
21402
21411
21420
21429
21438
21447
21456
21465
21474
21483
21492
21501
21510
21519
21528
21537
21546
21555
21564
21573
21582
21591
21600
21609
21618
21627
21636
21645
21654
21663
21672
21681
21690
21699
21708
21717
21726
21735
21744
21753
21762
21771
21780
21789
21798
21807
21816
21825
21834
21843
21852
21861
21870
21879
21888
21897
21906
21915
21924
21933
21942
21951
21960
21969
21978
21987
21996
22005
22014
22023
22032
22041
22050
22059
22068
