6
9
13
17
21
25
30
34
38
42
47
51
55
59
63
67
71
75
79
83
87
91
96
100
104
108
112
116
120
125
128
132
136
140
144
149
153
158
162
166
171
175
179
184
188
192
196
200
204
208
212
216
220
224
228
232
236
240
244
248
252
256
260
264
268
272
276
280
284
288
292
297
301
305
310
314
318
322
326
330
334
338
342
346
350
354
358
362
366
370
374
378
382
386
390
394
398
402
406
410
414
418
422
426
430
434
438
442
446
450
454
458
462
466
470
474
478
482
486
490
494
498
502
506
510
514
518
522
526
530
534
538
542
546
550
554
558
562
566
570
574
578
582
586
590
594
598
602
606
610
614
618
622
626
630
634
638
642
646
650
654
658
662
666
670
674
678
682
686
690
694
698
702
706
710
714
718
722
726
730
734
738
742
746
750
754
758
762
766
770
774
778
782
786
790
794
798
802
806
810
814
818
822
826
830
834
838
842
846
850
854
858
862
866
870
874
878
882
886
890
894
898
902
906
910
914
918
922
926
930
934
938
942
946
950
954
958
962
966
970
974
978
982
986
990
994
998
1002
1006
1010
1014
1018
1022
1026
1030
1034
1038
1042
1046
1050
1054
1058
1062
1066
1070
1074
1078
1082
1086
1090
1094
1098
1102
1106
1110
1114
1118
1122
1126
1130
1134
1138
1142
1146
1150
1154
1158
1162
1166
1170
1174
1178
1182
1186
1190
1194
1198
1202
1206
1210
1214
1218
1222
1226
1230
1234
1238
1242
1246
1250
1254
1258
1262
1266
1270
1274
1278
1282
1286
1290
1294
1298
1302
1306
1310
1314
1318
1322
1326
1330
1334
1338
1342
1346
1350
1354
1358
1363
1366
1371
1375
1379
1383
1387
1391
1395
1399
1403
1407
1411
1415
1419
1423
1427
1431
1435
1439
1443
1447
1451
1455
1459
1463
1467
1471
1475
1479
1483
1488
1492
1496
1500
1504
1508
1512
1516
1520
1524
1528
1532
1536
1540
1544
1548
1552
1556
1560
1564
1568
1572
1576
1580
1584
1588
1592
1596
1600
1604
1608
1612
1616
1620
1625
1629
1633
1637
1641
1646
1650
1654
1658
1662
1666
1670
1674
1678
1682
1686
1690
1694
1698
1702
1706
1710
1714
1718
1722
1726
1730
1734
1738
1742
1746
1750
1754
1758
1762
1766
1770
1774
1778
1782
1786
1790
1794
1798
1802
1806
1810
1814
1818
1822
1826
1830
1834
1838
1842
1846
1850
1854
1858
1862
1866
1870
1874
1878
1882
1886
1890
1894
1898
1902
1906
1910
1914
1918
1922
1926
1930
1934
1938
1942
1946
1950
1954
1958
1962
1966
1970
1974
1978
1982
1986
1990
1994
1998
2002
2006
2010
2014
2018
2022
2026
2030
2034
2038
2042
2046
2050
2054
2058
2062
2066
2070
2074
2078
2082
2086
2090
2094
2098
2102
2106
2111
2115
2119
2123
2127
2131
2135
2139
2143
2147
2151
2155
2159
2163
2167
2172
2176
2180
2184
2188
2192
2196
2200
2204
2208
2212
2216
2220
2224
2228
2232
2236
2240
2244
2248
2252
2256
2260
2264
2269
2273
2277
2281
2285
2289
2293
2297
2301
2305
2310
2314
2318
2322
2326
2330
2334
2338
2342
2346
2350
2355
2359
2363
2367
2371
2375
2379
2383
2387
2391
2395
2399
2403
2407
2411
2415
2419
2423
2427
2431
2435
2439
2443
2447
2451
2455
2459
2463
2467
2471
2476
2480
2484
2488
2492
2496
2500
2504
2508
2512
2516
2520
2524
2528
2532
2536
2540
2544
2548
2552
2556
2560
2564
2568
2572
2576
2580
2584
2588
2592
2596
2600
2604
2608
2612
2616
2620
2624
2628
2632
2636
2640
2644
2648
2652
2656
2660
2664
2668
2672
2676
2681
2686
2690
2694
2698
2702
2706
2710
2714
2718
2722
2726
2730
2734
2738
2742
2746
2750
2754
2758
2762
2766
2770
2774
2778
2782
2786
2790
2794
2798
2802
2806
2810
2814
2818
2822
2826
2830
2834
2838
2842
2846
2850
2854
2858
2862
2867
2870
2874
2879
2883
2888
2892
2896
2900
2904
2908
2912
2916
2920
2924
2928
2932
2936
2940
2944
2948
2952
2956
2960
2964
2968
2972
2976
2980
2984
2988
2992
2996
3000
3004
3008
3012
3017
3021
3025
3029
3033
3037
3041
3045
3049
3053
3057
3061
3065
3069
3073
3077
3081
3085
3089
3093
3097
3101
3105
3109
3113
3117
3121
3125
3129
3133
3137
3141
3145
3149
3153
3157
3161
3165
3169
3173
3177
3181
3185
3189
3193
3197
3201
3205
3209
3213
3217
3221
3225
3229
3233
3237
3241
3245
3249
3253
3257
3261
3265
3269
3273
3277
3281
3286
3290
3294
3298
3302
3306
3310
3314
3318
3322
3326
3330
3334
3338
3342
3346
3350
3354
3358
3362
3366
3370
3374
3378
3382
3386
3390
3394
3398
3402
3406
3410
3414
3418
3422
3426
3430
3434
3438
3442
3446
3450
3454
3458
3462
3466
3470
3474
3478
3482
3486
3490
3494
3498
3502
3506
3510
3514
3518
3522
3526
3530
3534
3538
3542
3546
3550
3554
3558
3562
3566
3570
3574
3578
3582
3586
3590
3594
3598
3602
3606
3610
3614
3618
3622
3626
3630
3634
3638
3642
3646
3650
3654
3658
3662
3666
3670
3674
3678
3682
3686
3691
3695
3699
3703
3707
3711
3715
3719
3723
3727
3731
3735
3739
3743
3747
3751
3755
3759
3763
3767
3771
3775
3779
3783
3787
3791
3795
3799
3803
3807
3811
3815
3819
3823
3827
3831
3835
3839
3843
3847
3851
3855
3859
3863
3867
3871
3875
3879
3883
3887
3892
3895
3899
3904
3907
3911
3915
3919
3923
3927
3931
3935
3939
3943
3947
3951
3955
3959
3963
3967
3971
3975
3979
3983
3987
3991
3995
3999
4003
4007
4011
4015
4019
4023
4027
4031
4035
4039
4043
4047
4051
4055
4059
4063
4067
4071
4075
4079
4083
4087
4091
4095
4099
4103
4107
4111
4115
4119
4123
4127
4131
4135
4139
4143
4147
4151
4155
4159
4163
4168
4171
4175
4179
4183
4187
4191
4195
4199
4203
4207
4211
4215
4219
4223
4228
4232
4236
4240
4244
4248
4252
4256
4260
4264
4268
4272
4276
4280
4284
4289
4294
4298
4302
4306
4310
4314
4318
4322
4326
4330
4334
4338
4342
4346
4350
4354
4358
4362
4366
4370
4374
4378
4382
4386
4390
4394
4398
4402
4406
4410
4414
4418
4422
4426
4430
4434
4438
4442
4446
4450
4454
4458
4462
4466
4470
4475
4478
4482
4486
4490
4494
4498
4502
4506
4510
4514
4518
4522
4526
4530
4534
4538
4542
4546
4550
4554
4558
4562
4566
4570
4574
4578
4582
4586
4590
4594
4598
4602
4606
4610
4614
4618
4622
4626
4630
4634
4638
4642
4646
4650
4654
4658
4662
4666
4670
4674
4678
4682
4686
4690
4694
4698
4702
4706
4710
4714
4718
4722
4726
4730
4734
4738
4742
4746
4750
4754
4758
4762
4767
4771
4775
4779
4783
4787
4791
4795
4799
4804
4808
4813
4817
4821
4825
4830
4833
4837
4841
4845
4849
4853
4857
4861
4865
4869
4873
4877
4881
4885
4889
4893
4897
4901
4905
4909
4913
4917
4921
4925
4929
4933
4937
4941
4945
4949
4953
4957
4961
4965
4969
4973
4977
4981
4985
4989
4993
4997
5001
5005
5009
5014
5018
5022
5026
5030
5034
5038
5042
5046
5050
5054
5058
5062
5066
5070
5074
5078
5082
5086
5090
5094
5098
5102
5106
5110
5114
5118
5122
5126
5130
5134
5138
5142
5146
5150
5154
5158
5162
5166
5170
5174
5178
5183
5187
5191
5195
5199
5203
5207
5211
5215
5219
5223
5227
5231
5235
5240
5243
5247
5251
5255
5259
5263
5267
5271
5275
5279
5283
5287
5291
5295
5299
5303
5307
5311
5315
5319
5324
5328
5332
5336
5340
5344
5348
5352
5356
5360
5364
5368
5372
5376
5380
5384
5388
5392
5396
5400
5404
5408
5412
5416
5420
5424
5428
5433
5437
5441
5445
5450
5454
5458
5462
5466
5470
5474
5478
5482
5486
5490
5494
5498
5502
5506
5510
5514
5518
5522
5526
5530
5534
5538
5542
5547
5551
5555
5560
5563
5567
5571
5575
5579
5583
5587
5591
5595
5599
5603
5607
5611
5615
5619
5623
5627
5631
5635
5639
5643
5647
5651
5655
5659
5663
5667
5671
5675
5679
5683
5687
5691
5695
5699
5703
5707
5711
5715
5719
5723
5727
5731
5735
5739
5743
5747
5751
5755
5759
5763
5767
5771
5775
5779
5783
5788
5792
5796
5800
5804
5808
5812
5816
5820
5824
5828
5832
5836
5840
5844
5848
5852
5856
5860
5864
5868
5872
5876
5880
5884
5888
5892
5896
5900
5904
5908
5912
5916
5920
5924
5928
5932
5936
5940
5944
5948
5952
5956
5960
5964
5968
5972
5976
5980
5984
5988
5992
5996
6000
6004
6008
6012
6016
6020
6024
6028
6032
6036
6040
6044
6048
6052
6056
6060
6064
6068
6072
6076
6080
6084
6088
6092
6096
6100
6104
6108
6112
6116
6120
6124
6128
6132
6136
6140
6144
6148
6152
6156
6160
6164
6168
6172
6176
6180
6184
6188
6192
6196
6200
6204
6208
6212
6216
6220
6224
6228
6232
6236
6240
6244
6248
6252
6256
6260
6264
6268
6272
6276
6280
6284
6288
6292
6295
6299
6303
6307
6311
6315
6319
6323
6327
6331
6335
6339
6343
6347
6351
6355
6359
6363
6367
6371
6376
6380
6384
6388
6392
6396
6400
6404
6408
6412
6416
6420
6424
6428
6432
6436
6440
6444
6448
6452
6456
6460
6464
6468
6472
6476
6480
6484
6488
6492
6496
6500
6504
6508
6512
6516
6520
6525
6529
6533
6537
6541
6545
6549
6553
6557
6561
6565
6569
6573
6577
6581
6586
6590
6594
6598
6602
6606
6610
6614
6618
6622
6626
6630
6634
6638
6642
6646
6650
6654
6658
6662
6666
6670
6675
6678
6682
6686
6690
6694
6698
6702
6706
6710
6714
6718
6722
6726
6730
6734
6738
6742
6746
6750
6754
6758
6762
6766
6770
6774
6778
6782
6786
6790
6794
6798
6802
6806
6810
6814
6818
6822
6826
6830
6834
6838
6842
6846
6850
6854
6858
6862
6866
6870
6874
6878
6883
6887
6891
6895
6899
6904
6907
6911
6916
6919
6923
6927
6931
6935
6939
6943
6947
6951
6955
6959
6963
6967
6971
6975
6979
6983
6987
6991
6995
6999
7003
7007
7011
7015
7019
7023
7027
7031
7035
7039
7043
7047
7051
7055
7059
7063
7067
7071
7075
7079
7083
7087
7091
7095
7099
7103
7107
7111
7115
7119
7123
7127
7131
7135
7139
7143
7147
7151
7155
7159
7163
7167
7171
7175
7179
7183
7187
7191
7195
7199
7203
7207
7211
7215
7220
7224
7228
7232
7236
7240
7244
7248
7252
7256
7260
7264
7268
7272
7276
7280
7284
7288
7292
7296
7300
7304
7308
7312
7316
7320
7324
7328
7332
7336
7340
7344
7348
7352
7356
7360
7364
7368
7372
7376
7380
7384
7388
7392
7396
7400
7404
7408
7412
7416
7420
7424
7428
7432
7436
7440
7444
7448
7452
7456
7460
7464
7468
7472
7476
7480
7484
7488
7492
7496
7500
7504
7508
7512
7516
7520
7525
7529
7534
7538
7542
7546
7550
7554
7558
7562
7566
7570
7574
7578
7582
7586
7590
7594
7598
7602
7606
7610
7615
7619
7623
7627
7631
7635
7639
7643
7647
7651
7655
7659
7663
7667
7671
7675
7679
7683
7687
7691
7695
7699
7703
7707
7711
7715
7719
7723
7727
7731
7735
7739
7743
7747
7751
7755
7759
7763
7767
7771
7775
7779
7783
7787
7791
7795
7799
7803
7807
7811
7815
7819
7823
7827
7831
7835
7839
7843
7847
7851
7855
7859
7863
7867
7871
7875
7879
7883
7887
7891
7895
7899
7903
7907
7911
7915
7919
7923
7927
7931
7935
7939
7943
7947
7951
7955
7959
7963
7967
7971
7975
7980
7984
7988
7992
7996
8000
8004
8008
8012
8016
8020
8024
8028
8032
8036
8040
8044
8048
8052
8056
8060
8064
8068
8072
8076
8080
8084
8088
8092
8096
8100
8104
8108
8112
8116
8120
8124
8128
8132
8136
8140
8144
8148
8152
8156
8160
8164
8168
8172
8176
8180
8184
8188
8192
8196
8200
8204
8208
8212
8216
8220
8224
8228
8232
8236
8240
8244
8248
8253
8256
8260
8264
8268
8272
8276
8280
8284
8288
8292
8296
8300
8304
8308
8312
8316
8320
8324
8328
8332
8336
8340
8344
8348
8352
8356
8360
8364
8368
8372
8376
8380
8384
8388
8392
8396
8400
8405
8408
8412
8416
8420
8424
8429
8433
8437
8441
8445
8449
8453
8457
8461
8465
8469
8473
8477
8481
8485
8489
8493
8497
8501
8505
8509
8513
8517
8521
8525
8529
8533
8537
8541
8545
8549
8553
8557
8561
8565
8569
8573
8577
8581
8585
8589
8593
8597
8601
8605
8609
8613
8617
8621
8625
8629
8633
8637
8641
8645
8649
8653
8657
8661
8665
8669
8673
8677
8681
8685
8689
8693
8697
8701
8705
8709
8713
8717
8721
8725
8729
8733
8737
8741
8745
8749
8753
8757
8761
8765
8769
8773
8777
8781
8785
8789
8793
8797
8801
8805
8809
8813
8817
8821
8825
8829
8833
8837
8841
8845
8849
8853
8857
8861
8865
8869
8873
8877
8882
8886
8890
8894
8898
8902
8906
8910
8914
8918
8923
8927
8932
8936
8940
8944
8948
8952
8956
8960
8964
8968
8972
8976
8980
8984
8988
8992
8996
9000
9004
9008
9012
9016
9020
9024
9028
9032
9036
9040
9044
9048
9052
9056
9060
9064
9068
9072
9076
9080
9084
9088
9092
9096
9100
9104
9108
9112
9116
9120
9124
9128
9132
9136
9140
9144
9148
9152
9156
9160
9164
9168
9172
9176
9180
9184
9188
9192
9196
9200
9204
9208
9212
9216
9220
9224
9228
9232
9236
9240
9244
9248
9252
9256
9260
9264
9268
9272
9276
9280
9284
9288
9292
9296
9300
9304
9308
9312
9316
9320
9324
9328
9332
9336
9340
9344
9348
9352
9356
9360
9364
9368
9372
9376
9380
9384
9388
9392
9396
9400
9404
9408
9412
9416
9420
9424
9428
9432
9437
9441
9445
9449
9453
9457
9461
9465
9469
9473
9477
9481
9485
9489
9493
9497
9501
9505
9509
9513
9517
9521
9525
9529
9533
9537
9541
9545
9549
9553
9557
9561
9565
9569
9573
9577
9581
9585
9589
9593
9597
9601
9605
9609
9613
9617
9621
9625
9629
9633
9637
9641
9645
9649
9653
9657
9661
9665
9669
9673
9677
9681
9685
9689
9693
9697
9701
9705
9709
9713
9717
9721
9725
9729
9733
9738
9742
9746
9750
9754
9758
9762
9766
9770
9774
9778
9782
9786
9790
9794
9798
9802
9806
9810
9814
9818
9822
9826
9830
9834
9838
9842
9846
9850
9854
