57
83
557
1028
1463
1873
2196
2475
2820
3228
3638
4071
4363
4851
5145
5505
6121
6670
7215
7755
8344
8798
9222
9694
10224
10738
11108
11523
12020
12564
13155
13778
14175
14730
15334
15803
16199
16728
17270
17652
18137
18518
19013
19433
19762
20226
20619
21057
21520
22066
22703
23267
23798
24344
24916
25489
25977
26376
26773
27149
27795
28064
28614
28991
29370
29887
30455
30855
31335
31829
32280
32794
33462
33926
34332
34820
35298
35900
36347
36799
37132
37679
38209
38697
39235
39729
40146
40711
41360
41986
42710
43192
43821
44354
44804
45211
45797
46293
46834
47423
47977
48590
49207
49816
50372
50896
51504
52107
52660
53119
53803
54280
54694
55113
55643
56157
56669
56994
57457
57954
58727
59252
59797
60493
60926
61445
61894
62333
62876
63483
64026
64398
65069
65440
65977
66307
66658
67130
67648
68144
68606
68832
69226
69785
70307
70707
71150
71611
72182
72612
73188
73589
74051
74436
75037
75688
76167
76637
77227
77831
78379
79136
79734
80146
80818
81252
81998
82495
83063
83536
84061
84503
85049
85532
86191
86548
87113
87543
87970
88428
88843
89290
89719
90303
90881
91432
91814
92238
92634
93126
93604
94231
94722
95366
95780
96227
96624
97225
97772
98387
99089
99479
100181
100835
101261
101684
102249
102779
103375
103983
104620
105167
105823
106187
106689
107115
107643
108277
108831
109338
109823
110289
110804
111428
111932
112508
113143
113714
114237
114908
115539
115949
116510
117116
117743
118319
118815
119267
119742
120239
120726
121095
121611
122218
122996
123555
124132
124676
125253
125890
126335
126759
127328
127643
127966
128403
128928
129454
130045
130457
130822
131280
131828
132168
132629
133141
133473
134055
134435
134903
135597
136192
136821
137449
138113
138544
138909
139401
139885
140221
140584
140991
141363
141832
142348
142932
143543
144079
144592
145019
145476
146035
146523
147104
147530
148004
148349
148864
149594
150094
150610
151076
151484
152117
152546
152943
153517
153971
154431
154814
155217
155830
156487
157072
157630
158157
158760
159282
159658
160011
160463
161112
161654
161992
162561
163170
163603
164108
164607
165194
165652
166102
166642
167179
167722
168355
168804
169287
169670
170332
170922
171389
171947
172547
173035
173571
173988
174448
174942
175387
175905
176609
177440
178150
178708
179117
179769
180317
180865
181505
182002
182710
183188
183617
184297
184797
185499
186031
186645
187247
187791
188335
188791
189135
189616
190209
190708
191123
191779
192328
192827
193442
194172
194609
194981
195656
196181
196675
197246
197517
198115
198596
199014
199484
199856
200453
200976
201392
201962
202391
202882
203349
203770
204263
204701
205157
205537
205960
206490
206865
207434
207853
208271
208779
209156
209558
210111
210663
211068
211480
211859
212330
212793
213232
213736
214246
214668
215184
215720
216208
216728
217217
217535
218028
218599
218866
219288
219539
220240
220728
221398
221738
222156
222664
223192
223652
224125
224488
224936
225367
225913
226317
226632
227166
227674
228165
228715
229192
229820
230244
230727
231322
231823
232242
232730
233308
233797
234294
234758
235242
235743
236182
236611
237083
237666
238204
238683
239092
239579
239860
240411
240965
241316
241698
242032
242456
242989
243509
244059
244561
245000
245528
245982
246341
246870
247286
247618
248120
248569
249021
249619
250003
250468
250858
251406
251775
252328
252813
253264
253581
254250
254777
255132
255546
256107
256511
256816
257290
257705
258218
258660
259100
259752
260153
260596
261095
261426
261918
262327
262837
263474
263772
264239
264623
265079
265513
265937
266403
266820
267460
267984
268363
268896
269356
269755
270261
270795
271273
271654
271976
272296
272755
273245
273681
274232
274602
275096
275571
276029
276439
276975
277492
277896
278392
278966
279488
279969
280428
280852
281238
281843
282392
282849
283287
283603
284244
284789
285367
285837
286415
286737
287071
287574
288109
288595
289084
289559
289923
290586
291020
291450
292040
292465
292756
293220
293924
294395
294839
295151
295724
296195
296649
297145
297616
298199
298560
299016
299377
299708
300243
300848
301339
301759
302217
302668
303077
303519
303948
304550
305001
305449
305791
306207
306653
307043
307564
307998
308479
308815
309340
309705
310060
310593
311147
311506
311851
312308
312822
313331
313744
314240
314704
315345
315911
316406
316875
317315
317733
318183
318653
319180
319468
319937
320565
320917
321269
321931
322493
323135
323531
323978
324467
325049
325491
326117
326658
327151
327731
328317
328741
329135
329679
330159
330706
331317
331708
332167
332628
333006
333468
333995
334494
334941
335449
335936
336259
336827
337370
337812
338314
338744
339162
339764
340296
340826
341234
341890
342224
342754
343123
343679
344182
344657
345031
345311
345872
346449
346930
347284
347744
348265
348704
349186
349736
350257
350738
351216
351571
352203
352589
352972
353500
353971
354490
354849
355289
355837
356237
356864
357271
357633
358101
358503
358891
359401
359865
360339
360769
361158
361643
362149
362817
363340
363841
364165
364706
365113
365604
365933
366253
366601
366954
367520
368012
368344
368765
369104
369540
369910
370120
370497
370950
371577
372101
372516
372987
373557
374160
374696
375242
375625
376073
376475
376869
377295
377609
377903
378187
378718
379248
379733
380320
380618
381119
381488
381873
382310
382897
383431
383714
384343
384643
385095
385486
385980
386449
387100
387480
387945
388289
388652
389306
389729
390349
390770
391218
391785
392232
392546
393136
393620
394106
394841
395331
395739
396106
396557
397077
397821
398107
398603
399126
399583
399955
400298
400566
401055
401405
401680
401949
402334
402729
403113
403666
404149
404555
405178
405766
405990
406461
406927
407452
408046
408496
408912
409397
409898
410430
410898
411111
411611
412280
412753
413167
413676
414183
414828
415255
415868
416246
416675
417086
417582
417991
418535
418899
419350
419798
420384
420820
421148
421610
422181
422726
423283
423681
424192
424644
425020
425382
425625
426128
426625
427019
427476
427810
428501
429197
429650
430115
430516
430935
431228
431685
432264
432744
433334
433821
434341
434632
435073
435639
436097
436847
437394
437835
438243
438820
439363
440019
440515
441117
441594
441979
442411
442818
443216
443776
444259
444783
445247
445774
446218
446664
447092
447453
448115
448462
448878
449240
449819
450181
450803
451215
451527
451940
452633
453060
453546
453919
454473
454948
455520
455892
456332
456668
457117
457428
457999
458471
458939
459537
459967
460414
460785
461235
461655
462021
462507
462735
463322
463742
464240
464791
465256
465794
466293
466968
467431
468013
468451
468942
469344
469806
470152
470567
471077
471459
472064
472479
473036
473738
474267
474714
475160
475650
475988
476439
476760
477319
477737
478196
478794
479119
479451
479966
480438
480752
481222
481667
482150
482733
483443
483866
484396
484814
485227
485598
486102
486523
486943
487520
488000
488564
489046
489305
489705
490207
490553
491258
491770
492145
492499
493062
493402
493756
494143
494647
495013
495388
495916
496374
496730
497114
497441
497840
498519
499022
499711
500029
500596
501111
501527
501882
502336
502695
503237
503618
504111
504673
505228
505670
506167
506584
507032
507366
507772
508344
508922
509345
509900
510448
510938
511355
511891
512443
512845
513323
513651
514078
514498
514882
515460
515950
516261
516689
517195
517652
517937
518431
519024
519295
519840
520363
520806
521292
521693
522194
522742
523220
523428
524004
524457
524906
525318
525554
526152
526661
527045
527460
527898
528336
528745
529095
529472
529927
530416
530944
531461
531941
532466
532998
533517
534052
534535
535153
535836
536197
536658
537052
537581
538138
538534
539069
539657
540155
540672
541053
541568
541880
542403
542958
543525
544041
544406
544647
545183
545575
546012
546433
546872
547527
547846
548458
548957
549525
549951
550434
550868
551217
551560
552054
552673
553019
553411
553944
554526
555024
555510
556001
556507
556900
557191
557529
558088
558714
559091
559489
559879
560284
560717
561235
561724
562241
562648
563198
563609
563969
564480
565042
565519
565963
566325
566847
567302
567654
568290
568828
569298
569843
570350
570798
571290
571892
572453
572877
573237
574026
574470
574840
575382
575659
576123
576592
577041
577523
578064
578429
578820
579239
579777
580144
580439
580959
581402
581885
582217
582691
583058
583595
583977
584442
584970
585275
585741
586244
586695
587209
587807
588349
588853
589244
589790
590328
590749
591165
591564
591909
592293
592824
593418
593875
594406
594929
595492
596009
596637
597023
597414
597935
598468
598781
599295
599672
600047
600637
601166
601565
602083
602486
603027
603500
603992
604379
604686
605042
605527
606055
606494
607086
607424
607893
608242
608682
609069
609648
610205
610478
610824
611153
611687
612195
612710
613169
613675
614056
614526
615128
615515
615891
616393
616888
617329
617838
618393
618724
619264
619893
620298
620818
621290
621914
622590
623017
623653
624018
624548
624997
625588
626159
626550
626845
627264
627765
628171
628691
629054
629577
629948
630320
630760
631197
631816
632264
632645
633083
633559
634000
634518
634784
635039
635549
636006
636445
636882
637258
637925
638321
638689
639049
639744
640252
640651
641128
641419
641818
642349
642978
643406
643907
644469
645057
645553
646057
646401
646833
647247
647594
648216
648590
649010
649635
650109
650678
651183
651721
652211
652553
652906
653290
653701
654215
654560
654998
655585
655936
656499
657037
657536
657859
658305
658814
659199
659763
660169
660534
660900
661161
661556
661922
662370
662656
663199
663676
664174
664738
665226
665900
666359
666931
667496
667913
668330
668755
669178
669695
670260
670676
671180
671681
672058
672569
673083
673433
673791
674368
674932
675473
675974
676480
676963
677452
677916
678361
678763
679045
679483
679969
680291
680783
681257
681625
682080
682500
683181
683788
684243
684686
685206
685628
686152
686604
687086
687582
687958
688510
689145
689700
690107
690543
691018
691451
691855
692345
692822
693248
693745
694086
694429
694789
695337
695868
696369
696800
697212
697934
698447
698881
699454
699818
700232
700716
701146
701641
702192
702673
703175
703634
704106
704721
705123
705633
706147
706525
707146
707668
708282
708667
709267
709620
710237
710546
710989
711412
711913
712386
713071
713528
714010
714414
715050
715482
715848
716567
717087
717457
717891
718295
718716
719041
719859
720459
720893
721304
721721
722138
722450
722841
723307
723917
724372
724859
725412
725887
726334
726773
727222
727441
727811
728447
728781
729287
729764
730254
730658
731017
731450
732013
732481
732970
733397
733964
734412
734974
735447
736036
736426
736825
737364
737680
738187
738750
739291
739844
740278
740732
741439
741785
742233
742697
743077
743345
743847
744354
744775
745324
745864
746384
746911
747295
747703
748222
748664
749072
749633
749955
750328
750677
751213
751759
752042
752426
753008
753547
753968
754289
754751
755356
755954
756458
756846
757297
757754
758161
758750
759197
759606
760127
760715
761223
761726
762199
762825
763245
763736
764234
764673
765052
765390
765681
766090
766517
766952
767421
767951
768274
768761
769143
769701
770143
770739
771353
771771
772206
772465
772919
773527
773951
774356
775010
775417
775715
776285
776676
777139
777660
778008
778616
779131
779564
780030
780561
781099
781773
782330
782681
783092
783769
784195
784673
785141
785678
786050
786345
786866
787263
787682
788233
788565
789021
789467
789941
790443
790853
791223
791778
792352
792867
793350
793735
794121
794439
794964
795368
795762
796255
796661
797017
797459
797883
798358
798630
798969
799383
799809
800224
800611
801042
801631
801973
802302
802854
803322
803914
804503
805100
805606
805982
806306
806906
807287
807809
808230
808723
809303
809629
810174
810617
811251
811716
812108
812752
813214
813440
814017
814352
814787
815116
815558
816022
816557
816850
817257
817624
818080
818578
819030
819445
820008
820401
820768
821304
821866
822293
822900
823325
823860
824413
824789
825471
825843
826229
826615
827116
827476
828029
828513
828959
829342
829872
830258
830746
831153
831684
832189
832757
833249
833905
834334
834817
835295
835650
836184
836603
837034
837503
837922
838409
838804
839176
839516
839979
840292
840847
841227
841797
842263
842585
843101
843651
844032
844501
844893
845421
845947
846392
846806
847105
847637
848134
848504
848884
849366
849776
850197
850819
851401
851853
852213
852657
852993
853510
854166
854748
855171
855526
855883
856242
856698
857116
857688
858011
858266
858626
859141
859417
859889
860343
860716
861069
861510
861869
862550
863032
863429
863962
864265
864648
865133
865555
865975
866470
867048
867445
868005
868441
868855
869261
869718
870080
870516
870895
871376
871854
872240
872558
873002
873548
874004
874458
874985
875426
875918
876231
876708
877176
877665
878048
878452
878785
879181
879838
880393
880838
881205
881851
882320
882815
883314
883704
884068
884572
885025
885480
885934
886366
886831
887268
887784
888217
888618
888974
889414
889881
890333
890888
891300
891798
892212
892556
892867
893439
894011
894434
894789
895119
895646
896151
896541
896977
897288
897790
898144
898579
899060
899551
900175
900527
900853
901263
901927
902379
902834
903297
903615
904103
904530
905083
905490
905780
906189
906673
907154
907562
908109
908533
908979
909389
909732
910241
910652
910973
911332
911775
912242
912540
912983
913520
913968
914348
914851
915323
915766
916149
916586
917021
917610
917950
918266
918689
919016
919448
920006
920365
920856
921292
921741
921994
922276
922673
923052
923567
923875
924396
924892
925496
925919
926471
926784
927141
927461
927940
928337
928752
929187
929595
930009
930472
930968
931209
931631
932070
932574
933059
933434
933880
934332
934776
935249
935575
936002
936442
936817
937398
937821
938235
938744
939165
939602
939640
940168
940614
941073
941478
941813
942442
942906
943294
943670
944176
944506
944826
945237
945613
945947
946389
947022
947436
947849
948151
948534
949037
949463
949915
950409
950894
951323
951777
952173
952722
953152
953650
954131
954641
955171
955513
955931
956454
956936
957444
957883
958300
958646
959056
959430
959800
960245
960676
961177
961686
962120
962526
962908
963291
963902
964241
964608
965088
965842
966255
966707
967016
967580
968155
968504
968883
969313
969719
970199
970648
971085
971556
971928
972492
972908
973346
973718
974063
974389
974808
975192
975545
976063
976723
977174
977583
978099
978393
978767
979297
979663
980141
980523
980900
981358
981705
982163
982504
982901
983401
983889
984341
984741
985165
985603
986003
986583
986970
987358
987783
988029
988480
988954
989197
989440
989811
990241
990687
991084
991597
992078
992585
992935
993296
993727
994276
994825
995433
995754
996145
996588
996872
997281
997812
998363
999010
999576
999983
1000548
1000980
1001421
1001989
1002544
1002946
1003315
1003669
1003961
1004379
1004762
1005037
1005377
1005949
1006332
1006815
1007348
1007824
1008302
1008779
1009281
1009669
1010264
1010705
1011150
1011753
1012018
1012381
1012806
1013338
1013779
1014091
1014523
1014929
1015407
1015862
1016322
1016741
1017071
1017513
1018030
1018500
1018987
1019309
1019651
1019949
1020450
1020831
1021154
1021461
1021968
1022515
1023003
1023422
1023873
1024247
1024647
1025085
1025354
1025857
1026365
1026883
1027307
1027772
1028158
1028542
1028947
1029435
1029926
1030358
1030695
1031084
1031525
1032046
1032505
1032896
1033368
1033884
1034280
1034909
1035430
1035892
1036385
1036904
1037362
1037761
1038146
1038487
1038840
1039274
1039572
1039979
1040420
1040768
1041116
1041511
1041953
1042338
1042735
1043263
1043647
1044254
1044667
1045085
1045473
1045833
1046297
1046830
1047358
1047880
1048365
1048818
1049387
1049894
1050285
1050846
1051359
1051739
1052127
1052511
1053018
1053673
1054061
1054429
1054968
1055431
1055948
1056347
1056707
1056986
1057326
1057679
1058128
1058533
1059029
1059312
1059827
1060378
1060717
1061033
1061370
1061831
1062271
1062740
1063140
1063678
1064183
1064553
1064914
1065268
1065584
1066138
1066691
1066995
1067506
1067856
1068201
1068852
1069469
1069822
1070221
1070575
1071112
1071579
1072034
1072615
1073173
1073534
1073973
1074374
1074738
1075076
1075643
1076219
1076694
1077105
1077514
1078017
1078519
1078799
1079143
1079564
1079979
1080443
1080951
1081245
1081532
1081886
1082224
1082554
1083016
1083413
1084204
1084649
1085039
1085487
1085741
1086177
1086464
1086874
1087405
1087850
1088317
1088615
1088929
1089300
1089778
1090163
1090510
1090942
1091292
1091841
1092212
1092588
1092986
1093596
1094026
1094570
1094822
1095361
1095812
1096256
1096501
1096839
1097276
1097663
1098069
1098331
1098690
1099092
1099520
1099841
1100251
1100564
1100984
1101357
1101744
1102169
1102638
1103007
1103415
1103861
1104225
1104693
1105099
1105580
1106023
1106410
1106848
1107202
1107695
1108177
1108537
1109133
1109703
1110191
1110547
1111014
1111291
1111777
1112258
1112597
1112875
1113170
1113615
1113988
1114294
1114739
1115105
1115600
1115944
1116327
1116753
1117260
1117661
1118096
1118525
1119022
1119506
1119910
1120333
1120738
1121158
1121589
1121923
1122412
1122792
1123366
1123705
1124062
1124448
1124721
1125184
1125617
1126076
1126575
1126990
1127260
1127740
1128201
1128607
1129139
1129597
1130085
1130486
1130928
1131401
1131775
1132246
1132666
1133066
1133518
