39768064
40275968
40022016
39923712
40464384
40292352
40083456
40624128
40177664
39972864
40513536
40341504
40140800
40681472
40247296
41058304
41598976
41869312
41869312
41869312
41869312
42139648
42680320
42680320
42950656
43491328
43491328
43491328
43761664
43761664
43761664
44032000
44032000
44032000
44032000
44032000
44032000
44032000
44032000
44032000
44032000
44032000
44032000
44032000
44302336
44302336
44302336
44302336
44302336
44302336
44302336
44302336
44302336
44302336
44302336
44302336
44302336
44302336
44302336
44302336
44302336
44302336
44302336
44302336
44302336
44302336
44302336
44302336
44572672
44572672
44572672
44572672
44572672
44572672
44572672
44572672
44572672
44572672
44572672
44572672
44572672
44572672
44572672
44572672
44572672
44572672
44572672
44572672
44572672
44572672
44572672
44572672
44572672
44572672
44572672
44572672
44572672
44572672
44843008
44843008
44843008
44843008
44843008
44843008
44843008
44843008
44843008
44843008
44843008
44843008
44843008
44843008
44843008
45383680
45924352
46465024
46465024
46465024
46465024
47005696
47546368
48357376
48627712
48627712
48627712
48627712
48627712
48627712
48627712
48627712
48627712
48627712
48627712
48627712
48627712
48627712
48627712
48627712
48898048
48898048
48898048
48898048
48898048
48898048
48898048
48898048
48898048
48898048
48898048
48898048
48898048
49102848
49147904
49152000
49152000
49152000
49156096
49156096
49192960
49192960
49197056
49197056
49197056
49201152
49430528
49430528
49430528
49430528
49430528
49565696
49565696
49565696
49565696
49565696
49565696
49565696
49565696
49565696
49565696
49565696
49565696
49565696
49565696
49565696
49565696
49565696
49565696
49565696
49729536
49729536
50163712
50163712
50163712
50163712
50163712
50163712
50163712
50163712
50634752
50311168
50311168
50311168
50311168
50311168
50311168
50311168
50360320
50360320
50360320
50360320
50360320
50360320
50405376
50405376
50405376
50405376
50405376
50405376
50405376
50405376
50405376
50405376
