2.356575
0.366051
0.105102
0.151323
0.133163
0.099400
0.110342
0.131754
0.104382
0.105285
0.089278
0.112649
0.100031
0.100019
0.092809
0.108155
0.146715
0.247201
0.168466
0.116854
0.119009
0.094000
0.108941
0.131808
0.091878
0.093260
0.128865
0.149541
0.100446
0.091480
0.100404
0.101708
0.083468
0.107013
0.134330
0.090323
0.103550
0.082172
0.072720
0.076840
0.103403
0.074722
0.101044
0.082098
0.084498
0.082949
0.083144
0.104418
0.081208
0.110164
0.074972
0.080388
0.090167
0.085427
0.083515
0.079534
0.104575
0.081974
0.081679
0.128517
0.083716
0.084305
0.103543
0.112412
0.144123
0.185087
0.110514
0.111163
0.105250
0.106575
0.199685
0.140083
0.112550
0.237219
0.127434
0.104375
0.133828
0.122804
0.106022
0.114654
0.109196
0.105476
0.105915
0.159250
0.625245
0.123419
0.129238
0.135902
0.094804
0.100571
0.095849
0.102449
0.132472
0.097546
0.099692
0.128910
0.109504
0.098962
0.100884
0.128711
0.106396
0.093324
0.109948
0.089869
0.124948
0.097795
0.098292
0.102028
0.169447
0.133860
0.105266
0.093560
0.121669
0.134594
0.102630
0.099395
0.131707
0.096042
0.109030
0.096321
0.120778
0.127107
0.096825
0.130515
0.112645
0.093321
0.110601
0.094712
0.109257
0.184575
0.132161
0.152033
0.127634
0.099446
0.068882
0.103311
0.096284
0.126660
0.090305
0.120221
0.086553
0.095898
0.088292
0.138402
0.110577
0.094654
0.095194
0.100114
0.230904
0.096310
0.118449
0.133869
0.092491
0.133901
0.095797
0.129349
0.217021
0.120704
0.167673
0.274783
0.100355
0.092312
0.098715
0.071830
0.089245
0.166677
0.112571
0.115591
0.110526
0.107924
0.119997
0.124354
0.090285
0.138914
0.243494
0.111280
0.126008
0.154565
0.096349
0.127602
0.133023
0.106470
0.117563
0.128051
0.121026
0.114024
0.109338
0.146198
0.118282
0.121576
0.091324
0.133382
0.079340
0.082952
0.116898
0.117689
0.137789
0.197121
0.117345
0.105617
0.089894
0.115630
0.129696
0.101159
0.097015
0.093179
0.145851
0.184050
0.093865
0.129825
0.126313
0.146622
0.195433
0.090932
0.099027
0.131824
0.118138
0.110863
0.101477
0.092668
0.121427
0.093937
0.093885
0.098106
0.090125
0.162384
0.124880
0.152643
0.143334
0.096615
0.102728
0.095047
0.083878
0.106154
0.094523
0.111689
0.095435
0.164422
0.111574
0.096484
0.121134
0.110743
0.124293
0.092028
0.089454
0.102155
0.082847
0.090801
0.123051
0.098106
0.097520
0.089829
0.090924
0.133244
0.092779
0.088411
0.088507
0.118927
0.102167
0.159586
0.097405
0.094943
0.122805
0.090745
0.092324
0.091025
0.135549
0.115531
0.098830
0.098056
0.126837
0.103453
0.092775
0.099023
0.123606
0.090512
0.089658
0.093644
0.097225
0.093927
0.084519
0.117023
0.094916
0.086907
0.180965
0.089822
0.094135
0.097057
0.089608
0.107314
0.092521
0.120629
0.117285
0.120613
0.091117
0.095925
0.149601
0.105914
0.100380
0.094763
0.145679
0.116652
0.129558
0.089707
0.101470
0.124683
0.093293
0.080467
0.087493
0.128167
0.090046
0.094286
0.091795
0.087142
0.091124
0.115267
0.086240
0.070078
0.139160
0.091728
0.084217
0.126819
0.098279
0.094414
0.093192
0.091293
0.124575
0.113359
0.105490
0.126138
0.086130
0.104795
0.093431
0.097425
0.082912
0.168654
0.096369
0.095314
0.094686
0.125541
0.093474
0.098594
0.090532
0.143264
0.103797
0.095924
0.120658
0.090527
0.083523
0.094571
0.132540
0.095010
0.110531
0.097479
0.093130
0.123783
0.095457
0.107586
0.107755
0.084356
0.088363
0.141075
0.109342
0.130207
0.112148
0.096961
0.100437
0.098040
0.120268
0.106359
0.099132
0.127293
0.089649
0.098161
0.117572
0.085919
0.085111
0.091701
0.196896
0.099749
0.094260
0.101297
0.121453
0.093641
0.092585
0.131091
0.144068
0.090400
0.119911
0.107053
0.100119
0.091081
0.084864
0.123776
0.090788
0.093805
0.092910
0.093601
0.123898
0.086723
0.089550
0.093075
0.127253
0.100874
0.098599
0.091565
0.096029
0.116783
0.165747
0.089843
0.087922
0.095262
0.126677
0.092567
0.092529
0.134230
0.087601
0.092027
0.118717
0.102729
0.155957
0.135594
0.091090
0.115440
0.177091
0.088412
0.091943
0.102609
0.100886
0.097632
0.116620
0.116703
0.165213
0.094731
0.095333
0.112299
0.125282
0.095759
0.094595
0.186253
0.106258
0.101972
0.094339
0.093407
0.123124
0.095383
0.091614
0.121075
0.089289
0.093858
0.088555
0.126698
0.126034
0.106970
0.092593
0.091995
0.112101
0.124681
0.094966
0.092786
0.110599
0.091793
0.122782
0.089163
0.107569
0.096416
0.093907
0.142384
0.140175
0.105578
0.095108
0.096737
0.156052
0.087139
0.094931
0.085033
0.137935
0.091937
0.098129
0.127251
0.084266
0.115821
0.128611
0.098673
0.096495
0.160103
0.125654
0.095855
0.147585
0.114036
0.113703
0.123186
0.126234
0.167846
0.162294
0.177899
0.133256
0.088983
0.157948
0.101781
0.103880
0.088840
0.139337
0.095685
0.095096
0.119495
0.093696
0.115780
0.089861
0.095633
0.094165
0.132837
0.084873
0.086890
0.120269
0.119187
0.140844
0.132122
0.089949
0.091868
0.090365
0.106956
0.090651
0.149877
0.122360
0.102177
0.125795
0.094493
0.091478
0.125887
0.090747
0.088354
0.124001
0.226915
0.095523
0.096151
0.093789
0.094539
0.116441
0.100540
0.094135
0.093782
0.120547
0.090618
0.094985
0.086076
0.124772
0.120425
0.155437
0.174375
0.097553
0.099628
0.087335
0.125028
0.085459
0.096077
0.108648
0.102902
0.094971
0.124582
0.104261
0.089444
0.119122
0.086190
0.616385
0.102346
0.104081
0.117787
0.108316
0.097776
0.083772
0.089932
0.119809
0.097619
0.120704
0.100958
0.115075
0.098571
0.124267
0.080860
0.096221
0.125965
0.120432
0.093344
0.105289
0.097528
0.185399
0.091093
0.094335
0.106287
0.093640
0.121089
0.086005
0.104372
0.128750
0.093344
0.102387
0.092020
0.124025
0.091142
0.131618
0.089717
0.122772
0.099115
0.089847
0.095798
0.110118
0.175797
0.117001
0.096843
0.097530
0.121777
0.092974
0.091885
0.129266
0.087867
0.090023
0.092783
0.093247
0.203045
0.135792
0.077289
0.110235
0.092732
0.093763
0.092116
0.183139
0.111478
0.097740
0.089599
0.105842
0.118326
0.090687
0.083182
0.138305
0.138534
0.110363
0.122490
0.096050
0.103245
0.106702
0.157054
0.110880
0.099800
0.115433
0.092845
0.178580
0.121688
0.103770
0.170252
0.104923
0.115824
0.131462
0.108172
0.115546
0.086390
0.092005
0.133219
0.107348
0.100802
0.090890
0.132580
0.096609
0.065989
0.092475
0.161066
0.097084
0.096653
0.089359
0.085607
0.113488
0.129553
0.095205
0.122556
0.127500
0.099793
0.102471
0.097602
0.105097
0.127736
0.089268
0.098273
0.093433
0.158404
0.092711
0.092478
0.126154
0.095051
0.090605
0.135026
0.096375
0.133053
0.163737
0.087262
0.095703
0.103517
0.095320
0.109562
0.112960
0.111317
0.105938
0.125834
0.089578
0.105190
0.126384
0.093611
0.129926
0.123039
0.103000
0.099878
0.241901
0.122815
0.110242
0.102965
0.147009
0.107473
0.131951
0.131821
0.121008
0.227533
0.183546
0.117075
0.245075
0.089112
0.091516
0.081283
0.094281
0.094956
0.146730
0.100565
0.110850
0.128995
0.131023
0.117904
0.090718
0.123702
0.174502
0.090321
0.094503
0.111858
0.120760
0.125915
0.093848
0.112792
0.103454
0.092004
0.121067
0.108597
0.096766
0.121248
0.088453
0.110983
0.125847
0.092669
0.086416
0.136476
0.094586
0.087333
0.091472
0.089012
0.130948
0.091401
0.098155
0.123249
0.122296
0.105831
0.134856
0.090859
0.120003
0.091699
0.122071
0.092226
0.094845
0.092363
0.089969
0.123565
0.094917
0.126567
0.128896
0.090381
0.083713
0.103803
0.124773
0.112250
0.106696
0.140703
0.104288
0.101045
0.094909
0.121782
0.123772
0.095908
0.100267
0.127874
0.102694
0.094706
0.125334
0.084517
0.087449
0.084972
0.098440
0.114221
0.095284
0.123367
0.092799
0.098305
0.122656
0.093759
0.086563
0.112116
0.102460
0.100905
0.128489
0.094727
0.093630
0.096766
0.096916
0.084661
0.087430
0.143756
0.104367
0.089779
0.128033
0.126223
0.103341
0.120498
0.085557
0.117877
0.187478
0.105725
0.094481
0.105675
0.115586
0.107046
0.093120
0.117666
0.128966
0.093502
0.096116
0.112235
0.128516
0.096940
0.105412
0.213514
0.123482
0.100641
0.102081
0.101610
0.114740
0.126847
0.087902
0.210296
0.140850
0.159578
0.138095
0.162384
0.092839
0.125488
0.129060
0.096299
0.096598
0.130615
0.126322
0.091312
0.156786
0.093149
0.092796
0.074418
0.073115
0.073456
0.094809
0.107007
0.090274
0.080920
0.109677
0.119694
0.094467
0.086713
0.070033
0.095196
0.072052
0.094584
0.081999
0.097861
0.109140
0.104231
0.091514
0.089532
0.094537
0.144466
0.155648
0.079815
0.101230
0.145953
0.101529
0.115388
0.112947
0.074522
0.073399
0.104620
0.123799
0.153532
0.234172
0.094249
0.141293
0.100156
0.100582
0.115647
0.133985
0.092317
0.084906
0.147197
0.126366
0.117530
0.274802
0.118316
0.113306
0.096568
0.123373
0.106616
0.095060
0.119276
0.137829
0.122531
0.106030
0.151593
0.112061
0.125796
0.118380
0.132551
0.127007
0.120247
0.270134
0.126754
0.082269
0.083281
0.111125
0.096433
0.088418
0.094503
0.100329
0.086469
0.092128
0.102171
0.149446
0.135947
0.100937
0.088649
0.085978
0.100517
0.068531
0.102239
0.104344
0.074754
0.142529
0.080290
0.104105
0.101521
0.141968
0.095132
0.120344
0.112627
0.188818
0.125647
0.238595
0.105929
0.073421
0.069589
0.091000
0.125376
0.106902
0.120326
0.095753
0.133879
0.184669
0.107167
0.169672
0.074430
0.124773
0.090749
0.107259
0.116536
0.093725
0.086084
0.160493
0.089974
0.098008
0.122701
0.100072
0.091654
0.097946
0.096433
0.086923
0.150172
0.133004
0.092483
0.090980
0.111320
0.112654
0.090485
