0.197855
3.080667
0.105436
4.159257
0.142165
4.624303
0.106537
4.650512
0.093860
4.261880
0.096909
4.219981
0.103171
4.416221
0.092304
4.605471
0.099051
4.354568
0.110993
4.805800
0.084651
4.499910
0.126245
4.758526
0.105933
4.535139
0.097755
4.159980
0.153756
4.595565
0.098519
4.268913
0.101587
4.759950
0.100816
4.524263
0.122000
4.453050
0.102551
4.510493
0.097821
4.329952
0.096986
4.207308
0.154791
4.058968
0.104180
4.248199
0.106968
4.472512
0.115954
4.339655
0.098691
4.219556
0.089332
4.363357
0.101742
4.639600
0.104666
4.313964
0.097501
4.323511
0.125972
4.235772
0.095249
4.452052
0.093830
4.768978
0.097606
4.492486
0.115436
4.236642
0.158621
4.247182
0.110555
4.634385
0.111786
4.679123
0.108364
4.453585
0.096007
3.815925
0.100249
4.122281
0.174161
4.307587
0.107162
4.465397
0.142070
3.933340
0.116729
4.379287
0.119467
4.984507
0.104292
3.871358
0.111496
3.482887
0.142951
3.505288
0.094485
3.186379
0.106751
3.214570
0.105766
3.465956
0.112548
3.374267
0.113722
3.389665
0.108015
3.396178
0.103741
3.432505
0.105149
3.471530
0.098160
3.663033
0.119980
3.600927
0.116601
3.817630
0.126306
3.764736
0.612290
3.039200
0.140875
4.165144
0.107741
3.953041
0.095238
3.760565
0.141952
3.548858
0.148546
3.923319
0.133234
3.795462
0.105992
3.567988
0.135018
3.708318
0.122001
3.699151
0.090597
3.390964
0.094724
3.781397
0.090371
3.290107
0.116489
3.120924
0.098586
3.757939
0.103584
3.586338
0.106976
3.637975
0.086470
3.813068
0.108800
3.905179
0.104674
3.271915
0.094552
3.531386
0.091421
3.504175
0.083481
4.149104
0.115377
3.498155
0.132376
4.611811
0.091001
3.673224
0.195322
3.901565
0.093249
3.455440
0.102367
3.541857
0.100457
3.688035
0.100110
3.504390
0.116200
3.868400
0.102408
3.466719
0.110077
3.479150
0.119809
3.595362
0.101743
3.956947
0.107080
3.966799
0.122769
3.504554
0.087613
3.734164
0.103514
3.371442
0.098585
4.126817
0.106316
4.073274
0.106662
3.611316
0.109542
3.649307
0.088450
3.989229
0.097503
3.588285
0.101199
3.414053
0.108750
3.442782
0.142164
3.692752
0.100278
3.645875
0.100714
3.183118
0.100406
3.794383
0.105542
4.005814
0.108057
3.664449
0.090806
3.851824
0.128406
3.555147
0.098846
3.824467
0.087892
3.365148
0.137784
3.882286
0.118205
3.699547
0.117386
3.330201
0.100475
3.975509
0.110313
3.796971
0.099703
3.426956
0.093275
3.692973
0.134293
3.553580
0.104605
3.404018
0.098757
3.687826
0.111014
3.716090
0.131678
3.804674
0.122723
3.553313
0.092580
3.732274
0.128759
3.989629
0.097309
3.827594
0.116871
3.726142
0.124838
3.567998
0.090961
4.590462
0.630207
0.087907
0.094135
5.167342
0.094119
0.084824
0.099820
5.753949
0.089002
0.087821
0.090894
5.609195
0.130173
0.090305
0.109460
5.956997
0.092184
0.084569
0.097348
4.750747
3.099999
0.137505
0.208300
0.095739
5.468868
0.119345
0.083346
0.104701
4.941753
3.101657
0.105348
0.086895
0.109340
5.116154
2.735349
0.110935
0.086500
0.092547
5.048740
0.086044
3.682686
0.116905
0.095662
0.126023
5.463805
0.086099
0.093033
4.594163
0.104183
0.093013
0.100122
5.478371
0.102987
0.099574
0.088138
5.320926
2.935924
0.111547
0.086658
0.089045
5.315185
0.099275
3.829550
0.118847
0.136212
0.213187
5.113105
0.101362
3.533382
0.116996
0.096229
0.113305
5.912144
0.090126
0.094161
0.086078
5.445709
0.089313
0.102685
4.859033
0.089102
0.193345
4.154907
0.106590
0.088290
