7024640
7548928
7548928
7548928
7548928
7548928
7548928
7548928
7548928
7548928
7548928
7548928
7548928
7548928
7548928
8597504
8597504
8597504
8597504
8597504
10694656
10694656
10694656
10694656
10694656
10694656
10694656
10694656
10694656
10694656
10694656
10694656
10694656
10694656
10694656
10956800
10956800
10956800
10956800
10956800
10956800
10956800
10956800
10956800
11218944
11218944
11218944
11481088
11481088
11481088
11481088
11481088
11481088
11481088
11481088
11481088
11481088
11481088
11481088
11481088
11481088
11481088
11481088
11481088
11481088
11481088
11481088
11481088
11481088
11481088
11481088
11481088
11481088
11481088
11481088
11481088
11481088
11481088
11481088
11481088
11481088
11481088
11481088
11481088
11481088
11481088
11481088
11481088
11481088
11481088
11481088
11481088
11481088
11481088
11481088
11481088
11481088
11481088
11481088
11481088
11481088
11481088
11481088
11481088
11481088
11481088
11481088
11481088
11481088
11481088
15937536
15937536
15937536
15937536
15937536
15937536
15937536
15937536
15937536
15937536
15937536
15937536
15937536
15937536
15937536
15937536
15937536
15937536
16199680
16199680
16199680
16199680
16199680
16199680
16199680
16199680
16199680
16199680
16199680
16199680
16199680
16199680
16199680
16199680
16199680
16199680
16199680
16199680
16199680
16199680
16199680
16199680
16199680
16199680
16199680
16199680
16199680
16199680
16199680
16199680
16199680
16199680
16199680
16199680
16199680
16199680
16199680
16199680
16199680
16199680
16199680
16199680
16199680
16199680
16199680
16199680
16199680
16199680
16199680
16199680
16199680
16199680
16199680
16199680
16199680
16199680
16199680
16199680
16199680
16199680
16199680
16199680
16199680
16199680
16723968
16723968
16723968
16723968
16723968
16723968
16986112
16986112
16986112
16986112
16986112
16986112
16986112
16986112
16986112
16986112
16986112
16986112
16986112
16986112
16986112
16986112
16986112
16986112
16986112
16986112
16986112
16986112
