22508200
22508200
22508200
22508200
22508200
22508200
22508200
22508200
22508200
22508200
22508200
22508200
28135136
28135136
28135136
28135136
28135136
28135136
28135136
28135136
28135136
28135136
28135136
28135136
28135136
28135136
28135136
28135136
28135136
28135136
28135136
28135136
28135136
28135136
28135136
33766168
33766168
33766168
33766168
33766168
33766168
33766168
33766168
33766168
33766168
33766168
33766168
33766168
33766168
33766168
33766168
33766168
33766168
33766168
33766168
33766168
33766168
39397200
39397200
39397200
39397200
39397200
39397200
39397200
39397200
39397200
39397200
39397200
39397200
39397200
39397200
39397200
39397200
39397200
39397200
39397200
39397200
39397200
39397200
45064136
45064136
45064136
45064136
45064136
45064136
45064136
45064136
45064136
45064136
45064136
45064136
45064136
45064136
45064136
45064136
45064136
45064136
45064136
45064136
45064136
45064136
50691072
50691072
50691072
50691072
50691072
50691072
50691072
50691072
50691072
50691072
50691072
50691072
50691072
50691072
50691072
50691072
50691072
50691072
50691072
50691072
50691072
50691072
56318008
56318008
56318008
56318008
56318008
56318008
56318008
56318008
56318008
56318008
56318008
56318008
56318008
56318008
56318008
56318008
56318008
56318008
56318008
56318008
56318008
56318008
61944944
61944944
61944944
61944944
61944944
61944944
61944944
61944944
61944944
61944944
61944944
61944944
67571896
67571896
67571896
67571896
67571896
67571896
67571896
67571896
67571896
67571896
73198832
73198832
73198832
73198832
73198832
73198832
73198832
73198832
73198832
73198832
73198832
73198832
73198832
73198832
73198832
73198832
73198832
73198832
73198832
73198832
73198832
73198832
78825768
78825768
78825768
78825768
78825768
78825768
78825768
78825768
78825768
78825768
78825768
78825768
78825768
78825768
78825768
78825768
78825768
78825768
78825768
78825768
78825768
78825768
84452704
84452704
84452704
84452704
84452704
84452704
84452704
84452704
84452704
84452704
84452704
84452704
84452704
84452704
84452704
84452704
84452704
84452704
84452704
84452704
84452704
84452704
90079624
90079624
90079624
90079624
90079624
90079624
90079624
90079624
90079624
90079624
90079624
90079624
90079624
90079624
90079624
90079624
90079624
90079624
90079624
90079624
90079624
90079624
90079624
95706848
95706848
95706848
95706848
95706848
95706848
95706848
95706848
95706848
95706848
95706848
95706848
95706848
95706848
95706848
95706848
95706848
95706848
95706848
95706848
95706848
95706848
101333768
101333768
101333768
101333768
101333768
101333768
101333768
101333768
101333768
101333768
101333768
101333768
101333768
101333768
101333768
101333768
101333768
101333768
101333768
101333768
101333768
101333768
107000704
107000704
107000704
107000704
107000704
107000704
107000704
107000704
107000704
107000704
107000704
107000704
107000704
107000704
107000704
107000704
107000704
107000704
107000704
107000704
107000704
107000704
112627640
112627640
112627640
112627640
112627640
112627640
112627640
112627640
112627640
112627640
112627640
112627640
112627640
112627640
112627640
112627640
112627640
112627640
112627640
112627640
112627640
112627640
118254576
118254576
118254576
118254576
118254576
118254576
118254576
118254576
118254576
118254576
118254576
118254576
118254576
118254576
118254576
118254576
118254576
118254576
118254576
118254576
118254576
118254576
123881512
123881512
123881512
123881512
123881512
123881512
123881512
123881512
123881512
123881512
123881512
123881512
123881512
123881512
123881512
123881512
123881512
123881512
123881512
123881512
123881512
123881512
129508448
129508448
129508448
129508448
129508448
129508448
129508448
129508448
129508448
129508448
129508448
129508448
129508448
129508448
129508448
129508448
129508448
129508448
129508448
129508448
129508448
129508448
135135384
135135384
135135384
135135384
135135384
135135384
135135384
135135384
135135384
135135384
135135384
135135384
135135384
135135384
135135384
135135384
135135384
135135384
135135384
135135384
135135384
135135384
140762320
140762320
140762320
140762320
140762320
140762320
140762320
140762320
140762320
140762320
140762320
140762320
140762320
140762320
140762320
140762320
140762320
140762320
140762320
140762320
140762320
140762320
146389256
146389256
146389256
146389256
146389256
146389256
146389256
146389256
146389256
146389256
146389256
146389256
146389256
146389256
146389256
146389256
146389256
146389256
146389256
146389256
146389256
146389256
146389256
152016176
152016176
152016176
152016176
152016176
152016176
152016176
152016176
152016176
152016176
152016176
152016176
152016176
152016176
152016176
152016176
152016176
152016176
152016176
152016176
152016176
152016176
157643096
157643096
157643096
157643096
157643096
157643096
157643096
157643096
157643096
157643096
157643096
157643096
157643096
157643096
157643096
157643096
157643096
157643096
157643096
157643096
157643096
157643096
163310032
163310032
163310032
163310032
163310032
163310032
163310032
163310032
163310032
163310032
163310032
163310032
163310032
163310032
163310032
163310032
163310032
163310032
163310032
163310032
163310032
163310032
168936968
168936968
168936968
168936968
168936968
168936968
168936968
168936968
168936968
168936968
168936968
168936968
168936968
168936968
168936968
168936968
168936968
168936968
168936968
168936968
168936968
168936968
174563904
174563904
174563904
174563904
174563904
174563904
174563904
174563904
174563904
174563904
174563904
174563904
174563904
174563904
174563904
174563904
174563904
174563904
174563904
174563904
174563904
174563904
180190840
180190840
180190840
180190840
180190840
180190840
180190840
180190840
180190840
180190840
180190840
180190840
180190840
180190840
180190840
180190840
180190840
180190840
180190840
180190840
180190840
180190840
185817776
185817776
185817776
185817776
185817776
185817776
185817776
185817776
185817776
185817776
185817776
185817776
185817776
185817776
185817776
185817776
185817776
185817776
185817776
185817776
185817776
185817776
191444712
191444712
191444712
191444712
191444712
191444712
191444712
191444712
191444712
191444712
191444712
191444712
191444712
191444712
191444712
191444712
191444712
191444712
191444712
191444712
191444712
191444712
191444712
197071632
197071632
197071632
197071632
197071632
197071632
197071632
197071632
197071632
197071632
197071632
197071632
197071632
197071632
197071632
197071632
197071632
197071632
197071632
197071632
197071632
197071632
202698552
202698552
202698552
202698552
202698552
202698552
202698552
202698552
202698552
202698552
202698552
202698552
202698552
202698552
202698552
202698552
202698552
202698552
202698552
202698552
202698552
202698552
208365488
208365488
208365488
208365488
208365488
208365488
208365488
208365488
208365488
208365488
208365488
208365488
208365488
208365488
208365488
208365488
208365488
208365488
208365488
208365488
208365488
208365488
213992424
213992424
213992424
213992424
213992424
213992424
213992424
213992424
213992424
213992424
213992424
213992424
213992424
213992424
213992424
213992424
213992424
213992424
213992424
213992424
213992424
213992424
219619360
219619360
219619360
219619360
219619360
219619360
219619360
219619360
219619360
219619360
219619360
219619360
219619360
219619360
219619360
219619360
219619360
219619360
219619360
219619360
219619360
219619360
225246296
225246296
225246296
225246296
225246296
225246296
225246296
225246296
225246296
225246296
225246296
225246296
225246296
225246296
225246296
225246296
225246296
225246296
225246296
225246296
225246296
225246296
230873232
230873232
230873232
230873232
230873232
230873232
230873232
230873232
230873232
230873232
230873232
230873232
230873232
230873232
230873232
230873232
230873232
230873232
230873232
230873232
230873232
230873232
236500168
236500168
236500168
236500168
236500168
236500168
236500168
236500168
236500168
236500168
236500168
236500168
236500168
236500168
236500168
236500168
236500168
236500168
236500168
236500168
236500168
236500168
236500168
242127088
242127088
242127088
242127088
242127088
242127088
242127088
242127088
242127088
242127088
242127088
242127088
242127088
242127088
242127088
242127088
242127088
242127088
242127088
242127088
242127088
242127088
247754008
247754008
247754008
247754008
247754008
247754008
247754008
247754008
247754008
247754008
247754008
247754008
247754008
247754008
247754008
247754008
247754008
247754008
247754008
247754008
247754008
247754008
253420944
253420944
253420944
253420944
253420944
253420944
253420944
253420944
253420944
253420944
253420944
253420944
253420944
253420944
253420944
253420944
253420944
253420944
253420944
253420944
253420944
253420944
259047880
259047880
259047880
259047880
259047880
259047880
259047880
259047880
259047880
259047880
259047880
259047880
259047880
259047880
259047880
259047880
259047880
259047880
259047880
259047880
259047880
259047880
264674816
264674816
264674816
264674816
264674816
264674816
264674816
264674816
264674816
264674816
264674816
264674816
264674816
264674816
264674816
264674816
264674816
264674816
264674816
264674816
264674816
264674816
270301752
270301752
270301752
270301752
270301752
270301752
270301752
270301752
270301752
270301752
270301752
270301752
270301752
270301752
270301752
270301752
270301752
270301752
270301752
270301752
270301752
270301752
275928688
275928688
275928688
275928688
275928688
275928688
275928688
275928688
275928688
275928688
275928688
275928688
275928688
275928688
275928688
275928688
275928688
275928688
275928688
275928688
275928688
275928688
281346048
281346048
281346048
281346048
281346048
281346048
281346048
281346048
281346048
281346048
281346048
281346048
281346048
281346048
281346048
281346048
281346048
281346048
281346048
281346048
281346048
281346048
6679768
6679768
6679768
6679768
6679768
6679768
6679768
6679768
6679768
6679768
6679768
6679768
6679768
6679768
6679768
6679768
6679768
6679768
6679768
6679768
6679768
12080672
12080672
12080672
12080672
12080672
12080672
12080672
12080672
12080672
12080672
12080672
12080672
12080672
12080672
12080672
12080672
12080672
12080672
12080672
12080672
12080672
17481576
17481576
17481576
17481576
20295064
20295064
20295064
20295064
20295064
20295064
20295064
20295064
20295064
20295064
20295064
20295064
20295064
20295064
20295064
20295064
20295064
20295064
25695952
25695952
25695952
25695952
25695952
25695952
25695952
25695952
25695952
25695952
25695952
25695952
25695952
25695952
25695952
25695952
25695952
25695952
25695952
25695952
25695952
31136856
31136856
31136856
31136856
31136856
31136856
31136856
31136856
31136856
31136856
31136856
31136856
31136856
31136856
31136856
31136856
31136856
31136856
31136856
31136856
31136856
36537760
36537760
36537760
36537760
36537760
36537760
36537760
36537760
36537760
36537760
36537760
36537760
36537760
36537760
36537760
36537760
36537760
36537760
36537760
36537760
36537760
41938664
41938664
41938664
41938664
41938664
41938664
41938664
41938664
41938664
41938664
41938664
41938664
41938664
41938664
41938664
41938664
41938664
41938664
41938664
41938664
41938664
41938664
47339552
47339552
47339552
47339552
47339552
47339552
47339552
47339552
47339552
47339552
47339552
47339552
47339552
47339552
47339552
47339552
47339552
47339552
47339552
47339552
47339552
52780456
52780456
52780456
52780456
52780456
52780456
52780456
52780456
52780456
52780456
52780456
52780456
52780456
52780456
52780456
52780456
52780456
52780456
52780456
52780456
52780456
58181360
58181360
58181360
58181360
58181360
58181360
58181360
58181360
58181360
58181360
58181360
58181360
58181360
58181360
58181360
58181360
58181360
58181360
58181360
58181360
58181360
63582264
63582264
63582264
63582264
63582264
63582264
63582264
63582264
63582264
63582264
63582264
63582264
63582264
63582264
63582264
63582264
63582264
63582264
63582264
63582264
63582264
63582264
68983152
68983152
68983152
68983152
68983152
68983152
68983152
68983152
68983152
68983152
68983152
68983152
68983152
68983152
68983152
68983152
68983152
68983152
68983152
68983152
68983152
74424056
74424056
74424056
74424056
74424056
74424056
74424056
74424056
74424056
74424056
74424056
74424056
74424056
74424056
74424056
74424056
74424056
74424056
74424056
74424056
74424056
79824960
79824960
79824960
79824960
79824960
79824960
79824960
79824960
79824960
79824960
79824960
79824960
79824960
79824960
79824960
79824960
79824960
79824960
79824960
79824960
79824960
85225864
85225864
85225864
85225864
85225864
85225864
85225864
85225864
85225864
85225864
85225864
85225864
85225864
85225864
85225864
85225864
85225864
85225864
85225864
85225864
85225864
85225864
90626752
90626752
90626752
90626752
90626752
90626752
90626752
90626752
90626752
90626752
90626752
90626752
90626752
90626752
90626752
90626752
90626752
90626752
90626752
90626752
90626752
96067656
96067656
96067656
96067656
96067656
96067656
96067656
96067656
96067656
96067656
96067656
96067656
96067656
96067656
96067656
96067656
96067656
96067656
96067656
96067656
96067656
101468560
101468560
101468560
101468560
101468560
101468560
101468560
101468560
101468560
101468560
101468560
101468560
101468560
101468560
101468560
101468560
101468560
101468560
101468560
101468560
101468560
106869464
106869464
106869464
106869464
106869464
106869464
106869464
106869464
106869464
106869464
106869464
106869464
106869464
106869464
106869464
106869464
106869464
106869464
106869464
106869464
106869464
106869464
112270352
112270352
112270352
112270352
112270352
112270352
112270352
112270352
112270352
112270352
112270352
112270352
112270352
112270352
112270352
112270352
112270352
112270352
112270352
112270352
112270352
117711256
117711256
117711256
117711256
117711256
117711256
117711256
117711256
117711256
117711256
117711256
117711256
117711256
117711256
117711256
117711256
117711256
117711256
117711256
117711256
117711256
123112160
123112160
123112160
123112160
123112160
123112160
123112160
123112160
123112160
123112160
123112160
123112160
123112160
123112160
123112160
123112160
123112160
123112160
123112160
123112160
123112160
128513064
128513064
128513064
128513064
128513064
128513064
128513064
128513064
128513064
128513064
128513064
128513064
128513064
128513064
128513064
128513064
128513064
128513064
128513064
128513064
128513064
128513064
133913976
133913976
133913976
133913976
133913976
133913976
133913976
133913976
133913976
133913976
133913976
133913976
133913976
133913976
133913976
133913976
133913976
133913976
133913976
133913976
133913976
139354880
139354880
139354880
139354880
139354880
139354880
139354880
139354880
139354880
139354880
139354880
139354880
139354880
139354880
139354880
139354880
139354880
139354880
139354880
139354880
139354880
144755784
144755784
144755784
144755784
144755784
144755784
144755784
144755784
144755784
144755784
144755784
144755784
144755784
144755784
144755784
144755784
144755784
144755784
144755784
144755784
144755784
150156688
150156688
150156688
150156688
150156688
150156688
150156688
150156688
150156688
150156688
150156688
150156688
150156688
150156688
150156688
150156688
150156688
150156688
150156688
150156688
150156688
150156688
155557624
155557624
155557624
155557624
155557624
155557624
155557624
155557624
155557624
155557624
155557624
155557624
155557624
155557624
155557624
155557624
155557624
155557624
155557624
155557624
155557624
160998528
160998528
160998528
160998528
160998528
160998528
160998528
160998528
160998528
160998528
160998528
160998528
160998528
160998528
160998528
160998528
160998528
160998528
160998528
160998528
160998528
166399432
166399432
166399432
166399432
166399432
166399432
166399432
166399432
166399432
166399432
166399432
166399432
166399432
166399432
166399432
166399432
166399432
166399432
166399432
166399432
166399432
171800336
171800336
171800336
171800336
171800336
171800336
171800336
171800336
171800336
171800336
171800336
171800336
171800336
171800336
171800336
171800336
171800336
171800336
171800336
171800336
171800336
171800336
177201224
177201224
177201224
177201224
177201224
177201224
177201224
177201224
177201224
177201224
177201224
177201224
177201224
177201224
177201224
177201224
177201224
177201224
177201224
177201224
177201224
182642128
182642128
182642128
182642128
182642128
182642128
182642128
182642128
182642128
182642128
182642128
182642128
182642128
182642128
182642128
182642128
182642128
182642128
182642128
182642128
182642128
188043032
188043032
188043032
188043032
188043032
188043032
188043032
188043032
188043032
188043032
188043032
188043032
188043032
188043032
188043032
188043032
188043032
188043032
188043032
188043032
188043032
193443936
193443936
193443936
193443936
193443936
193443936
193443936
193443936
193443936
193443936
193443936
193443936
193443936
193443936
193443936
193443936
193443936
193443936
193443936
193443936
193443936
193443936
198844856
198844856
198844856
198844856
198844856
198844856
198844856
198844856
198844856
198844856
198844856
198844856
198844856
198844856
198844856
198844856
198844856
198844856
198844856
198844856
198844856
204285760
204285760
204285760
204285760
204285760
204285760
204285760
204285760
204285760
204285760
204285760
204285760
204285760
204285760
204285760
204285760
204285760
204285760
204285760
204285760
204285760
209686664
209686664
209686664
209686664
209686664
209686664
209686664
209686664
209686664
209686664
209686664
209686664
209686664
209686664
209686664
209686664
209686664
209686664
209686664
209686664
209686664
215087568
215087568
215087568
215087568
215087568
215087568
215087568
215087568
215087568
215087568
215087568
215087568
215087568
215087568
215087568
215087568
215087568
215087568
215087568
215087568
215087568
215087568
220488456
220488456
220488456
220488456
220488456
220488456
220488456
220488456
220488456
220488456
220488456
220488456
220488456
220488456
220488456
220488456
220488456
220488456
220488456
220488456
220488456
225929360
225929360
225929360
225929360
225929360
225929360
225929360
225929360
225929360
225929360
225929360
225929360
225929360
225929360
225929360
225929360
225929360
225929360
225929360
225929360
225929360
231330264
231330264
231330264
231330264
231330264
231330264
231330264
231330264
231330264
231330264
231330264
231330264
231330264
231330264
231330264
231330264
231330264
231330264
231330264
231330264
231330264
236731168
236731168
236731168
236731168
236731168
236731168
236731168
236731168
236731168
236731168
236731168
236731168
236731168
236731168
236731168
236731168
236731168
236731168
236731168
236731168
236731168
236731168
242132088
242132088
242132088
242132088
242132088
242132088
242132088
242132088
242132088
242132088
242132088
242132088
242132088
242132088
242132088
242132088
242132088
242132088
242132088
242132088
242132088
247572992
247572992
247572992
247572992
247572992
247572992
247572992
247572992
247572992
247572992
247572992
247572992
247572992
247572992
247572992
247572992
247572992
247572992
247572992
247572992
247572992
252973896
252973896
252973896
252973896
252973896
252973896
252973896
252973896
252973896
252973896
252973896
252973896
252973896
252973896
252973896
252973896
252973896
252973896
252973896
252973896
252973896
258374800
258374800
258374800
258374800
258374800
258374800
258374800
258374800
258374800
258374800
258374800
258374800
258374800
258374800
258374800
258374800
258374800
258374800
258374800
258374800
258374800
258374800
263775688
263775688
263775688
263775688
263775688
263775688
263775688
263775688
263775688
263775688
263775688
263775688
263775688
263775688
263775688
263775688
263775688
263775688
263775688
263775688
263775688
269216592
269216592
269216592
269216592
269216592
269216592
269216592
269216592
269216592
269216592
269216592
269216592
269216592
269216592
269216592
269216592
269216592
269216592
269216592
269216592
269216592
274617496
274617496
274617496
274617496
274617496
274617496
274617496
274617496
274617496
274617496
274617496
274617496
274617496
274617496
274617496
274617496
274617496
274617496
274617496
274617496
274617496
280018400
280018400
280018400
280018400
280018400
280018400
280018400
280018400
280018400
280018400
280018400
280018400
280018400
280018400
280018400
280018400
280018400
280018400
280018400
280018400
280018400
280018400
282584896
282584896
282584896
282584896
282584896
282584896
282584896
282584896
282584896
282584896
12087448
12087448
12087448
12087448
12087448
12087448
12087448
12087448
12087448
12087448
12087448
12087448
12087448
12087448
12087448
12087448
12087448
12087448
12087448
12087448
12087448
17564248
17564248
17564248
17564248
17564248
17564248
17564248
17564248
17564248
17564248
17564248
17564248
19393072
19393072
19393072
19393072
19393072
19393072
19393072
19393072
19393072
19393072
24909872
24909872
24909872
24909872
24909872
24909872
24909872
24909872
24909872
24909872
24909872
24909872
24909872
24909872
24909872
24909872
24909872
24909872
24909872
24909872
24909872
30386672
30386672
30386672
30386672
30386672
30386672
30386672
30386672
30386672
30386672
30386672
30386672
30386672
30386672
30386672
30386672
30386672
30386672
30386672
30386672
30386672
30386672
35863472
35863472
35863472
35863472
35863472
35863472
35863472
35863472
35863472
35863472
35863472
35863472
35863472
35863472
35863472
35863472
35863472
35863472
35863472
35863472
35863472
41340272
41340272
41340272
41340272
41340272
41340272
41340272
41340272
41340272
41340272
41340272
41340272
41340272
41340272
41340272
41340272
41340272
41340272
41340272
41340272
41340272
41340272
46817072
46817072
46817072
46817072
46817072
46817072
46817072
46817072
46817072
46817072
46817072
46817072
46817072
46817072
46817072
46817072
46817072
46817072
46817072
46817072
46817072
46817072
52293880
52293880
52293880
52293880
52293880
52293880
52293880
52293880
52293880
52293880
52293880
52293880
52293880
52293880
52293880
52293880
52293880
52293880
52293880
52293880
52293880
57770680
57770680
57770680
57770680
57770680
57770680
57770680
57770680
57770680
57770680
57770680
57770680
57770680
57770680
57770680
57770680
57770680
57770680
57770680
57770680
57770680
57770680
63248176
63248176
63248176
63248176
63248176
63248176
63248176
63248176
63248176
63248176
63248176
63248176
63248176
63248176
63248176
63248176
63248176
63248176
63248176
63248176
63248176
68724976
68724976
68724976
68724976
68724976
68724976
68724976
68724976
68724976
68724976
68724976
68724976
68724976
68724976
68724976
68724976
68724976
68724976
68724976
68724976
68724976
68724976
74201760
74201760
74201760
74201760
74201760
74201760
74201760
74201760
74201760
74201760
74201760
74201760
74201760
74201760
74201760
74201760
74201760
74201760
74201760
74201760
74201760
79678560
79678560
79678560
79678560
79678560
79678560
79678560
79678560
79678560
79678560
79678560
79678560
79678560
79678560
79678560
79678560
79678560
79678560
79678560
79678560
79678560
79678560
85155344
85155344
85155344
85155344
85155344
85155344
85155344
85155344
85155344
85155344
85155344
85155344
85155344
85155344
85155344
85155344
85155344
85155344
85155344
85155344
85155344
90632144
90632144
90632144
90632144
90632144
90632144
90632144
90632144
90632144
90632144
90632144
90632144
90632144
90632144
90632144
90632144
90632144
90632144
90632144
90632144
90632144
90632144
96108928
96108928
96108928
96108928
96108928
96108928
96108928
96108928
96108928
96108928
96108928
96108928
96108928
96108928
96108928
96108928
96108928
96108928
96108928
96108928
96108928
101585728
101585728
101585728
101585728
101585728
101585728
101585728
101585728
101585728
101585728
101585728
101585728
101585728
101585728
101585728
101585728
101585728
101585728
101585728
101585728
101585728
101585728
107102528
107102528
107102528
107102528
107102528
107102528
107102528
107102528
107102528
107102528
107102528
107102528
107102528
107102528
107102528
107102528
107102528
107102528
107102528
107102528
107102528
112579328
112579328
112579328
112579328
112579328
112579328
112579328
112579328
112579328
112579328
112579328
112579328
112579328
112579328
112579328
112579328
112579328
112579328
112579328
112579328
112579328
112579328
118056128
118056128
118056128
118056128
118056128
118056128
118056128
118056128
118056128
118056128
118056128
118056128
118056128
118056128
118056128
118056128
118056128
118056128
118056128
118056128
118056128
123532928
123532928
123532928
123532928
123532928
123532928
123532928
123532928
123532928
123532928
123532928
123532928
123532928
123532928
123532928
123532928
123532928
123532928
123532928
123532928
123532928
123532928
129009728
129009728
129009728
129009728
129009728
129009728
129009728
129009728
129009728
129009728
129009728
129009728
129009728
129009728
129009728
129009728
129009728
129009728
129009728
129009728
129009728
134486528
134486528
134486528
134486528
134486528
134486528
134486528
134486528
134486528
134486528
134486528
134486528
134486528
134486528
134486528
134486528
134486528
134486528
134486528
134486528
134486528
134486528
139963328
139963328
139963328
139963328
139963328
139963328
139963328
139963328
139963328
139963328
139963328
139963328
139963328
139963328
139963328
139963328
139963328
139963328
139963328
139963328
139963328
139963328
145440136
145440136
145440136
145440136
145440136
145440136
145440136
145440136
145440136
145440136
145440136
145440136
145440136
145440136
145440136
145440136
145440136
145440136
145440136
145440136
145440136
150916936
150916936
150916936
150916936
150916936
150916936
150916936
150916936
150916936
150916936
150916936
150916936
150916936
150916936
150916936
150916936
150916936
150916936
150916936
150916936
150916936
150916936
156393752
156393752
156393752
156393752
156393752
156393752
156393752
156393752
156393752
156393752
156393752
156393752
156393752
156393752
156393752
156393752
156393752
156393752
156393752
156393752
156393752
161870552
161870552
161870552
161870552
161870552
161870552
161870552
161870552
161870552
161870552
161870552
161870552
161870552
161870552
161870552
161870552
161870552
161870552
161870552
161870552
161870552
161870552
167347336
167347336
167347336
167347336
167347336
167347336
167347336
167347336
167347336
167347336
167347336
167347336
167347336
167347336
167347336
167347336
167347336
167347336
167347336
167347336
167347336
172824136
172824136
172824136
172824136
172824136
172824136
172824136
172824136
172824136
172824136
172824136
172824136
172824136
172824136
172824136
172824136
172824136
172824136
172824136
172824136
172824136
172824136
178300920
178300920
178300920
178300920
178300920
178300920
178300920
178300920
178300920
178300920
178300920
178300920
178300920
178300920
178300920
178300920
178300920
178300920
178300920
178300920
178300920
183777720
183777720
183777720
183777720
183777720
183777720
183777720
183777720
183777720
183777720
183777720
183777720
183777720
183777720
183777720
183777720
183777720
183777720
183777720
183777720
183777720
183777720
189294520
189294520
189294520
189294520
189294520
189294520
189294520
189294520
189294520
189294520
189294520
189294520
189294520
189294520
189294520
189294520
189294520
189294520
189294520
189294520
189294520
194771320
194771320
194771320
194771320
194771320
194771320
194771320
194771320
194771320
194771320
194771320
194771320
194771320
194771320
194771320
194771320
194771320
194771320
194771320
194771320
194771320
194771320
200248120
200248120
200248120
200248120
200248120
200248120
200248120
200248120
200248120
200248120
200248120
200248120
200248120
200248120
200248120
200248120
200248120
200248120
200248120
200248120
200248120
205724920
205724920
205724920
205724920
205724920
205724920
205724920
205724920
205724920
205724920
205724920
205724920
205724920
205724920
205724920
205724920
205724920
205724920
205724920
205724920
205724920
205724920
211201720
211201720
211201720
211201720
211201720
211201720
211201720
211201720
211201720
211201720
211201720
211201720
211201720
211201720
211201720
211201720
211201720
211201720
211201720
211201720
211201720
211201720
216678504
216678504
216678504
216678504
216678504
216678504
216678504
216678504
216678504
216678504
216678504
216678504
216678504
216678504
216678504
216678504
216678504
216678504
216678504
216678504
216678504
222155304
222155304
222155304
222155304
222155304
222155304
222155304
222155304
222155304
222155304
222155304
222155304
222155304
222155304
222155304
222155304
222155304
222155304
222155304
222155304
222155304
222155304
227632088
227632088
227632088
227632088
227632088
227632088
227632088
227632088
227632088
227632088
227632088
227632088
227632088
227632088
227632088
227632088
227632088
227632088
227632088
227632088
227632088
233108888
233108888
233108888
233108888
233108888
233108888
233108888
233108888
233108888
233108888
233108888
233108888
233108888
233108888
233108888
233108888
233108888
233108888
233108888
233108888
233108888
233108888
238589784
238589784
238589784
238589784
238589784
238589784
238589784
238589784
238589784
238589784
238589784
238589784
238589784
238589784
238589784
238589784
238589784
238589784
238589784
238589784
238589784
244066584
244066584
244066584
244066584
244066584
244066584
244066584
244066584
244066584
244066584
244066584
244066584
244066584
244066584
244066584
244066584
244066584
244066584
244066584
244066584
244066584
244066584
249583384
249583384
249583384
249583384
249583384
249583384
249583384
249583384
249583384
249583384
249583384
249583384
249583384
249583384
249583384
249583384
249583384
249583384
249583384
249583384
249583384
255060184
255060184
255060184
255060184
255060184
255060184
255060184
255060184
255060184
255060184
255060184
255060184
255060184
255060184
255060184
255060184
255060184
255060184
255060184
255060184
255060184
255060184
260536984
260536984
260536984
260536984
260536984
260536984
260536984
260536984
260536984
260536984
260536984
260536984
260536984
260536984
260536984
260536984
260536984
260536984
260536984
260536984
260536984
260536984
266013768
266013768
266013768
266013768
266013768
266013768
266013768
266013768
266013768
266013768
266013768
266013768
266013768
266013768
266013768
266013768
266013768
266013768
266013768
266013768
266013768
271490568
271490568
271490568
271490568
271490568
271490568
271490568
271490568
271490568
271490568
271490568
271490568
271490568
271490568
271490568
271490568
271490568
271490568
271490568
271490568
271490568
271490568
276975560
276975560
276975560
276975560
276975560
276975560
276975560
276975560
276975560
276975560
276975560
276975560
276975560
276975560
276975560
276975560
276975560
276975560
276975560
276975560
276975560
282321568
282321568
282321568
282321568
282321568
282321568
282321568
282321568
282321568
282321568
282321568
282321568
282321568
282321568
282321568
282321568
282321568
282321568
282321568
282321568
282321568
6602296
6602296
6602296
6602296
6602296
6602296
6602296
6602296
6602296
6602296
6602296
6602296
6602296
6602296
6602296
6602296
6602296
6602296
6602296
6602296
6602296
6602296
12118952
12118952
12118952
12118952
12118952
12118952
12118952
12118952
12118952
12118952
12118952
12118952
12118952
12118952
12118952
12118952
12118952
12118952
12118952
12118952
12118952
17595608
17595608
17595608
17595608
17595608
17595608
17595608
17595608
17595608
18784376
18784376
18784376
18784376
18784376
18784376
18784376
18784376
18784376
18784376
18784376
18784376
18784376
24261032
24261032
24261032
24261032
24261032
24261032
24261032
24261032
24261032
24261032
24261032
24261032
24261032
24261032
24261032
24261032
24261032
24261032
24261032
24261032
24261032
24261032
29737672
29737672
29737672
29737672
29737672
29737672
29737672
29737672
29737672
29737672
29737672
29737672
29737672
29737672
29737672
29737672
29737672
29737672
29737672
29737672
29737672
35214328
35214328
35214328
35214328
35214328
35214328
35214328
35214328
35214328
35214328
35214328
35214328
35214328
35214328
35214328
35214328
35214328
35214328
35214328
35214328
35214328
35214328
40699176
40699176
40699176
40699176
40699176
40699176
40699176
40699176
40699176
40699176
40699176
40699176
40699176
40699176
40699176
40699176
40699176
40699176
40699176
40699176
40699176
46175832
46175832
46175832
46175832
46175832
46175832
46175832
46175832
46175832
46175832
46175832
46175832
46175832
46175832
46175832
46175832
46175832
46175832
46175832
46175832
46175832
46175832
51692488
51692488
51692488
51692488
51692488
51692488
51692488
51692488
51692488
51692488
51692488
51692488
51692488
51692488
51692488
51692488
51692488
51692488
51692488
51692488
51692488
57169144
57169144
57169144
57169144
57169144
57169144
57169144
57169144
57169144
57169144
57169144
57169144
57169144
57169144
57169144
57169144
57169144
57169144
57169144
57169144
57169144
57169144
62645800
62645800
62645800
62645800
62645800
62645800
62645800
62645800
62645800
62645800
62645800
62645800
62645800
62645800
62645800
62645800
62645800
62645800
62645800
62645800
62645800
62645800
68122488
68122488
68122488
68122488
68122488
68122488
68122488
68122488
68122488
68122488
68122488
68122488
68122488
68122488
68122488
68122488
68122488
68122488
68122488
68122488
68122488
73599144
73599144
73599144
73599144
73599144
73599144
73599144
73599144
73599144
73599144
73599144
73599144
73599144
73599144
73599144
73599144
73599144
73599144
73599144
73599144
73599144
73599144
79079896
79079896
79079896
79079896
79079896
79079896
79079896
79079896
79079896
79079896
79079896
79079896
79079896
79079896
79079896
79079896
79079896
79079896
79079896
79079896
79079896
84556552
84556552
84556552
84556552
84556552
84556552
84556552
84556552
84556552
84556552
84556552
84556552
84556552
84556552
84556552
84556552
84556552
84556552
84556552
84556552
84556552
84556552
90073208
90073208
90073208
90073208
90073208
90073208
90073208
90073208
90073208
90073208
90073208
90073208
90073208
90073208
90073208
90073208
90073208
90073208
90073208
90073208
90073208
95549864
95549864
95549864
95549864
95549864
95549864
95549864
95549864
95549864
95549864
95549864
95549864
95549864
95549864
95549864
95549864
95549864
95549864
95549864
95549864
95549864
95549864
101026520
101026520
101026520
101026520
101026520
101026520
101026520
101026520
101026520
101026520
101026520
101026520
101026520
101026520
101026520
101026520
101026520
101026520
101026520
101026520
101026520
101026520
106503160
106503160
106503160
106503160
106503160
106503160
106503160
106503160
106503160
106503160
106503160
106503160
106503160
106503160
106503160
106503160
106503160
106503160
106503160
106503160
106503160
111979816
111979816
111979816
111979816
111979816
111979816
111979816
111979816
111979816
111979816
111979816
111979816
111979816
111979816
111979816
111979816
111979816
111979816
111979816
111979816
111979816
111979816
117460568
117460568
117460568
117460568
117460568
117460568
117460568
117460568
117460568
117460568
117460568
117460568
117460568
117460568
117460568
117460568
117460568
117460568
117460568
117460568
117460568
122937224
122937224
122937224
122937224
122937224
122937224
122937224
122937224
122937224
122937224
122937224
122937224
122937224
122937224
122937224
122937224
122937224
122937224
122937224
122937224
122937224
122937224
128453880
128453880
128453880
128453880
128453880
128453880
128453880
128453880
128453880
128453880
128453880
128453880
128453880
128453880
128453880
128453880
128453880
128453880
128453880
128453880
128453880
133930536
133930536
133930536
133930536
133930536
133930536
133930536
133930536
133930536
133930536
133930536
133930536
133930536
133930536
133930536
133930536
133930536
133930536
133930536
133930536
133930536
133930536
139407192
139407192
139407192
139407192
139407192
139407192
139407192
139407192
139407192
139407192
139407192
139407192
139407192
139407192
139407192
139407192
139407192
139407192
139407192
139407192
139407192
139407192
144887944
144887944
144887944
144887944
144887944
144887944
144887944
144887944
144887944
144887944
144887944
144887944
144887944
144887944
144887944
144887944
144887944
144887944
144887944
144887944
144887944
150364600
150364600
150364600
150364600
150364600
150364600
150364600
150364600
150364600
150364600
150364600
150364600
150364600
150364600
150364600
150364600
150364600
150364600
150364600
150364600
150364600
150364600
155881256
155881256
155881256
155881256
155881256
155881256
155881256
155881256
155881256
155881256
155881256
155881256
155881256
155881256
155881256
155881256
155881256
155881256
155881256
155881256
155881256
161357912
161357912
161357912
161357912
161357912
161357912
161357912
161357912
161357912
161357912
161357912
161357912
161357912
161357912
161357912
161357912
161357912
161357912
161357912
161357912
161357912
161357912
166834568
166834568
166834568
166834568
166834568
166834568
166834568
166834568
166834568
166834568
166834568
166834568
166834568
166834568
166834568
166834568
166834568
166834568
166834568
166834568
166834568
166834568
172315320
172315320
172315320
172315320
172315320
172315320
172315320
172315320
172315320
172315320
172315320
172315320
172315320
172315320
172315320
172315320
172315320
172315320
172315320
172315320
172315320
177791976
177791976
177791976
177791976
177791976
177791976
177791976
177791976
177791976
177791976
177791976
177791976
177791976
177791976
177791976
177791976
177791976
177791976
177791976
177791976
177791976
177791976
183308632
183308632
183308632
183308632
183308632
183308632
183308632
183308632
183308632
183308632
183308632
183308632
183308632
183308632
183308632
183308632
183308632
183308632
183308632
183308632
183308632
188785288
188785288
188785288
188785288
188785288
188785288
188785288
188785288
188785288
188785288
188785288
188785288
188785288
188785288
188785288
188785288
188785288
188785288
188785288
188785288
188785288
188785288
194261944
194261944
194261944
194261944
194261944
194261944
194261944
194261944
194261944
194261944
194261944
194261944
194261944
194261944
194261944
194261944
194261944
194261944
194261944
194261944
194261944
194261944
199742696
199742696
199742696
199742696
199742696
199742696
199742696
199742696
199742696
199742696
199742696
199742696
199742696
199742696
199742696
199742696
199742696
199742696
199742696
199742696
199742696
205219352
205219352
205219352
205219352
205219352
205219352
205219352
205219352
205219352
205219352
205219352
205219352
205219352
205219352
205219352
205219352
205219352
205219352
205219352
205219352
205219352
205219352
210736008
210736008
210736008
210736008
210736008
210736008
210736008
210736008
210736008
210736008
210736008
210736008
210736008
210736008
210736008
210736008
210736008
210736008
210736008
210736008
210736008
216212664
216212664
216212664
216212664
216212664
216212664
216212664
216212664
216212664
216212664
216212664
216212664
216212664
216212664
216212664
216212664
216212664
216212664
216212664
216212664
216212664
216212664
221689320
221689320
221689320
221689320
221689320
221689320
221689320
221689320
221689320
221689320
221689320
221689320
221689320
221689320
221689320
221689320
221689320
221689320
221689320
221689320
221689320
221689320
227170072
227170072
227170072
227170072
227170072
227170072
227170072
227170072
227170072
227170072
227170072
227170072
227170072
227170072
227170072
227170072
227170072
227170072
227170072
227170072
227170072
232646728
232646728
232646728
232646728
232646728
232646728
232646728
232646728
232646728
232646728
232646728
232646728
232646728
232646728
232646728
232646728
232646728
232646728
232646728
232646728
232646728
232646728
238163384
238163384
238163384
238163384
238163384
238163384
238163384
238163384
238163384
238163384
238163384
238163384
238163384
238163384
238163384
238163384
238163384
238163384
238163384
238163384
238163384
243640040
243640040
243640040
243640040
243640040
243640040
243640040
243640040
243640040
243640040
243640040
243640040
243640040
243640040
243640040
243640040
243640040
243640040
243640040
243640040
243640040
243640040
249116696
249116696
249116696
249116696
249116696
249116696
249116696
249116696
249116696
249116696
249116696
249116696
249116696
249116696
249116696
249116696
249116696
249116696
249116696
249116696
249116696
249116696
254597448
254597448
254597448
254597448
254597448
254597448
254597448
254597448
254597448
254597448
254597448
254597448
254597448
254597448
254597448
254597448
254597448
254597448
254597448
254597448
254597448
260074104
260074104
260074104
260074104
260074104
260074104
260074104
260074104
260074104
260074104
260074104
260074104
260074104
260074104
260074104
260074104
260074104
260074104
260074104
260074104
260074104
260074104
265590760
265590760
265590760
265590760
265590760
265590760
265590760
265590760
265590760
265590760
265590760
265590760
265590760
265590760
265590760
265590760
265590760
265590760
265590760
265590760
265590760
271067416
271067416
271067416
271067416
271067416
271067416
271067416
271067416
271067416
271067416
271067416
271067416
271067416
271067416
271067416
271067416
271067416
271067416
271067416
271067416
271067416
271067416
276544072
276544072
276544072
276544072
276544072
276544072
276544072
276544072
276544072
276544072
276544072
276544072
276544072
276544072
276544072
276544072
276544072
276544072
276544072
276544072
276544072
276544072
282024824
282024824
282024824
282024824
282024824
282024824
282024824
282024824
282024824
282024824
282024824
282024824
282024824
282024824
282024824
282024824
282024824
282024824
282024824
282024824
282024824
282471672
282471672
6565168
6565168
6565168
6565168
6565168
6565168
6565168
6565168
6565168
6565168
6565168
6565168
6565168
6565168
6565168
6565168
6565168
6565168
6565168
6565168
6565168
6565168
12093448
12093448
12093448
12093448
12093448
12093448
12093448
12093448
12093448
12093448
12093448
12093448
12866176
12866176
12866176
12866176
12866176
12866176
12866176
12866176
12866176
18386264
18386264
18386264
18386264
18386264
18386264
18386264
18386264
18386264
18386264
18386264
18386264
18386264
18386264
18386264
18386264
18386264
18386264
18386264
18386264
18386264
18386264
23906352
23906352
23906352
23906352
23906352
23906352
23906352
23906352
23906352
23906352
23906352
23906352
23906352
23906352
23906352
23906352
23906352
23906352
23906352
23906352
23906352
23906352
29426440
29426440
29426440
29426440
29426440
29426440
29426440
29426440
29426440
29426440
29426440
29426440
29426440
29426440
29426440
29426440
29426440
29426440
29426440
29426440
29426440
29426440
34954720
34954720
34954720
34954720
34954720
34954720
34954720
34954720
34954720
34954720
34954720
34954720
34954720
34954720
34954720
34954720
34954720
34954720
34954720
34954720
34954720
40474808
40474808
40474808
40474808
40474808
40474808
40474808
40474808
40474808
40474808
40474808
40474808
40474808
40474808
40474808
40474808
40474808
40474808
40474808
40474808
40474808
40474808
45994896
45994896
45994896
45994896
45994896
45994896
45994896
45994896
45994896
45994896
45994896
45994896
45994896
45994896
45994896
45994896
45994896
45994896
45994896
45994896
45994896
45994896
51554984
51554984
51554984
51554984
51554984
51554984
51554984
51554984
51554984
51554984
51554984
51554984
51554984
51554984
51554984
51554984
51554984
51554984
51554984
51554984
51554984
51554984
57083264
57083264
57083264
57083264
57083264
57083264
57083264
57083264
57083264
57083264
57083264
57083264
57083264
57083264
57083264
57083264
57083264
57083264
57083264
57083264
57083264
62603352
62603352
62603352
62603352
62603352
62603352
62603352
62603352
62603352
62603352
62603352
62603352
62603352
62603352
62603352
62603352
62603352
62603352
62603352
62603352
62603352
62603352
68123440
68123440
68123440
68123440
68123440
68123440
68123440
68123440
68123440
68123440
68123440
68123440
68123440
68123440
68123440
68123440
68123440
68123440
68123440
68123440
68123440
68123440
73683528
73683528
73683528
73683528
73683528
73683528
73683528
73683528
73683528
73683528
73683528
73683528
73683528
73683528
73683528
73683528
73683528
73683528
73683528
73683528
73683528
73683528
79211808
79211808
79211808
79211808
79211808
79211808
79211808
79211808
79211808
79211808
79211808
79211808
79211808
79211808
79211808
79211808
79211808
79211808
79211808
79211808
79211808
84731896
84731896
84731896
84731896
84731896
84731896
84731896
84731896
84731896
84731896
84731896
84731896
84731896
84731896
84731896
84731896
84731896
84731896
84731896
84731896
84731896
84731896
90251984
90251984
90251984
90251984
90251984
90251984
90251984
90251984
90251984
90251984
90251984
90251984
90251984
90251984
90251984
90251984
90251984
90251984
90251984
90251984
90251984
90251984
95812072
95812072
95812072
95812072
95812072
95812072
95812072
95812072
95812072
95812072
95812072
95812072
95812072
95812072
95812072
95812072
95812072
95812072
95812072
95812072
95812072
95812072
101340352
101340352
101340352
101340352
101340352
101340352
101340352
101340352
101340352
101340352
101340352
101340352
101340352
101340352
101340352
101340352
101340352
101340352
101340352
101340352
101340352
106860440
106860440
106860440
106860440
106860440
106860440
106860440
106860440
106860440
106860440
106860440
106860440
106860440
106860440
106860440
106860440
106860440
106860440
106860440
106860440
106860440
106860440
112380528
112380528
112380528
112380528
112380528
112380528
112380528
112380528
112380528
112380528
112380528
112380528
112380528
112380528
112380528
112380528
112380528
112380528
112380528
112380528
112380528
112380528
117940616
117940616
117940616
117940616
117940616
117940616
117940616
117940616
117940616
117940616
117940616
117940616
117940616
117940616
117940616
117940616
117940616
117940616
117940616
117940616
117940616
117940616
123468896
123468896
123468896
123468896
123468896
123468896
123468896
123468896
123468896
123468896
123468896
123468896
123468896
123468896
123468896
123468896
123468896
123468896
123468896
123468896
123468896
128988984
128988984
128988984
128988984
128988984
128988984
128988984
128988984
128988984
128988984
128988984
128988984
128988984
128988984
128988984
128988984
128988984
128988984
128988984
128988984
128988984
128988984
134509072
134509072
134509072
134509072
134509072
134509072
134509072
134509072
134509072
134509072
134509072
134509072
134509072
134509072
134509072
134509072
134509072
134509072
134509072
134509072
134509072
134509072
140069160
140069160
140069160
140069160
140069160
140069160
140069160
140069160
140069160
140069160
140069160
140069160
140069160
140069160
140069160
140069160
140069160
140069160
140069160
140069160
140069160
140069160
145597440
145597440
145597440
145597440
145597440
145597440
145597440
145597440
145597440
145597440
145597440
145597440
145597440
145597440
145597440
145597440
145597440
145597440
145597440
145597440
145597440
151117528
151117528
151117528
151117528
151117528
151117528
151117528
151117528
151117528
151117528
151117528
151117528
151117528
151117528
151117528
151117528
151117528
151117528
151117528
151117528
151117528
151117528
156637616
156637616
156637616
156637616
156637616
156637616
156637616
156637616
156637616
156637616
156637616
156637616
156637616
156637616
156637616
156637616
156637616
156637616
156637616
156637616
156637616
156637616
162197704
162197704
162197704
162197704
162197704
162197704
162197704
162197704
162197704
162197704
162197704
162197704
162197704
162197704
162197704
162197704
162197704
162197704
162197704
162197704
162197704
162197704
167725984
167725984
167725984
167725984
167725984
167725984
167725984
167725984
167725984
167725984
167725984
167725984
167725984
167725984
167725984
167725984
167725984
167725984
167725984
167725984
167725984
173246072
173246072
173246072
173246072
173246072
173246072
173246072
173246072
173246072
173246072
173246072
173246072
173246072
173246072
173246072
173246072
173246072
173246072
173246072
173246072
173246072
173246072
178766160
178766160
178766160
178766160
178766160
178766160
178766160
178766160
178766160
178766160
178766160
178766160
178766160
178766160
178766160
178766160
178766160
178766160
178766160
178766160
178766160
178766160
184326248
184326248
184326248
184326248
184326248
184326248
184326248
184326248
184326248
184326248
184326248
184326248
184326248
184326248
184326248
184326248
184326248
184326248
184326248
184326248
184326248
184326248
189854528
189854528
