0.003930
0.004888
0.018310
0.008873
0.024615
0.004187
0.003679
0.003564
0.003653
0.003379
0.003536
0.003433
0.004480
0.007296
0.007911
0.003698
0.005164
0.004581
0.003899
0.004490
0.006064
0.002497
0.007878
0.005719
0.012174
0.003169
0.003154
0.014792
0.003052
0.004067
0.018782
0.003189
0.003040
0.002980
0.002929
0.003186
0.002957
0.003181
0.003087
0.001983
0.003308
0.003122
0.003002
0.003002
0.003737
0.002907
0.002874
0.003063
0.002911
0.010354
0.008658
0.002890
0.002866
0.004313
0.002942
0.004620
0.014075
0.002672
0.004354
0.002976
0.002973
0.005302
0.010456
0.003444
0.002997
0.002982
0.003176
0.004450
0.002913
0.003369
0.002846
0.003913
0.002904
0.005001
0.004796
0.002950
0.002754
0.003268
0.003064
0.002820
0.003373
0.002868
0.003822
0.004477
0.010885
0.003401
0.002747
0.003432
0.002851
0.002663
0.002583
0.002924
0.002946
0.002745
0.003566
0.003275
0.002470
0.002789
0.002516
0.002634
0.002787
0.004154
0.002788
0.008404
0.002753
0.002790
0.002716
0.002724
0.003257
0.003021
0.003635
0.002717
0.003062
0.007635
0.002772
0.002667
0.003583
0.002704
0.011729
0.002678
0.003156
0.009820
0.004876
0.002907
0.003369
0.007654
0.014022
0.002421
0.002838
0.002756
0.003068
0.002658
0.002853
0.002800
0.002860
0.002567
0.002809
0.002680
0.002706
0.002326
0.002827
0.002637
0.002666
0.001971
0.002730
0.002472
0.002723
0.002608
0.002662
0.002800
0.001882
0.001963
0.002769
0.002422
0.002685
0.004823
0.002892
0.002576
0.002749
0.002631
0.002569
0.001971
0.002871
0.006255
0.003279
0.002418
0.002522
0.002655
0.002648
0.002719
0.002708
0.002699
0.002748
0.002654
0.002795
0.002778
0.005040
0.002544
0.002783
0.001858
0.002787
0.002525
0.003195
0.006414
0.002611
0.002636
0.002632
0.002709
0.002774
0.016747
0.002935
0.003799
0.002842
0.002744
0.002737
0.002799
0.002607
0.002707
0.003799
0.002662
0.002322
0.002586
0.002636
0.002725
0.002715
0.002750
0.016263
0.002778
0.002788
0.009779
0.002759
0.010938
0.002582
0.002658
0.002676
0.002701
0.002129
0.002516
0.002634
0.002505
0.002574
0.002660
0.002569
0.002665
0.002621
0.002718
0.002542
0.002765
0.002617
0.002692
0.002595
0.002770
0.002678
0.002595
0.002173
0.002769
0.002686
0.002553
0.003156
0.002647
0.002777
0.002783
0.008806
0.002759
0.002586
0.003124
0.007459
0.002688
0.003214
0.004894
0.015123
0.004632
0.002275
0.002849
0.002961
0.002873
0.002769
0.002871
0.002420
0.002821
0.002500
0.012049
0.002723
0.002602
0.002660
0.002716
0.002537
0.004162
1.017014
0.002718
0.002062
0.002620
0.002120
0.002491
0.010566
0.002793
0.002577
0.002534
0.002562
0.002574
0.004119
0.002713
0.002529
0.003906
0.002635
0.004931
0.007864
0.002001
0.002522
0.002483
0.002562
0.002584
0.002566
0.002615
0.004016
0.002808
0.002437
0.018014
0.002487
0.002681
0.002730
0.002611
0.002588
0.002591
0.002727
0.002350
0.001663
0.001937
0.006823
0.002030
0.002407
0.003632
0.001946
0.002110
0.002414
0.002296
0.002214
0.002604
0.016553
0.002890
0.002770
0.002666
0.002583
0.003067
0.002587
0.002101
0.002496
0.002595
0.002542
0.006716
0.002487
0.022604
0.002557
0.002583
0.002577
0.002558
0.002507
0.002071
0.002595
0.002455
0.002630
0.002530
0.001721
0.002562
0.002521
0.002305
0.002488
0.002340
0.002365
0.002443
0.002442
0.002482
0.010213
0.002691
0.002597
0.002666
0.002554
0.002587
0.002468
0.002058
0.001899
0.002531
0.002579
0.002670
0.002459
0.002592
0.002510
0.002394
0.002714
0.002584
0.002609
0.002380
0.002454
0.002607
0.002490
0.002633
0.002425
0.001971
0.002504
0.002548
0.004081
0.008559
0.012390
0.003053
0.002697
0.002623
0.002688
0.002455
0.002548
0.002371
0.002411
0.002420
0.002595
0.002595
0.002627
0.001846
0.002586
0.002558
0.002570
0.002177
0.002632
0.002424
0.002576
0.002554
0.002456
0.002444
0.002439
0.002535
0.002381
0.002472
0.002494
0.002521
0.006149
0.002597
0.002094
0.002269
0.002316
0.002567
0.002399
0.002485
0.002565
0.003302
0.002460
0.002499
0.002530
0.002364
0.002514
0.002595
0.015903
0.002576
0.002602
0.003329
0.001993
0.002268
0.001532
0.002091
0.002057
0.002222
0.002155
0.002171
0.001884
0.002152
0.002287
0.002123
0.001997
0.008254
0.004401
0.002064
0.002473
0.002587
0.002476
0.001916
0.002409
0.001664
0.001829
0.002493
0.002467
0.002536
0.002394
0.002560
0.002526
0.002479
0.002485
0.002515
0.002386
0.002437
0.002430
0.002106
0.002262
0.002521
0.001977
0.002455
0.002398
0.002533
0.002470
0.002365
0.002294
0.002470
0.002334
0.002441
0.002343
0.002067
0.004143
0.002149
0.002329
0.002443
0.002387
0.005034
0.002066
0.002515
0.002605
0.002227
0.002555
0.002496
0.002524
0.001749
0.001812
0.004691
0.002078
0.002048
0.014192
0.002406
0.002098
0.005799
0.002132
0.001954
0.001742
0.002297
0.002413
0.003171
0.002541
0.003115
0.002192
0.002473
0.002309
0.002293
0.001885
0.002337
0.002142
0.001534
0.001689
0.001779
0.001716
0.001949
0.001628
0.001572
0.001654
0.002375
0.002396
0.002275
0.002222
0.002218
0.002188
0.002343
0.002241
0.002506
0.017890
0.001767
0.001753
0.001415
0.002256
0.002254
0.002508
0.002495
0.001808
0.002162
0.002392
0.002267
0.001703
0.001553
0.001819
0.002031
0.002349
0.002224
0.002281
0.002352
0.002382
0.002491
0.002301
0.002387
0.002557
0.002439
0.001812
0.002384
0.002442
0.002513
0.002449
0.004500
0.002511
0.002357
0.002538
0.002455
0.002458
0.002486
0.002475
0.002398
0.002438
0.002445
0.002456
0.002356
0.002495
0.001906
0.002408
0.002335
0.002430
0.002462
0.002497
0.002507
0.002445
0.002401
0.002516
0.002512
0.002466
0.005747
0.002575
0.002378
0.002580
0.002228
0.002470
0.001971
0.002241
0.002473
0.002214
0.002551
0.002498
0.002347
0.002413
0.002485
0.006160
0.002478
0.002505
0.002260
0.002378
0.002243
0.002211
0.002571
0.016640
0.001805
0.002429
0.002330
0.002372
0.002538
0.002331
0.002139
0.002458
0.002395
0.002100
0.002327
0.002148
0.002440
0.002381
0.002544
0.002487
0.002470
0.002503
0.002406
0.001973
0.002564
0.011912
0.002741
0.002436
0.002386
0.002467
0.002250
0.002458
0.002430
0.002469
0.002350
0.002393
0.002459
0.002354
0.002434
0.002511
0.002374
0.002368
0.002330
0.001996
0.002288
0.002363
0.002366
0.002390
0.002438
0.002413
0.022649
0.002420
0.002327
0.002344
0.002359
0.002549
0.002435
0.014167
0.001620
0.002148
0.001503
0.001608
0.002341
0.002377
0.002430
0.002388
0.001588
0.001875
0.001847
0.002040
0.002026
0.001899
0.002049
0.001822
0.002003
0.001941
0.001922
0.001773
0.002000
0.001533
0.002388
0.002420
0.002422
0.002288
0.002440
0.002261
0.002450
0.002482
0.002483
0.002093
0.002398
0.002304
0.002371
0.002308
0.002220
0.001645
0.002552
0.002266
0.002417
0.002208
0.002158
0.002360
0.001780
0.002287
0.002437
0.002353
0.002407
0.002363
0.002350
0.002362
0.002271
0.002382
0.002277
0.001927
0.002408
0.002436
0.002483
0.002437
0.002357
0.002444
0.002499
0.002331
0.002370
0.002292
0.002302
0.002196
0.002524
0.002566
0.002079
0.002330
0.002403
0.001798
0.002399
0.002219
0.002292
0.002316
0.002344
0.002470
0.002448
0.002469
0.002325
0.002416
0.002445
0.002229
0.002469
0.004222
0.002361
0.002403
0.002382
0.001935
0.002306
0.002379
0.002277
0.017743
0.002485
0.002348
0.002528
0.002543
0.002513
0.002334
0.002104
0.002171
0.002421
0.002265
0.002220
0.002263
0.002364
0.002442
0.002208
0.001969
0.002305
0.002348
0.002380
0.002239
0.002374
0.002299
0.002326
0.002493
0.002537
0.002116
0.002399
0.002387
0.002449
0.002575
0.002401
0.002266
0.001781
0.002238
0.002306
0.002176
0.002227
0.002365
0.002260
0.002183
0.002311
0.002230
0.002390
0.002268
0.002184
0.002452
0.002344
0.002461
0.002276
0.002473
0.002447
0.002378
0.002423
0.001442
0.002350
0.002414
0.002343
0.002199
0.002442
0.002614
0.002472
0.002484
0.002273
0.002254
0.002304
0.002408
0.002482
0.002463
0.002486
0.002417
0.001898
0.002429
0.002225
0.002477
0.002326
0.002371
0.002370
0.002395
0.002354
0.002359
0.002296
0.002357
0.002351
0.002424
0.002150
0.002417
0.002365
0.002426
0.001818
0.002273
0.002185
0.002455
0.002221
0.001855
0.001900
0.001448
0.001798
0.001853
0.002158
0.002072
0.002109
0.002141
0.001522
0.002321
0.002126
0.001996
0.001349
0.001892
0.002150
0.002419
0.002183
0.002306
0.002277
0.002178
0.010186
0.002361
0.002035
0.002037
0.001734
0.001633
0.002210
0.002332
0.002040
0.001689
0.003336
0.001885
0.001887
0.002368
0.004259
0.001880
0.002339
0.002237
0.002309
0.002095
0.002418
0.002394
0.002344
0.002400
0.002414
0.002305
0.002453
0.002418
0.002305
0.002477
0.001714
0.002471
0.002327
0.002370
0.002265
0.001846
0.002380
0.002311
0.002338
0.002393
0.002420
0.002507
0.002268
0.002479
0.002243
0.002360
0.002357
0.002436
0.001789
0.002417
0.002355
0.002405
0.002415
0.002288
0.002264
0.002305
0.002324
0.002421
0.002335
0.002394
0.002308
0.002363
0.002240
0.002522
0.002375
0.002464
0.002320
0.001797
0.002383
0.002385
0.002405
0.002438
0.002504
0.002458
0.002415
0.002425
0.002433
0.002343
0.002353
0.002361
0.002330
0.002444
0.002486
0.002519
0.002354
0.001861
0.002418
0.001968
0.002089
0.002403
0.002461
0.002357
0.002412
0.002141
0.002410
0.002456
0.002369
0.002349
0.002451
0.002278
0.002372
0.002512
0.002239
0.001817
0.002449
0.002376
0.002259
0.002203
0.002224
0.002286
0.002161
0.002048
0.002334
0.002449
0.002261
0.002373
0.002438
0.002302
0.002333
0.002421
0.002533
0.002343
0.001800
0.002335
0.002331
0.002266
0.013190
0.002209
0.002140
0.002235
0.002427
0.002397
0.002422
0.002267
0.002269
0.002450
0.002342
0.002397
0.002341
0.002462
0.001712
0.002399
0.002449
0.002242
0.002389
0.002173
0.002313
0.002357
0.002438
0.002148
0.002354
0.002181
0.002316
0.002531
0.002426
0.002417
0.002168
0.002366
0.001968
0.002257
0.001662
0.002475
0.002458
0.002320
0.002424
0.001699
0.001712
0.001581
0.001562
0.002357
0.002219
0.002386
0.002256
0.002372
0.002392
0.002475
0.001673
0.002431
0.002520
0.002428
0.002455
0.002451
0.002454
0.002212
0.002426
0.002192
0.002229
0.002333
0.002302
0.002261
0.002310
0.002193
0.002273
0.018772
0.002210
0.001690
0.002026
0.002285
0.002301
0.007752
0.002166
0.002314
0.002077
0.002056
0.002345
0.002239
0.002252
0.002372
0.002145
0.002228
0.002208
0.002212
0.002300
0.001637
0.002190
0.002287
0.002361
0.002281
0.002215
0.002305
0.002315
0.002323
0.002221
0.002267
0.002216
0.002214
0.002136
0.002354
0.002318
0.002382
0.002270
0.002129
0.001526
0.004903
0.002306
0.002193
0.002174
0.002359
0.002223
0.002099
0.002125
0.002308
0.002108
0.002252
0.002294
0.002287
0.002337
0.002251
0.001890
0.002188
0.001999
0.001916
0.002330
0.002235
0.002189
0.002440
0.002206
0.002286
0.002262
0.002192
0.002167
0.002185
0.002195
0.002140
0.002273
0.002149
0.008587
0.002310
0.001963
0.002171
0.002119
0.002030
0.002213
0.002323
0.002130
0.002358
0.002182
0.002215
0.002184
0.002284
0.002269
0.002255
0.002087
0.002379
0.002212
0.001466
0.001595
0.002241
0.002273
0.002232
0.002256
0.002330
0.002074
0.002192
0.002375
0.002185
0.002384
0.002272
0.002167
0.002051
0.002185
0.002365
0.001746
0.002299
0.001913
0.002196
0.002250
0.002317
0.002205
0.002213
0.002310
0.002245
0.002300
0.002196
0.002230
0.002195
0.002293
0.002223
0.002273
0.002195
0.002345
0.001652
0.002218
0.002274
0.002029
0.002165
0.002234
0.002195
0.002259
0.002104
0.002188
0.002304
0.001973
0.002331
0.002182
0.002112
0.002125
0.002199
0.002142
0.001759
0.002324
0.002193
0.001786
0.009620
0.002164
0.002374
0.001437
0.001569
0.001766
0.001763
0.001750
0.001675
0.001655
0.002028
0.001464
0.001746
0.001399
0.001369
0.002423
0.001908
0.002339
0.002232
0.002204
0.002433
0.002330
0.002494
0.002449
0.002368
0.002418
0.002401
0.002354
0.002467
0.002269
0.002397
0.002382
0.001643
0.002348
0.002252
0.002305
0.002342
0.001988
0.002040
0.002087
0.002194
0.002322
0.002101
0.002199
0.002088
0.002280
0.002152
0.002231
0.002290
0.002216
0.002158
0.001737
0.002300
0.017511
0.002083
0.002338
0.002301
0.002289
0.002360
0.002153
0.002185
0.002244
0.002304
0.002190
0.002159
0.002139
0.002329
0.002206
0.002304
0.001812
0.002023
0.002265
0.002267
0.002092
0.002167
0.002200
0.002256
0.002258
0.002308
0.002290
0.004256
0.002019
0.002281
0.002041
0.002247
0.002170
0.002125
0.001783
0.002145
0.001775
0.001887
0.002277
0.002061
0.002082
0.002282
0.002273
0.002340
0.002298
0.002220
0.002150
0.002319
0.002260
0.002326
0.002279
0.002182
0.001573
0.002223
0.002158
0.002241
0.002206
0.001979
0.002357
0.002310
0.002241
0.002256
0.001954
0.002145
0.002126
0.008737
0.002274
0.002283
0.002142
0.002338
0.001691
0.002195
0.002080
0.002233
0.001918
0.002100
0.002227
0.002112
0.002145
0.002189
0.002225
0.002100
0.002050
0.002150
0.002092
0.002089
0.002214
0.002149
0.001449
0.002186
0.002122
0.003642
0.002140
0.002179
0.002393
0.002264
0.002226
0.002277
0.002353
0.002155
0.002278
0.002102
0.002008
0.002104
0.002280
0.002355
0.001463
0.002269
0.002241
0.002317
0.002233
0.002324
0.001997
0.002255
0.002232
0.002287
0.002002
0.002142
0.002309
0.002334
0.002232
0.002146
0.002142
0.001846
0.002188
0.002367
0.002348
0.002180
0.002163
0.002915
0.001371
0.001735
0.001819
0.001768
0.002084
0.002032
0.002053
0.002178
0.001948
0.001751
0.001887
0.001429
0.001618
0.001887
0.001907
0.001743
0.002121
0.002174
0.002218
0.001619
0.001918
0.002048
0.001570
0.001493
0.001871
0.002011
0.002159
0.002033
0.001490
0.001953
0.002243
0.001702
0.001796
0.001646
0.001844
0.001994
0.001640
0.001695
0.002147
0.001762
0.001745
0.002257
0.002163
0.001648
0.001972
0.002172
0.001919
0.001538
0.003556
0.001909
0.001761
0.002346
0.002314
0.002252
0.002248
0.002333
0.002320
0.002168
0.002212
0.002209
0.002237
0.002231
0.002194
0.001964
0.001576
0.002128
0.002282
0.002220
0.001916
0.002270
0.002102
0.002237
0.002272
0.002272
0.002035
0.002352
0.002352
0.002387
0.002064
0.002160
0.002260
0.002177
0.001684
0.002215
0.012874
0.002030
0.002091
0.002053
0.002395
0.002258
0.002202
0.002305
0.002375
0.002220
0.002237
0.002192
0.002258
0.002342
0.002259
0.002397
0.001637
0.002176
0.002351
0.002399
0.002312
0.002174
0.002257
0.002002
0.002253
0.002208
0.009518
0.002121
0.002316
0.002128
0.002341
0.002291
0.002270
0.002275
0.001774
0.002185
0.002352
0.001412
0.017229
0.002283
0.002316
0.001992
0.002171
0.002195
0.002240
0.002281
0.002148
0.002140
0.002363
0.002279
0.001900
0.002250
0.002301
0.001795
0.002309
0.002004
0.001843
0.001761
0.002085
0.001726
0.001902
0.001931
0.002198
0.002027
0.002195
0.001691
0.002035
0.002282
0.001956
0.001497
0.002230
0.002038
0.002073
0.001682
0.001821
0.002096
0.002071
0.002036
0.002306
0.002191
0.002337
0.002220
0.002155
0.002296
0.002277
0.002209
0.002259
0.002054
0.002180
0.001613
0.002057
0.002293
0.002179
0.002337
0.002221
0.002193
0.001659
0.001453
0.001441
0.001944
0.001864
0.001750
0.001843
0.001798
0.002097
0.002087
0.001957
0.001610
0.001546
0.002006
0.001905
0.001923
0.001926
0.001959
0.002127
0.001867
0.001904
0.001759
0.002058
0.002256
0.001751
0.003568
0.001823
0.001882
0.001737
0.001519
0.001523
0.002133
0.002018
0.002118
0.001649
0.001473
0.001574
0.001785
0.001904
0.001832
0.002009
0.001999
0.002054
0.001968
0.001890
0.001228
0.002019
0.002274
0.001444
0.002282
0.002293
0.002310
0.002132
0.001947
0.002254
0.002278
0.002310
0.002286
0.002251
0.002285
0.002270
0.002296
0.002234
0.002230
0.002154
0.002195
0.001854
0.002161
0.002304
0.002324
0.002207
0.002377
0.002209
0.002104
0.002257
0.002167
0.002187
0.002329
0.002212
0.002133
0.001917
0.002346
0.002308
0.002307
0.001744
0.002341
0.002349
0.002216
0.002270
0.002282
0.002281
0.002251
0.002356
0.002124
0.002182
0.002092
0.002079
0.002271
0.002274
0.002232
0.002156
0.002327
0.002209
0.001645
0.001926
0.001852
0.001989
0.013463
0.002220
0.001989
0.002046
0.001976
0.002100
0.002145
0.002066
0.001763
0.001881
0.001841
0.002095
0.001980
0.001968
0.001817
0.001931
0.001660
0.001498
0.002171
0.002166
0.001953
0.002226
0.002090
0.002173
0.002306
0.002157
0.002258
0.002287
0.002278
0.002250
0.002330
0.002208
0.002240
0.002002
0.002218
0.001629
0.002236
0.002283
0.002319
0.002263
0.002212
0.002245
0.002210
0.002100
0.002210
0.002318
0.002338
0.002291
0.002211
0.002208
0.002182
0.002173
0.002144
0.001726
0.002285
0.002278
0.002287
0.002307
0.002335
0.002343
0.002294
0.002318
0.002315
0.002323
0.011259
0.002178
0.002337
0.002263
0.002177
0.001649
0.002222
0.001876
0.002303
0.002210
0.002279
0.002296
0.001674
0.001512
0.001770
0.001366
0.002146
0.003005
0.002094
0.002167
0.001770
0.002279
0.001998
0.002061
0.001931
0.001738
0.002273
0.002054
0.002106
0.001997
0.002071
0.002042
0.014461
0.002108
0.001898
0.001934
0.001838
0.002138
0.001999
0.001787
0.002096
0.001698
0.001650
0.001725
0.001856
0.001859
0.001830
0.001516
0.001651
0.001593
0.001881
0.001955
0.002051
0.002070
0.002101
0.001960
0.002002
0.002134
0.002090
0.002155
0.001631
0.002178
0.002327
0.002423
0.002088
0.002290
0.002072
0.002376
0.002372
0.002136
0.002252
0.002263
0.002291
0.002289
0.002287
0.002235
0.002228
0.002192
0.002277
0.001466
0.002282
0.002268
0.002121
0.002161
0.001876
0.002150
0.002253
0.002159
0.002180
0.002326
0.002370
0.002350
0.002157
0.002111
0.002129
0.001671
0.002278
0.002177
0.002165
0.002179
0.002051
0.002136
0.002315
0.002156
0.002042
0.002071
0.002083
0.002207
0.002320
0.002190
0.002312
0.002281
0.002171
0.001665
0.002249
0.002141
0.002103
0.002306
0.002336
0.002084
0.002152
0.002194
0.002092
0.002271
0.002224
0.002138
0.002092
0.002109
0.002159
0.002024
0.002212
0.001553
0.002194
0.002060
0.002217
0.002329
0.002161
0.002017
0.001902
0.001846
0.002264
0.002059
0.002164
0.002295
0.002140
0.002116
0.002027
0.002177
0.002257
0.002164
0.002237
0.002244
0.001625
0.002156
0.002023
0.002305
0.002162
0.002071
0.002244
0.002220
0.002153
0.001973
0.002386
0.002074
0.002327
0.002143
0.002256
0.001837
0.002093
0.002159
0.002304
0.002352
0.002184
0.002279
0.001909
0.002179
0.002295
0.002078
0.001972
0.002226
0.002211
0.002205
0.002260
0.002162
0.001606
0.002298
0.002262
0.002245
0.002400
0.018164
0.001268
0.001626
0.001486
0.001455
0.001596
0.001651
0.001683
0.001991
0.002050
0.002081
0.002328
0.001835
0.002158
0.002158
0.002251
0.002161
0.002085
0.002280
0.002168
0.002134
0.002128
0.002233
0.002229
0.002228
0.001839
0.002150
0.002291
0.002273
0.002338
0.002075
0.002297
0.001649
0.002028
0.002218
0.002175
0.002107
0.002048
0.002151
0.002189
0.002127
0.001879
0.002269
0.002251
0.002213
0.001958
0.002079
0.002211
0.001821
0.001685
0.002168
0.002061
0.001871
0.001898
0.002243
0.002148
0.002160
0.002249
0.002138
0.002243
0.002266
0.002329
0.002302
0.002216
0.002186
0.002260
0.002279
0.002013
0.002091
0.002210
0.002111
0.002225
0.001861
0.002224
0.002271
0.002238
0.002070
0.002098
0.002389
0.002000
0.001997
0.001966
0.002324
0.002351
0.001855
0.002261
0.002333
0.002251
0.002165
0.002188
0.002059
0.002319
0.002271
0.002075
0.002318
0.002160
0.002286
0.002288
0.002396
0.002345
0.002245
0.002122
0.001895
0.001976
0.001656
0.002073
0.001774
0.001985
0.002047
0.002105
0.002056
0.001950
0.001957
0.001845
0.001805
0.001956
0.001845
0.001873
0.001812
0.001620
0.001992
0.001763
0.002058
0.002085
0.001854
0.001979
0.001652
0.001608
0.002031
0.001884
0.001923
0.001867
0.002050
0.002034
0.002077
0.002079
0.001845
0.002141
0.001594
0.001957
0.002291
0.001983
0.002108
0.001893
0.002068
0.002004
0.002085
0.002081
0.002002
0.001945
0.002077
0.001906
0.002087
0.002085
0.008407
0.002227
0.001739
0.002211
0.002264
0.002094
0.002262
0.002336
0.002272
0.002187
0.002351
0.002295
0.002135
0.002242
0.002300
0.002293
0.002341
0.002030
0.002292
0.001738
0.002147
0.002390
0.002022
0.002205
0.002211
0.002233
0.001519
0.001508
0.001924
0.001720
0.001964
0.014639
0.001659
0.001708
0.001467
0.001376
0.002075
0.001871
0.002146
0.002194
0.002307
0.002349
0.002424
0.002348
0.002357
0.002197
0.002082
0.002082
0.002177
0.002132
0.002288
0.002319
0.002265
0.002296
0.001719
0.002244
0.002213
0.002290
0.002328
0.002180
0.002208
0.002271
0.002064
0.002346
0.002185
0.002174
0.002215
0.001945
0.002173
0.002315
0.002272
0.002297
0.002316
0.001832
0.002166
0.002093
0.002195
0.002315
0.002297
0.002283
0.003915
0.002252
0.002205
0.002136
0.002311
0.002194
0.001989
0.002223
0.002253
0.002170
0.002412
0.002285
0.001565
0.002079
0.002122
0.002113
0.002052
0.002284
0.002236
0.002130
0.002283
0.002195
0.002279
0.002267
0.002308
0.002090
0.002311
0.002122
0.002130
0.002303
0.002152
0.001747
0.002246
0.001960
0.002208
0.002141
0.002173
0.002375
0.002114
0.002222
0.002138
0.002179
0.002344
0.002291
0.002256
0.002303
0.001977
0.002211
0.002304
0.001688
0.002249
0.002190
0.002423
0.002302
0.002265
0.002258
0.002147
0.002274
0.002136
0.002200
0.002300
0.002229
0.002321
0.002245
0.002242
0.002304
0.002344
0.001487
0.002272
0.002299
0.002317
0.002228
0.002011
0.002035
0.002103
0.002150
0.002307
0.002242
0.002259
0.002330
0.002121
0.002292
0.002167
0.002164
0.002195
0.002271
0.002090
0.001406
0.002054
0.002183
0.002267
0.002266
0.002088
0.002191
0.002206
0.002316
0.002331
0.002250
0.002135
0.002211
0.002191
0.002118
0.002245
0.002263
0.001596
0.002180
0.002206
0.002254
0.002344
0.002294
0.002311
0.002240
0.002161
0.002081
0.002238
0.002296
0.002102
0.002356
0.001942
0.002192
0.002127
0.002306
0.002016
0.001568
0.002214
0.002182
0.002101
0.002241
0.001925
0.002112
0.001422
0.001558
0.001420
0.001443
0.001633
0.001840
0.001820
0.001918
0.001877
0.001984
0.001915
0.002089
0.002114
0.002120
0.002059
0.002202
0.002086
0.002064
0.002303
0.002066
0.002230
0.002085
0.002223
0.002354
0.002164
0.002250
0.002260
0.002203
0.002249
0.002292
0.001660
0.002266
0.001915
0.001646
0.002241
0.002146
0.002050
0.001891
0.002070
0.002015
0.002214
0.002287
0.002107
0.002215
0.002307
0.002089
0.002276
0.002174
0.002298
0.001950
0.001760
0.002295
0.002090
0.002055
0.002121
0.002300
0.002348
0.002155
0.002104
0.002287
0.001992
0.002072
0.002251
0.002195
0.002307
0.002270
0.001795
0.002184
0.002053
0.002315
0.002149
0.002317
0.001996
0.002174
0.002054
0.002208
0.002191
0.002260
0.002207
0.002243
0.002219
0.002259
0.002295
0.003172
0.002203
0.002261
0.002003
0.001569
0.002224
0.001787
0.002135
0.001999
0.002237
0.002168
0.002106
0.002206
0.002251
0.002297
0.002252
0.002208
0.002250
0.002343
0.002005
0.002194
0.002096
0.001741
0.002326
0.002125
0.002298
0.002259
0.002233
0.002288
0.002343
0.002222
0.002456
0.002138
0.002104
0.002256
0.002312
0.002320
0.002323
0.002176
0.002290
0.001561
0.002329
0.001887
0.002145
0.002220
0.001980
0.002097
0.002180
0.001985
0.002230
0.002191
0.002266
0.002208
0.002288
0.002125
0.002114
0.002130
0.002330
0.002161
0.001739
0.002278
0.002175
0.002208
0.002263
0.002266
0.001999
0.002255
0.002112
0.001776
0.002176
0.002319
0.002186
0.002230
0.002285
0.002305
0.002165
0.002096
0.002174
0.001893
0.002161
0.001739
0.002180
0.001767
0.002243
0.002229
0.002240
0.002211
0.002309
0.002332
0.002321
0.002415
0.002328
0.002094
0.002225
0.002226
0.002146
0.001779
0.001731
0.001719
0.001631
0.002223
0.002347
0.002142
0.001477
0.001433
0.001611
0.001719
0.002051
0.002108
0.002101
0.001738
0.001615
0.001890
0.001967
0.001504
0.002160
0.002036
0.001848
0.002046
0.002062
0.002321
0.002109
0.001623
0.002058
0.002296
0.001864
0.002074
0.002100
0.002104
0.002103
0.002065
0.002291
0.002291
0.001537
0.001952
0.002051
0.002329
0.001950
0.002156
0.002147
0.002152
0.002101
0.002015
0.002273
0.002310
0.002108
0.002246
0.002225
0.002217
0.002290
0.002302
0.002187
0.001620
0.002235
0.002071
0.002193
0.001924
0.002006
0.002253
0.002207
0.002211
0.002124
0.002121
0.002365
0.002260
0.005728
0.002261
0.002300
0.002203
0.001933
0.001952
0.002104
0.002080
0.002332
0.002203
0.002325
0.002264
0.002206
0.002298
0.002159
0.001980
0.002286
0.002134
0.002114
0.002214
0.002353
0.002158
0.002188
0.001543
0.002156
0.002170
0.002195
0.002305
0.002180
0.002271
0.002203
0.002105
0.002144
0.002216
0.001978
0.001926
0.001773
0.002130
0.001844
0.002175
0.001930
0.001530
0.001952
0.001941
0.001940
0.001892
0.002072
0.001812
0.002045
0.001863
0.001960
0.001818
0.002198
0.002045
0.001819
0.001774
0.002114
0.002031
0.001783
0.002097
0.001377
0.001912
0.002023
0.001872
0.001922
0.001785
0.002038
0.002014
0.001948
0.001935
0.001828
0.001821
0.001878
0.001908
0.001968
0.001913
0.002086
0.001956
0.001966
0.001627
0.001948
0.001940
0.004486
0.002023
0.001999
0.001974
0.001830
0.001956
0.001851
0.002019
0.002018
0.001908
0.001953
0.001663
0.001790
0.001945
0.002125
0.001482
0.002040
0.002009
0.002080
0.001992
0.001997
0.001772
0.002019
0.002021
0.001868
0.001940
0.001939
0.001968
0.001949
0.004889
0.002024
0.001924
0.001988
0.001409
0.002061
0.001504
0.001573
0.001821
0.001979
0.001806
0.001121
0.002907
0.001767
0.001283
0.016589
0.001385
0.001655
0.001855
0.001829
0.001796
0.001393
0.001505
0.001876
0.001691
0.002066
0.001873
0.001893
0.001946
0.001842
0.001892
0.002143
0.002068
0.001975
0.002068
0.002085
0.001939
0.001910
0.001915
0.002085
0.002084
0.001482
0.001913
0.002001
0.001905
0.001794
0.001932
0.001861
0.002045
0.001850
0.002070
0.001929
0.001755
0.001983
0.002094
0.001681
0.001978
0.001966
0.002109
0.001922
0.001258
0.001864
0.001567
0.001814
0.001896
0.001666
0.001703
0.001903
0.001905
0.002004
0.002142
0.001901
0.002042
0.001605
0.002005
0.001926
0.001924
0.002008
0.002091
0.003082
0.023099
0.002223
0.001276
0.001953
0.002169
0.002036
0.002036
0.001994
0.002140
0.002101
0.002025
0.002076
0.001881
0.002018
0.001750
0.002062
0.002075
0.001513
0.001997
0.001848
0.001811
0.001596
0.002031
0.001686
0.001841
0.001858
0.001983
0.001986
0.001895
0.002053
0.002041
0.002067
0.002025
0.001891
0.001687
0.001825
0.001527
0.002162
0.001830
0.002121
0.001929
0.002009
0.002051
0.001897
0.002089
0.001974
0.002002
0.002054
0.001934
0.001915
0.001915
0.002012
0.001995
0.001728
0.001558
0.001780
0.001690
0.002038
0.002010
0.001897
0.001924
0.002036
0.001717
0.002038
0.014418
0.001837
0.001948
0.001709
0.001900
0.001748
0.001986
0.004019
0.001658
0.001930
0.001608
0.001995
0.002110
0.002041
0.001940
0.002046
0.001996
0.001937
0.002097
0.002100
0.001910
0.001884
0.001701
0.001780
0.001978
0.001880
0.001879
0.001587
0.001908
0.002097
0.001939
0.002033
0.002137
0.002148
0.002080
0.001771
0.001890
0.001990
0.002067
0.002080
0.002073
0.001880
0.002016
0.001992
0.001825
0.001808
0.001858
0.002064
0.001886
0.002088
0.001937
0.001398
0.001493
0.001583
0.001192
0.001553
0.001199
0.001715
0.001864
0.001633
0.001282
0.001674
0.001188
0.001625
0.001279
0.001795
0.001726
0.001937
0.002086
0.002143
0.001956
0.001805
0.002041
0.002119
0.001980
0.001858
0.001865
0.002122
0.001845
0.002067
0.001909
0.001400
0.002097
0.001877
0.001436
0.001739
0.001958
0.001666
0.001682
0.001855
0.001740
0.002105
0.001671
0.001775
0.001766
0.001930
0.002029
0.001713
0.001947
0.001955
0.001521
0.001887
0.002006
0.002023
0.002005
0.001916
0.002002
0.016664
0.001354
0.001469
0.001385
0.000939
0.001176
0.000985
0.001466
0.001077
0.001001
0.001314
0.001069
0.001511
0.001508
0.001522
0.001226
0.001477
0.001400
0.001471
0.001675
0.001744
0.001524
0.002570
0.002239
0.002043
0.002220
0.002347
0.002202
0.001530
0.002114
0.002219
0.002172
0.002268
0.002195
0.002390
0.002285
0.002349
0.002317
0.002168
0.002231
0.002147
0.002131
0.002035
0.002098
0.002072
0.002206
0.001881
0.002028
0.001931
0.001853
0.002325
0.002191
0.002160
0.002143
0.002256
0.002213
0.002287
0.002185
0.002285
0.002180
0.002105
0.002072
0.002118
0.001584
0.002144
0.002214
0.001962
0.002169
0.002040
0.002211
0.001982
0.002247
0.002166
0.002202
0.002230
0.002203
0.002203
0.002124
0.002161
0.002013
0.002122
0.002028
0.001797
0.002148
0.001744
0.003884
0.002310
0.001964
0.002403
0.002185
0.002223
0.002327
0.002293
0.002077
0.002277
0.002223
0.002206
0.002036
0.002222
0.001770
0.001629
0.002012
0.001970
0.002294
0.002253
0.002138
0.002151
0.002093
0.002383
0.002309
0.002088
0.002289
0.001987
0.007314
0.002222
0.002293
0.002269
0.002334
0.001612
0.002071
0.002124
0.002096
0.002266
0.002111
0.002124
0.001501
0.001630
0.001853
0.001918
0.001947
0.002366
0.002183
0.002256
0.002179
0.002103
0.002022
0.001565
0.001815
0.001843
0.001909
0.001902
0.001786
0.001860
0.001919
0.001862
0.001805
0.001907
0.002298
0.002252
0.002264
0.002342
0.002132
0.016481
0.001732
0.002280
0.001978
0.002189
0.002217
0.002187
0.001939
0.002128
0.001956
0.002161
0.002282
0.002240
0.001858
0.002189
0.002129
0.002255
0.002090
0.002244
0.002109
0.001646
0.002308
0.002224
0.002310
0.002337
0.001949
0.002234
0.002078
0.002256
0.002143
0.001959
0.002044
0.002327
0.002246
0.002167
0.002098
0.002268
0.002227
0.001774
0.001650
0.002114
0.002256
0.002208
0.002225
0.002050
0.002355
0.002165
0.001993
0.001808
0.002317
0.002179
0.002016
0.002201
0.002302
0.002241
0.001433
0.002029
0.001859
0.002025
0.002168
0.002272
0.002292
0.002277
0.002242
0.002293
0.002245
0.002116
0.002162
0.002343
0.002002
0.002316
0.002311
0.001670
0.002327
0.001774
0.002013
0.002264
0.002275
0.002277
0.002152
0.002187
0.002264
0.002334
0.016229
0.002350
0.002370
0.002158
0.002190
0.002289
0.002148
0.001898
0.002155
0.002194
0.002126
0.002131
0.002235
0.002045
0.002130
0.002323
0.002237
0.002167
0.002028
0.001885
0.002117
0.009466
0.002014
0.002192
0.002136
0.001613
0.002062
0.002199
0.002052
0.002265
0.001792
0.002020
0.001903
0.001908
0.001847
0.002082
0.002130
0.002196
0.002285
0.002038
0.002258
0.002206
0.001687
0.001745
0.002030
0.002187
0.002145
0.001976
0.002110
0.002178
0.002305
0.001928
0.002281
0.002302
0.002333
0.002171
0.002237
0.002294
0.002220
0.001524
0.001997
0.002329
0.002086
0.002172
0.002282
0.002174
0.001612
0.001522
0.001446
0.002138
0.001240
0.001806
0.001176
0.001757
0.001694
0.001746
0.001951
0.001641
0.001598
0.005251
0.002132
0.001937
0.002242
0.002086
0.002266
0.002178
0.001753
0.002087
0.002312
0.002231
0.002278
0.002042
0.002227
0.002169
0.002220
0.002257
0.002095
0.001602
0.001992
0.002190
0.002228
0.001991
0.002110
0.002134
0.001913
0.003114
0.007977
0.001884
0.001381
0.001614
0.001294
0.001436
0.001801
0.002238
0.002044
0.001977
0.001827
0.002136
0.002320
0.002083
0.002214
0.002279
0.002184
0.002199
0.002227
0.002182
0.002141
0.002237
0.002000
0.002152
0.002157
0.002285
0.002164
0.002083
0.002123
0.001587
0.001982
0.002192
0.002089
0.002299
0.002216
0.002132
0.002124
0.002200
0.002220
0.001887
0.001604
0.002048
0.002172
0.002202
0.002290
0.002079
0.002159
0.002035
0.001999
0.002246
0.001920
0.002184
0.002058
0.001795
0.002190
0.002271
0.002206
0.002183
0.002237
0.002260
0.002083
0.002135
0.002060
0.001518
0.026664
0.001874
0.002141
0.002020
0.002166
0.002042
0.002179
0.002016
0.002056
0.002100
0.002257
0.002176
0.002023
0.002154
0.002319
0.001954
0.001713
0.002174
0.002041
0.002168
0.002185
0.002017
0.001979
0.002113
0.002025
0.002229
0.002166
0.002074
0.002169
0.002231
0.002333
0.002098
0.002196
0.002213
0.002161
0.002205
0.001799
0.002069
0.003841
0.002122
0.002265
0.002174
0.002095
0.002276
0.002284
0.002139
0.002141
0.002097
0.002268
0.002103
0.002225
0.002110
0.002254
0.001752
0.001555
0.002069
0.002181
0.002263
0.002245
0.002291
0.002274
0.002167
0.002267
0.002378
0.002250
0.002113
0.002006
0.002174
0.002213
0.001901
0.001788
0.002064
0.001859
0.002203
0.002160
0.002134
0.002306
0.001430
0.001513
0.001717
0.001880
0.001999
0.001700
0.002122
0.001854
0.001871
0.001842
0.002222
0.002266
0.002068
0.001433
0.002231
0.002246
0.002195
0.002203
0.002285
0.002188
0.002140
0.002196
0.002294
0.002202
0.002161
0.002126
0.002128
0.002257
0.001710
0.002179
0.001892
0.002245
0.002165
0.002134
0.002054
0.002123
0.002087
0.002181
0.002337
0.002135
0.002268
0.002228
0.002194
0.002229
0.002247
0.002295
0.002203
0.001902
0.002168
0.002133
0.002123
0.003201
0.002202
0.002216
0.002122
0.002286
0.002229
0.001997
0.002128
0.002250
0.002069
0.002322
0.002300
0.002368
0.001713
0.002327
0.002078
0.002159
0.001887
0.002135
0.002202
0.002055
0.002114
0.002230
0.002206
0.002250
0.002216
0.002130
0.002190
0.002332
0.002154
0.002214
0.001818
0.002119
0.002229
0.002176
0.002246
0.002282
0.002155
0.013473
0.002210
0.001963
0.002191
0.002297
0.002101
0.002188
0.002175
0.002289
0.002309
0.002215
0.002205
0.001571
0.001988
0.002156
0.001956
0.002107
0.002328
0.002245
0.002063
0.002310
0.002106
0.002177
0.002057
0.001996
0.002034
0.002199
0.002310
0.002219
0.002317
0.002155
0.001746
0.002096
0.002065
0.002225
0.001230
0.001611
0.001964
0.001576
0.001945
0.001955
0.002076
0.002145
0.002101
0.002108
0.002104
0.002200
0.002020
0.002211
0.002006
0.001600
0.002321
0.002235
0.001843
0.001546
0.002031
0.002237
0.002051
0.002260
0.002150
0.002213
0.001963
0.002268
0.002284
0.002230
0.002219
0.002243
0.001609
0.002100
0.001912
0.001826
0.001922
0.002203
0.002214
0.002204
0.002364
0.002123
0.002263
0.002297
0.002096
0.002071
0.002146
0.002087
0.002188
0.002218
0.001732
0.002068
0.001987
0.002131
0.002287
0.018176
0.001498
0.001439
0.001507
0.001547
0.001354
0.001703
0.001551
0.001577
0.002062
0.002126
0.001962
0.002085
0.001264
0.001960
0.001653
0.001717
0.001723
0.001798
0.001986
0.001576
0.002006
0.001880
0.001858
0.002001
0.001955
0.002118
0.001974
0.001862
0.001941
0.001505
0.001745
0.002229
0.002126
0.001975
0.001979
0.002279
0.002136
0.002090
0.002022
0.001934
0.002067
0.002153
0.002020
0.002126
0.001827
0.002109
0.002256
0.002180
0.002131
0.001885
0.002246
0.002240
0.002271
0.002244
0.002222
0.002236
0.002238
0.002214
0.002123
0.002278
0.002030
0.002332
0.002087
0.001888
0.002143
0.002257
0.002049
0.001577
0.002007
0.002039
0.002132
0.002111
0.002310
0.002233
0.002239
0.001859
0.001621
0.001960
0.001775
0.001920
0.002058
0.002256
0.002146
0.002153
0.002132
0.001669
0.002284
0.002216
0.002284
0.002282
0.002169
0.002203
0.002262
0.002223
0.002089
0.002257
0.002184
0.002202
0.002328
0.002056
0.002231
0.002190
0.002101
0.001734
0.002222
0.001967
0.001892
0.002186
0.002190
0.002136
0.002232
0.002259
0.002228
0.002091
0.002132
0.002118
0.002278
0.002251
0.002230
0.002189
0.001572
0.002242
0.002241
0.001911
0.002288
0.001877
0.001964
0.005684
0.002150
0.002044
0.002014
0.002062
0.002128
0.002105
0.002193
0.002179
0.002126
0.002250
0.002222
0.001642
0.002049
0.001890
0.002195
0.002122
0.002169
0.002213
0.002055
0.002338
0.002159
0.002274
0.002315
0.002268
0.002166
0.002116
0.002175
0.002277
0.002104
0.002252
0.002127
0.001684
0.002089
0.002214
0.002176
0.002250
0.002187
0.002058
0.002103
0.002230
0.002168
0.002160
0.002083
0.002032
0.002244
0.002264
0.002204
0.001700
0.001987
0.001762
0.002033
0.002239
0.002234
0.002111
0.001456
0.001328
0.001477
0.001778
0.001623
0.001733
0.001830
0.002067
0.002139
0.002269
0.002208
0.002116
0.001551
0.002256
0.002233
0.002124
0.002038
0.002219
0.002219
0.002125
0.002071
0.002300
0.002305
0.002207
0.002347
0.002170
0.001880
0.002156
0.002052
0.002196
0.002204
0.001964
0.001297
0.002252
0.002158
0.002241
0.001830
0.002100
0.001911
0.002046
0.002035
0.002072
0.002219
0.002067
0.002141
0.002095
0.002130
0.002046
0.002171
0.001820
0.001921
0.001994
0.002028
0.002163
0.002133
0.002188
0.002164
0.002001
0.002211
0.002084
0.002086
0.002208
0.002237
0.002067
0.002241
0.002358
0.002232
0.001823
0.001894
0.001971
0.002161
0.002217
0.002145
0.002238
0.002126
0.002203
0.002181
0.002235
0.002119
0.002259
0.002112
0.002331
0.002127
0.002293
0.002220
0.002326
0.002251
0.001933
0.002207
0.002087
0.002229
0.002095
0.002138
0.002013
0.002227
0.002267
0.002273
0.002257
0.002070
0.002201
0.002277
0.002099
0.002222
0.002269
0.001557
0.002129
0.002264
0.001942
0.002080
0.002230
0.002245
0.002253
0.002167
0.001926
0.002288
0.002227
0.001970
0.002218
0.002183
0.002239
0.002250
0.002120
0.002257
0.001916
0.002247
0.002110
0.002199
0.001797
0.001732
0.002110
0.002151
0.001486
0.002289
0.002125
0.002293
0.002209
0.002122
0.002291
0.002229
0.002206
0.001941
0.001629
0.002115
0.002156
0.002371
0.002141
0.002259
0.002223
0.002283
0.002263
0.002239
0.002284
0.002337
0.002332
0.002206
0.002216
0.002204
0.002178
0.002245
0.002200
0.001951
0.002058
0.001985
0.002235
0.002290
0.002266
0.001964
0.001900
0.002194
0.002123
0.002281
0.002100
0.002039
0.002290
0.001922
0.002275
0.002371
0.002137
0.001505
0.002286
0.002165
0.002144
0.002322
0.002231
0.002354
0.001506
0.001585
0.002110
0.002023
0.002244
0.001655
0.001940
0.001897
0.002173
0.002023
0.001527
0.002114
0.002169
0.001975
0.002284
0.002074
0.001958
0.002274
0.002139
0.002031
0.002223
0.002270
0.002252
0.002072
0.002195
0.002099
0.002257
0.002277
0.002126
0.001943
0.001542
0.001596
0.002077
0.002184
0.001935
0.002055
0.001961
0.001984
0.002152
0.002316
0.002266
0.001932
0.001940
0.002196
0.002070
0.002277
0.002087
0.001734
0.002255
0.002183
0.002210
0.002013
0.001944
0.002233
0.002206
0.002210
0.002171
0.002086
0.001874
0.002188
0.002210
0.002187
0.002197
0.002254
0.001689
0.001833
0.001981
0.002081
0.002255
0.002258
0.002187
0.002167
0.002240
0.002074
0.002190
0.002223
0.002202
0.002105
0.002124
0.001874
0.002157
0.002205
0.002085
0.001677
0.002320
0.001979
0.001954
0.001819
0.002074
0.001936
0.001974
0.001984
0.001917
0.001982
0.001839
0.001877
0.002018
0.001935
0.002009
0.001860
0.001861
0.002036
0.001798
0.002094
0.001972
0.001959
0.001949
0.001765
0.001999
0.001925
0.001916
0.002044
0.001953
0.001935
0.001953
0.001604
0.001774
0.001940
0.001924
0.002004
0.001440
0.001809
0.001785
0.001964
0.001787
0.001922
0.001876
0.001868
0.001931
0.001743
0.002063
0.001995
0.001906
0.001933
0.001758
0.002039
0.001908
0.001463
0.002089
0.001991
0.001979
0.001890
0.001955
0.001919
0.001927
0.001771
0.001947
0.001995
0.001921
0.002033
0.001798
0.001707
0.001813
0.001900
0.001378
0.001994
0.001743
0.001996
0.002030
0.001829
0.001926
0.001739
0.001932
0.002064
0.001963
0.001839
0.001951
0.002017
0.001892
0.001853
0.001907
0.002055
0.001710
0.001837
0.001568
0.001814
0.002008
0.001837
0.001937
0.001273
0.001440
0.001407
0.001376
0.001858
0.001714
0.001891
0.001917
0.001882
0.001478
0.001777
0.001879
0.001769
0.001857
0.001772
0.001825
0.001870
0.001934
0.001555
0.001934
0.001921
0.001839
0.001939
0.001784
0.001938
0.001763
0.001975
0.002079
0.001333
0.001822
0.001835
0.001808
0.001683
0.001687
0.001870
0.001676
0.001914
0.001724
0.001914
0.001804
0.001763
0.001827
0.001766
0.002006
0.001938
0.002019
0.001533
0.001819
0.001514
0.002048
0.002071
0.001894
0.001930
0.001817
0.001802
0.001919
0.001806
0.001886
0.002117
0.001906
0.001945
0.001822
0.001827
0.001515
0.001863
0.001496
0.001522
0.001754
0.001622
0.001904
0.001651
0.001914
0.002068
0.002002
0.001953
0.001815
0.001723
0.001834
0.001841
0.002042
0.002024
0.001566
0.001948
0.001685
0.002062
0.002011
0.001868
0.002054
0.001889
0.002002
0.001913
0.002087
0.001657
0.001051
0.002094
0.002012
0.001771
0.001992
0.001909
0.001327
0.001869
0.001447
0.001811
0.002025
0.002076
0.001867
0.002054
0.001959
0.002006
0.001856
0.001905
0.002050
0.002025
0.001773
0.002009
0.001808
0.001984
0.001572
0.002030
0.001832
0.001938
0.002054
0.001697
0.001870
0.001689
0.001897
0.002111
0.002009
0.001765
0.002058
0.002044
0.001997
0.001870
0.001950
0.001982
0.002010
0.001414
0.001716
0.001897
0.002047
0.001881
0.002073
0.001889
0.002064
0.002095
0.001881
0.001889
0.002072
0.001923
0.001972
0.001807
0.006951
0.001814
0.001436
0.001770
0.001997
0.001744
0.001970
0.001897
0.002076
0.001955
0.001878
0.001995
0.001855
0.001909
0.002024
0.001903
0.001980
0.001959
0.002024
0.001875
0.001566
0.002044
0.001940
0.002035
0.001980
0.001777
0.002057
0.001328
0.001419
0.001518
0.001571
0.001465
0.001774
0.001979
0.001627
0.001528
0.001646
0.001369
0.001965
0.001542
0.001932
0.001859
0.001902
0.001987
0.002060
0.001882
0.002063
0.002052
0.001953
0.002069
0.001833
0.001806
0.002128
0.001974
0.001857
0.001601
0.001829
0.001730
0.001927
0.001946
0.002035
0.001664
0.002191
0.002265
0.002131
0.002170
0.002075
0.001886
0.001898
0.001910
0.002054
0.001805
0.001822
0.001995
0.001632
0.001958
0.002127
0.001913
0.002005
0.001908
0.001982
0.001775
0.001936
0.001919
0.002036
0.001992
0.001936
0.001999
0.001871
0.002056
0.001845
0.002118
0.001942
0.001985
0.002010
0.001597
0.001919
0.002011
0.002024
0.002024
0.001990
0.001906
0.001820
0.001834
0.001928
0.002108
0.001991
0.002024
0.001822
0.001960
0.001766
0.001962
0.002003
0.001860
0.001968
0.001770
0.002064
0.001954
0.002005
0.001875
0.001995
0.001793
0.001897
0.001837
0.002080
0.001860
0.001969
0.001978
0.001603
0.002047
0.001937
0.002068
0.001891
0.002075
0.002049
0.001864
0.001937
0.001983
0.001906
0.001921
0.002024
0.001941
0.002029
0.001933
0.002029
0.002086
0.001672
0.001881
0.001789
0.001999
0.002067
0.001864
0.001925
0.001943
0.001810
0.001898
0.001866
0.001999
0.001863
0.001758
0.002045
0.001891
0.001862
0.002021
0.001980
0.001791
0.001917
0.001995
0.002005
0.001807
0.001944
0.001820
0.001981
0.001911
0.001889
0.002052
0.002042
0.001959
0.002064
0.002041
0.001964
0.001987
0.001464
0.002052
0.001837
0.001884
0.002142
0.001949
0.002090
0.002038
0.001921
0.001865
0.001674
0.001912
0.001866
0.001997
0.001803
0.001939
0.001967
0.002017
0.001677
0.001833
0.002052
0.001857
0.002020
0.001898
0.001209
0.003105
0.001474
0.001013
0.001231
0.001659
0.002070
0.002009
0.001447
0.001835
0.001920
0.001898
0.001835
0.001796
0.001858
0.001917
0.001856
0.002019
0.002013
0.001951
0.001972
0.001763
0.002098
0.002032
0.001963
0.002075
0.001956
0.001925
0.002127
0.001879
0.001867
0.001952
0.001908
0.001972
0.001929
0.001912
0.002017
0.002007
0.001889
0.002056
0.001907
0.001992
0.001929
0.001975
0.001746
0.001958
0.001981
0.001370
0.002074
0.001904
0.002024
0.002123
0.002028
0.001914
0.002014
0.001924
0.002036
0.001888
0.002069
0.002081
0.002038
0.002050
0.001943
0.001998
0.001367
0.001939
0.001913
0.001798
0.001828
0.001928
0.001965
0.002072
0.001903
0.001941
0.001924
0.002041
0.001938
0.001837
0.001819
0.001946
0.001769
0.001988
0.001592
0.001966
0.002016
0.001980
0.001928
0.001949
0.002064
0.002083
0.001905
0.001945
0.001905
0.002046
0.001896
0.002019
0.001951
0.001788
0.001981
0.001978
0.001418
0.001846
0.001813
0.002025
0.002111
0.002008
0.002070
0.001993
0.002102
0.002094
0.001926
0.002021
0.001944
0.002020
0.001981
0.001966
0.001964
0.001971
0.001843
0.001970
0.002123
0.001960
0.001854
0.002004
0.001851
0.001826
0.001853
0.001995
0.001991
0.001986
0.002025
0.001897
0.002096
0.001969
0.001799
0.002023
0.001437
0.001969
0.002029
0.001810
0.001801
0.002004
0.001796
0.001889
0.001741
0.001884
0.001891
0.001952
0.002166
0.002011
0.002031
0.001767
0.002042
0.002017
0.001500
0.001850
0.001932
0.001958
0.001943
0.002035
0.002073
0.002115
0.001985
0.001932
0.001893
0.001895
0.001825
0.002004
0.001845
0.002032
0.001952
0.001689
0.001935
0.002031
0.001811
0.001995
0.001890
0.001969
0.001314
0.001339
0.001714
0.001610
0.001717
0.001819
0.001715
0.001596
0.001743
0.002131
0.001916
0.001563
0.001865
0.002014
0.001974
0.001958
0.001975
0.002013
0.001882
0.001922
0.001891
0.001403
0.001525
0.001869
0.001317
0.001989
0.001802
0.001410
0.001642
0.001646
0.001356
0.001503
0.001789
0.001985
0.002013
0.001668
0.001794
0.001783
0.001771
0.002076
0.001268
0.001824
0.001550
0.001959
0.002025
0.002032
0.001735
0.001926
0.002055
0.001715
0.001899
0.001848
0.001904
0.001864
0.002036
0.001902
0.002100
0.001843
0.001884
0.001969
0.001904
0.001655
0.001930
0.001852
0.002034
0.001862
0.001913
0.001845
0.001900
0.002023
0.001716
0.001923
0.001446
0.002088
0.001980
0.001857
0.002059
0.001969
0.001826
0.002014
0.001952
0.001888
0.001994
0.002028
0.002084
0.001555
0.001810
0.001962
0.002021
0.001949
0.001689
0.001969
0.002063
0.001991
0.001876
0.001882
0.001952
0.001806
0.002033
0.001949
0.005778
0.002064
0.002047
0.001583
0.001946
0.002062
0.001932
0.001888
0.001964
0.001796
0.001904
0.001887
0.002069
0.001847
0.001704
0.001801
0.001942
0.001581
0.001986
0.001919
0.001915
0.002047
0.001808
0.002036
0.001829
0.001850
0.001656
0.001943
0.001749
0.001520
0.001680
0.002024
0.002027
0.001949
0.001936
0.001962
0.001836
0.001760
0.001903
0.001888
0.001478
0.001971
0.002034
0.001928
0.001974
0.002089
0.001689
0.001873
0.001986
0.001836
0.001901
0.001928
0.001861
0.002058
0.001850
0.001811
0.001998
0.001973
0.001552
0.001961
0.002036
0.001934
0.001889
0.001755
0.001936
0.001987
0.001884
0.001761
0.001767
0.001956
0.002064
0.001950
0.002121
0.002008
0.001992
0.001798
0.001472
0.001960
0.001959
0.001937
0.001987
0.001925
0.001809
0.001273
0.001320
0.001330
0.001410
0.001473
0.001824
0.001511
0.001868
0.002091
0.002062
0.002028
0.002054
0.001412
0.001907
0.001880
0.002046
0.001894
0.001833
0.001839
0.002034
0.001796
0.001999
0.001959
0.002024
0.002074
0.001927
0.001840
0.001802
0.001927
0.001353
0.001801
0.001792
0.001982
0.002004
0.001897
0.001866
0.001734
0.001740
0.001694
0.001909
0.001726
0.002076
0.001959
0.001928
0.001993
0.002060
0.001887
0.001827
0.001567
0.001907
0.001962
0.002020
0.001932
0.001816
0.001731
0.001883
0.001945
0.001826
0.002026
0.001955
0.002092
0.001964
0.001945
0.001996
0.001623
0.001994
0.001450
0.001696
0.001928
0.001891
0.002071
0.002072
0.001962
0.002049
0.001870
0.001765
0.002076
0.001698
0.001926
0.001870
0.001976
0.001978
0.001878
0.001570
0.001910
0.002100
0.001822
0.002004
0.001931
0.001970
0.002094
0.001979
0.002025
0.002017
0.002007
0.002066
0.002061
0.001889
0.002029
0.001836
0.001951
0.001881
0.001927
0.002125
0.002023
0.001751
0.001954
0.001931
0.001731
0.001889
0.002063
0.001919
0.002008
0.001996
0.002065
0.001782
0.001794
0.001933
0.001859
0.002000
0.001897
0.001692
0.001870
0.001832
0.001700
0.001773
0.001630
0.001999
0.001723
0.002023
0.001902
0.001878
0.002073
0.002032
0.001871
0.001940
0.001625
0.002059
0.002018
0.002022
0.002135
0.001985
0.001992
0.001929
0.001977
0.001726
0.002097
0.002028
0.002027
0.002001
0.001982
0.001910
0.002011
