2987246
106955
98560
92830
83860
84465
84034
84039
103028
193188
84227
84806
84630
172552
86384
195590
109173
195831
85367
86838
84331
194529
96058
84043
84161
137380
83923
228370
86186
155065
185665
66276
77590
124664
61547
129561
56361
56203
56361
78028
57336
64125
56090
59980
56426
56325
56443
58886
56432
56348
56465
56443
56378
56568
56689
66669
86348
56180
58305
56356
60687
56313
59923
71358
123226
56146
64113
59846
59879
59844
60003
69901
56111
59876
61731
59876
56357
59725
59674
56138
92243
129030
64773
59618
61888
59464
84977
129167
56169
129013
59635
129300
61960
61696
62057
193440
59580
106957
126395
61804
68357
61848
59731
99910
59623
129084
59561
59773
59588
61273
59866
129169
56198
59860
59805
59861
56406
112884
56202
58023
59606
59844
56455
59896
60161
56211
56299
56250
56028
56199
56392
155101
173575
66514
68421
63969
59641
59586
121665
129178
59570
129054
59454
129009
59540
61557
61514
61550
56160
59648
106908
56111
59843
59691
59730
56110
59763
60475
56384
56233
58809
56162
56268
56115
56209
57115
66204
120432
131012
66629
68383
61811
89773
59721
59524
59810
59488
59685
55961
56115
85081
57984
56068
61826
60028
56103
59803
56663
76834
56246
56376
59744
59734
56086
56295
56005
58045
108458
56256
66429
56113
56355
56186
109990
101298
57073
55675
55655
55683
55880
67435
56212
55742
55682
55727
55630
56081
55968
55743
55575
55670
55492
55705
55653
55682
55720
55557
55667
55676
55902
56019
56071
55820
55566
55490
55688
55774
175746
55686
55755
69112
55618
55532
55832
55694
58654
59083
59207
59234
59924
59503
59651
59693
58539
55958
76840
55637
55434
55467
55582
55560
55454
55645
55452
55680
55459
55540
55528
55418
55615
55635
55678
55463
167055
169673
60733
119112
129092
129128
129004
56360
55415
55531
55495
55453
55502
55547
55668
55591
55512
55582
55623
55515
55480
55548
55484
55919
55727
55812
55704
55613
55459
55635
55558
55486
55658
55661
103954
104038
180178
171173
61975
56053
55869
55917
55950
55952
56124
55888
67237
55494
55620
55710
55503
55514
55661
55632
56185
55809
55594
55638
55615
55618
55683
55745
55747
55815
55523
55592
55709
55541
55835
55965
55664
55912
136221
151657
60801
55604
55803
56204
115984
129165
128989
129343
59298
55537
55670
55541
55566
55883
55900
55625
55532
55577
57401
55829
55769
55637
55567
55623
55689
57533
55775
55714
55672
55722
55518
55780
55844
56037
56341
139974
55654
55678
55576
55591
55444
55740
57872
59320
59293
59202
59202
59254
59182
59148
59058
55882
55689
55645
55495
55478
55505
55581
56656
55834
55742
55686
55573
55633
55590
55486
55695
55615
173458
55412
55868
105323
55528
55507
71402
128876
128796
128766
104261
55407
55661
55731
55569
55498
55434
55467
55489
55701
55427
55739
55500
55450
55530
55523
55664
55697
55731
55555
55533
55596
55572
55412
55414
55552
166995
55707
55780
58453
55880
55713
55768
55714
55761
55406
55632
55412
55474
55644
55560
55713
55398
55644
55963
56139
55812
55731
55880
56040
56057
55700
55766
55563
55871
55716
55448
55583
55686
57765
55558
55663
160782
174163
59671
55848
104640
128950
128658
124566
73662
55394
55675
55687
56202
55935
57160
55834
55925
56287
55722
55708
55961
56597
56690
55789
55507
55443
56054
55652
55442
55696
55803
55784
55850
55794
56164
55904
101848
143930
60733
55835
55910
60378
66083
66006
66059
66046
66077
65946
66088
56640
55959
55893
55910
56000
55956
55847
55940
55827
55860
55528
55678
55554
55528
55514
55433
55472
55615
56448
55672
55823
55882
56049
61297
120940
57663
55518
55524
55504
55513
55408
55560
55430
55494
55581
56147
55542
55505
55544
55572
55569
55478
55665
55619
55623
55722
55697
55870
55850
55763
55774
55874
56132
55769
55617
55878
55692
171118
55647
59280
91969
55374
55498
55488
55457
55469
55406
55516
55602
55384
55465
55494
55425
55508
55455
55567
55597
55503
55680
55552
55603
55442
55657
55441
55469
55668
55478
55649
56277
55707
55680
55827
55557
168084
56048
55642
56688
55681
55761
67223
55696
55865
55574
55492
55479
55630
56091
55799
55545
55509
55968
55979
55880
55804
55853
55948
55902
55919
55916
55721
55596
55645
55619
55559
55551
55662
55541
55423
55691
160265
179026
61387
55532
111413
128862
128744
128642
64315
55436
55263
55350
76453
55350
55848
55509
55606
55459
55507
55579
55571
55492
55551
55555
55487
55629
55442
55658
55702
55940
55839
55906
56049
55930
55852
55482
143056
167630
60873
55734
128024
128856
128716
122927
55213
55322
55486
55489
55672
55703
55774
55835
55674
55388
55473
55548
55648
55803
55508
55581
55393
55618
55513
55619
55586
55637
55847
55832
56328
56157
55636
55786
132641
154045
61362
55592
86182
128747
128772
128836
89403
55363
55435
55541
55750
55710
55607
55773
55614
55812
55441
55374
55497
55490
55498
55569
56114
57020
56161
56305
56515
56650
55806
55787
55886
55876
55841
55832
67414
139840
57730
55286
55534
55257
57964
61154
61210
61167
61047
61220
61304
61232
60046
55507
55428
55508
55483
55341
55433
55443
55643
55578
55388
55482
76582
55367
55411
55460
55470
55402
55606
55463
55423
55426
56310
129773
55573
55504
55499
55582
55486
55513
55424
55479
55444
55602
55406
55544
55410
55417
55566
55586
55391
55500
55393
55245
55564
55364
55429
55413
55348
55442
55807
55563
55425
55504
55480
55484
168381
55694
55920
118783
57330
55810
55814
55471
55362
55558
55508
55538
55492
55348
55472
55427
55417
55747
55931
55885
55693
55373
55643
55492
55755
55503
55902
55570
55498
55644
55674
55562
55434
55493
55803
55795
166646
55577
55610
57068
55778
55702
55617
55617
55731
55609
55391
55335
55342
55479
55381
55403
55429
55348
55643
55424
55388
55881
55408
55474
55379
55405
55438
56369
55462
55608
55521
55375
55308
55399
55349
55371
182487
201773
66171
70904
100298
61437
59268
61360
59194
59353
59287
59423
125144
55955
56125
59566
59570
55980
59522
86185
55834
55946
59566
59716
55857
55981
55792
64336
55943
55857
59539
59551
56107
55998
55904
55974
163061
170703
66110
70780
64930
61539
59251
59200
59124
59144
55541
55598
57735
95761
55833
55903
61301
60271
55975
59679
56023
96999
56113
55942
59622
59478
57394
57279
55824
99416
59814
55839
61476
60547
55890
59492
140635
160723
66147
68261
63637
63101
116917
61045
128439
59050
128507
65084
61535
61716
61573
59513
59526
59494
59454
91102
55771
61414
59469
59458
59353
59450
55727
92971
55874
55864
59629
59570
55675
55829
56041
81191
106597
138206
63782
68080
61594
110500
59444
59209
59248
59152
59213
59138
60195
55789
59347
55743
55768
55882
55764
55821
55783
74678
55993
55883
59382
59433
55919
55834
55812
55867
115534
55877
55925
59493
59544
55913
81040
133549
59441
65674
59412
59261
59409
59253
86285
55580
57654
59350
59280
55675
59077
55650
69973
55699
55783
59417
59406
55860
55722
55885
55723
103675
55845
55892
59506
59431
55766
59512
55826
111388
55853
55750
70937
113212
55855
69386
59346
59422
59448
59500
55827
56005
59495
56089
108332
128889
55813
59587
59506
61308
77046
59339
59465
59322
59439
59363
59362
55740
57148
55855
55989
55886
55782
55786
55783
55709
203515
55634
70774
86365
61205
61198
64176
126720
128407
59287
59254
59465
59030
117126
59215
59410
59204
59469
59360
59433
78036
55843
59517
59429
59417
55788
59387
55789
56783
55827
55777
57665
55851
55849
55879
56286
169592
55606
67999
71072
61119
59124
59102
59133
83021
55635
55720
55729
55621
55928
55994
55861
55778
55825
55889
55762
55769
55467
55302
55678
55740
55657
55257
55347
55295
55334
55297
55220
55298
55353
55390
55625
159929
171905
61284
96370
128637
128601
128531
79300
55189
55299
55197
55208
55424
55365
55667
55588
55489
55323
55344
55370
55226
55309
55315
55251
55328
55436
55281
55342
55397
55624
55875
55769
55807
55640
55555
55149
150827
169102
60721
88120
128576
128421
128393
87930
55382
55241
55095
55430
55565
55570
55555
55682
55510
55255
55473
55487
55482
55404
55226
55332
55550
55435
55264
55358
55482
55787
55802
55799
55698
55860
55473
55605
141558
161065
60912
59612
128592
128517
128363
116751
55134
55190
55304
55195
55133
55209
55167
55289
55514
55303
55381
55265
55204
55390
55348
56025
55496
55724
55315
55300
55293
55535
55705
55714
55763
55698
55656
55497
129406
149507
60638
55532
71015
128584
128437
128326
104998
55254
55157
55389
55594
55560
55954
55704
55599
55692
55342
55281
55272
55369
55400
55411
55639
55381
55425
55333
55332
55612
55637
55797
57266
57405
57345
56920
79082
137507
58825
55668
55710
55936
58005
60935
60984
61069
61046
61083
61065
61145
60077
55360
55354
55587
55299
55225
55206
55279
55420
55514
55185
55170
55258
55294
55397
55393
55361
55136
55392
55385
55349
55338
63676
133269
57617
55276
58197
58973
58963
59025
58991
58976
58900
59000
58195
55159
55248
55322
55144
55255
55178
55272
55338
55449
55432
55284
55098
55383
55345
55253
55348
55277
55479
55233
55307
55307
55567
55390
55815
114560
55519
55414
55508
55305
55295
55423
55305
55415
76400
55460
55283
55383
55201
55492
55377
55334
55341
55367
55490
55230
55305
55398
55373
55442
55225
55174
55249
55560
55266
55364
55362
55221
171225
55469
60075
63980
63394
63343
63355
63198
63383
63292
57916
55220
55229
55374
55315
55261
55197
55583
55721
55647
55430
55397
55506
55304
55192
55220
55439
55357
55557
55264
55135
55379
55340
55389
55410
55562
169227
180734
61092
55477
55483
55377
128337
128389
128364
122077
55392
55159
55246
55211
55302
66907
55292
55141
55281
55384
55398
55338
55167
55428
55600
55562
55382
55592
55472
55401
55244
55349
55398
55345
55635
55692
152398
169945
60798
55656
55627
64052
126583
128619
128804
112770
55418
55450
55621
55639
55563
55659
55416
55400
55263
55272
55173
58072
55226
55347
55467
55395
55450
55385
55257
55571
55678
55590
55693
55811
55684
55832
145503
162053
61516
55588
55553
55602
123804
128574
128549
126595
55226
55311
60492
61459
55615
59537
59365
55625
81894
55936
55959
59426
59420
55886
55621
55596
55842
55666
55625
55584
55865
55772
55957
55950
55794
58170
141538
149819
66151
68184
63533
123951
59262
59297
61289
62888
59288
59275
105355
59477
59488
59506
59463
59447
59355
55822
127759
55951
56098
59412
59535
55861
59406
91611
55893
55990
59384
59432
55848
55803
57706
79703
132973
143537
65964
68232
75415
59283
59234
59308
59157
59120
55456
55554
55494
119665
55724
55741
57341
55707
55824
55692
55650
59003
58938
59043
58965
58989
58988
58901
58954
57015
55336
67388
55926
55808
55933
55813
115259
148227
65297
65708
63475
59280
59301
74463
59381
128456
59199
128417
59360
86401
59459
61631
59439
62378
59462
59477
59503
96097
55807
59436
59442
59470
55823
59380
55834
94166
55837
55875
59431
59488
55696
55809
68493
117544
55816
65761
59354
59439
59464
59479
68455
128691
59463
59413
59403
59447
59392
67769
55820
59428
59465
59434
55884
59443
59413
57476
108484
55830
55803
59457
59522
55905
59438
55706
122542
55930
200327
59286
72293
73415
61319
58984
61021
59045
59068
60824
55677
122208
128577
128583
127847
55329
55253
55347
55280
55167
55197
55262
55427
55227
55269
55189
55385
55427
55366
55292
55553
55637
55764
55489
55299
55375
169443
232321
61191
55573
55486
55647
55490
55511
55681
55559
55349
55376
55249
55261
55233
55573
55686
55813
55684
55265
55234
55282
55354
55314
55391
55479
55292
55244
55341
55415
55376
55615
55333
55686
55329
55598
156482
170883
60664
55416
55520
61601
125780
128470
124469
136506
55315
55572
58370
55552
55498
55574
55489
55621
55979
55467
55380
55141
55161
55336
55318
55456
55434
55504
55478
55321
55304
55360
55554
55330
55397
55189
145414
161800
60224
55616
55600
68140
128363
120964
128395
112328
55325
55133
55586
55546
55506
55504
55563
55552
55511
55771
55699
55541
55432
55391
55422
55581
55641
55336
55367
55626
55676
55783
55642
55930
55780
55855
138442
151475
60976
55885
55527
55387
97558
128332
128384
128367
78539
55308
55503
55632
55691
55580
55628
55616
55432
55463
55140
55249
55256
55408
55328
55276
55324
55313
55493
55403
55285
55326
55369
55267
55311
55285
130890
142747
61634
55547
55799
55569
55714
59405
61027
61052
61083
61106
61093
61098
61070
59090
55992
55667
67781
55866
55805
55713
55719
55690
55613
55314
55317
55317
55157
55252
55314
55348
55444
55909
55734
55678
119855
132675
60742
58941
65835
65808
65811
65769
65900
65758
65844
58057
55138
55306
55423
55591
55913
55758
55715
55671
55532
55143
55359
55317
55375
55520
55403
55152
55237
55508
55315
55486
55238
55195
55346
55805
55958
116912
55369
55358
55354
55472
55355
55504
55263
55329
55404
55266
55397
55273
55212
55261
55336
55291
55281
55344
55369
55307
55365
55407
55550
55292
55309
55327
55418
55458
55416
55270
55146
55400
171106
61952
58817
56216
55656
55590
55650
55531
55577
55377
55414
55185
55291
55258
55401
55202
55083
55109
55669
55637
55474
55397
55338
55289
55281
55308
55149
55312
55255
55418
55347
55341
55292
55334
55212
55330
147737
171465
61285
55649
55547
55553
107822
124279
128541
128627
70433
55510
55757
55449
55465
55351
55582
55525
55557
55847
55466
55352
55303
55216
55522
55434
55353
55314
55409
55544
55675
55692
55672
55912
55552
55564
160002
170385
60715
55608
55571
55609
116175
128520
128437
128564
59924
55183
55328
55097
55242
55152
55188
55239
55110
55326
55355
55548
55410
55239
55196
55270
55367
55343
55557
55528
55611
55711
55724
55668
55757
55542
148556
163036
61800
55598
55678
55418
96895
128405
128356
128378
79408
55361
55532
55696
56015
55862
55628
55269
55421
55591
55358
55361
55294
55207
55407
55291
55371
55363
55451
55399
55640
56111
56001
55905
55810
55870
143472
150966
60860
55545
55637
55562
56333
65769
65719
65710
65726
65801
65735
65802
60852
55438
55805
55881
55730
55853
55756
55793
55669
55597
55517
55387
55579
55406
55324
55228
55311
55365
55444
55507
55612
76877
132897
140764
83589
55462
55515
55611
55501
55430
55497
55516
55506
55379
55353
55377
55276
55288
55587
55714
55653
55607
55342
55307
55347
55102
55200
55373
55356
55284
55315
55393
55373
55350
55340
55382
55525
55606
118539
135163
60540
55247
55283
55301
55364
55632
58670
58876
58798
58923
58922
58931
58900
58931
58007
55652
55673
55738
55699
55651
55670
55692
55838
55542
55333
55248
55229
55260
55484
55456
55221
55198
55371
55307
55939
118721
55504
55335
55295
55374
55493
55361
55368
55330
55251
55302
55377
55401
55402
55307
55291
55188
55409
55343
55425
55260
55242
55290
55528
55341
55421
55227
55184
55355
55313
55340
55408
55365
173058
55394
55565
56614
55521
55425
60841
65741
65701
65643
65745
65683
65797
65735
56230
55351
55250
55616
55686
55682
55866
55728
55719
55606
55483
55338
55248
55303
55232
55335
55370
55333
55276
55285
55370
55370
171885
174421
61117
55782
55366
55471
55526
55560
55577
55523
55238
55224
55116
55174
55328
55296
55371
55325
55316
55226
55312
55337
55315
55279
55256
55357
55280
55358
55314
55197
55285
55369
55406
55374
55561
55751
156857
175362
60012
55344
55479
64046
128377
128385
128564
111913
55097
55379
55537
55567
55552
55659
55598
55513
76541
55444
55294
59194
55360
55426
55410
55545
55383
105207
55993
56089
55897
71211
55787
57640
55789
125107
151197
162849
69674
68191
63339
61141
59074
59122
59159
59141
55631
116021
128591
57813
59243
59452
59303
92512
128480
59456
128402
59401
128603
59407
61404
61528
61288
59375
59235
59301
115476
55564
59197
59165
59144
59456
161139
151361
63725
68039
63608
61382
87297
59263
128326
59252
128411
61416
118147
61380
61478
61537
61428
59436
59407
96231
59443
59448
59300
59498
59328
59413
55734
104006
55783
55891
59431
59442
55834
59387
55721
111638
133752
145274
68574
69421
124719
61199
61319
61293
61121
59086
61321
59163
128288
59355
59430
59479
59478
59384
117895
55679
59506
59443
62256
59472
55781
80489
55751
55897
59402
59448
55763
55923
55792
55860
122681
55827
122963
136652
69269
68173
61520
61363
59287
59113
59160
59043
55539
109365
76790
56158
55911
59419
55799
55825
66307
55767
55771
59469
55826
55865
55873
56001
67516
106660
55791
59482
55803
59651
55765
55843
55763
113396
72080
122755
61574
68055
61579
114487
59590
59285
59239
59252
59187
59210
70595
55830
59461
59443
59398
55721
59420
55856
55859
115539
55859
55821
59462
59504
55910
59533
61361
55785
59395
55866
59331
55791
200601
128631
68733
74793
63490
64219
61194
80163
125018
59115
128363
59333
59400
94901
61468
59598
61488
59410
59409
60090
59512
114861
59358
59425
59413
59464
59412
59365
72749
55802
59404
59387
59374
55800
59476
55767
184186
201771
68404
70592
85229
61188
61139
61089
61343
59252
59199
59151
91841
55757
59391
59457
59322
59302
59255
55837
87711
55755
55882
59522
59469
55851
55949
56287
68646
55909
55817
59545
59379
55982
56009
55892
165083
170324
66194
70693
63420
80143
128316
59242
128196
61278
59728
98903
128585
61099
99876
62382
61406
114148
128392
59447
128383
61543
128647
61539
128367
61547
128444
65327
65840
61067
61217
59028
59119
59061
59007
99758
163669
175143
68641
106035
128154
61344
61378
61537
61291
87091
128519
59347
128443
59446
128615
61586
61383
61442
61285
59408
59317
59490
106494
55991
59429
59486
59426
59375
56871
55881
122956
55810
55845
59425
59435
55935
147856
151186
65986
67856
63396
61301
81500
59343
128380
59364
128453
59287
94195
61580
66026
61507
59446
59428
59468
59547
127994
55553
59167
59269
59239
59349
59366
100619
55836
55842
59387
59334
55829
59446
55838
125301
140632
142567
68565
79234
63654
59214
62158
55666
55648
55544
55680
55696
128591
128528
128510
121570
55269
55201
55216
55216
55408
55231
55435
55190
55308
55186
55178
55318
55514
55710
55746
55762
55707
55696
55396
55410
90233
132954
59881
55604
56451
61075
61050
61032
61101
61008
61050
60990
60996
55371
55319
55513
55765
55804
55597
55648
55710
55686
103566
103554
103503
103364
96503
55231
55197
55361
55330
55287
55282
55489
55535
55420
55966
119765
55369
55475
55405
55188
55483
55496
55396
55235
55300
55381
55431
55321
55336
55326
55505
55308
55308
55240
55715
55510
55305
55269
55330
55666
55385
55306
55246
55283
55492
55276
55183
55431
170983
55459
68268
71029
61613
59368
61463
128420
59112
128232
59127
128413
59218
61611
61464
61562
59520
59356
59417
59506
111291
55792
55913
59407
59416
55837
59456
87510
56008
55780
59566
55794
55913
55816
55832
55774
203505
200913
68554
80488
63519
61346
61296
61176
59110
59074
59077
83553
55636
59329
59466
59476
55854
59509
55908
62599
55807
55744
59471
59480
55863
56186
55836
55780
86893
55908
55868
59500
59220
55680
55613
55546
176676
170681
68679
70767
65775
128412
59298
83571
55636
55569
55627
55674
120116
56124
55859
55890
55985
55840
55849
55658
55170
55268
55267
55335
55311
55454
55292
55223
55384
55378
55674
55783
55852
55762
55716
55651
149698
159857
61593
55518
55527
55503
55525
64538
65745
65668
65727
65829
65808
65818
63565
55521
55695
55659
56053
55999
55775
55865
55763
55654
55517
55399
55440
55311
55326
55342
55383
55290
74041
55816
56192
59399
145653
151724
65869
67843
63411
61161
59207
59241
59175
59250
126994
128676
55597
59303
59451
59272
113865
128587
59324
128136
59199
128409
59201
61416
61443
61430
59399
59374
64183
55808
55738
55622
55832
55863
55819
55857
131940
145860
61512
55645
55596
55665
55535
59711
60998
60944
60976
61046
61047
61031
61167
58507
55704
55766
55714
55740
55670
55888
55859
55895
55617
55194
55443
55277
55449
55379
55366
55393
55263
55661
55672
55831
119455
135479
61001
57331
65836
65826
65965
65753
65930
65811
65870
59411
55265
55441
55392
55381
55376
55354
55348
55363
55237
55321
55339
55620
55342
55351
55289
55407
55284
55478
55400
55234
55366
55345
55314
55253
56324
117778
55355
55283
55469
55414
55316
55433
55413
55271
55417
55226
55385
55375
55277
55350
55346
55443
55443
55316
55290
55712
55410
55319
55467
55335
55327
55257
55394
55467
55319
55436
55294
55316
171641
60807
57880
56423
55552
55224
55566
55526
55386
55284
55359
55255
55307
55325
55418
55380
55410
55431
55463
111937
55756
55839
59481
59481
55738
59405
55982
55828
55816
55934
55905
55921
55796
55813
55959
58297
170192
200133
68610
71936
63564
61166
59083
59074
59079
59078
55559
55681
115549
55753
55797
59448
59487
55860
59465
60935
55756
59401
55791
59398
55816
76780
55810
55725
113122
55857
56075
55551
59417
55674
55856
55780
197232
170561
68554
68185
124891
128603
61408
128341
63098
128507
61427
128279
61429
128587
61489
128407
61635
61488
61505
61579
66079
128652
59464
128575
59475
128852
61575
61606
61540
61519
59335
71362
59494
69365
59409
55741
164473
160909
94800
68430
63590
61291
61374
59217
59330
59204
122468
61642
55746
55851
55744
55690
55763
55650
55290
55793
55563
55361
55351
55328
55249
55321
55594
55585
55316
55305
55221
55420
55278
55073
55237
55357
141107
151972
64524
68029
63382
127504
59277
59312
59293
60873
59179
59122
72158
55833
55599
55447
56152
56068
55666
55765
55550
55503
55279
55489
55424
55475
55317
55231
55295
55316
55452
55261
55268
55241
55276
55377
130919
145850
61235
55368
55485
55442
55494
55565
55454
55289
55147
55259
55345
55342
56765
55945
55683
55466
55329
55113
55298
55364
55276
55370
55263
55303
55203
102208
103434
103510
103509
96859
55213
55265
55302
55260
88914
132352
60294
60943
61055
60982
61046
61034
61082
61083
61281
55280
55284
55356
55099
55209
55253
55247
55254
55426
55365
55174
55287
55297
55338
55346
55270
55291
55291
55434
55390
55430
55245
55170
55308
55332
55949
119883
55748
55745
55626
55665
55617
55454
55408
55377
55260
55313
55129
55095
55265
55431
55386
55309
55530
55102
55366
55743
55588
55374
55499
55355
55041
55442
55302
55452
55501
55491
55207
55350
171866
55292
55772
56171
55489
55274
55207
55158
55307
55426
55331
55379
55304
55209
55267
55353
55284
55291
55481
55317
55318
55317
55324
55398
55222
55285
55275
55315
55389
55320
55397
55189
55248
55340
55389
55394
147462
173888
61086
55171
55326
55331
116413
128448
128194
128270
59540
55300
55148
54993
55589
55258
55189
55322
55233
55217
55300
55371
55334
55255
55168
55377
55253
55378
55434
57623
55525
55409
55382
55361
55317
55409
158381
168344
60548
55449
55414
55335
116239
128534
128559
128538
59373
55254
55321
55268
55201
55212
55384
55219
55163
55361
55236
55446
55444
55629
55419
55344
55227
55286
55407
55287
55404
55400
55254
55433
55463
55279
158979
161433
61531
55423
55476
55561
106735
128543
128553
128584
68904
55225
55841
55304
55338
55323
55406
55310
55395
55524
55731
57512
57385
57587
57452
56738
55653
55788
67038
55494
59038
55755
55449
55433
55507
55448
150526
150963
66008
67957
63357
66101
55424
55377
55533
55627
55878
55704
55871
56269
55727
55450
55266
55550
55507
55345
55296
55193
55290
55351
55235
55267
55310
55398
55483
55485
55313
55430
55628
55387
55158
55297
131378
144236
62392
55514
55426
55404
55317
55378
55394
55366
55660
55590
55367
55268
55367
55305
55406
55300
55461
55290
55390
55299
55212
55315
55260
55210
55214
55296
55402
55403
55223
55282
55442
55367
55317
55300
119540
131417
60399
55410
55572
55500
55599
55497
55615
55677
55262
55205
55460
55280
55279
55298
55343
55273
55406
55328
55271
55456
55494
55310
55255
55237
55360
55427
55363
55253
55350
55307
55248
55323
55382
55226
55998
119295
55344
55279
55395
55456
55183
55393
55414
55281
55376
55574
55234
55247
55226
55140
55478
55426
55228
55250
55444
55254
55384
55503
55292
55404
55373
55339
55307
55263
55230
55259
55269
55323
170664
55139
55174
55842
55154
55141
55245
55187
60515
60981
61040
61029
60996
61059
61026
61042
57103
55309
55306
55269
55423
55313
55288
55307
55277
55352
55145
55351
55214
55348
55269
55268
55254
55369
55499
55188
169358
173681
61059
68529
55705
55606
55441
55511
55438
55388
55374
55410
55139
55160
55282
55260
55358
55252
55290
55319
55486
55362
58067
55336
55330
55426
55268
55420
55311
55566
55336
55334
55344
55233
55447
55308
158366
175315
60305
55270
55207
55238
55250
55826
63237
63246
63394
63280
63342
63349
63411
62015
55223
55306
55465
55410
55401
55334
55345
55294
55364
55434
55341
55267
55290
55328
55227
55208
55265
55379
55350
55293
149502
159622
61361
114973
128519
128428
128256
60765
55041
55089
55172
55086
55170
55018
55216
55126
55487
55266
55228
55350
55208
55464
55322
55408
55198
55464
55284
55330
55280
55337
55302
55187
55252
55263
55474
55195
143735
151316
60720
64625
128479
128492
128590
111052
55256
55196
55194
55219
55152
55310
55110
55127
55310
55308
55232
55279
55320
55419
55353
55312
55232
55305
55317
55240
55286
55332
55369
55267
55277
55302
55357
55428
130442
145777
61295
55553
68324
128550
128436
128494
107501
55203
55302
55181
55494
55513
55543
55565
55499
55472
55310
55237
55321
55217
55258
55379
55208
55317
55395
55289
55796
55736
55805
55687
55800
55711
55888
55605
90006
132918
59866
55776
55913
55619
58678
63279
63374
63272
63294
63379
63396
63352
59808
55669
55811
56041
55938
55805
55780
55668
55623
55596
55201
55398
55408
55419
55231
55406
55331
55230
55403
55300
55448
55207
55972
119414
55315
55353
55579
55360
55394
55582
55364
55313
55441
55426
55560
55464
55315
55483
55474
55230
55370
55656
55420
55275
57137
55609
55306
55288
55307
55282
55399
55209
55357
55310
55287
55517
170387
55633
55466
56640
60966
63264
63242
63280
63259
63289
63281
63250
57104
55281
55462
55245
55278
55690
55816
55740
55852
55691
55326
55304
76359
55273
55314
55366
55358
56007
55510
55226
55383
55242
55292
55505
170633
175792
61132
55568
55506
55735
55637
60017
65695
65687
65688
65736
65741
65724
65743
57190
55683
55809
55700
55734
55761
55657
55800
55712
55554
55254
55433
55199
55262
55406
55320
55504
55279
55478
55276
55392
158780
170303
100661
55616
55686
55469
55569
55651
55710
55613
55526
55227
55339
55321
55302
55545
55753
55859
55768
55622
55293
55239
55401
55262
55346
55258
55414
55290
55413
55238
55271
55335
55286
55529
55587
55786
149232
160374
61699
55596
55691
55440
57513
68364
68417
68376
68266
68404
68413
68540
57105
56173
55944
55719
55539
55671
55756
55794
55739
55794
55333
55202
55600
55274
55130
55294
55399
55195
55879
55678
55652
55725
140074
157611
99673
55698
55629
55285
55417
55681
55820
55648
55067
55291
55331
55293
55262
55539
55919
55800
55579
55339
55324
55308
55332
55355
55308
55228
55294
55396
55299
55310
55340
55235
55200
55586
55671
55697
130656
145602
61396
55663
55580
55642
56100
63347
63318
63267
63212
63338
63358
63402
62349
55578
55796
55639
55709
55707
55750
55764
55631
55694
55286
55278
55283
55419
55266
55350
55323
55311
55519
55522
55763
55799
119552
135314
60785
64740
65914
65837
65846
65785
65810
65708
63367
55116
55235
55293
55360
55537
55764
55646
55695
55855
55876
55669
55248
55387
55376
55326
55248
55327
55394
55353
55270
55288
55294
55521
55263
55413
55908
117747
55778
55768
55658
55637
55699
55660
55622
55599
55302
55295
55313
55202
55370
55315
55318
55220
55378
55241
55244
55250
55275
55317
55257
55232
55160
55397
55199
55170
55303
55155
55291
55288
176198
55421
55511
56622
55581
55603
55513
55504
55505
55604
55261
55240
55293
55309
55308
55282
55350
55257
55738
55595
55762
55634
55709
55763
55644
55693
55685
55663
55282
55242
55272
55613
55605
58230
55333
55217
154937
173582
68640
70837
63912
61347
59122
59065
59064
59051
55434
55528
55740
82028
55756
55730
59223
59402
56023
57705
56018
58765
56234
126684
55860
55922
59475
59449
55952
100315
59483
59455
59394
59410
61117
59438
172803
221026
68633
70838
91591
61355
59250
61318
59166
59240
59261
59259
99770
55540
55488
59299
59191
55597
55850
55869
95434
55824
55866
59353
59381
55837
55855
55882
86107
55838
55720
59339
59363
55847
55764
55674
161852
160582
66105
68151
63403
84287
128203
59226
128363
61341
61917
124395
128547
128476
126026
55184
55543
55477
55224
55238
55557
55557
55306
55298
55045
55491
56188
55734
55690
55766
55786
55663
55610
55339
55301
55213
142936
150792
62117
55484
55711
67213
55554
55569
55413
55572
55384
55410
55135
55145
55222
55190
55320
55588
55616
55670
55558
55182
55268
55214
55360
55317
55257
55188
55164
55417
55337
55352
55210
55066
55461
55781
130913
141865
61086
55113
55258
55380
55312
55336
57252
58916
58965
58785
58983
58934
58877
58809
59019
55229
55268
55172
55195
55290
55427
55551
55423
55487
55342
55415
55335
55308
55261
55110
55341
55390
55559
55807
89559
133570
59948
55666
55737
55791
61063
61009
60972
61036
61056
60999
61099
60966
55903
55579
55636
55725
55731
55710
55831
55720
55699
55597
55287
55407
55330
55277
55298
55298
55254
55168
55386
55340
55452
55265
55878
119285
55374
55294
119018
118844
118769
118877
68146
55192
55337
55167
55024
55157
55173
55348
55253
55174
55207
55420
55384
55282
55203
55199
55353
55286
55575
55415
55302
55195
55283
55337
55274
55430
172529
55436
55509
56400
55595
55648
55641
55480
60050
63389
60877
60872
60843
61045
61501
60978
57547
55561
55779
55913
55771
55690
55646
55765
55641
55522
55208
57541
55233
55284
55318
55123
55443
55220
55232
55498
169397
173163
61275
75743
55541
55703
55525
55345
55322
55417
55550
55519
55583
55344
55288
55253
55642
55635
55668
55675
55709
55357
55336
55310
55190
55249
55299
55454
55551
55392
55176
55627
55363
55443
55747
55982
159449
170340
60478
55251
55223
55240
55303
56990
63346
63304
63187
63278
63278
63390
63311
61146
55731
55696
55834
55889
55755
55678
55804
55726
55517
55272
55320
55387
55431
55400
55234
55199
55322
55710
55777
55594
149731
161468
65457
128453
128388
128313
117431
55074
55049
55205
55242
55364
55487
55532
55481
55558
55226
55256
55366
55344
55118
55336
55369
55315
55558
55419
55498
55592
55700
55973
55963
55690
55719
55594
55320
55379
143996
151028
60922
94100
128719
128441
128399
81831
55290
55334
55169
55357
55487
55531
55575
55420
55716
55174
55222
55294
55366
55302
55255
55459
55072
55360
55666
55477
55406
55698
55783
55632
55473
56054
55836
55194
131926
144749
61532
55584
105836
128468
128451
126538
71586
55237
55350
55358
55378
55311
55551
55623
55599
55565
55294
55039
55320
55457
55341
55376
55236
55160
55473
55702
55345
55635
55758
55923
55826
55752
55583
55587
87248
133385
59548
55471
55707
55649
60167
60975
60989
61032
61036
61047
60912
61060
57767
55564
55684
55726
55697
55777
55715
55685
55816
55707
55291
55245
55209
55297
55327
55370
55376
55215
55377
55321
55343
55311
55932
119341
55413
55389
55495
55334
55307
55424
55251
55315
55255
55375
55354
55453
55275
55333
55263
55272
55449
55303
55283
55136
55389
55437
55263
55330
55170
55364
55254
55384
55317
55447
55292
55246
170994
55395
55600
56732
62883
65782
65730
65653
65741
65782
65778
65306
55291
55216
55291
55585
55313
55837
55728
55712
55498
55330
55347
55590
55363
55296
55715
55577
55336
59412
55832
55773
55846
55795
55837
55750
183408
201084
68490
70947
63493
61355
120475
128283
59092
61148
61052
61202
109606
59248
59442
59304
59469
59273
59238
59601
55497
59230
55897
55834
55806
55836
55859
55916
72433
56054
55873
59418
59398
55794
55871
55796
166527
170385
68589
70594
63576
92787
59117
59260
59215
59042
59018
59048
55457
91487
55870
55725
59450
59388
57556
55821
55897
79803
55821
128555
59375
59395
59389
59464
86858
59417
59408
59360
59424
59460
59405
55801
166813
160133
66139
68020
63281
116639
59053
59103
61156
