0, 23758
1, 23366
2, 23315
3, 23201
4, 23245
5, 42190
6, 25512
7, 25000
8, 23455
9, 23223
10, 23521
11, 23257
12, 23748
13, 36643
14, 27493
15, 24357
16, 23406
17, 23714
18, 28977
19, 48826
20, 27270
21, 23199
22, 23321
23, 23644
24, 24800
25, 27084
26, 25798
27, 28075
28, 28738
29, 50506
30, 25282
31, 26752
32, 23210
33, 23293
34, 23305
35, 23274
36, 23329
37, 25778
38, 52711
39, 29989
40, 23410
41, 23363
42, 23472
43, 23356
44, 23083
45, 23378
46, 23309
47, 32609
48, 34906
49, 30134
50, 23494
51, 21796
52, 23368
53, 23304
54, 23304
55, 19879
56, 23335
57, 42341
58, 25361
59, 27623
60, 23728
61, 23477
62, 23488
63, 23112
64, 23272
65, 24272
66, 52237
67, 25304
68, 26414
69, 23457
70, 23312
71, 22525
72, 23270
73, 23395
74, 23484
75, 45797
76, 23718
77, 26280
78, 25449
79, 23290
80, 23364
81, 23505
82, 23270
83, 23180
84, 24442
85, 58971
86, 25599
87, 26368
88, 23301
89, 23391
90, 23262
91, 23441
92, 22329
93, 23300
94, 40520
95, 25377
96, 27799
97, 23732
98, 23354
99, 23233
100, 23313
101, 23961
102, 54185
103, 26825
104, 24321
105, 23547
106, 23747
107, 20681
108, 23286
109, 24096
110, 28215
111, 24861
112, 49074
113, 24762
114, 28592
115, 24815
116, 24436
117, 25053
118, 24651
119, 23973
120, 28439
121, 50074
122, 25116
123, 25882
124, 23820
125, 23615
126, 23746
127, 24004
128, 23264
129, 21470
130, 24941
131, 27218
132, 24073
133, 23767
134, 24062
135, 60197
136, 27783
137, 23762
138, 23668
139, 23709
140, 23678
141, 23827
142, 23465
143, 24485
144, 28220
145, 26672
146, 24801
147, 26259
148, 27437
149, 52269
150, 26913
151, 23578
152, 23565
153, 23748
154, 23669
155, 23477
156, 23850
157, 25486
158, 33011
159, 47888
160, 26665
161, 24181
162, 22464
163, 23391
164, 23089
165, 23267
166, 23722
167, 23520
168, 35159
169, 27490
170, 24937
171, 23325
172, 23460
173, 27264
174, 26206
175, 23213
176, 26997
177, 51524
178, 26426
179, 23495
180, 23516
181, 22225
182, 23306
183, 24063
184, 28339
185, 28183
186, 31051
187, 47965
188, 23719
189, 24467
190, 23723
191, 23316
192, 23821
193, 23308
194, 23380
195, 29832
196, 48508
197, 29318
198, 23337
199, 23470
200, 23310
201, 23381
202, 23379
203, 23450
204, 23346
205, 33938
206, 29356
207, 24874
208, 26961
209, 23819
210, 23208
211, 23276
212, 20049
213, 23316
214, 23393
215, 43968
216, 27516
217, 25277
218, 23277
219, 23415
220, 23547
221, 23382
222, 23453
223, 23220
224, 41854
225, 24073
226, 27466
227, 23828
228, 23434
229, 23349
230, 23263
231, 23357
232, 24032
233, 41895
234, 25537
235, 26162
236, 23339
237, 23286
238, 23317
239, 23316
240, 23501
241, 23418
242, 40037
243, 24721
244, 27417
245, 23852
246, 23267
247, 23606
248, 23434
249, 31829
250, 34561
251, 27044
252, 23173
253, 23439
254, 23558
255, 23329
256, 23328
257, 23568
258, 26169
259, 34023
260, 25736
261, 26011
262, 23431
263, 31649
264, 26046
265, 23467
266, 33435
267, 46199
268, 25454
269, 23280
270, 23853
271, 23515
272, 23504
273, 26426
274, 28247
275, 27816
276, 30387
277, 51439
278, 29646
279, 23416
280, 23398
281, 23957
282, 23332
283, 23357
284, 23441
285, 42994
286, 31178
287, 23313
288, 23693
289, 23444
290, 23640
291, 23497
292, 23073
293, 23351
294, 23470
295, 36475
296, 27807
297, 24399
298, 23431
299, 20328
300, 33221
301, 35611
302, 26252
303, 23724
304, 23417
305, 23320
306, 23320
307, 23350
308, 36224
309, 25161
310, 25733
311, 23377
312, 45176
313, 26330
314, 23487
315, 23365
316, 23271
317, 23376
318, 23441
319, 23948
320, 27897
321, 28333
322, 40998
323, 23365
324, 30343
325, 23211
326, 23529
327, 23561
328, 44936
329, 25273
330, 23955
331, 23392
332, 23711
333, 23400
334, 23359
335, 25543
336, 28240
337, 41048
338, 32867
339, 29575
340, 23320
341, 23360
342, 23408
343, 23323
344, 23305
345, 19975
346, 23561
347, 34423
348, 27387
349, 24375
350, 23252
351, 44161
352, 23635
353, 24212
354, 23380
355, 23732
356, 23428
357, 23391
358, 23523
359, 23703
360, 31274
361, 51145
362, 26018
363, 23773
364, 23487
365, 23879
366, 23480
367, 23292
368, 23353
369, 23388
370, 27701
371, 26292
372, 24256
373, 28103
374, 50724
375, 22038
376, 23336
377, 23836
378, 23591
379, 23445
380, 23362
381, 21280
382, 26280
383, 28183
384, 27823
385, 25968
386, 25636
387, 27347
388, 51255
389, 25580
390, 23427
391, 23690
392, 24349
393, 23981
394, 23459
395, 23812
396, 25620
397, 34525
398, 43083
399, 29961
400, 23409
401, 23483
402, 23589
403, 23491
404, 23200
405, 23406
406, 26770
407, 50244
408, 25043
409, 26281
410, 23209
411, 23479
412, 23361
413, 23350
414, 23324
415, 24033
416, 27592
417, 44461
418, 30191
419, 23712
420, 23675
421, 23540
422, 23606
423, 23517
424, 23490
425, 29727
426, 48418
427, 29627
428, 23274
429, 23510
430, 23583
431, 23426
432, 23345
433, 23329
434, 23413
435, 34718
436, 33639
437, 30434
438, 23860
439, 23796
440, 23361
441, 23253
442, 23331
443, 23348
444, 19900
445, 41788
446, 26041
447, 27018
448, 23552
449, 23380
450, 23552
451, 23392
452, 23366
453, 31239
454, 47070
455, 29583
456, 23439
457, 23522
458, 23713
459, 23432
460, 23338
461, 23359
462, 23616
463, 45067
464, 25902
465, 27259
466, 23820
467, 23389
468, 23595
469, 23604
470, 23421
471, 43085
472, 27477
473, 23492
474, 23359
475, 23470
476, 23614
477, 23842
478, 23674
479, 25483
480, 44010
481, 25029
482, 27525
483, 23739
484, 23444
485, 23328
486, 23465
487, 23458
488, 27432
489, 23607
490, 25954
491, 27277
492, 51539
493, 25596
494, 23431
495, 23778
496, 23535
497, 23524
498, 23629
499, 28163
500, 28089
501, 40250
502, 35526
503, 29951
504, 23349
505, 23502
506, 23478
507, 23717
508, 23327
509, 23359
510, 23426
511, 28524
512, 25804
513, 24713
514, 27397
515, 51795
516, 25506
517, 23397
518, 23401
519, 23825
520, 23374
521, 23319
522, 23562
523, 25285
524, 28012
525, 51206
526, 27726
527, 24383
528, 23406
529, 23890
530, 23393
531, 23395
532, 23457
533, 39965
534, 31178
535, 23162
536, 28262
537, 23329
538, 23354
539, 23388
540, 23801
541, 23220
542, 23496
543, 32132
544, 35567
545, 29799
546, 23420
547, 23258
548, 23361
549, 23305
550, 23380
551, 20234
552, 23467
553, 43259
554, 28191
555, 25008
556, 23360
557, 23541
558, 23334
559, 23430
560, 23307
561, 23405
562, 40774
563, 21505
564, 23453
565, 25482
566, 23230
567, 23321
568, 23598
569, 42361
570, 23271
571, 26488
572, 23269
573, 23528
574, 23263
575, 23472
576, 23379
577, 23355
578, 25621
579, 52260
580, 26982
581, 24712
582, 23522
583, 23290
584, 23347
585, 23327
586, 23681
587, 24267
588, 53118
589, 27497
590, 24574
591, 23616
592, 23311
593, 23326
594, 23335
595, 23362
596, 23320
597, 42281
598, 23959
599, 30122
600, 23357
601, 23419
602, 23177
603, 23562
604, 23406
605, 23370
606, 29657
607, 28167
608, 23833
609, 29578
610, 49058
611, 25579
612, 23524
613, 23454
614, 23360
615, 23359
616, 23362
617, 25074
618, 28409
619, 34151
620, 44403
621, 29978
622, 23743
623, 23957
624, 23424
625, 23410
626, 23989
627, 23365
628, 23141
629, 49430
630, 24376
631, 26921
632, 23366
633, 23427
634, 23317
635, 23514
636, 23219
637, 23575
638, 23319
639, 26737
640, 24016
641, 27051
642, 27476
643, 52634
644, 25905
645, 23558
646, 19896
647, 23498
648, 23379
649, 23468
650, 23410
651, 24177
652, 28020
653, 27345
654, 26703
655, 24437
656, 27958
657, 51311
658, 25830
659, 23460
660, 23559
661, 24312
662, 24051
663, 23494
664, 42697
665, 24914
666, 26363
667, 23426
668, 23564
669, 23263
670, 23549
671, 23271
672, 43780
673, 24243
674, 26721
675, 23257
676, 23441
677, 23333
678, 23395
679, 23267
680, 23556
681, 28498
682, 25737
683, 21351
684, 23777
685, 23510
686, 25712
687, 23117
688, 26284
689, 52403
690, 25173
691, 23276
692, 23286
693, 23583
694, 24045
695, 28234
696, 44977
697, 23811
698, 27763
699, 23798
700, 23579
701, 23614
702, 23308
703, 23399
704, 44055
705, 26630
706, 23701
707, 23519
708, 23700
709, 23492
710, 23338
711, 23346
712, 37955
713, 26437
714, 24862
715, 23401
716, 23438
717, 23301
718, 42382
719, 23724
720, 25502
721, 23248
722, 23416
723, 20459
724, 21449
725, 22463
726, 43923
727, 34616
728, 26177
729, 24423
730, 23324
731, 23915
732, 23305
733, 23439
734, 23252
735, 27636
736, 32233
737, 24613
738, 26316
739, 30608
740, 47265
741, 25385
742, 23393
743, 23293
744, 23325
745, 23414
746, 23370
747, 24404
748, 28152
749, 33891
750, 41077
751, 30164
752, 23661
753, 23352
754, 23562
755, 23282
756, 23314
757, 23852
758, 31544
759, 46359
760, 29279
761, 23401
762, 23336
763, 24274
764, 23244
765, 23269
766, 23276
767, 23288
768, 42167
769, 25778
770, 27157
771, 23548
772, 23312
773, 23315
774, 22628
775, 23509
776, 23582
777, 33314
778, 25090
779, 25486
780, 23266
781, 32666
782, 26185
783, 22140
784, 36698
785, 33158
786, 24997
787, 23258
788, 23253
789, 23625
790, 21111
791, 24125
792, 44269
793, 23485
794, 28125
795, 23340
796, 23522
797, 23336
798, 23225
799, 43175
800, 26405
801, 23391
802, 23227
803, 22415
804, 23328
805, 23313
806, 27401
807, 42435
808, 25836
809, 25030
810, 20571
811, 23315
812, 23332
813, 23437
814, 23226
815, 24999
816, 62269
817, 24975
818, 23848
819, 23564
820, 23685
821, 23307
822, 23297
823, 23209
824, 24350
825, 31475
826, 38774
827, 30050
828, 23265
829, 23294
830, 23314
831, 23342
832, 23256
833, 23302
834, 23204
835, 41973
836, 26865
837, 25833
838, 23381
839, 23698
840, 23289
841, 23232
842, 23392
843, 43211
844, 25067
845, 25206
846, 23645
847, 23308
848, 23451
849, 23206
850, 23417
851, 23583
852, 41047
853, 24457
854, 26724
855, 23191
856, 23421
857, 23346
858, 23587
859, 23525
860, 23419
861, 30369
862, 23617
863, 26336
864, 29281
865, 48801
866, 25487
867, 23315
868, 23172
869, 23323
870, 23254
871, 23144
872, 24646
873, 27958
874, 29955
875, 48567
876, 25364
877, 26480
878, 23067
879, 23330
880, 23347
881, 23312
882, 23344
883, 43817
884, 24589
885, 27782
886, 23665
887, 23384
888, 23608
889, 23263
890, 23314
891, 23303
892, 23308
893, 37769
894, 27093
895, 26070
896, 23493
897, 23444
898, 25987
899, 53586
900, 26988
901, 23364
902, 23666
903, 23489
904, 23329
905, 23195
906, 25747
907, 26313
908, 30975
909, 45980
910, 26923
911, 24991
912, 23300
913, 23271
914, 23297
915, 23353
916, 23647
917, 40784
918, 23332
919, 28608
920, 23237
921, 23451
922, 23513
923, 23288
924, 23363
925, 40719
926, 21575
927, 23551
928, 23750
929, 23518
930, 23323
931, 23340
932, 42956
933, 22929
934, 25292
935, 23256
936, 23677
937, 23417
938, 23340
939, 23375
940, 23337
941, 46043
942, 25199
943, 26013
944, 23418
945, 23319
946, 23346
947, 23358
948, 24429
949, 34031
950, 48674
951, 24881
952, 25811
953, 23363
954, 23393
955, 23520
956, 23625
957, 23370
958, 23860
959, 38262
960, 36255
961, 30132
962, 23587
963, 23321
964, 23438
965, 23449
966, 23333
967, 23720
968, 23362
969, 32579
970, 22196
971, 26518
972, 30595
973, 47368
974, 25442
975, 23281
976, 23398
977, 23376
978, 23385
979, 23453
980, 23324
981, 27409
982, 43840
983, 23123
984, 30340
985, 19923
986, 23547
987, 23416
988, 23241
989, 23381
990, 42411
991, 24934
992, 25838
993, 23229
994, 23455
995, 23276
996, 23425
997, 23430
998, 31613
999, 48257
