235539248
101700920
206152448
116781640
218040920
319300200
420559480
511661352
612920616
155123456
256343504
362848392
469353280
570573328
155603216
257311232
359019248
460727264
562435280
664143296
776420968
895568920
997276936
1098984952
155345072
277397592
399978560
501420240
602861920
704303600
805745280
907186960
1008628640
1110070320
154800064
255672176
356544288
457416400
558288512
659160624
768964096
878767568
979639680
1080511792
1181383904
1282256016
1383128128
1484000240
1584872352
1685744464
1795547936
1938698608
2039570720
2140442832
181205784
262477112
363748456
465019800
566291144
667562488
768833832
870105176
992515808
1093787152
1195058496
1276329824
1377601168
1478872512
1580143856
1681415200
1782686544
1883957888
1985229232
2086500576
2187771920
175760216
257885624
360011048
462136472
564261896
666387320
768512744
870638168
972763592
1092751720
1174877128
1277002552
1379127976
1481253400
1583378824
1685504248
1787629672
1889755096
1991880520
2074005928
2176131352
2278256776
2380382200
2482507624
2584633048
