1011351552
1011351552
1011351552
1275592704
1275592704
1275592704
1275592704
1275592704
1275592704
1275592704
1275592704
1275592704
1275592704
1275592704
1804075008
1804075008
1804075008
1804075008
1804075008
1804075008
1804075008
1804075008
1804075008
1804075008
1804075008
1804075008
1804075008
1804075008
1804075008
1804075008
1804075008
1804075008
1804075008
1804075008
2909274112
2909274112
2909274112
2909274112
2909274112
2909274112
2909274112
2909274112
2909274112
2909274112
2909274112
2909274112
2909274112
2909274112
2909274112
2909274112
2909274112
2909274112
2909274112
2909274112
2916089856
2916089856
2916089856
2916089856
2916089856
2916089856
2916089856
2916089856
2916089856
2916089856
2916089856
2916089856
2916089856
2916089856
2916089856
2916089856
2916089856
2916089856
2916089856
2916089856
2916089856
5026349056
5026349056
5026349056
5026349056
5026349056
5026349056
5026349056
5026349056
5026349056
5026349056
5026349056
5026349056
5026349056
5026349056
5026349056
5026349056
5026349056
5026349056
5026349056
5026349056
5026349056
5026349056
5026349056
5026349056
5026349056
