4360
3101
2799
2671
4
33
60
55
7
31
40
38
5
28
39
34
5
31
30
35
4
48
36
60
4
35
39
41
3
33
39
41
3
64
59
39
3
33
42
54
3
28
41
47
3
59
72
88
3
51
42
36
3
34
42
39
3
38
39
39
3
38
47
39
3
50
53
39
3
47
47
40
3
73
64
68
3
36
39
42
3
38
39
42
3
42
39
42
3
42
42
42
3
42
42
42
3
38
80
39
3
46
42
42
3
42
42
46
3
42
42
42
3
41
41
41
3
42
42
41
3
42
42
42
3
45
61
42
3
42
42
41
3
41
41
78
3
41
42
42
3
42
42
42
3
41
41
41
3
60
78
40
3
41
42
42
3
41
41
77
3
40
41
42
3
42
41
41
3
41
41
41
3
71
41
54
3
41
61
33
3
41
41
39
3
41
41
43
3
41
41
41
3
41
41
41
3
41
41
41
3
44
71
41
3
41
41
41
2
41
41
44
3
41
41
41
3
41
49
41
3
41
36
41
3
59
38
41
3
41
58
41
3
42
41
44
3
41
41
41
3
41
41
41
4
41
41
41
3
74
40
41
3
41
73
40
2
41
41
44
3
41
41
41
3
41
54
49
3
41
32
37
3
41
33
38
3
44
36
72
3
40
56
41
3
41
41
41
3
41
41
41
3
41
41
41
3
41
41
41
3
60
41
73
3
41
74
40
3
41
41
41
3
41
41
41
3
41
41
41
3
41
41
41
3
73
41
70
2
41
41
41
4
42
57
43
3
41
42
42
3
41
41
41
2
41
41
41
2
41
41
65
3
44
41
41
3
41
70
41
3
41
41
41
3
49
41
41
3
36
41
41
3
39
41
62
3
60
38
31
2
41
40
33
3
41
43
33
2
41
41
33
2
41
40
33
3
41
40
52
3
74
41
40
3
41
41
41
2
41
63
41
2
41
41
41
3
41
41
41
3
41
41
58
3
41
41
41
2
56
41
38
3
42
74
33
3
41
41
41
3
41
41
41
3
41
41
64
3
38
41
41
3
68
41
38
3
41
40
33
4
28
40
34
2
34
34
38
3
33
38
67
3
35
38
41
2
35
38
41
3
43
38
41
2
41
66
41
3
41
41
42
2
41
41
41
3
41
41
44
3
41
42
42
4
63
42
42
3
38
41
41
2
33
44
40
2
33
41
40
2
33
41
59
3
38
41
40
2
63
40
41
2
41
41
41
2
41
60
41
2
41
41
41
2
41
41
72
2
40
41
41
2
41
41
41
2
60
41
41
2
41
70
40
2
41
41
41
2
41
41
41
2
41
41
44
2
41
41
41
2
73
40
41
2
41
41
41
3
41
44
41
2
41
41
41
3
41
41
61
2
41
49
41
2
41
38
41
2
59
38
41
2
41
61
41
2
41
41
41
2
41
41
73
2
41
41
41
3
41
41
41
3
71
41
41
2
41
74
41
3
41
41
41
3
41
41
41
2
41
41
44
2
41
41
41
2
41
41
41
2
43
41
41
2
41
59
41
2
41
41
41
2
41
41
58
2
41
41
34
2
41
40
33
2
61
40
33
2
41
71
40
2
41
41
35
2
41
41
65
2
40
41
35
2
41
41
33
3
73
39
31
2
41
40
37
2
41
58
36
2
41
40
34
2
41
40
36
3
41
40
38
6
45
41
34
2
43
40
34
2
41
69
41
2
41
44
35
3
41
38
58
2
41
38
34
3
41
38
34
2
52
37
31
3
42
38
33
3
41
43
33
2
40
40
66
2
41
41
36
2
41
40
34
2
70
39
32
2
41
40
33
2
41
60
36
2
41
41
34
2
41
40
35
2
41
40
33
2
41
40
33
2
44
40
33
2
41
72
39
2
41
41
35
2
41
40
50
2
41
40
34
2
41
40
33
2
57
39
32
2
41
40
32
2
41
43
33
2
41
40
65
2
40
41
35
2
41
40
34
2
67
37
28
2
41
39
31
2
41
60
37
2
41
40
34
2
41
29
33
2
41
40
33
2
38
40
33
2
55
40
33
2
41
70
39
2
41
41
34
2
41
40
59
2
41
41
35
2
41
41
33
2
66
40
32
2
41
40
32
2
41
42
33
2
41
40
68
2
41
41
37
2
41
41
35
2
75
38
29
2
41
40
33
2
41
61
37
2
41
41
34
2
41
40
48
2
41
40
34
2
41
40
33
2
54
40
32
2
41
73
39
2
41
31
31
2
41
40
61
2
41
38
34
2
40
40
33
6
67
39
31
2
41
40
34
2
38
42
32
2
41
40
68
2
40
41
34
3
41
41
42
3
74
40
41
3
41
43
42
3
41
58
38
2
41
41
41
2
41
41
40
2
41
40
35
2
41
40
33
2
44
40
33
2
41
70
38
2
41
41
34
2
41
40
48
2
41
40
34
2
41
40
32
2
55
40
33
2
41
40
33
2
41
42
33
2
41
28
57
2
41
41
34
2
41
29
29
2
65
39
31
2
41
40
34
2
41
63
37
2
41
40
68
2
40
41
36
2
41
37
41
2
74
39
31
2
41
40
35
2
41
74
39
2
41
41
35
2
41
46
34
2
41
36
32
2
41
36
32
2
43
37
32
2
41
37
32
2
41
57
36
2
41
40
52
2
38
41
32
2
41
40
33
2
54
39
36
2
41
40
33
2
41
67
38
2
41
40
63
2
41
41
34
2
41
40
32
2
68
39
31
2
41
40
32
2
41
40
32
2
38
42
68
2
38
41
36
2
38
40
33
2
73
38
29
2
41
40
32
2
41
40
33
2
41
60
38
2
41
41
51
2
41
41
34
2
41
40
32
2
44
40
33
2
39
40
32
2
41
74
39
2
41
41
63
2
41
41
35
2
41
40
33
2
53
39
32
2
41
40
33
2
41
40
32
2
41
60
70
2
40
41
36
2
41
41
34
2
65
40
32
2
41
40
32
2
41
40
33
2
41
73
39
2
41
41
38
2
41
40
34
2
71
39
31
2
41
40
32
2
41
40
32
2
41
40
32
2
41
45
41
2
26
23
21
2
20
19
18
2
20
18
34
2
41
41
41
2
41
41
41
2
41
69
60
2
34
28
25
1
23
21
20
2
29
18
18
1
18
18
18
1
18
18
18
1
18
18
39
1
20
21
18
1
18
61
30
2
55
30
25
2
24
22
20
2
19
18
18
2
18
18
18
2
18
38
21
2
18
18
18
2
36
21
19
1
18
18
18
1
18
18
18
1
18
18
18
1
18
33
29
1
19
18
18
1
18
18
18
1
19
18
18
1
19
19
19
1
23
23
23
1
23
19
36
1
28
35
27
1
29
34
28
1
44
34
32
2
38
37
32
2
38
37
32
2
38
37
32
2
38
57
52
2
38
41
34
2
60
41
35
2
41
40
34
2
41
40
32
2
41
40
33
2
38
70
67
2
40
41
34
2
66
41
36
2
40
40
33
2
38
40
32
2
43
37
29
2
35
37
31
3
36
40
34
2
72
38
35
2
41
29
29
2
41
39
32
1
40
37
32
1
38
29
28
2
38
59
59
2
38
40
34
2
59
40
34
2
41
40
33
2
41
40
38
1
41
39
32
2
41
72
69
2
39
41
36
2
68
41
36
2
41
40
34
2
41
40
32
2
41
40
32
2
41
40
33
2
41
43
56
2
76
39
41
2
41
41
41
2
41
41
41
2
41
41
41
2
41
41
39
1
33
52
65
2
40
36
41
2
44
41
41
2
41
41
39
2
41
41
41
2
41
41
41
2
42
71
40
2
41
41
43
2
43
41
41
2
41
41
41
2
41
41
41
2
41
41
41
2
41
41
41
2
41
44
61
2
44
41
41
2
41
41
41
2
41
41
41
2
41
41
41
2
41
41
41
2
41
61
76
2
42
41
41
2
41
41
41
2
41
41
41
2
41
41
41
2
41
41
41
2
41
74
40
2
43
41
63
2
41
41
41
2
41
41
41
2
54
41
41
2
33
41
41
2
35
41
41
2
44
55
76
2
39
41
41
2
41
41
37
2
41
40
35
2
41
40
34
2
72
39
31
2
41
58
37
2
41
40
59
2
41
41
41
2
41
41
41
2
41
41
41
2
67
40
41
2
41
76
41
2
40
41
70
2
40
41
41
2
41
41
41
2
41
41
41
2
71
40
41
2
41
41
41
2
41
60
41
2
41
41
43
2
41
41
41
2
41
41
41
2
75
40
41
2
41
41
41
2
41
69
41
2
41
41
57
2
41
41
41
2
41
41
41
2
71
40
41
2
41
41
41
2
41
41
41
2
41
43
66
2
40
41
41
2
41
41
41
2
66
40
41
2
41
41
41
2
41
41
41
2
41
57
44
2
54
41
41
2
33
41
37
2
60
40
32
2
41
40
32
2
41
40
32
2
41
65
38
2
41
40
56
2
40
41
37
2
54
40
32
2
41
31
23
1
19
19
19
1
19
47
19
1
19
18
35
2
30
34
27
2
49
35
30
2
38
35
32
2
38
37
32
2
38
37
32
2
38
53
30
2
38
39
45
2
56
36
29
