.242
.002
.002
.002
.159
.005
.011
.009
.385
.010
.009
.005
.384
.004
.004
.004
.384
.004
.004
.013
.384
.012
.007
.005
.383
.010
.010
.004
.383
.004
.004
.004
.395
.004
.004
.004
.383
.013
.014
.010
.387
.010
.015
.009
.385
.004
.004
.004
.384
.004
.004
.004
.383
.008
.011
.010
.396
.015
.010
.015
.382
.004
.004
.004
.382
.004
.004
.004
.382
.012
.012
.010
.382
.010
.010
.009
.409
.004
.004
.004
.390
.004
.004
.004
.381
.012
.012
.009
.404
.015
.015
.004
.384
.004
.004
.002
.384
.010
.010
.009
.382
.004
.004
.004
.394
.004
.004
.004
.383
.012
.011
.010
.426
.010
.012
.009
.382
.004
.004
.004
.382
.004
.004
.004
.383
.013
.012
.010
.390
.015
.010
.015
.382
.004
.004
.004
.408
.004
.004
.004
.382
.013
.012
.010
.382
.010
.010
.009
.384
.004
.004
.004
.383
.004
.004
.004
.382
.012
.011
.010
.382
.010
.009
.004
.381
.004
.004
.004
.385
.004
.004
.013
.392
.012
.012
.009
.382
.010
.010
.004
.382
.010
.004
.004
.383
.009
.010
.004
.383
.004
.004
.004
.411
.004
.004
.011
.392
.010
.011
.009
.382
.016
.011
.004
.381
.004
.004
.002
.383
.004
.004
.010
.410
.010
.011
.009
.382
.010
.010
.004
.392
.004
.004
.004
.383
.004
.004
.010
.382
.010
.010
.009
.383
.004
.004
.004
.382
.004
.004
.002
.243
.013
.012
.010
.393
.010
.010
.009
.382
.004
.004
.004
.383
.004
.004
.004
.409
.021
.012
.010
.382
.010
.010
.009
.382
.004
.004
.004
.383
.004
.004
.004
.409
.012
.012
.010
.385
.015
.010
.009
.383
.004
.004
.004
.382
.004
.004
.004
.393
.014
.012
.010
.383
.010
.010
.009
.382
.004
.004
.004
.383
.004
.004
.004
.383
.012
.011
.015
.384
.010
.011
.009
.389
.004
.002
.004
.384
.004
.004
.012
.383
.012
.011
.009
.388
.010
.010
.002
.383
.004
.004
.004
.382
.004
.004
.013
.395
.012
.012
.009
.383
.010
.011
.004
.382
.004
.004
.004
.383
.004
.004
.012
.384
.012
.012
.009
.383
.015
.010
.004
.390
.004
.004
.004
.382
.004
.004
.011
.382
.019
.016
.009
.382
.010
.010
.004
.382
.004
.004
.002
.385
.004
.004
.011
.383
.010
.010
.008
.410
.017
.010
.004
.384
.004
.004
.004
.383
.004
.004
.011
.382
.012
.008
.009
.392
.010
.010
.004
.383
.004
.004
.005
.413
.004
.004
.012
.385
.010
.010
.009
.383
.010
.010
.004
.382
.004
.004
.004
.390
.004
.004
.016
.382
.010
.016
.009
.384
.010
.010
.004
.384
.004
.004
.004
.382
.004
.004
.011
.384
.010
.010
.009
.389
.010
.010
.004
.384
.004
.004
.004
.382
.004
.004
.010
.383
.010
.010
.009
.382
.016
.015
.004
.381
.004
.004
.004
.392
.004
.004
.010
.384
.010
.019
.009
.382
.010
.010
.009
.383
.004
.004
.004
.382
.004
.004
.004
.384
.017
.012
.010
.406
.010
.010
.009
.382
.004
.004
.004
.382
.004
.004
.004
.382
.012
.031
.010
.382
.010
.010
.009
.392
.004
.004
.004
.382
.004
.004
.004
.382
.012
.012
.010
.382
.010
.010
.009
.382
.002
.002
.004
.384
.004
.004
.005
.394
.012
.012
.009
.382
.010
.010
.018
.382
.004
.004
.004
.382
.004
.004
.013
.385
.011
.013
.009
.410
.009
.010
.004
.405
.004
.004
.004
.382
.004
.004
.012
.382
.010
.012
.010
.383
.010
.010
.004
.386
.004
.004
.004
.406
.004
.004
.036
.393
.010
.037
.009
.383
.006
.010
.004
.382
.004
.004
.004
.382
.004
.004
.011
.382
.011
.011
.009
.383
.006
.006
.004
.407
.004
.004
.004
.382
.004
.004
.012
.382
.011
.011
.010
.382
.010
.010
.002
.383
.004
.004
.004
.393
.004
.004
.012
.382
.015
.010
.009
.382
.010
.010
.004
.382
.004
.004
.004
.381
.004
.004
.012
.382
.010
.011
.009
4.380
.010
.010
.004
.383
.004
.004
.004
.397
.004
.004
.004
.383
.010
.012
.004
.382
.010
.010
.012
.382
.004
.004
.009
.391
.004
.004
.004
.384
.010
.010
.004
.200
.010
.010
.010
.383
.004
.004
.015
.383
.004
.004
.004
.409
.010
.011
.002
.393
.010
.011
.010
.382
.004
.004
.010
.382
.004
.004
.004
.383
.010
.012
.004
.383
.010
.017
.009
.382
.004
.004
.004
.394
.004
.004
.004
.383
.016
.012
.012
.383
.010
.011
.009
.383
.004
.004
.004
.383
.004
.004
.004
.383
.010
.012
.012
.389
.010
.009
.020
.382
.004
.004
.004
.382
.005
.004
.004
.243
.010
.007
.014
.383
.010
.009
.009
.382
.004
.004
.004
.393
.004
.012
.004
.242
.010
.006
.012
.382
.004
.004
.010
.383
.004
.004
.004
.383
.013
.012
.004
.383
.016
.016
.012
.393
.004
.004
.009
.383
.004
.004
.004
.383
.013
.014
.004
.383
.010
.010
.012
.382
.004
.004
.016
.381
.004
.004
.004
.393
.012
.013
.004
.382
.010
.011
.012
.383
.004
.004
.009
.406
.004
.004
.004
.382
.012
.013
.002
.383
.010
.010
.010
.395
.004
.004
.010
.383
.004
.004
.004
.385
.017
.012
.003
.267
.010
.017
.010
.382
.004
.004
.009
.383
.009
.010
.004
.416
.004
.004
.004
.384
.004
.004
.010
.382
.010
.010
.009
.382
.010
.010
.004
.383
.004
.004
.004
.382
.005
.004
.010
.390
.010
.010
.009
.382
.010
.010
.004
.415
.004
.004
.004
.384
.004
.004
.010
.382
.010
.010
.009
.384
.003
.010
.004
.393
.004
.004
.004
.382
.012
.012
.010
.383
.010
.007
.006
.383
.004
.004
.004
.409
.004
.004
.004
.383
.012
.012
.009
.392
.010
.015
.004
.386
.004
.004
.004
.383
.004
.004
.012
.406
.013
.012
.010
.383
.010
.010
.004
.382
.004
.004
.004
.391
.004
.004
.013
.405
.011
.016
.009
.382
.010
.010
.004
.232
.004
.003
.004
.383
.004
.004
.012
.382
.012
.012
.010
.180
.010
.010
.004
