2164
1690
2123
1965
1589
1908
1894
2071
1848
2006
1605
1884
2045
1941
2066
1890
2010
1627
1853
2021
2343
2298
2313
2369
2333
2400
2466
2496
2445
2440
2457
2489
2511
2557
2582
2570
2459
2436
2493
2448
2466
2429
2443
2436
2437
2432
2445
2432
2507
2439
2452
2457
2437
2435
2451
2438
2459
2435
2478
2433
2448
2422
2420
2604
2609
2613
2623
2612
2527
2672
2605
2631
2611
2632
2619
2634
2557
2569
2534
2598
2551
2572
2538
2534
2662
2669
2660
2644
2646
2558
2614
2545
2555
2547
2574
2553
2562
2611
2175
2164
