2445416
93798
41778
46675
33095
70773
36936
75005
36979
74897
37238
74782
39827
36399
79763
42410
38426
40341
38400
38499
38243
36809
79025
36878
79063
38382
38350
38503
50230
37106
32706
80628
33949
78041
43664
37086
41694
39833
39492
40253
39600
37030
39615
38299
36467
78918
38046
81863
38125
77848
38007
89994
43495
35571
30149
70651
36125
75929
42306
34578
71082
37885
74099
37982
74005
39536
33580
70822
37577
74460
39132
33406
71313
37556
74544
37931
74052
39378
33532
70952
37681
74235
37769
74231
39129
33463
71438
38784
32028
69159
36689
79371
38189
77797
38114
81611
47310
38398
51273
53628
