54662
94021
37024
53792
49022
35158
33811
36931
34820
42859
50323
35216
39089
35262
37276
35181
38013
33685
37045
33776
34029
35157
34261
35309
35553
37055
37193
35182
35408
35262
33920
33578
34000
33749
35414
35102
35731
35301
33959
36658
33918
33642
35148
36873
36643
35053
37389
35052
35441
35076
33955
37153
37019
34846
32712
33719
32775
35032
35505
34942
37204
36763
41051
36692
39025
35196
35362
35062
35423
33579
34063
33764
34119
38392
34089
38387
35357
35086
41980
36743
40905
36815
35446
34996
35444
34690
35397
35032
37056
36782
37296
44523
35521
35119
35440
35122
33949
33649
43725
50029
