27431032
54027448
31623656
54053824
31636384
54007272
31600160
53938744
31600344
54044344
31593480
53922384
31598640
53945440
31605032
53932880
31607840
53976480
31610656
53939288
31613904
53959704
31614976
53965936
31608400
53950952
31610336
53952000
31611240
53958064
31612272
53965040
31613848
53960552
31615104
53959888
31614320
53955928
31614472
53956256
31614816
53956704
31615312
53962008
31617056
53946024
31613960
53941496
31612552
53942984
31614696
53958416
31614568
53987920
31611560
53942472
31614104
53980584
31614312
53940848
31614568
53980960
31614712
53941376
31615064
53941648
31615096
53954176
31615336
53956680
31615200
53953504
31615080
53953456
31615216
53981608
31615320
53941792
31615368
53991408
31615264
53941736
31615696
53945016
31615304
54054256
31615680
53959048
31615704
54021648
31615544
53991920
31615864
53959232
31616736
53943208
31615048
53961424
31616616
54024056
31616624
54016592
31613360
54017000
31616696
53944480
31616560
53982960
31616584
53943064
31615320
54016568
31615944
53965512
31616784
53955072
31612904
53992304
31615744
53989720
31615896
53990600
31615936
53954224
31614304
53989936
31615936
53942528
31616224
53942704
31617512
53956096
31616216
53942688
31616216
53942688
31617008
53957440
31616224
53954512
31616200
54015368
31616224
53954512
31617656
53961864
31616880
54022832
31617032
53943512
31616984
53983480
31617096
53965816
31617104
53960480
31617056
53943536
31617480
53946808
31616248
53942728
31616096
53942568
31616144
53988360
31616888
54016048
31616928
53955216
31616912
53943392
31615584
53957456
31617032
53957568
31616920
53958152
31616736
54049000
31617056
53943536
31617080
53943560
31617104
53990304
31617128
53958376
31616856
53983248
31622616
53949096
31624080
53967728
31621984
53961408
31621944
53988344
31635440
53969056
31634512
53973464
31634592
53960744
31634704
54000968
31630320
53961488
31634688
53960840
31634024
53977232
31634736
54040672
31634520
54005408
31634608
53960760
31634632
54000864
31635240
53964240
31634712
53960864
31634712
53962136
29125088
31635464
53872832
53969232
31624576
31635448
31627696
53976640
31585488
31636224
53933272
53969688
31592952
31635008
53967424
54001544
31584856
31635640
53930400
53976040
31593144
31635456
53962808
53968920
31600776
31636008
53936136
53976704
31604288
31635416
53932032
54001648
31609056
31635984
53951616
54002520
31612064
31635744
53947472
53969360
31614904
31635856
53987096
53976104
31616096
31635904
53967896
53969928
31610592
31635952
53995408
54068088
31612656
31635800
53987792
53962584
31613784
31636600
53988680
53978136
31614344
31636688
53989552
54002920
31615520
31637344
53990640
54003880
31616720
31636944
53965424
53963096
31616488
31636664
53991224
54003344
31617768
31637152
53959560
53970768
31617320
31637344
54031680
54003576
31618864
31637304
53994776
53976360
31620256
31637912
53995824
53979128
31616304
31637920
53944832
53976040
31617552
31638104
53945112
53981360
31618024
31638096
53985024
53976376
31617032
31637328
53957928
54003872
31617024
31637968
53956416
53971432
31618512
31638024
53985000
53980160
31618656
31638080
53961088
54005472
31618840
31638968
53985688
53972880
31619008
31638712
53985592
53979112
31619328
31638768
53960160
53977384
31619496
31638248
53953128
53978944
31619520
31638072
53961968
54004304
31619520
31637400
53960384
54003936
31618616
31638104
53945160
54005496
31619352
31638136
53986056
53971600
31619640
31638432
53946296
53982120
31619632
31638280
53961472
54044216
31619856
31638016
53990192
54013352
31619880
31638256
53960544
54014288
31619904
31638256
53986544
53964408
31620152
31638288
53957496
53982424
31620128
31638352
53962592
54009824
31620224
31643432
53947312
53977192
31620408
31640656
53960936
54007040
31620312
31640656
53953944
53974112
31620472
31640800
53962312
54040248
31620544
31640632
53986944
53981032
31619648
31640552
53986352
53980800
31620360
31640632
53960776
54007016
31620416
31640608
53955208
54016840
31621232
31640592
53987936
53974360
31620256
31640656
53986656
53981056
31619960
31640552
53986808
54006776
31620408
31640720
54019640
53974776
31619736
31640800
53946216
53981752
31619712
31640096
53960664
54006632
31620496
31640656
53962336
54008200
31620648
31641488
53962488
53981736
31620776
31641664
53954408
54015688
31620776
31640992
53947256
54012416
31620680
31640168
53954728
53978784
31620912
31640376
53961648
53973992
31620944
31640840
53947424
53984576
31620864
31640992
53948016
54012520
31621080
31645424
53947560
53978944
31619824
31644824
53995344
54010960
31621056
31645552
53962896
54011992
31621056
31645400
53987456
53988784
31621032
31644528
53961752
54017752
31620952
31645424
53965096
54011712
31620000
31645424
53962672
54011560
31621104
31645336
53994288
54011776
31620944
31644928
53947920
54017848
31620912
31644920
53954848
54044272
31621032
31645400
54020200
53978920
31620112
31645400
54022208
54016320
31621080
31645576
54053016
54019032
31620208
31645400
53986608
54011536
31620752
31644584
54020368
54011024
31621072
31644960
54021400
54018656
31620896
31645424
53994080
53971352
31620704
31645552
53996224
54011992
31621768
31645008
54020936
54011144
31621128
31644920
54053512
53971744
31620912
31645368
53994096
54019784
31620184
31644848
54019352
53970776
31621080
31645552
53966648
53987888
31620872
31646088
53963536
53979608
31621048
31646136
54020520
54012272
31620976
31646112
53994424
53979632
31621032
31645472
53994232
54011608
31621080
31645576
53998424
53972400
31625624
31645424
53992024
54019184
31625648
31645376
53963752
53978992
31626800
31645576
53999984
53985104
31626784
31645320
53964360
53978688
31640248
31644696
53983208
53985296
31638416
31645320
54004648
54019736
31638184
31645208
53983552
53978576
31638608
31645416
53981296
54049712
31638592
31645400
53981096
53985552
31638664
31644672
53976544
54011112
31638616
31645320
53976184
54011608
31638608
31645376
54011624
53985544
31638664
31644720
54005192
54011304
31638480
31645424
54004864
54016496
31638280
31645424
53975616
54011560
31638504
31645576
54004888
54018944
31638528
31644952
53982488
53970880
31638664
31644696
54006496
53971232
31639376
31645368
53990016
54045360
31639296
31645400
54012328
54011536
31639408
31645416
54005792
54082480
31638632
31645376
53988160
53993688
31638848
31644560
53976960
54050552
31638696
31644904
53979096
53978424
31638480
31645424
53971944
53995040
31638744
31646240
54005424
53985768
31638672
31646008
54011688
54017080
31638384
31646112
54004920
54019032
31638616
31645416
53972232
54011704
31638672
31645424
53972136
53971352
31638824
31645544
54005360
54019600
31638648
31645392
53977312
53978912
31638456
31645448
53972272
53987776
31638816
31645448
53979536
53971672
31638712
31645448
53972176
53988816
31638936
31645024
53979488
54014928
31638840
31645448
53980648
54044504
31638792
31645496
53972256
54018416
31638816
31645624
53965264
54018992
31638840
31645352
53976488
53978872
31638968
31645440
53972736
53971368
31638840
31645472
53981288
53971696
31638600
31645336
53978848
53986192
31638808
31645624
53965568
54018864
31638760
31645360
53964912
54011648
31638368
31645472
53965416
53978840
31638840
31645464
53979240
54044816
31638688
31645448
53973312
53986408
31639656
31644880
53978928
54011320
31639496
31645528
53981320
53971752
31639440
31645664
53965592
53979032
31638912
31645576
53965360
53984192
31638792
31645664
54005024
54012192
31638992
31645656
53972904
53985808
31638816
31645640
53979216
54046528
31638760
31646304
53964912
53979672
31638968
31646056
53972968
53994672
31638680
31646352
53972144
53987376
31638552
31645472
54005088
53978840
31638680
31645640
53965128
53971864
31638840
31645664
54037840
53979024
31638992
31645368
54005528
54018592
31638760
31645448
54013760
54011736
31643512
31645528
53970648
53978896
31640968
31645688
54011064
53994264
31641032
31645168
53974496
54050856
31640968
31645344
53974736
53985944
31641032
31645560
53967152
53985864
31640672
31645664
53982840
53984536
31641008
31645584
53967424
53986856
31641032
31645584
53974496
53985736
31641184
31645680
53981872
53972504
31641024
31645584
53967144
53985888
31641080
31645616
53990608
54011752
31641008
31645640
54014176
54019400
31640840
31645664
54013856
53971592
31641016
31645816
53974784
54021760
31640928
31645552
53968320
54018624
31641432
31645392
53975344
54044968
31641696
31645736
53968112
53979408
31641720
31645640
53967840
54011776
31641064
31644936
53983232
53971760
31641008
31645584
53981400
53971808
31641024
31645560
53967144
53978928
31640928
31645632
53986320
53987408
31645368
31646312
53978736
54020072
31645744
31646288
54012328
54020160
31645344
31646328
53985648
54012648
31645512
31645600
53971440
53983744
31645504
31645760
53986104
54051896
31645592
31645616
54011984
54021744
31645568
31645584
53971496
54051272
31645512
31645816
53982744
54012400
31645432
31645632
53978800
54018776
31645720
31644752
53979536
53985224
31645592
31645560
53979112
54011848
31645344
31645664
53978712
54018616
31645592
31645792
53989480
54021384
31645400
31644576
53985872
54043632
31645720
31645664
53979536
54011800
31645568
31645616
54015568
54011904
31645568
31645552
53978936
54011688
31645568
31649144
53980528
53990304
31645568
31648656
53971496
53982424
31645744
31649112
53979416
54038832
31645544
31671960
53979064
54038248
31645464
31672016
53978832
54038152
31645616
31672032
53980680
54005704
31646096
31671936
53972024
54049592
31646432
31676600
53980104
54047520
31646280
31676392
53979800
54042680
31645560
31676384
53985712
54042520
31645744
31676712
53979416
54043152
31645568
31676608
53987192
54016928
31645256
31676448
53983264
54003648
31645512
31676760
53983080
54030816
31645592
31679928
53978960
54046216
31645304
31680216
54018528
54018368
31645512
31679576
53979032
54045864
31645592
31679968
53978960
54046104
31645608
31680200
54044816
54021744
31645536
31680000
53978904
54053072
31645280
31679912
53972104
54055552
31645568
31680176
53985872
54029608
31645592
31680016
53983152
54005944
31645696
31679248
54019056
54045688
31645536
31680000
53987312
54013520
31645456
31680024
53978976
54054664
31645592
31680776
53978960
54006696
31645744
31681000
53972280
54055712
31645176
31680360
53978544
54020664
31645744
31680360
53979552
54013728
31645560
31680184
54013288
54006408
31645488
31680256
53982864
54046392
31645608
31679584
53985056
54028184
31645568
31680288
54011704
54051360
31645176
31680256
53985648
54013624
31645592
31680408
54013040
54046840
31646304
31680280
53979672
54079184
31646040
31679584
53983888
54029160
31646272
31680208
54052112
54046488
31645664
31680232
54011792
54055872
31645528
31680440
54051368
54053808
31645512
31680288
54044416
54047112
31645744
31679560
54051728
54112928
31645448
31680440
53978968
54013960
31645512
31681000
53971440
54047136
31645592
31681152
53971816
54047736
31645488
31679968
53979104
54053040
31645744
31680288
53979408
54013656
31645472
31680128
53985776
54006352
31645424
31680104
53978792
54046232
31645560
31680384
53979080
54014088
31645424
31680288
53971344
54021296
31645320
31680208
53972136
54111880
31645584
31680368
53975680
54046952
31649072
31680264
53975000
54020568
31649224
31680240
53975752
54020392
31648992
31680096
53982512
54111920
31649072
31680104
53974992
54046240
31649088
31680384
53975720
54046816
31649240
31680256
54015376
54020808
31649416
31679824
53976240
54052736
31649264
31680256
53989568
54053328
31649264
31680240
54024360
54054664
31649416
31679976
53992584
54051360
31649264
31680288
53992656
54020592
31649408
31684160
53984240
54050296
31649736
31684536
53991512
54018056
31649952
31684608
53983320
54025480
31650128
31684712
53990584
54025168
31649256
31684336
53982624
54116160
31648976
31684608
53975800
54024752
31649264
31684600
53982784
54023808
31648848
31684600
53982216
54051896
31649416
31685080
53975944
54025680
31649176
31684904
53982696
54025912
31649240
31685272
53982608
54051408
31649264
31684832
53991456
54056448
31649128
31683920
53975056
54022944
31649416
31684608
53990016
54050744
31649264
31684368
54015552
54024672
31649192
31684608
53982800
54025464
31649360
31684288
53991288
54017960
31649192
31684512
53982552
54024808
31648944
31684600
53989544
54024744
31649208
31684752
53989512
54024056
31649048
31684608
53974976
54024760
31649232
31683880
53976056
54051168
31649264
31684168
53986800
54017688
31649080
31684560
53982440
54024712
31649256
31684760
53991448
54057984
31649264
31684312
53982632
54055384
31649320
31684312
53976144
54025168
31649240
31684608
53989544
54028656
31649216
31684552
53975144
54022944
31649264
31684752
54015552
54051192
31649192
31684584
53976392
54075304
31650128
31684320
53976656
54058888
31649808
31684608
54022896
54050888
31649872
31684600
53975800
54090288
31649064
31684728
53982584
54061040
31649160
31684528
53989312
54057616
31649368
31684608
54015952
54050952
31649136
31684632
53982656
54094680
31649184
31685312
54022104
54028552
31649416
31685472
53983232
54055288
31649232
31685288
53982600
54058360
31648976
31684680
54015560
54055600
31649240
31684712
53982760
54058072
31649112
31684576
54048016
54083480
31649416
31683880
54055552
54027424
31649016
31684336
53982384
54116408
31648560
31684424
54015000
54050560
31648848
31684464
53986320
54054280
31649104
31684584
54015240
54051408
31649392
31684320
54022848
54050760
31649288
31684632
54045952
54033304
31672112
31684480
54048776
54010400
31672104
31684728
54009656
54029032
31672104
31688400
54045344
54027392
31672288
31688456
54108856
54061376
31676728
31688016
54049800
54037168
31676728
31688456
54002656
54026608
31676704
31688608
54010224
54029904
31676704
31688400
54016856
54087456
31676880
31688432
54043320
54026616
31676728
31688432
54011408
54061736
31677440
31688312
54065440
54054440
31679952
31687944
54055352
54061400
31680616
31688456
54048904
54036920
31680080
31688456
54087304
54027472
31680088
31688608
54056408
54055192
31680088
31688296
54017728
54054432
31679976
31687616
54017840
54061992
31679952
31689160
54022472
54055448
31680056
31689168
54023944
54055304
31680080
31689320
54046368
54055760
31680032
31688368
54024232
54061440
31680240
31688376
54018248
54120048
31679984
31688432
54046272
54064224
31679984
31688480
54046120
54054616
31679960
31688528
54017512
54027840
31679824
31688440
54022312
54054728
31680072
31688352
54024016
54014280
31680064
31688432
54046352
54031824
31680088
31688320
54022560
54087472
31680240
31688192
54088248
54054632
31679904
31688456
54052816
54087512
31679688
31688424
54052912
54031800
31680064
31688568
54046600
54087768
31680040
31688392
54046176
54054528
31680160
31688032
54018168
54054608
31680032
31688208
54046320
54021728
31679976
31688424
54028800
54028576
31680032
31688032
54017584
54054472
31680088
31688432
54022576
54030776
31680240
31688440
54019264
54028592
31680696
31688456
54046984
54061528
31680648
31688432
54014016
54054568
31680928
31688608
54007464
54092904
31680136
31687880
54013504
54027128
31680128
31688376
54020728
54021744
31680088
31688456
54013608
54088160
31680112
31688408
54006040
54015608
31680064
31689296
54013584
54023104
31680088
31689160
54006016
54055448
31680240
31689144
54020928
54015072
31680032
31688632
54013552
54028080
31680064
31688400
54013432
54014320
31680240
31687640
54018232
54054928
31680088
31688456
54046224
54014680
31679800
31688432
54006328
54054568
31680080
31688576
54006304
54022248
31679976
31688312
54022176
54059392
31680000
31687728
54013672
54054312
31680064
31688456
54020368
54021976
31680064
31688368
54022760
54070072
31680008
31703664
54013528
54047672
31679848
31711336
54005776
54052192
31684120
31709544
54017792
54108984
31684376
31709888
54017896
54076176
31684376
31709864
54017744
54085992
31684336
31710088
54010560
54076672
31684408
31709920
54018024
54053328
31684432
31709944
54018104
54082864
31684248
31709944
54017768
54085408
31684408
31712336
54011608
54085256
31684952
31711856
54018624
54078296
31684880
31712304
54011104
54078592
31685072
31711736
54011000
54045104
31684480
31712280
54018000
54085648
31684408
31712312
54017776
54038240
31684408
31712024
54033600
54038560
31684408
31712304
54024712
54079744
31684192
31712944
54010112
54038872
31684400
31713200
54010624
54046872
31684384
31713048
54024528
54079584
31682336
31712408
54008136
54078544
31681344
31712224
54022480
54045744
31681296
31712312
54006192
54083232
31681184
31712488
54014440
54051120
31681344
31711840
54006248
54054192
31681496
31712336
54014800
54045704
31681344
31712096
54054208
54078384
31681320
31712280
54020960
54052432
31681224
31712432
54014520
54046104
31681280
31712336
54014136
54083408
31680640
31712176
54020584
54078312
31681344
31712488
54047120
54051104
31681344
31712336
54027232
54061312
31681440
31712472
54018552
54079048
31681152
31712328
54014008
54085400
31680952
31712336
54047024
54087976
31681312
31712464
54053880
54085920
31681328
31712224
54020968
54085296
31681312
31711864
54021400
54077992
31681184
31712328
54051600
54050632
31682024
31712232
54021904
54050416
31682176
31712216
54015336
54079864
31681920
31713488
54014928
54088592
31681344
31713496
54006248
54086416
31681344
31713696
54014352
54145672
31681288
31713152
54006192
54086224
31681496
31713520
54018768
54048048
31681272
31714184
54050528
54052520
31681072
31714096
54079464
54054968
31681128
31714408
54017864
54041232
31681288
31713544
54046912
54054568
31681496
31713520
54047568
54079648
31681344
31713512
54047120
54053816
31681080
31713440
54029536
54046808
31681496
31713568
54051416
54080008
31685112
31713464
54028480
54046984
31684904
31713520
54022032
54039448
31685168
31713696
54051184
54085080
31685080
31713456
54050696
54053752
31685312
31713528
54058168
54084448
31685120
31713544
54057680
54039768
31685064
31713464
54054176
54058800
31685152
31713672
54051224
54086896
31685160
31713568
54010064
54079856
31684752
31713568
54083448
54039496
31685144
31713128
54029688
54079408
31685088
31713320
54009984
54053464
31685360
31713664
54058080
54053128
31685208
31722560
54090384
54088848
31684384
31713448
54028680
54038288
31685896
31713920
54051672
54061944
31685720
31713792
54058144
54061512
31685816
31713088
54060688
54079096
31684944
31713712
54090272
54086224
31685168
31713768
54059200
54038576
31685112
31713920
54050888
54086728
31685192
31713792
54059472
54080664
31685320
31714312
54022592
54052256
31685144
31714656
54023272
54047984
31685192
31714504
54021856
54080064
31685344
31714016
54051416
54119432
31685080
31713792
54027776
54080144
31684880
31713640
54050808
54046432
31685112
31713584
54050888
54051008
31685192
31718568
54057600
54066288
31685344
31718064
54058192
54084072
31685112
31718488
54057688
54067840
31685192
31734080
54010096
54071992
31685168
31734064
54033472
54099928
31685168
31734600
54057576
54072696
31685320
31734472
54034080
54072416
31685192
31734576
54058000
54067520
31685144
31734576
54021808
54059384
31685192
31734336
54022008
54067576
31684976
31734600
54033576
54074328
31685128
31734600
54033888
54100408
31685192
31734576
54050968
54133056
31685192
31734600
54018048
54071872
31685160
31734592
54018320
54071112
31685192
31734600
54019208
54082472
31685432
31734600
54018592
54071904
31685736
31734648
54018744
54072528
31685824
31734600
54010728
54106976
31685304
31733824
54025248
54099688
31685192
31733976
54018200
54059080
31685192
31734384
54021840
54059192
31685008
31734752
54010208
54101920
31685144
31735280
54024784
54072704
31685344
31735208
54059616
54100768
31684984
31735264
54024776
54100976
31685088
31996832
54026072
54395160
31685240
31734648
54022496
54100512
31685088
31734576
54025560
54100536
31700016
31734360
54033176
54076720
31708600
31734752
54049736
54109432
31706632
31734520
54039488
54107520
31706808
31734312
54048096
54100176
31706552
31734528
54047688
54104720
31706496
31734576
54047480
54132904
31706808
31734048
54048240
54165448
31706656
31734576
54046296
54067520
31706832
31734552
54047360
54072496
31709072
31734600
54048864
54100312
31708912
31734440
54033816
54100000
31709200
31734728
54049144
54067968
31708880
31734552
54048768
54072472
31708784
31739600
54081496
54105160
31708944
31739712
54044032
54079736
31709072
31739560
54041920
54079808
31709216
31738880
54051664
54111760
31709784
31739392
54046520
54064496
31709760
31739584
54082184
54072376
31709656
31739680
54078920
54079704
31709088
31739584
54114264
54079312
31709224
31739584
54081936
54109624
31709072
31739560
54074848
54112056
31709048
31739392
54052416
54106112
31709120
31740368
54084424
54065784
31709072
31739664
54052072
54080048
31708592
31740272
54034392
54065080
31709048
31739784
54042056
54079808
31709024
31739560
54033928
54079808
31709224
31739296
54075384
54105160
31709072
31739584
54042080
54064688
31708936
31739456
54107328
54064264
31709224
31739584
54075296
54171608
31709072
31739584
54033976
54110024
31709200
31739608
54042360
54064416
31708968
31739560
54147064
54138040
31709072
31739528
54033976
54111888
31709072
31739736
54042080
54105600
31709016
31739584
54033920
54138064
31709176
31739440
54075104
54064248
31709048
31739712
54034248
54072808
31708880
31739584
54042944
54072376
31710432
31738688
54047560
54111336
31710280
31739608
54082840
54064712
31710016
31739584
54046680
54079832
31710280
31739736
54108824
54088400
31710280
31739504
54077312
54079232
31711032
31758936
54044192
54082584
31710992
31741288
54047504
54065544
31710968
31740952
54076592
54072952
31710504
31741288
54076432
54073824
31710256
31741160
54082664
54065120
31709752
31741056
54082608
54064704
31710208
31741312
54108752
54147064
31710256
31741872
54058552
54073872
31710208
31741912
54078424
54074216
31710280
31741848
54050072
54074000
31710176
31741064
54050136
54082456
31710280
31740000
54043288
54109200
31710280
31739336
54049920
54110528
31709968
31739288
54043272
54070952
31710256
31739464
54081368
54109032
31710232
31739312
54035136
54062288
31710368
31742216
54076440
54078648
31710304
31741864
54046824
54073680
31709832
31741888
54108528
54082208
31710304
31741912
54058912
54078064
31710200
31741888
54075824
54080408
31719528
31742040
54085456
54065624
31711288
31741784
54086080
54080208
31713632
31741888
54116696
54145696
31713952
31742016
54080344
54106752
31714008
31741392
54039936
54077520
31714160
31741184
54054936
54077760
31713904
31741888
54055672
54106472
31713928
31741832
54054080
54112920
31714024
31742040
54041520
54106776
31714744
31741888
54040672
54139232
31714456
31741880
54081040
54110616
31714696
31741832
54055000
54106416
31714056
31741864
54056256
54112920
31713992
31742040
54047664
54113528
31713760
31741864
54047128
54113056
31713720
31741864
54047536
54084912
31718680
31742752
54052200
54114328
31718624
31742408
54088472
54111304
31718856
31741736
54069080
54145848
31734808
31741880
54075112
54115696
31734816
31741784
54068432
54106216
31734680
31742040
54076456
54106776
31734792
31741288
54072176
54073096
31734992
31741768
54077064
54106200
31734840
31741888
54068360
54080312
31734680
31741888
54060608
54106320
31734912
31742016
54061736
54080592
31734840
31741296
54076464
54080344
31734992
31741888
54068664
54073552
31734792
31741888
54075096
54080312
31734704
31741752
54068072
54088072
31734752
31741960
54075352
54074072
31734648
31741864
54074800
54106448
31734992
31741864
54061528
54073776
31734712
31741864
54140552
54065152
31734816
31741888
54072216
54064864
31734808
31742016
54105120
54081392
31734816
31741752
54107984
54080176
31734336
31741752
54101936
54080024
31735424
31741576
54078064
54106456
31735336
31755928
54061264
54120512
31735680
31755184
54076136
54119632
31734840
31755336
54073832
54096664
31734736
31755208
54104584
54119640
31734992
31755120
54061528
54126464
31734840
31754920
54068224
54123288
31734528
31755632
54107896
54089616
31734648
31755632
54068168
54090280
31734840
31755624
54068208
54093896
31737808
31755168
54079880
54120048
31737376
31754920
54063304
54126112
31737528
31754944
54079872
54086608
31999560
31754920
54333080
54078208
31737400
31754896
54086368
54093168
31737552
31755040
54080200
54087152
31737424
31754856
54079448
54095904
31737088
31754944
54063912
54086608
31737424
31755096
54108696
54090312
31742360
31754888
54084520
54158800
31742528
31754216
54109112
54088496
31742424
31754920
54080288
54093192
31742408
31754920
54079976
54086736
31742384
31754920
54108520
54077896
31742408
31755072
54079960
54128040
31742408
31762320
54091680
54126896
31742536
31762312
54115904
54133352
31742304
31762296
54115376
54126984
31742384
31762296
54109960
54093960
31742536
31762472
54084296
54101048
31743096
31762160
54109232
54126736
31742416
31762240
54084488
54103152
31742936
31762472
54069160
54101048
31742480
31762320
54068408
54126752
31742536
31761400
54076352
54129032
31742384
31762240
54068608
54096552
31742408
31762296
54075776
54130192
31742408
31763184
54068632
54097632
31742408
31763032
54108544
54097312
31742560
31762984
54142528
54085960
31742408
31762368
54079960
54085656
31742384
31763440
54108520
54104032
31742560
31763936
54069384
54087808
31742432
31763680
54075800
54095496
31742096
31763320
54108536
54134608
31742384
31763928
54068608
54100416
31742432
31765376
54068360
54088352
31742480
31764568
54084408
54129448
31742384
31765376
54108672
54097192
31742408
31765328
54068336
54088304
31742328
31765504
54075848
54089376
31742408
31765352
54084912
54136392
31742536
31764672
54082992
54109720
31762080
31777992
54134504
54142576
31744040
31767200
54076616
54090176
31744120
31767304
54076992
54167432
31744008
31767176
54069280
54134064
31743728
31767176
54076608
54090152
31743776
31767152
54083432
54139624
31743912
31767152
54069952
54131584
31744856
31767168
54077736
54108368
31744672
31767176
54077248
54197544
31744880
31767176
54110672
54107768
31744088
31767152
54069168
54164504
31743992
31767176
54091816
54131608
31743928
31767328
54069304
54101792
31743992
31766984
54083496
54135032
31743704
31767840
54076720
54101824
31744008
31768016
54076736
54099984
31743904
31767888
54109248
54107408
31744168
31766440
54077192
54131176
31744016
31767176
54083352
54146272
31743992
31767176
54109336
54131608
31744016
31767328
54109760
54172768
31743992
31767096
54068760
54101216
31744144
31766688
54077168
54107600
31743880
31767096
54076608
54131680
31743984
31767176
54076560
54146248
31743984
31767304
54092096
54132272
31744016
31766968
54083200
54131552
31743312
31767176
54076192
54170984
31743992
31767304
54076720
54132184
31743992
31767176
54068760
54090152
31743896
31766376
54069272
54137720
31743880
31767200
54115984
54197320
31743800
31766688
54091624
54089664
31743984
31767328
54086952
54132064
31744016
31767152
54085216
54108200
31744168
31766736
54152568
54139200
31744016
31767176
54070368
54203904
31744680
31767152
54114144
54131584
31744704
31767328
54110200
54134528
31744704
31767096
54069472
54105520
31744240
31767176
54110032
54098840
31744016
31767176
54076744
54090464
31743880
31767176
54068648
54132008
31744112
31766736
54069776
54101864
31743856
31767840
54068936
54139032
31744016
31767864
54076608
54099528
31744144
31768016
54077168
54091600
31743992
31767224
54113512
54090512
31743728
31767176
54076608
54090152
31743992
31767096
54076720
54101528
31743992
31766968
54068760
54107848
31744168
31766472
54092424
54090056
31743856
31767200
54080600
54108264
31744016
31767176
54076592
54131608
31744144
31767304
54077168
54090888
31743888
31767152
54068656
54098960
31744144
31767144
54109792
54098808
31743936
31767120
54109424
54131704
31744008
31767024
54068776
54090000
31744032
31767272
54085376
54107232
31744016
31767152
54080760
54134040
31759760
31767128
54079984
54090104
31753864
31767280
54074568
54106000
31753816
31767176
54087112
54101448
31753992
31766752
54074792
54131352
31753336
31772368
54074424
54114848
31753600
31774200
54075376
54112776
31754288
31773664
54152816
54115888
31754464
31774208
54091744
54116512
31754312
31773856
54074504
54138440
31753624
31774048
54074424
54138480
31754408
31774256
54074912
54178368
31754408
31774104
54074600
54138536
31754088
31773688
54074888
54117600
31753840
31774816
54091552
54146008
31753552
31774712
54091712
54146000
31753840
31774968
54074344
54139704
31753832
31776840
54087128
54117960
31754016
31775936
54084776
54099808
31753840
31776616
54074344
54173968
31753776
31776472
54073968
54140896
31753864
31776216
54123616
54117576
31753840
31776272
54074032
54110392
31753904
31776608
54156576
54114872
31753808
31776656
54090808
54108472
31753864
31776608
54074056
54099584
31754016
31776816
54117312
54141696
31753728
31776632
54098352
54108448
31753552
31776664
54098944
54110936
31753864
31776768
54098632
54144112
31753856
31776640
54098640
54148928
31753992
31775936
54087448
54142976
31753808
31776664
54098888
54148104
31753840
31776424
54092016
54140856
31753960
31776680
54123864
54148168
31753864
31776400
54117104
54108216
31753576
31776560
54118032
54143296
31754448
31776768
54099528
54108880
31754576
31782472
54125504
54105448
31754680
31781376
54120904
54146112
31753824
31781664
54116968
54122584
31753864
31782104
54074056
54146536
31753840
31782256
54074344
54116704
31753760
31782080
54073952
54147824
31753992
31782768
54074792
54155088
31753816
31782816
54086232
54123896
31755432
31782816
54075624
54212784
31755608
31782280
54076408
54154872
31755408
31782080
54085632
54113896
31754752
31782104
54085424
54123256
31755376
31782192
54085752
54116640
31755432
31782104
54075624
54116264
31755440
31781216
54101040
54122704
31768432
31781504
54088936
54119928
31757232
31782080
54077424
54116352
31757016
31782232
54077520
54116984
31757232
31781688
54077424
54104664
31757384
31803712
54078184
54145072
31757256
31802888
54077760
54141312
31757232
31802936
54077424
54139208
31757384
31803112
54094840
54139992
31757232
31802936
54077424
54174144
31756968
31802936
54077768
54125912
31757256
31803088
54077760
54139984
31757176
31802960
54077368
54134624
31757408
31802256
54094864
54125840
31757256
31802336
54079032
54141328
31757912
31802544
54078104
54134208
31757912
31803112
54078416
54135224
31757944
31802960
54078640
54139384
31757368
31802936
54094824
54141208
31757248
31802880
54077752
54134728
31757256
31802848
54077448
54139600
31757384
31803088
54095704
54168984
31757256
31803672
54077448
54140096
31757408
31803696
54078496
54126672
31757152
31803648
54077648
54142696
31757224
31803008
54120216
54125984
31757408
31802952
54078208
54135064
31757256
31802744
54090712
54141168
31756968
31802936
54078056
54135400
31757200
31803112
54077704
54167992
31757256
31807208
54077448
54141944
31757384
31806216
54123752
54138416
31757232
31806968
54090376
54130256
31757232
31806832
54122992
54142800
31757144
31807096
54087768
54144456
31757256
31806944
54077448
54145368
31757352
31806552
54160168
54142824
31757208
31806888
54126960
54134120
31757176
31808136
54101960
54172408
31757256
31809688
54102336
54182872
31757232
31809088
54102016
54181648
31757384
31809504
54078184
54159744
31757232
31809560
54077736
54149696
31757256
31809560
54077448
54176856
31757408
31808856
54092040
54181608
31757968
31809376
54121112
54216200
31757968
31809536
54102744
54150304
31757960
31809272
54091120
54209640
31757224
31809536
54102008
54149640
31757384
31809536
54102624
54176984
31757232
31809536
54137800
54154248
31767968
31809656
54131264
54245024
31767792
31810272
54112416
54154984
31767864
31810272
54101480
54151336
31767792
31810264
54088296
54184656
31767712
31809632
54087904
54177032
31767864
31809688
54088952
54210496
31767816
31809528
54088008
54177904
31767528
31809560
54098056
54176856
31767792
31809560
54088296
54183616
31767816
31809448
54088008
54138152
31767944
31809440
54170760
54183648
31767792
31809560
54101808
54183616
31767480
31809560
54098008
54176856
31767688
31809688
54088192
54177432
31767816
31809560
54088008
54176856
31773328
31809272
54145072
54176872
31774736
31809536
54138128
54149640
31774720
31809512
54119504
54176808
31774720
31809688
54095224
54151048
31774720
31809552
54094912
54176848
31774896
31809272
54145968
54151848
31774744
31809560
54177264
54183720
31774744
31809536
54137736
54176832
31774848
31809688
54096920
54184216
31775456
31809560
54095648
54209776
31775144
31809560
54095944
54209624
31774776
31809712
54111760
54148448
31774792
31809096
54119576
54181672
31774816
31809520
54119744
54177264
31774744
31809536
54111896
54151720
31774456
31810056
54105128
54183968
31774744
31810992
54095248
54185520
31774768
31810520
54107776
54184424
31774896
31809480
54113848
54242760
31774744
31809576
54119824
54177024
31774736
31809352
54177104
54159576
31774072
31809688
54119088
54211128
31774712
31809560
54137704
54209776
31774896
31809088
54108368
54176632
31774656
31809536
54144424
54183608
31774720
31809480
54119808
54209544
31774896
31809712
54138192
54155248
31774744
31809536
54094936
54183592
31774432
31809512
54095232
54183416
31774744
31809712
54095248
54210224
31774720
31809560
54094912
54176856
31774896
31809688
54095696
54177288
31774744
31809536
54095248
54180392
31774696
31809512
54094888
54150584
31774744
31809296
54095240
54215088
31774728
31809088
54095424
54176536
31774896
31809344
54095696
54176640
31774560
31809480
54140472
54176928
31774664
31809480
54096128
54209544
31775456
31809712
54114272
54177312
31782304
31809424
54145296
54149776
31776696
31809536
54122072
54160704
31776176
31809536
54109336
54176984
31776072
31809536
54120856
54138240
31776120
31809528
54147192
54177128
31776104
31809376
54145720
54152768
31775840
31810224
54096928
54184128
31776128
31810424
54096632
54210792
31776128
31810136
54096320
54184040
31776256
31808872
54097344
54149304
31784112
31809560
54104616
54183616
31783352
31809536
54103544
54183440
31805832
31809632
54169224
54183840
31804312
31809536
54137720
54176984
31804488
31809408
54168992
54176704
31804304
31809512
54124808
54138528
31804336
31809560
54124528
54209624
31804288
31809712
54124792
54177544
31804312
31809512
54124504
54150288
31803832
31809560
54124632
54176856
31803736
31809688
54206256
54185000
31803920
31809560
54124112
54183616
31804408
31809144
54202632
54149352
31804280
31809576
54124784
54177320
31804336
31809560
54124528
54209624
31804360
31808832
54125160
54180072
31803712
31809536
54141000
54154280
31804336
31809488
54124528
54184496
31803848
31809712
54125624
54243920
31804584
31809504
54124776
54242368
31804584
31808856
54135256
54176456
31805024
31809560
54125528
54184912
31804280
31809432
54124464
54209496
31803656
31809656
54124160
54185336
31804120
31809344
54134344
54181920
31803752
31808664
54124552
54186720
31803872
31810248
54173624
54187424
31807160
31809728
54127568
54145200
31807080
31810336
54127584
54177936
31807160
31809608
54127352
54183664
31807224
31809120
54128024
54176416
31807320
31809560
54170464
54182456
31807104
31809368
54127296
54176912
31807752
31809712
54128552
54249456
31807296
31809536
54131432
54149640
31809008
31809120
54129776
54150272
31809912
31809248
54149760
54176848
31809832
31808872
54135752
54148984
31810448
31808808
54136976
54150408
31809888
31809560
54136120
54177008
31810272
31809560
54136192
54242392
31809696
31809704
54135928
54160232
31809888
31809560
54135808
54150864
31809928
31809096
54136744
54176392
31809888
31809312
54176000
54177704
31809960
31807024
54145080
54173984
31809680
31807144
54144456
54148408
31810352
31806960
54145792
54180680
31809768
31807040
54152624
54146656
31810616
31807168
54146536
54240416
31810408
31828048
54146008
54234536
31810752
31826536
54146800
54168264
31809936
31826536
54145528
54200256
31809704
31826528
54144840
54200096
31809704
31826712
54135936
54226744
31809912
31826504
54177976
54172392
31810088
31827272
54178904
54166712
31809936
31827272
54215320
54201008
31809960
31827248
54135880
54202032
31809832
31826760
54182464
54227848
31810376
31826264
54178584
54154296
31810064
31825800
54182832
54193064
31809960
31826144
54175968
54230968
31809960
31826536
54182424
54200104
31809888
31826584
54177944
54193848
31810328
31826560
54150344
54198648
31810528
31826560
54176832
54200128
31810376
31826480
54150224
54232968
31810296
31826456
54143384
54200024
31810480
31826712
54178320
54167096
31810160
31826424
54136080
54202560
31810088
31826560
54150232
54198464
31810352
31826560
54147496
54166088
31810352
31826536
54147040
54226416
31810504
31826560
54160504
54193768
31810352
31826688
54143592
54155328
31810352
31826536
54182816
54166136
31810504
31825776
54144040
54202848
31810320
31826712
54151328
54166632
31811064
31826120
54148056
54199688
31811216
31826640
54153744
54200656
31811088
31826536
54153984
54202640
31810160
31826560
54136976
54259064
31810320
31826704
54143560
54177008
31810376
31826560
54211048
54154592
31810504
31826712
54144040
54195136
31810368
31827272
54150080
54194384
31809672
31827224
54175832
54194184
31810128
31833440
54145720
54183792
31810352
31833144
54143440
54182968
31810448
31832264
54160272
54199672
31810376
31832992
54143608
54167336
31810344
31833048
54136264
54202624
31810352
31835712
54153432
54202976
31810352
31835144
54182816
54202256
31810528
31835424
54176688
54235152
31810352
31835536
54143592
54163880
31810264
31835536
54176120
54175008
31810504
31835688
54176664
54273736
31810328
31835536
54176184
54210592
31810040
31835504
54176344
54241840
31810376
31835712
54147568
54164352
31810320
31835096
54185648
54209576
31810528
31834856
54176920
54202264
31810136
31835536
54176144
54202648
31810352
31835480
54136272
54203816
31810208
31835712
54136440
54204824
31810288
31835512
54149984
54185504
31810528
31835560
54145080
54175768
31811088
31835560
54148232
54175184
31811064
31835488
54144152
54210128
31811208
31835616
54153080
54235792
31810336
31835536
54147488
54202648
31810088
31835560
54159912
54175000
31810320
31835712
54176328
54203120
31816272
31835560
54215728
54203680
31815920
31836176
54149312
54186760
31815736
31836272
54148824
54236152
31815504
31836168
54151568
54235896
31815792
31835632
54157512
54205656
31815792
31835584
54155736
54207792
31815968
31836360
54155968
54165000
31815816
31837088
54155664
54204200
31815688
31837040
54148776
54204000
31815792
31837128
54142024
54204392
31815816
31837088
54157528
54210808
31815944
31837064
54153544
54181320
31815768
31837088
54181776
54209448
31815768
31837216
54155616
54204480
31815816
31858728
54155512
54226632
31815968
31853504
54247664
54183904
31815816
31855232
54149056
54197144
31815632
31855680
54155328
54222656
31815792
31855776
54142024
54228288
31815792
31855680
54157856
54222640
31815944
31854976
54149480
54227664
31815768
31855728
54149008
54197608
31815816
31855728
54149152
54255456
31815816
31855880
54150216
54230056
31816288
31855728
54182144
54229448
31816680
31855312
54222664
54227680
31816528
31855720
54149768
54222832
31815864
31855680
54151320
54183712
31815920
31855744
54149456
54223008
31815792
31855728
54152256
54195320
31815528
31855728
54181688
54223848
31815632
31856568
54188552
54263208
31815816
31855840
54181672
54183872
31815944
31856128
54149480
54230144
31815656
31857328
54148896
54224544
31815632
31857584
54141552
54224544
31815944
31865456
54149480
54239392
31822136
31861112
54187992
54228224
31816160
31858368
54142688
54225328
31815960
31858304
54182216
54225416
31816008
31858400
54158120
54258128
31816136
31858576
54142944
54225984
31816000
31858424
54149088
54232144
31815696
31858448
54181856
54200320
31816008
31858384
54142240
54208544
31816008
31858400
54141928
54186432
31816136
31857720
54183832
54257896
31815928
31858448
54188912
54225560
31815928
31858344
54141848
54186376
31816000
31858352
54142528
54232368
31815984
31858400
54181840
54225512
31816160
31858448
54149696
54232264
31816008
31858448
54149248
54225560
31815984
31858424
54156840
54198024
31816848
31858552
54158560
54225960
31816696
31858424
54156392
54230784
31816328
31858448
54182720
54197616
31816104
31858288
54159152
54186632
31816032
31857984
54153744
54224944
31815976
31858600
54142792
54225864
31816008
31858392
54181864
54231608
31815488
31859136
54142016
54199936
31815984
31859072
54149224
54226480
31816008
31859160
54149096
54226120
31815952
31857744
54184624
54186384
31815984
31858424
54142216
54225536
31815984
31858288
54158896
54209168
31815976
31858520
54181984
54225784
31816032
31858392
54151472
54199608
31816136
31858448
54149528
54197888
31815960
31858032
54174048
54225144
31830136
31858032
54175648
54232672
31832800
31858600
54231728
54232472
31832648
31858256
54165984
54225368
31832360
31858424
54205128
54225384
31832624
31858424
54172472
54186768
31832624
31858232
54158544
54199024
31832776
31858592
54201448
54225856
31832544
31858368
54172392
54197992
31832648
31858368
54172360
54225320
31832376
31858592
54198384
54225856
31832544
31858032
54165632
54186064
31832800
31857576
54172800
54207880
31832624
31858344
54199792
54265136
31833336
31858448
54159256
54225408
31833360
31858472
54159592
54225968
31833360
31858424
54159280
54230480
31832824
31858400
54199128
54186432
31832624
31858400
54233448
54198024
31832624
31858448
54165712
54258176
31832624
31858592
54175936
54227016
31832400
31859160
54165488
54226272
31832800
31859136
54172944
54226096
31832648
31859288
54200704
54259320
31832600
31858520
54158520
54225480
31832776
31858160
54200632
54186800
31832624
31858448
54165704
54225560
31832304
31857984
54158824
54186008
31832616
31858592
54172464
54209632
31832624
31858448
54158544
54232016
31832744
31857744
54166136
54257920
31832648
31858448
54167736
54186792
31832616
31858448
54172616
54228008
31832568
31860152
54158800
54195560
31832544
31859648
54200104
54226608
31832800
31859360
54166336
54231712
31832544
31860064
54172392
54292712
31832624
31859936
54172568
54226896
31832800
31860216
54176016
54189144
31832544
31860032
54172240
54227144
31832720
31860064
54175928
54227168
31832648
31860032
54158568
54226992
31832512
31860120
54158736
54227384
31832560
31859648
54199576
54199464
31833512
31860064
54173512
54232304
31833336
31860040
54166576
54195296
31833360
31860016
54159280
54188048
31832824
31860216
54166360
54202728
31832512
31860016
54158432
54227128
31834280
31859992
54167672
54265072
31834176
31860216
54160408
54235584
31834016
31860800
54159936
54194992
31834248
31860072
54170168
54234088
31834176
31860752
54200432
54198632
31834152
31860088
54167240
54188120
31834176
31859752
54160408
54201016
31834176
31860040
54160096
54199664
31855760
31860040
54181968
54227000
31851288
31860040
54195824
54227152
31852832
31860064
54178752
54299168
31852808
31859728
54251576
54227136
31852720
31860064
54192416
54232424
31852520
31860040
54218680
54227000
31852784
31861784
54192632
54229192
31852760
31861224
54178680
54234944
31852936
31861912
54186328
54261640
31852784
31861312
54189576
54190144
31852784
31861888
54178704
54202416
31852784
31861952
54179016
54220000
31852784
31868904
54218640
54236016
31852880
31868792
54186504
54219688
31852808
31868904
54218816
54197248
31852800
31868928
54185888
54235888
31852960
31869080
54187656
54219544
31853496
31877488
54189096
54277368
31853208
31875096
54284904
54281464
31853488
31874880
54193336
54242144
31854288
31874904
54187376
54241864
31854920
31874784
54223288
54225968
31862800
31874704
54198504
54241816
31858144
31875016
54184064
54243136
31855480
31875984
54188720
54253072
31855504
31875832
54188592
54250312
31855632
31886752
54195632
54287016
31855448
31885360
54198512
54224680
31855456
31884872
54195152
54229160
31855480
31885416
54192624
54259464
31855344
31885288
54188680
54258856
31855632
31885000
54189024
54213336
31855528
31885264
54223888
54235224
31855504
31885216
54181424
54264320
31855480
31914336
54181712
54352240
31855504
31914184
54254128
54287904
31855632
31914184
54189168
54287752
31855344
31914176
54195192
54287896
31853904
31914184
54194568
54281144
31817280
31914312
54161480
54281576
31817136
31914184
54160312
54287904
31817000
31913864
54155392
54253032
31817288
31914184
54144664
54314064
31817288
31914184
54151168
54281392
31817440
31914336
54151768
54256592
31817120
31914184
54161864
54281296
31817000
31914056
54185112
54281016
31818024
31914256
54159088
54254768
31817976
31913976
54151856
54280936
31818120
31913848
54152448
54281256
31817336
31913576
54191224
54287296
31817264
31914080
54144344
54281040
31817264
31914312
54191152
54284968
31817208
31914160
54183856
54282280
31817416
31914192
54151600
54288208
31817128
31914872
54153504
54288592
31817280
31914872
54151160
54314600
31817288
31914408
54151320
54314584
31817104
31914152
54144184
54288832
31817000
31914208
54184096
54283024
31817288
31915912
54249624
54283408
31817264
31915768
54151144
54289328
31817336
31915888
54158448
54288208
31817256
31920760
54157920
54287872
31816976
31920760
54184160
54294328
31817288
31920912
54151320
54290784
31817288
31920680
54151168
54290248
31817392
31919920
54184488
54352864
31817264
31920784
54226344
54287896
31816976
31920760
54157944
54264808
31817216
31920912
54151248
54288176
31817264
31920728
54157944
54260952
31822552
31920080
54189504
54260752
31817064
31920728
54151096
54255984
31817288
31923632
54151168
54290592
31817264
31923784
54144640
54291192
31817288
31923712
54145640
54290824
31818072
31923680
