1123707
111885
133474
135242
126515
119367
119509
108497
131282
135802
111523
131699
137154
135373
112235
133502
137664
119349
135821
120068
102812
138567
132271
134581
127141
136017
134604
126457
134319
131409
134237
136028
117154
124605
131649
117002
133960
111773
133142
131149
130067
122885
127179
135520
135266
138361
110482
135925
116055
134525
134734
126415
136467
133662
121057
132574
126600
134529
136612
110728
135811
132475
104034
132105
131222
154284
134870
136202
129967
104381
133837
136950
133455
135639
131048
138305
136596
137154
127270
124554
133667
122464
137710
119554
102774
140955
134961
138459
108686
139357
144670
136224
137044
136446
137884
135425
137054
132708
127251
131589
