144998
149367
137647
153773
159560
124519
156713
149218
150899
150228
142442
151007
155178
131794
156508
147770
166352
150945
159488
135260
158198
125501
155674
151049
156171
149391
159856
147665
158676
128902
153564
112271
158520
128601
159156
127549
136208
147110
136002
149922
161692
147599
159624
153891
136383
148047
150861
150157
158950
148252
157650
146784
147085
151771
159241
141035
136380
150001
159338
142796
159300
121193
158656
153219
159277
149988
118885
148945
156406
150799
140441
143400
159092
148718
150677
150331
135484
150997
159428
147375
158659
151106
150884
149741
158936
150127
109021
150224
134601
150309
158492
115319
158318
156115
136292
149789
158250
150077
158793
150912
159424
150001
132526
153843
151627
149939
191881
143148
159133
171530
159438
150385
174753
150078
156993
150351
158943
131368
136168
152164
134881
147674
195701
150374
158850
182566
155603
150403
146199
126913
158899
150423
155965
150307
134997
114109
110136
147353
132984
127602
159100
150473
185805
150483
159044
171990
156262
150933
174679
150686
150679
148686
158424
150151
158423
147618
136117
149994
160195
150371
156713
181317
148471
147819
176692
127924
159652
149731
159120
147580
159822
150260
158910
147187
159506
147667
158240
151542
135446
149701
158591
151067
156701
149520
139292
150872
159740
152902
151584
128606
163964
150952
159399
129593
120729
104075
158809
150571
158768
150856
151467
149738
158642
143374
145016
127578
158911
126893
158562
151093
159385
150368
158634
147338
152598
150324
134056
175378
159243
131425
161760
127547
159370
150212
158159
150146
157355
132859
159488
150076
197662
150032
158891
155654
142113
150753
128857
148039
158642
129796
160686
148409
158969
152091
150723
128435
159262
148979
156629
150723
159500
129781
158846
150842
159392
150569
186266
142205
157147
159316
157754
129617
150647
145975
158588
149897
161356
146496
134588
177306
158679
149669
180679
147816
155679
141410
159612
150345
158817
123308
159243
125469
160823
143352
151587
150338
159019
148370
158888
146299
156011
130726
159547
150221
155684
156591
136263
127223
159340
150974
159003
144236
148962
150891
159375
151443
159539
150844
186600
150231
136611
112428
155616
150276
158835
144589
158665
147600
153656
127679
159254
149947
156149
143140
159332
150299
158967
150198
160199
150281
121417
141315
159822
123653
159277
149107
158576
150659
153496
150673
157213
133846
151731
150243
158795
148096
158964
131610
157379
127596
159009
177091
149322
150463
174785
150245
158907
150645
159531
150050
158962
150365
159283
147551
157476
139296
157107
151073
157862
121100
116022
149984
142570
139546
184317
150901
130598
153504
152038
150046
158423
151212
156615
150754
157319
151112
135751
144355
151701
148652
149332
144308
132953
149568
162450
150365
150507
148755
159757
149947
134214
127672
136077
149814
156988
147202
158840
147598
156327
149952
136310
150435
158399
128492
160013
149819
157483
152062
159836
126401
158348
149657
158524
131464
159619
149748
135433
151113
159475
150133
142154
149633
158946
149896
157462
150271
158773
147503
148238
126704
149180
126955
158998
150962
155800
150079
158524
149843
159004
132087
158495
149662
152833
159910
159368
148095
159091
148205
150507
147725
152211
141904
157319
153154
159382
150103
197877
150346
158522
150300
159514
138848
150778
147349
136078
150026
158792
141504
158719
153838
159737
150452
191656
150781
159748
181104
156696
146788
191605
150150
158634
174273
159321
150674
135181
149702
158928
149815
156281
150414
158909
150403
156996
149568
152404
143294
159403
143692
160002
147608
137016
149822
135277
152590
147655
150810
156496
145541
158154
143334
159324
150480
150631
150131
138793
115218
154809
150525
135882
148471
136180
150228
155429
149560
159927
148771
158728
144894
158911
150337
120836
121367
159144
149802
158564
129916
159695
150097
156579
143272
137397
128524
152627
126699
158666
125712
158792
125675
124273
123816
130130
110331
158131
125603
158952
128325
186838
150302
134904
150206
158498
114961
162270
150361
156718
131993
121246
150398
147710
147728
159114
150155
157284
150188
158710
176355
159351
147328
182331
143267
159187
149795
158788
143398
159329
142248
158345
147541
160247
150293
158325
129603
158974
127676
150717
150250
157531
150253
132745
150627
134970
165741
135964
150909
159226
150092
156064
146992
136004
147016
159506
146661
156080
150584
169027
150979
157569
131216
157950
142377
157236
150882
155709
150718
160432
151109
136323
149981
136439
126927
159150
151258
159512
143798
160747
133249
159016
115118
159605
147549
156809
147893
159464
121487
177007
151044
159117
146030
150029
127839
159304
150205
158625
149918
160865
150206
150427
151033
159421
126457
159043
149507
158684
150090
155882
127638
158605
128680
158771
150494
151858
127724
158160
146954
159325
142026
135208
151392
136141
138300
158588
149541
155584
118425
183162
147899
136713
151313
159532
150223
163374
148328
150878
147338
159318
150450
134761
152597
156484
127756
174371
150093
158787
143785
159570
125712
115048
150157
148319
123549
134053
126831
148522
150455
151220
129288
158911
127513
159490
129567
159253
144735
159185
148664
162231
147680
152117
142827
158834
149831
129110
129766
150647
149780
193176
150614
158811
155970
159788
103487
135572
150552
130630
107821
159043
127140
158401
147086
159615
150124
135246
152888
121527
126768
158500
139655
136204
150294
158373
150769
159535
129143
159091
126875
155630
150706
158835
149805
161338
149789
159075
153748
158838
149931
175821
150489
159011
149923
130412
147267
159165
150724
135629
109593
160286
150081
135372
150251
158764
146555
159771
151170
159176
127890
187497
150841
150898
159362
141010
110230
155859
128343
121666
147282
155326
150314
149896
126898
154801
150443
159882
148551
156552
150048
157201
150190
156187
150647
159068
125700
118180
148202
131869
125047
128198
153705
156825
148127
159672
150810
134066
150349
135386
150784
159532
150515
156314
150654
160025
150383
159284
151417
158685
148599
168282
141997
158275
150830
159449
150037
156362
150598
156029
150567
151370
142067
156395
180800
158796
125600
157989
148211
150727
111854
158931
150509
158703
150929
158782
150901
178680
150265
150558
148582
159267
141890
157378
150347
158591
148428
159552
149558
158646
150649
159459
150609
191539
148515
136331
127661
158979
127325
157018
148257
150680
150133
156770
128927
158930
150403
159073
150011
150469
131239
156846
150050
173645
150421
157848
154326
159431
150702
154075
150227
159021
149951
157459
142339
136176
151343
157070
150184
162149
142133
158936
147437
133250
143417
159153
150355
158711
146874
162724
147717
159115
165389
140606
150409
150819
150224
158028
148473
152268
147989
158755
149300
158755
149995
158319
148763
136592
140538
153551
142946
158818
150394
159831
150378
161751
150335
158921
151398
136185
150061
134538
147240
159436
150314
159762
150716
159493
133261
159547
116550
150666
146442
133316
142271
157270
143008
157350
164882
151732
150379
158172
150187
158879
127886
159463
150138
158852
175896
130890
150522
205608
148597
158399
145374
125926
150489
158819
147934
159341
149970
158806
122490
158637
153999
159277
147630
180676
124055
144979
148802
159181
148635
159347
144459
136090
149954
204335
147192
136488
127586
159197
147387
159247
147407
156798
149663
158130
124419
159461
128796
159291
147782
133159
148798
130487
124149
190912
147858
157144
144988
135434
147125
159420
150454
135494
106675
179657
150080
149922
127062
158518
112743
158576
152564
156050
139782
179055
151049
159684
164737
155665
150088
157519
148445
136254
149804
158859
150853
157020
129601
156016
150796
174789
150383
134907
147261
159391
150447
130854
144128
158620
141958
185793
149562
159025
144257
156741
150737
160062
150348
134655
150940
134195
134498
155525
127384
156345
150842
159260
144916
136310
150291
180005
148116
158878
144333
159009
125788
157124
148799
136172
111847
160749
150129
136180
142083
158955
150951
159334
150733
158949
149899
159780
143349
159137
151025
156987
149943
158915
123162
157436
150516
159583
138833
156052
151094
159035
150104
128758
147654
158784
150852
159042
150153
158694
150095
158958
143543
157185
147163
147012
148849
135479
150569
159261
145456
159476
131755
156699
149839
134569
160343
157770
150157
150806
147245
151825
150335
134670
149126
158510
150656
158453
143332
152119
149964
151286
142933
156627
124734
117425
154220
158414
150324
136699
114113
149702
150345
161904
150416
157223
158623
159097
123976
158906
150185
132061
150503
149320
149858
159258
182133
159516
147348
109443
216558
159029
159108
151805
150151
154250
147536
136221
141524
159511
150106
159417
146522
156515
146912
137519
147169
157158
122508
159558
126110
118483
150133
157551
149976
134702
151097
159415
126737
159515
147856
158786
150219
158641
150521
159616
150064
157416
126277
156913
124807
152066
157879
157256
150582
154926
149939
159298
150417
136875
150145
155799
153539
136271
150291
164886
150219
159149
150850
156173
143412
148276
128252
159182
150147
202492
149805
159615
153697
156565
146588
178175
150445
146254
150717
158204
150292
131762
151608
159200
149966
161437
129694
151610
154948
159400
150325
158846
150204
151294
127523
158692
150299
156138
143295
152361
149961
162835
150631
134370
141935
159021
127598
159453
151088
158833
151758
135131
150130
156166
121700
159731
147987
159208
130757
160606
150588
174593
133329
157083
147823
157345
126922
159796
148411
159571
126598
139443
150664
135422
150269
150885
143447
120998
179857
159121
150216
134291
147170
137601
150681
138522
148092
159458
151161
158204
125824
158202
150523
158660
130904
156948
150896
160425
126800
152130
126853
158167
147109
159580
150182
156928
143379
148670
143973
152143
142165
136178
150080
159740
150463
159063
149980
156176
150958
156174
151027
160346
150676
111536
150175
159018
150172
157067
147590
149112
149478
160205
146917
158850
174205
158052
147140
179599
149978
157307
150794
156044
150811
136253
150706
155564
142130
161680
150391
128022
151428
158998
149946
158426
149499
133930
150044
161053
148494
133178
108709
154665
149882
156347
143461
158310
149755
159537
127556
157844
152887
159556
150420
158564
148682
132559
128332
160174
127574
145962
149507
157645
147819
158841
150071
133467
109060
111731
145135
134559
143858
153772
150781
132851
150891
137699
150340
159353
126016
159119
149778
159185
150616
156411
165476
136527
125838
159258
145111
136385
148332
159962
150319
159725
176078
159406
150252
160109
130661
156202
149852
149900
142013
135220
151355
159449
149941
188545
138790
150567
150290
158268
150359
128490
142565
130387
107271
156730
150327
158315
150235
142827
150384
159269
152682
136565
149983
180359
141938
158758
123626
159703
127136
114720
154272
159291
129822
136220
140613
158527
150031
138040
149022
151582
170935
155751
149052
158691
129563
111583
147688
160359
150048
135949
159318
135955
136179
158093
147567
148364
149774
138559
149963
158957
160799
157538
114909
156706
150597
150847
150243
159577
151227
159087
151172
158095
144126
161569
150613
135761
143221
159530
129658
156345
153678
156094
150138
134999
143446
127662
107325
148644
146034
134488
126699
132631
127751
148558
168916
159610
150198
146197
150065
130089
147417
158439
147987
158607
143199
158049
150257
181189
130124
157104
150129
157729
150294
135391
151503
136194
127686
179564
149905
148527
118975
159242
149547
135814
150781
159344
141665
192860
148629
157612
129280
146460
150147
158740
147501
133270
150602
191733
150000
157036
144808
131020
150265
135144
148412
159223
149499
156385
150651
135621
113481
113967
102889
158383
144515
158603
151207
136317
153309
158363
150450
152814
150182
159009
147341
136275
150075
136036
150412
135063
150139
137971
149782
158735
150961
133148
125967
158962
146999
159270
125762
159519
148442
156500
150826
134060
112528
159289
150601
159030
149793
188991
150388
155824
151447
136386
115025
159233
150132
147907
114964
152521
127405
156058
150108
159073
149493
156916
149959
158826
149970
157393
150359
148443
151174
151748
149907
166856
150328
148360
146695
156451
122807
159670
151194
157262
142374
148194
150690
158920
149747
158650
149887
158180
138678
136204
149092
159969
141094
158703
158762
159196
150750
135236
149554
158382
123380
160015
150722
155845
153697
151609
147448
159629
150054
158800
149655
158637
125425
131165
152534
135673
150941
159136
150362
135601
147394
159685
147372
155295
127822
159369
151597
122170
150032
149551
150432
159683
148483
158495
150680
159471
150355
190739
147356
159593
176152
151845
150531
174459
149883
151942
150665
158953
149935
134651
151570
159317
149849
161200
150395
158617
152408
135966
150069
152030
150790
150615
115727
118353
123923
155597
126014
134843
149243
149020
162559
158647
146924
168222
147285
159106
150373
159266
149921
157094
134293
158280
149713
160256
150563
135290
153950
158371
124409
158796
148902
158972
149454
151221
142894
157497
136373
158985
150218
157381
147386
159714
147353
156998
149244
128856
151487
132223
150753
159463
149933
158749
150224
145307
126861
158029
150540
148528
150126
150503
150035
158781
151216
151705
147993
159166
150704
158793
130553
156611
150150
155657
150407
135512
143342
133441
151050
159403
149659
162038
148355
151864
143451
158878
150814
159376
149985
158578
149845
152689
150365
135281
151398
156205
151434
168142
150036
134417
143297
159462
150013
121219
151252
158748
143118
148160
143428
159663
147421
157003
149851
135725
151296
136171
149634
162954
130784
151745
140979
156874
150474
136469
153836
155987
142171
168288
150866
159210
149952
158960
150198
157081
150090
158757
149939
136186
150568
135064
149995
158517
143650
159373
148715
159267
141936
151045
149659
158996
159789
156502
147309
185365
148384
158894
139811
157234
150610
157884
150430
157059
150542
159271
147104
148423
150700
160014
142106
173818
134182
159074
150292
158318
150196
135046
143572
144853
142413
190205
147903
159233
163044
158701
141822
135863
150674
159109
147699
152248
149931
158765
149409
158257
150390
144474
150095
158916
150517
134910
147100
157331
126063
159429
127147
120397
204584
158799
151536
151345
151233
135678
142640
159257
124890
196813
150204
159119
148227
156430
148541
150656
150083
158634
129485
160493
150345
132890
150998
158998
149833
173961
150440
158641
146959
159318
124742
159586
148315
158175
150098
160148
150267
158752
184683
158508
129926
179881
128590
158534
149632
159113
149843
156793
149999
157480
150060
190379
150016
156525
149878
159312
141813
159680
151158
159097
129481
159250
150498
159000
142373
147876
132112
160185
150165
150561
142374
158660
147079
159253
126749
158887
150153
188556
148633
159333
130471
157958
150249
179324
143505
158675
141363
159125
149614
156938
142172
159097
147514
134767
149857
135302
150765
159334
142229
148059
147736
160910
143224
157711
150396
158146
151885
158183
150925
162292
150392
150535
142518
158867
150804
159520
150340
150761
150192
161869
148471
158622
169829
158756
131037
155580
148111
156867
150018
157662
126277
148482
146430
156210
150822
151894
118390
158711
149777
148917
150560
158814
142967
157998
149332
175569
150903
159122
129600
158012
150294
158586
149608
131668
150807
168483
149979
134519
143163
147907
150109
136139
150846
159005
129388
158581
150033
134481
148280
158596
126088
158638
128242
121030
150935
159031
150281
133978
147448
148743
149545
159207
150303
156713
147500
171581
150472
158694
150050
136450
147714
156187
150872
159078
149984
152762
150230
136164
150144
159508
147538
158796
150057
129113
150115
161317
150312
158069
153220
136367
149712
155884
150757
157152
142661
152445
150689
156150
149785
158950
125569
165836
127838
159180
149995
159094
125596
118077
154815
133366
125584
134247
128068
143916
142384
162434
142115
158324
150118
133110
109281
159477
180870
151323
148279
184491
151065
159444
164411
159453
142803
136056
146119
159045
140957
159515
149557
134419
182721
159496
129753
173954
150708
157951
128403
155743
147813
133330
148959
157214
150770
150973
129936
158345
150902
156250
150392
159568
150717
159043
149803
156698
150543
158835
152947
159041
150015
167867
150741
159326
148675
159579
149938
134052
149755
135135
143594
146709
148004
159485
147812
134750
150699
156491
148894
159015
142640
160982
127721
135994
147411
159297
150590
135522
150446
158771
147786
157003
150518
159122
153892
157178
150102
157053
127054
158922
150290
160337
144373
159174
151049
135264
111840
155233
148596
136419
150672
162074
130741
122823
150053
158856
150165
136223
140373
152800
147288
193380
148756
158411
123284
157413
148871
150867
148589
159028
149794
134691
148520
156467
161611
151779
122193
150648
149642
158679
147402
159464
150466
134129
150952
135391
150310
156462
146995
151911
150223
158859
129676
158672
152612
159068
150035
155448
146642
159383
150032
158926
129496
122454
150682
125376
149883
158652
148701
133147
143041
159703
143256
159561
153051
159135
138396
135242
147419
136163
149412
160941
125737
159279
127550
159400
150517
158760
149989
156069
143152
159288
147137
156987
147615
136109
147278
156447
150572
151808
150398
159480
144849
158938
150403
157030
149767
184928
148966
133963
158073
159468
150228
134288
150272
150680
148820
151431
150360
158614
152559
158915
131416
135984
112381
159213
126658
152266
127401
134528
149832
159673
143221
150654
152260
159337
149962
159532
150051
158625
152117
158563
149700
136554
147617
158249
150088
159602
150607
158979
150724
159337
143197
135357
149528
158522
150747
156685
147296
159435
150368
134123
149908
190754
149761
158538
160743
157727
147201
156112
150817
159299
129722
158917
149839
156072
151285
158859
129808
122301
148406
158626
121436
156725
150923
159329
148093
159272
150143
173397
150320
158667
130152
151363
150165
135582
151963
159209
149915
172238
150522
135744
150712
159438
147632
158515
148523
135514
148888
159205
149818
157056
150905
151937
150578
134537
150085
158625
147263
159568
150651
150736
131286
157079
125470
156272
151381
159003
148548
159401
149878
156912
142695
157904
150175
154039
148616
134778
150459
155570
119133
159302
149944
151613
149888
157975
126062
158726
149624
154996
144598
158513
146932
155054
141468
155787
148810
157742
123752
156950
150703
159239
135247
159178
146445
159077
149953
158596
151615
159168
150042
150381
149921
155957
124903
159993
150309
158068
150646
157246
145153
196141
149895
158523
149766
159383
128343
155921
124750
159423
123735
120058
147038
133188
124888
130903
109815
159295
150721
159225
148943
158433
150422
158588
128747
159208
128314
151668
149939
157453
150424
158772
147622
148322
149885
159461
148984
158832
153566
159472
125679
120863
149580
158927
149832
146636
147892
148313
167698
158509
143032
172716
150133
158561
150732
186465
124833
159595
143653
130304
149757
158822
149981
134611
148453
134439
150265
158909
166484
159419
129956
161161
150594
135397
164031
158715
147634
159068
143273
158456
149928
143228
149970
159501
150911
156284
150897
185631
143184
136085
148237
158628
150142
157089
145009
150550
150107
159270
150180
133750
166807
159398
124240
146298
118553
159733
125864
158012
141887
158706
143182
151251
118744
156082
128206
158553
149553
197973
135565
148320
162817
157339
150002
150764
148997
154681
150407
158462
122399
156796
150261
158505
148858
178838
135452
159332
150264
146387
147595
155638
150387
158713
150418
137116
149852
135091
150639
159377
150616
148408
148082
156247
150695
158337
147835
149077
182949
158666
130855
172532
146694
159383
150069
158520
150029
158520
140926
158998
126083
153215
126953
144719
147481
157324
127896
134613
148264
156030
147822
133232
150447
158166
148537
159003
149684
150450
150418
159356
150564
160001
148369
151657
159273
136428
149947
135664
150903
131488
147337
156435
147256
159297
152647
156886
150158
155883
124841
157346
148320
148153
150790
159217
150503
134933
143337
159352
150200
158571
142969
159480
142061
134090
158533
158632
150012
163661
150753
158873
149989
158469
148586
159108
147638
151888
126771
195270
150457
159128
148123
159524
127702
157258
150046
156781
150509
158972
127669
159537
150782
134845
108207
159022
145681
148309
118904
155402
133712
158487
147029
156741
127425
159522
150260
135168
150872
159739
148321
151704
149419
159236
149831
150527
150274
157598
125599
158788
150060
134360
143085
159457
149698
157347
150119
154832
142070
206957
127345
159270
150369
159151
149919
166849
147812
157362
175296
151977
147886
169297
129669
158575
149740
158702
150147
151764
131193
158053
149670
187599
130629
159836
164213
157444
130814
152043
150261
155250
130752
135376
150087
155504
168598
158970
122474
152155
148565
154936
149981
158043
124911
159322
152915
159209
150257
148697
150432
159140
148973
152848
143203
156519
147154
155474
127376
176670
150537
159319
123364
158884
125594
156437
150749
158928
149943
157849
149888
135335
150106
159301
150659
159066
140864
156689
150582
150613
150034
150661
182687
157222
150239
202128
129781
158656
175273
159451
150244
135294
150875
156656
122800
157579
149301
150502
150850
158984
150468
171804
149721
157203
112635
159614
149151
148023
144096
147759
127621
165257
150072
155751
149153
156684
149494
158412
150086
158769
148694
158706
146989
159645
141037
136327
150708
159258
146370
135404
141278
135810
111340
156519
150310
129263
151232
159417
125679
134014
147605
148341
148330
148400
149867
145883
127055
159684
180957
133316
146915
159590
150417
131617
150777
148969
147250
159077
152629
159154
147731
134176
143332
150918
147784
156714
114691
155653
150771
158835
150243
168601
150273
135494
149910
134924
109596
156968
176136
156661
150979
159747
150082
157307
150172
157065
126469
119458
142248
129871
133456
153897
147519
130055
142104
159791
127449
158900
150275
157232
147550
156682
147328
158772
136764
156301
150290
158757
173252
134046
149925
135409
149712
134330
150185
159857
145169
136280
154729
159845
150355
157734
149555
159052
149860
158892
130297
156888
126584
158706
150355
178236
150624
156374
129391
159524
150690
159063
150638
155911
150695
159549
148475
134153
150384
158750
151317
159298
130212
135616
127797
160375
142010
126616
151916
157692
148840
135906
147097
155583
131332
200083
150460
158628
144119
135402
149045
159039
149387
157390
150779
136009
111802
158808
153189
159229
149889
156054
147946
158767
115073
156834
150223
159275
147370
144842
150553
159087
149996
158368
148466
157371
150581
153294
150994
158849
145215
158899
127669
136075
147116
159185
114945
159048
150362
159362
127692
120897
203023
150579
150618
158020
153054
158904
129888
157281
150701
183309
150592
135325
180787
135568
150132
136018
148260
159311
127737
160469
150380
156557
153336
133046
149664
158334
150107
159594
115010
158791
150388
148778
151436
136175
142059
159036
142569
149564
147303
136365
149801
157490
149132
151728
149014
130327
146992
158736
151468
150826
128645
159330
141876
134519
150272
156832
144026
147388
118478
159273
151365
156488
163870
147671
147168
136129
149923
134273
108728
176924
134929
159442
149939
158822
129754
158589
150496
134592
127548
189287
150312
158861
166786
159817
148696
171159
118478
156102
146188
159641
141946
149871
150613
135213
150896
170708
148001
158867
151198
159186
150004
156344
150584
157423
147583
151173
114789
144063
147819
248912
142350
160722
150127
158601
124570
156262
151643
159254
150056
152297
143196
159830
150593
156842
141163
123468
147636
158556
149104
156993
151293
159234
142894
137244
180898
157483
142054
164587
142116
159665
150469
158944
128621
154123
150613
150658
150363
158635
150462
159443
169022
159224
147631
133827
150654
156801
149784
157191
150057
156338
151400
146183
150066
195834
150539
159475
148822
159366
148856
161485
127580
158731
128089
159539
121369
158628
180226
159364
142182
184150
139792
158835
150719
159535
150040
158921
147321
156529
149876
158991
143764
136649
150650
111686
150549
159141
148770
137201
143198
143163
149810
159289
156302
156283
150504
159236
150191
133467
150144
158950
150750
151996
148041
133216
139709
156432
150171
154346
122784
159971
149600
157353
150517
156083
150900
135690
148870
159010
150393
159376
146967
155810
149874
158762
124950
133489
149920
135012
150586
148538
141995
158822
150396
153239
149701
167367
149850
159540
145398
157333
150489
159563
133302
159166
149952
160756
150691
159319
148794
158779
148886
159022
139118
137188
150008
132008
124090
134922
126995
159460
147603
148311
127087
135414
150849
159098
149695
158950
150207
158190
127667
159131
150678
158146
150084
160156
150241
158921
141083
158478
149934
158615
147212
159661
149996
157354
150561
147234
154766
159560
150570
176423
130779
157940
150766
150080
148235
136003
127270
158710
150874
159777
149827
134411
150127
157007
149917
158780
143085
159191
150478
159245
129466
158781
157502
134312
143284
159286
145376
159143
149933
157995
147442
159675
159965
137925
149428
168632
147638
136840
150245
141293
127052
158398
150857
136268
126432
126599
147494
156141
148074
179488
150507
156989
150803
136133
150546
144459
149020
158996
143107
156805
150807
151549
152673
159366
149937
145252
150149
158927
114957
159361
150732
151958
148294
158796
125297
134009
158321
158851
146241
148234
126124
157833
152424
133369
147071
159359
150132
134915
148480
142564
150282
156152
153533
151990
150222
178890
149471
158703
149977
155954
130611
158989
150524
159810
150597
203294
141551
154905
148399
156413
149064
161303
148657
159320
122604
152026
150788
132487
147640
159179
128181
195556
150128
158859
180344
156634
150946
182021
130667
121084
150595
159381
141787
148411
127662
157108
150775
181659
150860
131979
110095
157362
137529
158246
147592
152369
148740
133656
149488
136067
112064
160006
148513
159002
150740
158824
150241
157190
126045
156892
150607
151011
147434
155882
142458
157203
126763
150537
150487
158800
150541
159245
149615
159279
132186
134867
150241
135309
148874
158647
150153
138810
150927
159162
152277
136410
127200
159267
149977
135684
150429
134467
149299
159140
147973
147899
147431
158819
148746
136412
143317
157207
150777
151879
150445
136029
143030
158649
149952
158485
148558
158898
149873
135963
153247
136430
150299
162477
149661
157715
150017
157341
150272
158893
150344
158997
150541
136562
149613
158770
157745
157176
149993
158699
148626
158625
150075
158726
126029
158137
128140
122037
103898
158753
150714
159451
147260
161659
150253
134066
148370
159095
148158
136546
127984
121177
150826
167656
151090
133021
148289
158707
147491
136237
142488
158498
127804
158644
150073
156356
150616
159476
147565
159268
125257
159387
150510
186904
133268
158789
164734
155555
149592
134269
146516
134984
148088
160758
147718
136682
163118
158913
151044
159176
141289
158726
150094
158885
148554
151372
141381
130392
150350
167638
150187
158925
150617
159047
149791
158801
144665
158858
131656
161970
147896
135573
150199
134848
150590
158808
122988
158766
150682
159860
150008
158396
170152
141146
150071
135074
150094
136019
150407
156566
130041
157388
167787
158588
149804
161285
150143
152463
129956
159575
149983
156381
150985
158960
148762
159614
129741
157734
150133
158509
150285
158690
149711
151949
129691
136529
150685
159463
141753
159235
150301
135770
150856
159051
149846
134399
150062
159395
168868
159483
142225
159064
150165
134676
142209
135480
150353
159588
142564
158725
151086
161544
143210
150799
126815
151940
146457
135394
183482
159426
142055
189928
138335
158987
151933
158858
142147
158336
150696
159203
150465
158933
126126
155950
150943
150542
148860
168141
150421
159700
149791
156521
120120
150763
150436
158188
143168
197363
150869
159044
149141
158985
149928
167950
127687
120433
150937
135302
149596
135388
156803
158946
130857
159313
150070
156320
150278
156913
130493
144569
175615
159254
129928
159063
149528
134429
150176
137420
146359
155767
151150
135418
141003
157981
147282
159510
150249
159112
125722
158445
150317
134334
150544
150945
149843
159232
144567
159390
149950
151062
150515
158562
125245
171344
127692
122026
150280
160611
126661
159310
151015
159189
150033
135039
150778
159481
148682
159639
141974
158343
144228
158868
150276
161353
130674
122888
150134
141921
150035
158768
151021
159437
150035
180972
130872
150614
149827
156311
127577
156253
127751
157100
150573
161762
141945
158880
153216
135665
150913
159295
145124
150798
150278
135661
127477
159047
149879
135868
150634
159555
150365
158593
144313
138994
139298
127996
150755
152306
127432
159171
126953
158533
150708
170726
150460
146854
126187
156602
147530
158888
150823
159356
150224
158991
148479
157225
166796
155588
150200
136368
144133
134871
150786
159188
148606
159316
150220
156207
147326
166635
143471
159487
149682
156387
150429
159279
130781
157612
150293
158774
149788
136109
150500
135449
146874
151723
150411
158663
125542
158895
150342
158917
151023
144123
149841
135284
143219
158941
129613
160039
151081
159058
152230
159361
148712
136274
147236
159339
123588
152429
150294
158816
125397
158909
149910
155900
150495
158773
124752
161654
148151
158843
177904
159759
141994
184151
150737
159330
157225
136573
149412
158283
150732
151866
147584
160004
142484
158409
147943
151760
150035
167229
127560
151672
127104
159492
150417
158946
150291
151937
150163
135319
143327
126378
150734
158754
122242
158480
179914
150607
147643
132590
150198
158746
150033
155827
150701
159206
144312
131334
146483
178540
148694
158977
142671
158866
150708
159330
150094
156288
150800
137176
146950
159025
152344
156741
151002
157196
150869
157588
131099
159174
126186
156162
127848
158632
150429
121492
149805
158608
150949
159703
144825
159478
152341
159708
150023
195853
150830
159450
148957
158801
149185
152051
150291
134404
106020
111852
139080
129946
121943
130777
150272
147121
150181
158662
150621
155712
150317
150600
149869
156337
125442
151551
157167
159129
142438
135325
148161
135132
147345
162044
151113
159355
180007
147660
149936
158959
147042
159523
142199
157586
126799
159117
151162
135956
148264
189088
127775
136205
127461
158995
125863
148579
148180
159366
150824
170720
128629
119229
137998
121419
104728
157305
150957
159384
140620
136077
142703
151263
146565
146304
150362
159061
149712
158846
148726
155479
150001
134295
150486
159713
129548
159015
150436
158842
150869
136287
150737
156074
150131
178141
147350
136206
168669
159109
150146
167356
125060
148841
139049
159312
127684
155924
149603
158755
150408
134801
110053
159222
144035
159625
150318
149166
116764
254426
129418
159557
147029
131252
124196
133607
140225
148362
151051
135139
149786
158553
145981
158704
150186
159576
150478
158807
148806
135294
148540
172026
143433
151262
148744
159233
150045
158432
149825
156024
124888
118749
123365
128304
139703
149435
143309
156668
154930
137583
128426
153590
150400
158617
151041
159761
135470
159403
168367
155599
140792
157891
147243
151832
147194
127131
142148
159000
130618
158621
149702
159583
147626
158697
124520
155218
150008
158701
150611
134457
151001
156300
130417
136187
147593
156197
150655
158705
143560
159439
150130
168621
151005
159275
148794
156645
150924
157964
144222
151213
151019
159492
144654
133517
147756
151178
142384
152481
150076
158495
143043
137065
149704
134865
147171
159412
149966
158591
148588
158986
129626
159347
119009
159553
147489
156812
124490
159490
144947
156317
144235
169884
147527
136206
126532
156198
150849
158959
148839
150774
150243
135544
150525
158823
166176
144019
147974
158846
151128
151002
125722
150708
149775
159218
152680
155990
150650
177964
150557
158994
150298
136144
126710
120743
150950
158853
150197
133507
150165
159043
150241
159306
150268
159239
130011
158077
150271
191115
150788
156527
171716
158826
147449
184418
145937
155388
160421
158405
149765
158636
150800
159284
150623
155029
115291
159365
143648
159274
147677
135384
150310
159281
150465
159103
150749
159431
149071
159364
125577
200438
151009
156148
148493
135359
140305
159061
148600
156838
122255
152246
149250
159198
166495
155581
150408
159502
126767
159184
150660
160648
104178
113542
132596
159647
147276
158703
147411
151444
148612
158899
150613
158990
150383
159207
150704
161011
150779
158750
149733
158687
149986
150850
150557
136122
150095
161360
148414
159189
150606
158709
129965
158172
149498
134883
149909
159483
150523
151432
158432
159225
130717
158964
150179
158329
149645
158977
129580
148421
150808
158171
149826
168772
150490
158912
148860
157931
128090
154115
151351
159271
150364
158133
149901
158925
150522
158487
141610
156891
150097
150835
148526
159066
149918
158680
150247
158673
130310
193647
151085
151616
171104
155695
140905
160937
150608
158377
143403
130640
142068
150084
152233
159138
150174
164474
150811
157240
150653
147881
150078
158360
146929
159186
144318
159710
150294
156133
151179
135303
125975
158521
150712
155969
150293
150745
141020
158752
171668
156480
149945
134229
143348
159077
150354
158715
148312
136445
150697
159322
126509
153098
147733
151944
127816
208577
150274
134980
149957
160251
119932
159025
143026
158915
125744
158922
149712
136277
129784
155654
150417
193791
147049
159601
179933
144844
150175
149596
148607
135838
115070
158488
150769
159237
150046
158213
125510
159019
147160
159225
150450
159018
123097
151949
144623
158855
126074
159271
153024
134044
149973
135512
150067
159393
153221
151862
150009
150645
150045
158929
149633
158656
142702
158853
151174
150655
143335
204366
150247
150395
152879
159148
148568
152267
148081
135451
111577
137336
150866
159003
163304
159565
128590
159518
149845
159558
141651
158737
149977
158464
148610
131168
145572
158556
150494
159025
148048
158754
127741
156582
151080
155664
150044
158633
150306
159707
152004
152185
141365
159227
145416
151212
149088
158891
150041
158082
149987
133338
149999
134913
150599
156493
147397
132708
142569
135858
150629
138342
126798
120555
150440
158661
126343
118408
103341
126539
121873
127463
117807
159370
150317
139918
147742
158436
123289
159888
135170
136211
150636
158369
148536
134371
150102
159137
148640
139392
150091
158225
158306
159333
150689
196466
143211
159361
152411
136083
149085
158984
148819
152180
143610
157585
131207
159186
143353
136372
126760
158852
151176
159219
149957
158869
103071
155803
152013
148482
150236
133158
149952
158598
149736
138606
125625
158806
150491
164245
150104
156576
147514
158479
143401
158776
147761
159035
151184
127882
149189
135157
112014
156108
146911
148494
150060
133525
143139
159416
150597
158864
148663
154171
129685
128971
150620
159185
142134
159136
149198
150629
150377
135182
143066
200462
141672
159392
148334
159137
128292
158708
151481
159011
127600
136294
147514
159516
150678
135248
148352
159365
140246
150793
150037
157725
150351
158573
149506
158648
119127
159431
151756
133298
151733
159380
150617
157654
148344
158706
147024
139986
150274
159440
125083
156201
149972
158263
142528
136176
150423
176686
143104
156347
147030
159302
149883
134893
148778
156199
150841
161289
150556
153643
179427
158890
130999
166258
150703
158959
142491
159489
150619
129434
150715
150756
150189
201349
150376
158778
148769
158820
149352
177955
150240
158627
150023
