1370272
1488721
1989
1884
1859
2058
2413
1643
1807
1921
2370
1625
1847
1790
2241
1878
1819
1597
2212
1881
1823
1564
2137
1856
1797
1566
2163
1822
1781
1596
2183
1867
1794
2176
2183
2173
1791
2173
2295
2139
2236
2157
2208
2220
2267
2155
2216
2182
2206
2181
2207
2154
2194
2222
2202
2220
2306
2194
2189
2275
2186
2187
2182
2233
2258
2159
2160
2223
2230
2181
2239
2290
2190
2193
2190
2247
2256
2141
2160
2183
2198
2156
2233
3241
3344
1648
1753
1817
2058
2277
1742
1836
1929
2292
1712
1870
2006
2249
1705
1807
2072
2454
2166
2233
2313
2280
2137
2182
2288
2271
2155
2158
2298
2239
2134
2151
2279
2270
2149
2183
2277
2264
2169
2228
2259
2255
2288
2176
2178
2255
2280
2155
2187
2865
2282
2200
2176
2301
2257
2230
2196
2348
2356
2324
2226
2307
2819
2246
2164
2306
2284
2280
2235
2240
2329
2231
2167
2254
2284
2152
2120
2268
2289
2186
2143
2287
2260
2155
2043
2311
2657
2781
2198
2186
2004
2176
2102
2143
2082
2296
2104
2143
2050
2220
2104
2207
2085
2288
2015
2208
2115
2174
2163
2099
2203
2215
2084
2217
2017
2058
2056
2202
2107
2261
2063
2128
2155
2236
2131
2249
2120
2115
2101
2234
2064
2213
2084
2110
2133
2234
3038
2194
2029
2145
2142
2113
2083
2235
2136
2266
2161
2147
2091
2218
2082
2215
2100
2102
2135
2173
2108
2193
2186
2091
2079
2217
2099
2185
2079
2115
2134
2253
2107
2242
2113
2217
2087
2747
2647
2121
2150
2192
2143
2184
2077
2185
2137
2246
2172
2296
2242
2262
2143
2256
2209
2225
2076
2182
2158
2146
2117
2196
2164
2237
2117
2099
2109
2193
2063
2202
2159
2138
2022
2200
2105
2225
2080
2095
2152
2208
2092
2187
2118
2090
2217
2219
2123
2195
2241
2067
2098
2189
2084
2198
2140
2205
2075
2094
2220
2244
2070
2204
2130
2105
2017
2199
2200
2201
2205
2211
2220
2074
2094
2183
2156
2188
2116
2081
2205
2180
2081
2207
2148
2202
2607
3023
2166
2222
2251
2111
2147
1896
2261
2216
2160
2133
2158
2076
2104
2295
2143
2184
2088
2174
2232
2200
2101
2090
2255
2210
2145
2134
2238
2097
2125
2086
2227
2195
2103
2105
2232
2233
2109
2203
2222
2239
2094
2125
2211
2180
2106
2169
2238
2197
2119
2067
2248
2180
2102
2203
2215
2090
2113
2202
2113
2303
2110
2128
2111
2215
2109
2203
2106
2196
2092
2084
2125
2184
2125
2171
2133
2034
2090
2179
2126
2215
2105
2199
2112
2033
2126
2744
2468
2263
2072
2077
2152
2098
2213
2169
2217
2071
2216
2144
2109
2168
2142
2033
2185
2172
2189
2185
2121
2088
2164
2193
2097
2078
2204
2177
2066
2033
2190
2150
2160
2182
2167
2040
2180
2179
2155
2188
2192
2005
2151
2131
2123
2153
2191
2167
2103
2137
2110
2209
2174
2120
2096
2083
2177
2190
2172
2116
2215
2083
2201
2136
2165
2078
2197
2005
2154
2165
2095
2085
2178
2094
2181
2092
2116
2230
2179
2106
2105
2093
2190
2186
2179
2513
2477
2023
1957
1887
1963
1926
1897
2029
2162
2219
2157
2220
2210
2208
2127
2207
2173
2248
2062
2243
2160
2257
2118
2253
2157
2213
2126
2213
2203
2138
2142
2216
2170
2208
2121
2217
2172
2250
2095
2256
2159
2358
2119
2242
2181
2220
2108
2218
2180
2224
2123
2209
2187
2235
2095
2205
2237
2146
2083
2172
2126
2236
2091
2238
2182
2229
2100
2213
2181
2220
2149
2188
2134
2225
2178
2276
2190
2191
2118
2262
2185
2230
2107
2243
2103
2232
2100
2863
2614
2224
2251
2222
2131
2269
2236
2245
2113
2227
2208
2183
2111
2232
2211
2242
2127
2206
2280
2209
2080
2218
2231
2218
2105
2239
2221
2234
2074
2270
2203
2098
2118
2220
2235
2213
2119
2220
2265
2182
2053
2221
2248
2215
2106
2273
2266
2234
2096
2250
2222
2245
2113
2205
2737
2199
2104
2233
2250
2212
2098
2233
2224
2227
2092
2235
2145
2234
2069
2270
2188
2216
2105
2212
2249
2160
2143
2196
2248
2195
2098
2211
2221
1694
1517
1589
1613
1866
1853
1587
1434
1510
1457
2681
2205
1994
2120
2088
2307
2210
2103
2094
2259
2126
2134
2096
2195
2185
2102
2074
2205
2081
2132
2189
2250
2095
2152
2109
2181
2116
2096
2214
2302
2219
2107
2251
2302
2144
2175
2144
2284
2233
2170
2141
2320
2159
2185
2270
2290
2165
2172
2154
2285
2252
2186
2172
2311
2142
2180
2229
2303
2132
2173
2157
2281
2294
2161
2167
2302
2152
2139
2265
2312
2169
2222
2180
2302
2142
2182
2251
2286
2154
2171
2698
2303
2302
2551
2265
2177
2158
2176
2265
2105
2154
2029
1995
2014
2044
1906
2144
2071
2080
2076
2093
2073
2087
2036
2114
2103
2096
2074
2203
2064
2107
2071
2067
2078
2189
2077
2069
2217
2075
2082
2168
2108
2086
2104
2064
2116
2181
2106
2058
2083
2081
2078
2175
2072
2063
2072
2085
2077
2227
2065
2109
2216
2083
2085
2084
2078
2183
2040
2055
2069
2077
2146
2202
2055
2038
2051
2078
2209
2105
2114
2066
2097
2042
1836
1930
1850
2165
1903
1853
1775
2144
2635
2090
2246
2093
2121
2067
2164
2161
2078
2057
2171
2197
2169
2196
2175
2100
2072
2192
2163
2182
2040
2174
2163
2101
2106
2190
2227
2115
2082
2090
2195
2126
2066
2182
2173
2086
2085
2202
2212
2204
2132
2198
2033
2101
2210
2178
2059
2181
2168
2077
2043
2230
2252
2058
2048
2091
2198
2164
2089
2188
2209
2069
2065
2169
2162
2228
2076
2116
2197
2229
2062
2177
2176
2091
1981
2250
2187
2111
2194
2079
2076
2605
2155
2087
2107
2195
2840
2086
2173
2130
2075
2218
2173
2117
2148
2191
2270
2084
2286
2117
2239
2222
2288
2111
2257
2227
2234
2105
2274
2228
2257
2105
2259
2103
2255
2205
2288
2118
2252
2197
2274
2193
2285
2097
2219
2116
2249
2155
2262
2213
2252
2098
2254
2090
2283
2217
2262
2048
2265
2093
2281
2198
2254
2085
2172
2076
2256
2145
2265
2118
2246
2213
2274
1998
1787
1842
1749
2223
2258
2192
2303
2089
2288
2185
2298
2194
2285
2631
2291
2271
2255
2262
2285
2237
2317
2246
2709
1744
2117
2211
1867
2209
2204
2217
2209
2258
2106
2244
2198
2289
2087
2224
2174
2281
2210
2244
2118
2215
2225
2208
2186
2197
2086
2210
2196
2236
2198
2248
2077
2216
2174
2210
2123
2206
2048
2108
2197
2208
2107
2101
2143
2204
2205
2102
2103
2197
2093
2117
2188
2226
2105
2119
2020
2225
2173
2123
2149
2254
2186
2215
2057
2219
3025
2125
2115
2206
2132
2132
2114
2247
2130
2152
2118
2732
2186
2122
2075
2200
2143
2231
2222
2104
2743
2189
2289
2243
2212
2140
2371
2226
2196
2213
2415
2102
2252
2251
2390
2209
2206
2026
2298
2212
2217
2227
2312
2140
2191
2233
2317
2222
2218
2108
2337
2164
2149
2191
2345
2100
2159
2170
2321
2242
2102
2156
2325
2107
2101
2216
3681
2132
2131
2125
2064
2212
2109
2154
2297
2251
2114
2216
2252
2206
2182
2126
2251
2149
2153
2123
2270
2183
2130
2125
2265
2089
2178
2268
2203
2151
2143
2638
2371
2170
2147
2268
2349
2207
2211
2083
2335
2140
2594
2264
2227
2171
2124
2156
2229
2229
2106
2114
2222
2123
2157
2213
2137
2105
2080
2090
2134
2214
2120
2120
2107
2140
2112
2247
2099
2267
2186
2128
2101
2221
2119
2110
2093
2108
2156
2223
2135
2077
2148
2106
2102
2194
2138
2037
2074
2072
2104
2195
2093
2137
2118
2157
2086
2213
2107
2222
2076
2119
2105
2239
2088
2097
2112
2113
2123
2212
2152
2093
2115
2091
2137
2226
2088
2527
2132
2200
2118
2151
2082
2232
2131
2126
2101
2137
2107
2047
2454
2201
2275
2122
2131
2100
2229
2192
2144
2107
2196
2082
2142
2125
2235
2249
2101
2151
2186
2212
2076
2107
2206
2125
2089
2104
2213
2278
2198
2112
2152
2112
2082
2057
2122
2198
2094
2096
2177
2223
2127
2180
2082
2244
2103
2124
2117
2164
2168
2124
2109
2224
2125
2086
2145
2096
2105
2088
2125
2190
2128
2079
2132
2113
2105
2093
2109
2237
2090
2146
2128
2245
2076
2578
2126
2166
2108
2093
2162
2159
2145
2086
2136
5698
2470
2438
2356
2392
2756
2402
2232
2412
2381
2358
2365
2352
2191
2278
2217
2339
2102
2289
2227
2292
2112
2303
2284
2269
2174
2447
2329
2227
2112
2278
2232
2340
2093
2312
2266
2300
2112
2267
2265
2281
2134
2245
2296
2248
2109
2265
2218
2319
2106
2353
2225
2275
2079
2200
2216
2144
2123
2096
2229
2094
2124
2139
2177
2084
2112
2090
2117
2116
2102
2081
2119
2119
2123
2118
2134
2608
2121
2260
2123
2144
2083
2237
2299
2110
2115
2148
2142
2101
2111
2140
2147
2096
2657
2202
2188
2131
2153
2118
2183
2102
2089
2078
2095
2058
2088
2077
2198
2080
2188
2141
2191
2155
2260
2127
2172
2165
2179
2137
2140
2171
2188
2163
2144
2171
2176
2160
2126
2145
2173
2155
2266
2264
2204
2147
2227
2149
2279
2246
2192
2152
2182
2150
2264
2277
2179
2206
2194
2136
2232
2167
2191
2168
2194
2144
2192
2104
2191
2155
2158
2157
2171
2627
2174
2284
2161
2260
2153
2217
2219
2246
2230
2234
2179
2145
2177
2229
2161
2250
2184
2142
2623
2189
2151
2132
2108
2184
2159
2092
2114
2119
2119
2183
2161
2088
2114
2047
2101
2117
2094
2091
2093
2071
2113
2201
2064
2094
2114
2064
2048
2223
2074
2102
2085
2074
2083
2180
2101
2093
2070
2068
2023
2156
2071
2091
2118
2029
2132
2072
2107
2103
2102
2027
2138
2176
2095
2077
2091
2102
2080
2173
2090
2086
2073
2046
2071
2207
2079
2537
2138
2130
2087
2100
2070
2097
1984
2072
2067
2106
2090
2096
2221
2059
2117
2099
2111
3180
2788
2235
2255
2197
2201
2197
2204
2176
2289
2196
2216
2151
2204
2168
2250
2202
2191
2165
2150
2270
2122
2134
2141
2254
2132
2128
2110
2229
2163
2122
2142
2206
2101
2112
2123
2213
2063
2096
2134
2204
2064
2129
2196
2231
2042
2130
2086
2244
2076
2236
2158
2120
2133
2222
2108
2127
2150
2209
2088
2096
2147
2202
2100
2125
2128
2203
2058
2766
2175
2329
2084
2275
2161
2147
2045
2208
2150
2100
2098
2190
2154
2111
2081
2195
2142
2099
2067
2206
2604
2173
2208
2292
2106
2128
2216
2229
2115
2103
2205
2207
2140
2103
2153
2291
2201
2160
2172
2307
2169
2191
2151
2303
2183
2255
2177
2283
2073
2169
2183
2247
2188
2165
2189
2279
2163
2164
2184
2295
2201
2181
2156
2301
2212
2175
2146
2233
2191
2177
2198
2276
2194
2161
2178
2269
2192
2159
2155
2297
2161
2190
2176
2286
2158
2153
2155
2722
2290
2269
2194
2183
2213
2281
2167
2185
2183
2321
2163
2185
2160
2277
2180
2172
2173
2291
2553
2191
2196
2273
2262
2190
2152
2277
2143
2182
2295
2257
2073
2169
2142
2289
2307
2126
2223
2273
2254
2094
2149
2235
2146
2163
2167
2246
2103
2146
2144
2210
2074
2115
2092
2208
2113
2097
2084
2211
2152
2108
2122
2207
2152
2106
2098
2207
2093
2107
2108
2271
2075
2213
2056
2214
2068
2133
2091
2207
2035
2121
2070
2207
2059
2123
2110
2636
2158
2213
2114
2226
2086
2202
2085
2234
2142
2171
2066
2241
2105
2202
2081
2248
2110
2105
2049
2204
2552
2140
2118
2192
2150
2095
2100
2181
2087
2094
2139
2209
2077
2269
2133
2294
2184
2168
2133
2269
2157
2154
2163
2281
2186
2153
2267
2258
2147
2160
2139
2253
2120
2164
2187
2307
2137
2168
2163
2260
2166
2155
2161
2279
2187
2161
2159
2259
2088
2471
3012
2273
2139
2160
2118
2172
2141
2158
2140
2276
2224
2148
2159
2250
2217
2145
2127
2683
2206
2291
2126
2156
2151
2249
2111
2228
2208
2182
2188
2247
2154
2248
2118
2096
2153
2142
2521
2239
2142
2156
2164
2140
2080
2201
2133
2084
2068
2174
2140
2086
2070
2102
2142
2134
2098
2042
2129
2066
2097
2041
2123
2189
2055
2034
2123
2122
2072
2107
2140
2218
2086
2150
2148
2145
2076
2103
2135
2132
2048
2075
2141
2105
2047
2073
2157
2162
2066
2079
2180
2108
2095
2091
2166
2098
2089
2085
2138
2107
2073
2077
2115
2114
2063
2551
2173
2100
2081
2104
2125
2093
2065
2130
2108
2069
2063
2096
2126
2068
2085
2085
1947
1749
1844
1831
2548
1890
1850
1853
2026
1521
1510
1520
1482
1459
1429
1446
1418
1362
1414
1437
2134
2077
2131
2119
2048
2004
2107
2081
2120
2091
2124
2093
2094
2034
2119
2060
2182
2080
2155
2075
2107
2094
2142
2035
2118
2026
3030
2114
2147
2065
2088
2086
2168
2087
2107
2123
2133
2085
2075
1881
1954
1926
1937
1861
1939
1897
1918
2005
2105
2623
2109
2087
2170
2187
2082
2110
2170
2115
2153
2057
2271
2110
2134
2077
2160
2102
2082
2080
2143
2106
2087
2102
2816
2202
2128
2110
2123
2122
2190
2089
2108
2080
2164
2119
2120
2059
2296
1963
2092
2104
2208
2078
2087
2094
2206
2085
2087
2117
2204
2139
2093
2154
2178
2096
2051
2099
2206
2092
2106
2105
2088
2083
2092
2002
2252
2087
2095
2109
2138
2068
2210
2088
2125
2064
2160
2109
2194
2078
2088
2125
2096
2107
2101
2126
2191
2090
2084
2356
2124
2210
2181
2093
2071
2123
2084
2196
2212
2097
2108
2180
2075
2134
2245
2143
2126
2120
2131
2335
2671
2209
2128
2246
2251
2145
2267
2052
2111
2248
2275
2139
2256
2176
2223
2299
2083
2214
2609
2125
2148
2010
2008
2109
2136
2018
2121
2119
2147
2010
2004
2257
2275
2268
2263
2142
2012
1929
1886
1886
1943
1833
1497
1901
2154
2175
2244
2241
2273
2131
2186
2241
2143
2216
2207
2201
2233
2255
2134
2209
2212
2137
2119
2068
2173
2696
2133
2159
2209
2110
2198
2210
2087
2235
2178
2118
2071
2303
2076
2147
2180
2105
2094
2100
2143
2209
2584
2110
2124
2095
2112
2063
2085
2183
2068
2035
2071
2083
2089
2106
2078
2223
2033
2057
2092
2221
2041
2117
2095
2219
1976
2057
2082
2011
2025
2042
2088
2196
2082
2060
2131
2102
2102
2067
2085
2196
2112
2069
2094
2084
2074
2044
2085
2188
2088
2179
2073
2072
2061
2114
2103
2201
2060
2085
2007
2118
1979
1997
1892
2035
1829
2407
2083
2192
2072
2224
2055
2133
2196
2183
2097
2192
2211
2128
2092
2177
2099
2221
2177
2102
2086
2194
2553
2224
2081
2124
2184
2212
2179
2215
2069
2103
2197
2174
2146
2191
2097
2094
2012
2086
2079
2138
2100
2133
2065
2132
2127
2153
2052
2169
2092
2175
2096
2113
2056
2140
2091
2181
2046
2105
2094
2096
2133
2171
2118
2117
2115
2089
2185
2158
2087
2012
2097
2103
2066
2111
2071
2238
2091
2113
2061
2149
2087
2133
2046
2178
2088
2567
2111
2130
2119
2107
2082
2217
2131
2133
2111
2103
2113
2234
2110
2133
1994
2100
2099
2230
2188
2086
2576
2155
2175
2229
2181
2064
2172
2109
2172
2225
2179
2099
2218
2009
2202
2203
2063
2091
2208
2098
2185
2222
2100
2130
2218
2157
2133
2240
2196
2084
2093
2084
2179
2193
2186
2106
2099
2111
2224
2202
2106
2076
2231
2108
2181
2191
2095
2093
2199
2104
2189
2223
2168
2121
2090
2124
2172
2233
2175
2104
2077
2070
2207
2223
2197
2551
2150
1998
1973
1636
2182
2197
2075
2123
2086
2210
2179
2267
2082
2131
2019
2286
2164
2206
2079
2134
2300
2224
2134
3250
1854
2129
2087
2252
2115
2257
2263
2147
2062
2173
2089
2229
2110
2151
2071
2125
2042
2228
2097
2188
2286
2139
2100
2221
2106
2149
2079
2103
2066
2225
2092
2148
2074
2150
2101
2162
2035
2239
2085
2154
2044
2147
2070
2231
2080
2129
2072
2119
2112
2243
2078
2081
2075
2087
2094
2225
2087
2147
2101
2084
2048
2782
2104
2161
2019
1803
2078
2247
2087
2220
2176
2234
2082
1861
2074
2252
2169
2147
2255
2214
2124
1867
2742
2258
2217
2153
2094
2252
2150
1858
2204
2244
2012
2135
2234
1814
2039
2138
2217
1875
2204
2140
2219
1873
2084
2226
2271
1864
2233
2215
2190
1851
2231
2137
2054
1833
2222
2228
2074
1849
2188
2225
2073
1840
2207
2250
2172
2119
3511
2241
2102
2080
2197
2186
2188
2067
2044
2195
2184
2092
2199
2221
1985
2067
2221
2225
2190
2624
2090
2220
2239
2070
2086
2161
2236
2167
2077
2045
2166
2108
2142
2184
2044
2117
2130
2070
2085
2214
2050
2075
2803
2105
2141
2197
2110
1929
2091
2098
2117
2182
2121
2077
2120
2183
2103
2081
2095
2093
2106
2201
2090
2106
2125
2238
2089
2103
2110
2115
2092
2238
2112
2076
2092
2081
2105
2176
2127
2097
2142
2105
2115
2080
2144
2176
2111
2093
2123
2082
2162
2197
2113
2175
2105
2092
2111
2179
2101
2095
2106
2190
2087
2093
2094
2659
2151
2137
2140
2135
2139
2151
2103
2119
2111
2128
2125
1961
1911
1906
1900
1890
1851
1888
1907
1883
2107
2152
2131
2115
2819
2167
2216
2158
2135
2117
2221
2131
2120
2100
2221
2107
2134
2086
2265
2205
2226
2090
2206
2112
2226
2081
2118
2104
2230
2108
2126
2137
2209
2106
2119
2238
2225
2097
2090
2105
2249
2015
2085
2084
2244
2093
2155
2109
2263
2082
2194
2104
2222
2081
2132
2128
2223
2114
2104
2140
2212
2072
2098
2121
2206
2556
2162
2196
2233
2059
2132
2163
2217
2176
2198
2032
2202
2219
2221
2213
2205
2090
2211
2184
2199
2043
2192
2164
2228
2203
2239
2005
2704
2140
2200
2181
2224
2117
2139
2089
2144
1972
1968
1948
2094
2114
2075
2012
2192
2205
2109
2039
2199
2095
2107
2173
2228
2093
2128
2039
2210
2199
2136
2036
2188
2164
2109
2049
2201
2083
2115
2206
2195
2101
2042
2088
2218
2219
2104
2066
2217
2171
2107
2055
2229
2001
2138
2165
2227
2075
2130
2598
2240
2184
2089
2275
2227
2224
2083
2234
2209
2232
2122
2226
2230
2223
2157
2291
2281
2264
2151
2272
2288
2333
2123
2307
2260
2360
2707
2250
2203
2261
2268
2260
2149
2671
2239
2311
2129
2280
2228
2277
2154
2301
2288
2241
2178
2250
2189
2239
2243
2308
2161
2287
2228
2193
2161
2224
2082
2119
2117
2199
2038
2119
2136
2203
2128
2107
2122
2217
2183
2099
2100
2207
3032
2168
2227
2229
2214
2222
2130
2226
2113
2208
2176
2208
2078
2397
2121
2130
2031
2093
2235
2133
2045
2082
2116
2185
2143
2104
2101
2102
2212
2071
1897
2014
2075
2085
2212
2135
2112
2116
2115
2079
2692
2201
2092
2084
2252
2110
2081
2101
2202
2106
2202
2091
2079
2174
2160
2135
2148
2090
2000
2112
2157
2094
2154
2084
2126
2070
2150
2077
2124
2070
2125
2073
2081
2044
2105
2076
2061
2025
2102
2012
2087
2080
2123
2104
2124
2102
2101
2098
2105
2084
2101
2089
2100
2092
2170
2219
2098
2075
2151
2502
2151
2124
2124
2074
2138
2071
2093
2052
2102
2064
2090
2052
2099
2037
2073
2093
2104
2092
2017
2067
2088
2095
2081
2097
2034
2076
2388
2108
2107
2078
2126
2077
2087
2059
2122
2061
2145
2061
2125
2043
2102
2043
2120
2092
2142
2057
2124
2060
2100
2052
2086
2061
2109
2050
2088
2090
2085
2093
2097
2112
2071
2087
2091
2098
2091
2143
2102
2124
2085
2068
2090
2013
2068
2073
2090
2061
2113
2060
2098
2094
2133
2059
2140
2059
2141
2095
2130
2600
2125
2093
2108
2124
2102
2204
2037
2066
1975
2195
2092
2076
2074
2148
2088
2176
2183
2052
2095
2123
2214
2026
2119
2132
2266
2131
2168
2092
2656
2146
2100
2211
2110
2113
2039
2093
2058
2212
2080
2132
2071
2108
2081
2178
2048
2074
2041
2066
2176
2193
2020
2074
2252
2082
2112
2203
2093
2084
2081
2064
2095
2185
2077
2077
2087
2205
2102
2090
2096
2225
2074
2116
2068
2073
2068
2196
2067
2091
2064
2081
2071
2223
2087
2069
2130
2673
2139
2131
2081
2105
2082
2179
2070
2081
2084
2099
2194
2200
2049
2074
2093
2124
2199
2186
2108
2096
2086
2189
2200
2096
2101
2091
2107
2188
2737
2106
2258
2113
2149
2161
2224
2137
2109
2224
2209
2082
2138
2121
2205
2200
2135
2085
2247
2066
2171
2182
2267
2074
2119
2094
2247
2186
2133
2108
2217
2224
2151
2136
2207
2093
2669
3174
2152
2065
2135
2098
2202
2179
2101
2095
2219
2214
2101
2128
2209
2101
2132
2213
2207
2091
2106
2543
2222
2114
2122
2187
2230
2091
2214
2192
2125
2111
2233
2123
2111
2119
2215
2222
2105
2077
2283
2094
2099
2191
1907
1507
1527
1530
1552
1538
1754
1419
1471
1395
1401
1664
2116
2154
2118
2159
2116
2256
2115
2127
2154
2155
2153
2243
2225
2144
2134
2098
2186
2213
2095
2104
2192
2174
2057
2271
2110
2124
2185
2246
2114
2127
2199
2117
2108
2248
2222
2106
2228
2103
2115
2256
2205
2090
2191
2151
2084
2269
2162
2103
2166
2149
2107
2562
2119
2180
2134
2320
2155
2146
2228
2119
2024
2223
2112
2132
2188
2127
2106
2280
2156
2094
2095
2144
2113
2267
2201
2142
2103
2117
2117
2259
2779
2162
2144
2129
2237
3314
2161
2159
2161
2127
2054
2241
2252
2166
2179
2117
2249
2220
2134
2080
2227
2119
2144
2242
2243
2163
2141
2254
2208
2114
2126
2127
2241
2243
2189
2103
2232
2240
2215
2129
2049
2103
2228
2195
2134
2193
2250
2168
2136
2253
2226
2145
2068
2132
2220
2242
2200
2534
2242
2208
2151
2230
2222
2154
2140
2259
2223
2137
2056
2220
2224
2109
2226
2216
2247
2111
2260
2237
2245
2106
2233
2143
2225
2130
2171
2257
2946
2296
2269
2231
2219
2121
2220
2184
2132
1954
2208
2215
2160
2096
2195
2251
2164
2128
2197
2232
2203
2095
2191
2220
2212
2087
2222
2185
2217
2131
2275
2207
1929
1860
1953
1949
1942
1854
1471
1389
2207
2271
2210
2066
2231
2214
2204
2098
2192
2222
2197
2121
2192
2259
2156
2130
2180
2697
2227
2102
2221
2208
2240
2085
2206
2207
2209
2180
2190
2114
2177
2261
2141
2210
2178
2188
2184
2097
2170
2064
2201
2099
2262
2102
2247
2083
2237
2097
2629
2105
2111
2124
2164
2125
2097
2144
2106
2114
2216
2095
2078
2143
2097
2212
2201
2078
2108
2226
2113
2079
2215
2215
2162
2195
2113
2089
2388
2208
2151
2269
2093
2244
2103
2137
2193
2227
2084
2233
2122
2166
2232
2220
2138
2252
2102
2139
2193
2268
2083
2276
2078
2151
2193
2733
2104
2241
2137
2151
2115
2237
2220
2113
2104
2213
2110
2121
2185
2216
2101
2141
2071
2219
2198
2142
2073
2250
2085
2114
2183
2211
2091
2117
2178
2224
2779
2145
2127
2212
2153
2217
2195
2239
2109
2258
2171
2224
2101
2204
2124
2215
2205
2229
2133
2211
2151
2198
2185
2172
2114
2194
2115
2221
2202
2263
2125
2208
1995
2193
2192
2135
2138
2194
2141
2195
2150
2225
2120
2117
2134
2098
2126
2105
2191
2195
2172
2171
2119
2251
2162
2540
2160
2365
2170
2202
2124
2187
2235
2125
2189
2224
2078
2100
2237
2310
2119
2020
1930
1999
2119
2018
2130
2118
1917
1978
2118
2129
2241
2115
2098
2212
2727
2120
2264
2206
2101
2087
2250
2244
2249
2103
2089
2250
2234
2140
2248
2247
2083
2146
2235
2227
2241
2354
2043
2085
2107
1905
1908
2016
2040
1894
2192
2206
2098
2095
2209
2164
2259
2100
2098
2225
2239
2120
2229
2241
2055
2066
2227
2161
2230
2091
2093
2162
2269
2004
2138
2481
2239
2198
2238
2084
2140
2104
2233
2268
2204
2086
2085
2097
2197
2034
1873
1916
2003
2048
2240
1924
2227
2151
2284
1927
2118
2134
2267
1885
2114
2145
2788
1956
2221
2165
2120
1956
2193
2194
2187
1953
2107
2173
2211
1928
2190
2155
2104
1925
2192
2145
2223
2194
2108
2122
2177
2154
2246
2118
2235
2223
2077
2099
2184
2197
2117
2123
2057
2193
2178
2178
2147
2160
2084
2108
2187
2189
2215
2124
2103
2209
2203
2097
3044
2282
2122
2613
2209
2232
2172
2097
2203
2213
2148
2120
2143
2210
2243
2099
2076
2198
2092
2109
2208
2232
2119
2166
2144
4109
2137
2084
2101
2217
2197
2141
2124
2229
2663
2193
2155
2217
2145
2147
2072
2232
2162
2130
2171
2196
2270
2221
2144
2228
2223
2224
2128
2259
2227
2252
2126
2250
2284
2240
2096
2191
2186
2134
2115
2205
2170
2228
2140
2210
2253
2265
2137
2261
2163
2250
2121
2234
2229
2247
2130
2227
2270
2195
2074
2238
2241
2227
2132
2709
2235
2299
2053
2133
2133
2105
2022
2105
1976
2129
2085
2192
2250
2193
2151
2200
2248
2190
2122
2212
2213
2198
2117
2215
2240
2233
2099
2233
2199
2205
2691
2245
2325
2179
2138
2177
2199
2194
2180
2203
2191
2248
2170
2215
2090
2213
2182
2198
2194
2186
2067
2171
2250
2157
2209
2176
2086
2178
2198
2193
2182
2203
2077
2251
2181
2224
2187
2188
2082
2193
2195
2189
2190
2212
2104
2183
2219
2202
2170
2194
2190
2188
2079
2204
2194
2697
2191
2226
2211
2135
2215
2246
2155
2110
2126
2210
2229
2096
2152
2209
2090
2093
2198
2228
2154
2117
2043
2301
2193
2159
2090
2217
2195
2102
2202
2212
2172
2092
2509
2223
2211
2090
2069
2237
2112
2186
2081
2833
2191
2129
2074
2218
2122
2098
2080
2128
2096
2127
2088
2232
2232
2091
2083
2257
2087
2092
2078
2239
2193
2115
2044
2248
2069
2016
1907
2097
1991
2110
2081
2232
2078
2099
2079
2215
2199
2099
2116
2171
2104
2016
2056
2578
2234
2123
2094
2104
2114
2114
2183
2164
2141
2125
2080
2125
2168
2130
2067
2101
2100
2099
2179
2111
2096
2115
2100
2122
2241
1987
2075
2099
2191
2107
2084
2059
2705
2207
2157
2143
2130
2154
2120
2154
2103
2140
2127
2114
2127
2121
2121
2106
2068
2103
2197
2071
2156
2103
2143
2109
2146
2097
2129
2101
2133
2099
2134
2128
2064
2107
2141
2150
2108
2120
2116
2106
2149
2120
2059
2077
2126
2101
2078
2177
2152
2083
2138
2110
2151
2902
2113
2088
2146
2210
2158
2121
2101
2149
2122
2212
2114
2108
2134
2109
2077
2188
2147
2087
2092
2084
2187
2146
2159
2073
2147
2085
2145
2166
1824
1517
1547
1474
1924
1479
1541
1546
1462
1455
1495
2154
2145
2178
2237
2143
2119
2137
2181
2148
2106
2156
2192
2218
2104
2126
2222
2128
2120
2157
2182
2125
2118
2146
2185
2178
2162
2123
2186
2124
2037
2168
2125
2126
2012
2116
2140
2223
2022
2142
2103
2163
2040
2178
2140
2140
2038
2121
2103
2366
2127
2261
2369
2125
2193
2192
2213
2088
2047
2175
2224
2116
2161
2226
2222
2110
2051
2193
2224
2088
2128
2209
2239
2003
2165
2214
2250
2205
2213
2087
3155
2282
2170
2116
2126
2223
2156
2102
2145
2203
2134
2083
2218
3017
2149
2032
2177
2301
2117
2144
2177
2252
2090
2215
2200
2079
2093
2235
2156
2217
2119
2040
2160
2192
2097
2081
2163
2192
2101
2109
2136
2226
2093
2224
2151
2225
2089
2093
2141
2155
2093
2081
2166
2205
2087
2600
2169
2209
2119
2208
2354
2183
2088
2168
2120
2233
2063
2184
2119
2196
1746
1865
1793
1843
1729
1942
2116
2189
2072
2218
2129
2175
2011
2192
2131
2112
2064
2190
3774
2038
2035
2088
2024
2052
1970
2096
2008
1986
1945
2097
2014
2232
2070
2220
2125
2224
2073
2116
2127
2192
2054
2100
2122
2183
2073
2082
2178
2239
2097
2169
2149
2124
2095
2192
2167
2093
2065
2236
2161
2187
2098
2233
2114
2155
3855
2458
2078
2097
2088
2176
2070
2628
2112
2237
2142
2219
2081
2127
2128
2186
2088
2107
2135
2187
2084
2173
2163
2138
2123
2241
2137
2096
2082
2178
2146
2039
2080
2218
2097
2204
2066
2109
2131
2216
2965
2083
2182
2190
2143
2080
2145
2198
2204
2088
2118
2148
2100
2085
2195
2223
2149
2248
2098
2364
2207
2106
2108
2202
2144
2086
2227
2188
2259
2112
2163
2093
2249
2096
2101
2192
2141
2100
2198
2099
2092
2107
2134
2246
2184
2204
2099
2107
2147
2225
2223
2197
2134
2631
2196
2205
2218
2255
2110
2179
2098
2263
2173
2070
2074
2166
2096
2098
2189
2116
2129
2212
2116
2090
2231
2113
2129
2198
2193
2095
1957
2058
2142
2188
2191
1996
2071
2111
2865
2154
2088
2129
2186
2091
2151
2202
2115
2079
2178
2073
2114
2180
2161
2110
2089
2088
2139
2181
2109
2074
2140
2218
2114
2106
2244
2226
2071
2093
2001
1711
1862
1655
2132
2241
2103
2131
2202
2147
2086
2072
2172
2199
2117
2051
2174
2109
2152
2041
2163
2574
2122
2246
2176
2102
2102
2125
2145
2106
2107
2132
2153
2102
2105
2106
2139
2041
2057
2083
2129
2074
2083
2094
2175
2104
2122
2062
2159
2077
2124
2097
2159
2062
2164
2089
2765
2133
2078
2120
2196
2041
2069
2121
2192
2109
2097
2092
2188
2131
2133
2264
2228
2093
2111
2211
2203
2064
2143
2271
2189
2111
2079
2119
2191
2107
2062
2095
2175
2091
2058
2071
2200
2089
2095
2089
2107
2100
2214
2073
2115
2086
2141
2094
2222
2065
2113
2637
2102
2086
2176
2230
2105
2225
2104
2713
2166
2181
2101
2140
2278
2106
2131
2186
2109
2193
2096
2086
2093
2196
2089
2193
2080
2110
2098
2252
2079
2102
2101
2246
2063
2171
2857
2106
2150
2210
2140
2052
2145
2078
2176
2201
2109
2198
2108
2094
2068
2219
2117
2213
2066
2124
2096
2204
2104
2233
2081
2082
2080
2202
2082
2194
2105
2088
2109
2185
2114
2202
2095
2072
2102
2125
2069
2181
2092
2239
2072
2263
2046
2194
