27
36
45
54
63
72
81
90
99
108
117
126
135
144
153
162
171
180
189
198
207
216
225
234
243
252
261
270
279
288
297
306
315
324
333
342
351
360
369
378
387
396
405
414
423
432
441
450
459
468
477
486
495
504
513
522
531
540
549
558
567
576
585
594
603
612
621
630
639
648
657
666
675
684
693
702
711
720
729
738
747
756
765
774
783
792
801
810
819
828
837
846
855
864
873
882
891
900
909
918
927
936
945
954
963
972
981
990
999
1008
1017
1026
1035
1044
1053
1062
1071
1080
1089
1098
1107
1116
1125
1134
1143
1152
1161
1170
1179
1188
1197
1206
1215
1224
1233
1242
1251
1260
1269
1278
1287
1296
1305
1314
1323
1332
1341
1350
1359
1368
1377
1386
1395
1404
1413
1422
1431
1440
1449
1458
1467
1476
1485
1494
1503
1512
1521
1530
1539
1548
1557
1566
1575
1584
1593
1602
1611
1620
1629
1638
1647
1656
1665
1674
1683
1692
1701
1710
1719
1728
1737
1746
1755
1764
1773
1782
1791
1800
1809
1818
1827
1836
1845
1854
1863
1872
1881
1890
1899
1908
1917
1926
1935
1944
1953
1962
1971
1980
1989
1998
2007
2016
2025
2034
2043
2052
2061
2070
2079
2088
2097
2106
2115
2124
2133
2142
2151
2160
2169
2178
2187
2196
2205
2214
2223
2232
2241
2250
2259
2268
2277
2286
2295
2304
2313
2322
2331
2340
2349
2358
2367
2376
2385
2394
2403
2412
2421
2430
2439
2448
2457
2466
2475
2484
2493
2502
2511
2520
2529
2538
2547
2556
2565
2574
2583
2592
2601
2610
2619
2628
2637
2646
2655
2664
2673
2682
2691
2700
2709
2718
2727
2736
2745
2754
2763
2772
2781
2790
2799
2808
2817
2826
2835
2844
2853
2862
2871
2880
2889
2898
2907
2916
2925
2934
2943
2952
2961
2970
2979
2988
2997
3006
3015
3024
3033
3042
3051
3060
3069
3078
3087
3096
3105
3114
3123
3132
3141
3150
3159
3168
3177
3186
3195
3204
3213
3222
3231
3240
3249
3258
3267
3276
3285
3294
3303
3312
3321
3330
3339
3348
3357
3366
3375
3384
3393
3402
3411
3420
3429
3438
3447
3456
3465
3474
3483
3492
3501
3510
3519
3528
3537
3546
3555
3564
3573
3582
3591
3600
3609
3618
3627
3636
3645
3654
3663
3672
3681
3690
3699
3708
3717
3726
3735
3744
3753
3762
3771
3780
3789
3798
3807
3816
3825
3834
3843
3852
3861
3870
3879
3888
3897
3906
3915
3924
3933
3942
3951
3960
3969
3978
3987
3996
4005
4014
4023
4032
4041
4050
4059
4068
4077
4086
4095
4104
4113
4122
4131
4140
4149
4158
4167
4176
4185
4194
4203
4212
4221
4230
4239
4248
4257
4266
4275
4284
4293
4302
4311
4320
4329
4338
4347
4356
4365
4374
4383
4392
4401
4410
4419
4428
4437
4446
4455
4464
4473
4482
4491
4500
4509
4518
4527
4536
4545
4554
4563
4572
4581
4590
4599
4608
4617
4626
4635
4644
4653
4662
4671
4680
4689
4698
4707
4716
4725
4734
4743
4752
4761
4770
4779
4788
4797
4806
4815
4824
4833
4842
4851
4860
4869
4878
4887
4896
4905
4914
4923
4932
4941
4950
4959
4968
4977
4986
4995
5004
5013
5022
5031
5040
5049
5058
5067
5076
5085
5094
5103
5112
5121
5130
5139
5148
5157
5166
5175
5184
5193
5202
5211
5220
5229
5238
5247
5256
5265
5274
5283
5292
5301
5310
5319
5328
5337
5346
5355
5364
5373
5382
5391
5400
5409
5418
5427
5436
5445
5454
5463
5472
5481
5490
5499
5508
5517
5526
5535
5544
5553
5562
5571
5580
5589
5598
5607
5616
5625
5634
5643
5652
5661
5670
5679
5688
5697
5706
5715
5724
5733
5742
5751
5760
5769
5778
5787
5796
5805
5814
5823
5832
5841
5850
5859
5868
5877
5886
5895
5904
5913
5922
5931
5940
5949
5958
5967
5976
5985
5994
6003
6012
6021
6030
6039
6048
6057
6066
6075
6084
6093
6102
6111
6120
6129
6138
6147
6156
6165
6174
6183
6192
6201
6210
6219
6228
6237
6246
6255
6264
6273
6282
6291
6300
6309
6318
6327
6336
6345
6354
6363
6372
6381
6390
6399
6408
6417
6426
6435
6444
6453
6462
6471
6480
6489
6498
6507
6516
6525
6534
6543
6552
6561
6570
6579
6588
6597
6606
6615
6624
6633
6642
6651
6660
6669
6678
6687
6696
6705
6714
6723
6732
6741
6750
6759
6768
6777
6786
6795
6804
6813
6822
6831
6840
6849
6858
6867
6876
6885
6894
6903
6912
6921
6930
6939
6948
6957
6966
6975
6984
6993
7002
7011
7020
7029
7038
7047
7056
7065
7074
7083
7092
7101
7110
7119
7128
7137
7146
7155
7164
7173
7182
7191
7200
7209
7218
7227
7236
7245
7254
7263
7272
7281
7290
7299
7308
7317
7326
7335
7344
7353
7362
7371
7380
7389
7398
7407
7416
7425
7434
7443
7452
7461
7470
7479
7488
7497
7506
7515
7524
7533
7542
7551
7560
7569
7578
7587
7596
7605
7614
7623
7632
7641
7650
7659
7668
7677
7686
7695
7704
7713
7722
7731
7740
7749
7758
7767
7776
7785
7794
7803
7812
7821
7830
7839
7848
7857
7866
7875
7884
7893
7902
7911
7920
7929
7938
7947
7956
7965
7974
7983
7992
8001
8010
8019
8028
8037
8046
8055
8064
8073
8082
8091
8100
8109
8118
8127
8136
8145
8154
8163
8172
8181
8190
8199
8208
8217
8226
8235
8244
8253
8262
8271
8280
8289
8298
8307
8316
8325
8334
8343
8352
8361
8370
8379
8388
8397
8406
8415
8424
8433
8442
8451
8460
8469
8478
8487
8496
8505
8514
8523
8532
8541
8550
8559
8568
8577
8586
8595
8604
8613
8622
8631
8640
8649
8658
8667
8676
8685
8694
8703
8712
8721
8730
8739
8748
8757
8766
8775
8784
8793
8802
8811
8820
8829
8838
8847
8856
8865
8874
8883
8892
8901
8910
8919
8928
8937
8946
8955
8964
8973
8982
8991
9000
9009
9018
9027
9036
9045
9054
9063
9072
9081
9090
9099
9108
9117
9126
9135
9144
9153
9162
9171
9180
9189
9198
9207
9216
9225
9234
9243
9252
9261
9270
9279
9288
9297
9306
9315
9324
9333
9342
9351
9360
9369
9378
9387
9396
9405
9414
9423
9432
9441
9450
9459
9468
9477
9486
9495
9504
9513
9522
9531
9540
9549
9558
9567
9576
9585
9594
9603
9612
9621
9630
9639
9648
9657
9666
9675
9684
9693
9702
9711
9720
9729
9738
9747
9756
9765
9774
9783
9792
9801
9810
9819
9828
9837
9846
9855
9864
9873
9882
9891
9900
9909
9918
9927
9936
9945
9954
9963
9972
9981
9990
9999
10008
10017
10026
10035
10044
10053
10062
10071
10080
10089
10098
10107
10116
10125
10134
10143
10152
10161
10170
10179
10188
10197
10206
10215
10224
10233
10242
10251
10260
10269
10278
10287
10296
10305
10314
10323
10332
10341
10350
10359
10368
10376
10385
10394
10403
10412
10421
10430
10439
10448
10457
10466
10475
10484
10493
10502
10511
10520
10529
10538
10547
10556
10565
10574
10583
10592
10601
10610
10619
10628
10637
10646
10655
10664
10673
10682
10691
10700
10709
10718
10727
10736
10745
10754
10763
10772
10781
10790
10799
10808
10817
10826
10835
10844
10853
10862
10871
10880
10889
10898
10907
10916
10925
10934
10943
10952
10961
10970
10979
10988
10997
11006
11015
11024
11033
11042
11051
11060
11069
11078
11087
11096
11105
11114
11123
11132
11141
11150
11159
11168
11177
11186
11195
11204
11213
11222
11231
11240
11249
11258
11267
11276
11285
11294
11303
11312
11321
11330
11339
11348
11357
11366
11375
11384
11393
11402
11411
11420
11429
11438
11447
11456
11465
11474
11483
11492
11501
11510
11519
11528
11537
11546
11555
11564
11573
11582
11591
11600
11609
11618
11627
11636
11645
11654
11663
11672
11681
11690
11699
11708
11717
11726
11735
11744
11753
11762
11771
11780
11789
11798
11807
11816
11825
11834
11843
11852
11861
11870
11879
11888
11897
11906
11915
11924
11933
11942
11951
11960
11969
11978
11987
11996
12005
12014
12023
12032
12041
12050
12059
12068
12077
12086
12095
12104
12113
12122
12131
12140
12149
12158
12167
12176
12185
12194
12203
12212
12221
12230
12239
12248
12257
12266
12275
12284
12293
12302
12311
12320
12329
12338
12347
12356
12365
12374
12383
12392
12401
12410
12419
12428
12437
12446
12455
12464
12473
12482
12491
12500
12509
12518
12527
12536
12545
12554
12563
12572
12581
12590
12599
12608
12617
12626
12635
12644
12653
12662
12671
12680
12689
12698
12707
12716
12725
12734
12743
12752
12761
12770
12779
12788
12797
12806
12815
12824
12833
12842
12851
12860
12869
12878
12887
12896
12905
12914
12923
12932
12941
12950
12959
12968
12977
12986
12995
13004
13013
13022
13031
13040
13049
13058
13067
13076
13085
13094
13103
13112
13121
13130
13139
13148
13157
13166
13175
13184
13193
13202
13211
13220
13229
13238
13247
13256
13265
13274
13283
13292
13301
13310
13319
13328
13337
13346
13355
13364
13373
13382
13391
13400
13409
13418
13427
13436
13445
13454
13463
13472
13481
13490
13499
13508
13517
13526
13535
13544
13553
13562
13571
13580
13589
13598
13607
13616
13625
13634
13643
13652
13661
13670
13679
13688
13697
13706
13715
13724
13733
13742
13751
13760
13769
13778
13787
13796
13805
13814
13823
13832
13841
13850
13859
13868
13877
13886
13895
13904
13913
13922
13931
13940
13949
13958
13967
13976
13985
13994
14003
14012
14021
14030
14039
14048
14057
14066
14075
14084
14093
14102
14111
14120
14129
14138
14147
14156
14165
14174
14183
14192
14201
14210
14219
14228
14237
14246
14255
14264
14273
14282
14291
14300
14309
14318
14327
14336
14345
14354
14363
14372
14381
14390
14399
14408
14417
14426
14435
14444
14453
14462
14471
14480
14489
14498
14507
14516
14525
14534
14543
14552
14561
14570
14579
14588
14597
14606
14615
14624
14633
14642
14651
14660
14669
14678
14687
14696
14705
14714
14723
14732
14741
14750
14759
14768
14777
14786
14795
14804
14813
14822
14831
14840
14849
14858
14867
14876
14885
14894
14903
14912
14921
14930
14939
14948
14957
14966
14975
14984
14993
15002
15011
15020
15029
15038
15047
15056
15065
15074
15083
15092
15101
15110
15119
15128
15137
15146
15155
15164
15173
15182
15191
15200
15209
15218
15227
15236
15245
15254
15263
15272
15281
15290
15299
15308
15317
15326
15335
15344
15353
15362
15371
15380
15389
15398
15407
15416
15425
15434
15443
15452
15461
15470
15479
15488
15497
15506
15515
15524
15533
15542
15551
15560
15569
15578
15587
15596
15605
15614
15623
15632
15641
15650
15659
15668
15677
15686
15695
15704
15713
15722
15731
15740
15749
15758
15767
15776
15785
15794
15803
15812
15821
15830
15839
15848
15857
15866
15875
15884
15893
15902
15911
15920
15929
15938
15947
15956
15965
15974
15983
15992
16001
16010
16019
16028
16037
16046
16055
16064
16073
16082
16091
16100
16109
16118
16127
16136
16145
16154
16163
16172
16181
16190
16199
16208
16217
16226
16235
16244
16253
16262
16271
16280
16289
16298
16307
16316
16325
16334
16343
16352
16361
16370
16379
16388
16397
16406
16415
16424
16433
16442
16451
16460
16469
16478
16487
16496
16505
16514
16523
16532
16541
16550
16559
16568
16577
16586
16595
16604
16613
16622
16631
16640
16649
16658
16667
16676
16685
16694
16703
16712
16721
16730
16739
16748
16757
16766
16775
16784
16793
16802
16811
16820
16829
16838
16847
16856
16865
16874
16883
16892
16901
16910
16919
16928
16937
16946
16955
16964
16973
16982
16991
17000
17009
17018
17027
17036
17045
17054
17063
17072
17081
17090
17099
17108
17117
17126
17135
17144
17153
17162
17171
17180
17189
17198
17207
17216
17225
17234
17243
17252
17261
17270
17279
17288
17297
17306
17315
17324
17333
17342
17351
17360
17369
17378
17387
17396
17405
17414
17423
17432
17441
17450
17459
17468
17477
17486
17495
17504
17513
17522
17531
17540
17549
17558
17567
17576
17585
17594
17603
17612
17621
17630
17639
17648
17657
17666
17675
17684
17693
17702
17711
17720
17729
17738
17747
17756
17765
17774
17783
17792
17801
17810
17819
17828
17837
17846
17855
17864
17873
17882
17891
17900
17909
17918
17927
17936
17945
17954
17963
17972
17981
17990
17999
18008
18017
18026
18035
18044
18053
18062
18071
18080
18089
18098
18107
18116
18125
18134
18143
18152
18161
18170
18179
18188
18197
18206
18215
18224
18233
18242
18251
18260
18269
18278
18287
18296
18305
18314
18323
18332
18341
18350
18359
18368
18377
18386
18395
18404
18413
18422
18431
18440
18449
18458
18467
18476
18485
18494
18503
18512
18521
18530
18539
18548
18557
18566
18575
18584
18593
18602
18611
18620
18629
18638
18647
18656
18665
18674
18683
18692
18701
18710
18719
18728
18737
18746
18755
18764
18773
18782
18791
18800
18809
18818
18827
18836
18845
18854
18863
18872
18881
18890
18899
18908
18917
18926
18935
18944
18953
18962
18971
18980
18989
18998
19007
19016
19025
19034
19043
19052
19061
19070
19079
19088
19097
19106
19115
19124
19133
19142
19151
19160
19169
19178
19187
19196
19205
19214
19223
19232
19241
19250
19259
19268
19277
19286
19295
19304
19313
19322
19331
19340
19349
19358
19367
19376
19385
19394
19403
19412
19421
19430
19439
19448
19457
19466
19475
19484
19493
19502
19511
19520
19529
19538
19547
19556
19565
19574
19583
19592
19601
19610
19619
19628
19637
19646
19655
19664
19673
19682
19691
19700
19709
19718
19727
19736
19745
19754
19763
19772
19781
19790
19799
19808
19817
19826
19835
19844
19853
19862
19871
19880
19889
19898
19907
19916
19925
19934
19943
19952
19961
19970
19979
19988
19997
20006
20015
20024
20033
20042
20051
20060
20069
20078
20087
20096
20105
20114
20123
20132
20141
20150
20159
20168
20177
20186
20195
20204
20213
20222
20231
20240
20249
20258
20267
20276
20285
20294
20303
20312
20321
20330
20339
20348
20357
20366
20375
20384
20393
20402
20411
20420
20429
20438
20447
20456
20465
20474
20483
20492
20501
20510
20519
20528
20537
20546
20555
20564
20573
20582
20591
20600
20609
20618
20627
20636
20645
20654
20663
20672
20681
20690
20699
20708
20717
20726
20735
20744
20753
20762
20771
20780
20789
20798
20807
20816
20825
20834
20843
20852
20861
20870
20879
20888
20897
20906
20915
20924
20933
20942
20951
20960
20969
20978
20987
20996
21005
21014
21023
21032
21041
21050
21059
21068
21077
21086
21095
21104
21113
21122
21131
21140
21149
21158
21167
21176
21185
21194
21203
21212
21221
21230
21239
21248
21257
21266
21275
21284
21293
21302
21311
21320
21329
21338
21347
21356
21365
21374
21383
21392
21401
21410
21419
21428
21437
21446
21455
21464
21473
21482
21491
21500
21509
21518
21527
21536
21545
21554
21563
21572
21581
21590
21599
21608
21617
21626
21635
21644
21653
21662
21671
21680
21689
21698
21707
21716
21725
21734
21743
21752
21761
21770
21779
21788
21797
21806
21815
21824
21833
21842
21851
21860
21869
21877
21886
21895
21904
21913
21922
21931
21940
21949
21958
21967
21976
21985
21994
22003
22012
22021
22030
22039
22048
22057
22066
22075
22084
22093
22102
22111
22120
22129
22138
22147
22156
22165
22174
22183
22192
22201
22210
22219
22228
22237
22246
22255
22264
22273
22282
22291
22300
22309
22318
22327
22336
22345
22354
22363
22372
22381
22390
22399
22408
22417
22426
22435
22444
22453
22462
22471
22480
22489
22498
22507
22516
22525
22534
22543
22552
22561
22570
22579
22588
22597
22606
22615
22624
22633
22642
22651
22660
22669
22678
22687
22696
22705
22714
22723
22732
22741
22750
22759
22768
22777
22786
22795
22804
22813
22822
22831
22840
22849
22858
22867
22876
22885
22894
22903
22912
22921
22930
22939
22948
22957
22966
22975
22984
22993
23002
23011
23020
23029
23038
23047
23056
23065
23074
23083
23092
23101
23110
23119
23128
23137
23146
23155
23164
23173
23182
23191
23200
23209
23218
23227
23236
23245
23254
23263
23272
23281
23290
23299
23308
23317
23326
23335
23344
23353
23362
23371
23380
23389
23398
23407
23416
23425
23434
23443
23452
23461
23470
23479
23488
23497
23506
23515
23524
23533
23542
23551
23560
23569
23578
23587
23596
23605
23614
23623
23632
23641
23650
23659
23668
23677
23686
23695
23704
23713
23722
23731
23740
23749
23758
23767
23776
23785
23794
23803
23812
23821
23830
23839
23848
23857
23866
23875
23884
23893
23902
23911
23920
23929
23938
23947
23956
23965
23974
23983
23992
24001
24010
24019
24028
24037
24046
24055
24064
24073
24082
24091
24100
24109
24118
24127
24136
24145
24154
24163
24172
24181
24190
24199
24208
24217
24226
24235
24244
24253
24262
24271
24280
24289
24298
24307
24316
24325
24334
24343
24352
24361
24370
24379
24388
24397
24406
24415
24424
24433
24442
24451
24460
24469
24478
24487
24496
24505
24514
24523
24532
24541
24550
24559
24568
24577
24586
24595
24604
24613
24622
24631
24640
24649
24658
24667
24676
24685
24694
24703
24712
24721
24730
24739
24748
24757
24766
24775
24784
24793
24802
24811
24820
24829
24838
24847
24856
24865
24874
24883
24892
24901
24910
24919
24928
24937
24946
24955
24964
24973
24982
24991
25000
25009
25018
25027
25036
25045
25054
25063
25072
25081
25090
25099
25108
25117
25126
25135
25144
25153
25162
25171
25180
25189
25198
25207
25216
25225
25234
25243
25252
25261
25270
25279
25288
25297
25306
25315
25324
25333
25342
25351
25360
25369
25378
25387
25396
25405
25414
25423
25432
25441
25450
25459
25468
25477
25486
25495
25504
25513
25522
25531
25540
25549
25558
25567
25576
25585
25594
25603
25612
25621
25630
25639
25648
25657
25666
25675
25684
25693
25702
25711
25720
25729
25738
25747
25756
25765
25774
25783
25792
25801
25810
25819
25828
25837
25846
25855
25864
25873
25882
25891
25900
25909
25918
25927
25936
25945
25954
25963
25972
25981
25990
25999
26008
26017
26026
26035
26044
26053
26062
26071
26080
26089
26098
26107
26116
26125
26134
26143
26152
26161
26170
26179
26188
26197
26206
26215
26224
26233
26242
26251
26260
26269
26278
26287
26296
26305
26314
26323
26332
26341
26350
26359
26368
26377
26386
26395
26404
26413
26422
26431
26440
26449
26458
26467
26476
26485
26494
26503
26512
26521
26530
26539
26548
26557
26566
26575
26584
26593
26602
26611
26620
26629
26638
26647
26656
26665
26674
26683
26692
26701
26710
26719
26728
26737
26746
26755
26764
26773
26782
26791
26800
26809
26818
26827
26836
26845
26854
26863
26872
26881
26890
26899
26908
26917
26926
26935
26944
26953
26962
26971
26980
26989
26998
27007
27016
27025
27034
27043
27052
27061
27070
27079
27088
27097
27106
27115
27124
27133
27142
27151
27160
27169
27178
27187
27196
27205
27214
27223
27232
27241
27250
27259
27268
27277
27286
27295
27304
27313
27322
27331
27340
27349
27358
27367
27376
27385
27394
27403
27412
27421
27430
27439
27448
27457
27466
27475
27484
27493
27502
27511
27520
27529
27538
27547
27556
27565
27574
27583
27592
27601
27610
27619
27628
27637
27646
27655
27664
27673
27682
27691
27700
27709
27718
27727
27736
27745
27754
27763
27772
27781
27790
27799
27808
27817
27826
27835
27844
27853
27862
27871
27880
27889
27898
27907
27916
27925
27934
27943
27952
27961
27970
27979
27988
27997
28006
28015
28024
28033
28042
28051
28060
28069
28078
28087
28096
28105
28114
28123
28132
28141
28150
28159
28168
28177
28186
28195
28204
28213
28222
28231
28240
28249
28258
28267
28276
28285
28294
28303
28312
28321
28330
28339
28348
28357
28366
28375
28384
28393
28402
28411
28420
28429
28438
28447
28456
28465
28474
28483
28492
28501
28510
28519
28528
28537
28546
28555
28564
28573
28582
28591
28600
28609
28618
28627
28636
28645
28654
28663
28672
28681
28690
28699
28708
28717
28726
28735
28744
28753
28762
28771
28780
28789
28798
28807
28816
28825
28834
28843
28852
28861
28870
28879
28888
28897
28906
28915
28924
28933
28942
28951
28960
28969
28978
28987
28996
29005
29014
29023
29032
29041
29050
29059
29068
29077
29086
29095
29104
29113
29122
29131
29140
29149
29158
29167
29176
29185
29194
29203
29212
29221
29230
29239
29248
29257
29266
29275
29284
29293
29302
29311
29320
29329
29338
29347
29356
29365
29374
29383
29392
29401
29410
29419
29428
29437
29446
29455
29464
29473
29482
29491
29500
29509
29518
29527
29536
29545
29554
29563
29572
29581
29590
29599
29608
29617
29626
29635
29644
29653
29662
29671
29680
29689
29698
29707
29716
29725
29734
29743
29752
29761
29770
29779
29788
29797
29806
29815
29824
29833
29842
29851
29860
29869
29878
29887
29896
29905
29914
29923
29932
29941
29950
29959
29968
29977
29986
29995
30004
30013
30022
30031
30040
30049
30058
30067
30076
30085
30094
30103
30112
30121
30130
30139
30148
30157
30166
30175
30184
30193
30202
30211
30220
30229
30238
30247
30256
30265
30274
30283
30292
30301
30310
30319
30328
30337
30346
30355
30364
30373
30382
30391
30400
30409
30418
30427
30436
30445
30454
30463
30472
30481
30490
30499
30508
30517
30526
30535
30544
30553
30562
30571
30580
30589
30598
30607
30616
30625
30634
30643
30652
30661
30670
30679
30688
30697
30706
30715
30724
30733
30742
30751
30760
30769
30778
30787
30796
30805
30814
30823
30832
30841
30850
30859
30868
30877
30886
30895
30904
30913
30922
30931
30940
30949
30958
30967
30976
30985
30994
31003
31012
31021
31030
31039
31048
31057
31066
31075
31084
31093
31102
31111
31120
31129
31138
31147
31156
31165
31174
31183
31192
31201
31210
31219
31228
31237
31246
31255
31264
31273
31282
31291
31300
31309
31318
31327
31336
31345
31354
31363
31372
31381
31390
31399
31408
31417
31426
31435
31444
31453
31462
31471
31480
31489
31498
31507
31516
31525
31534
31543
31552
31561
31570
31579
31588
31597
31606
31615
31624
31633
31642
31651
31660
31669
31678
31687
31696
31705
31714
31723
31732
31741
31750
31759
31768
31777
31786
31795
31804
31813
31822
31831
31840
31849
31858
31867
31876
31885
31894
31903
31912
31921
31930
31939
31948
31957
31966
31975
31984
31993
32002
32011
32020
32029
32038
32047
32056
32065
32074
32083
32092
32101
32110
32119
32128
32137
32146
32155
32164
32173
32182
32191
32200
32209
32218
32227
32236
32245
32254
32263
32272
32281
32290
32299
32308
32317
32326
32335
32344
32353
32362
32371
32380
32389
32398
32407
32416
32425
32434
32443
32452
32461
32470
32479
32488
32497
32506
32515
32524
32533
32542
32551
32560
32569
32578
32587
32596
32605
32614
32623
32632
32641
32650
32659
32668
32677
32686
32695
32704
32713
32722
32731
32740
32749
32758
32767
32776
32785
32794
32803
32812
32821
32830
32839
32848
32857
32866
32875
32884
32893
32902
32911
32920
32929
32938
32947
32956
32965
32974
32983
32992
33001
33010
33019
33028
33037
33046
33055
33064
33073
33082
33091
33100
33109
33118
33127
33136
33145
33154
33163
33172
33181
33190
33199
33208
33217
33226
33235
33244
33253
33262
33271
33280
33289
33298
33307
33316
33325
33334
33343
33352
33361
33370
33379
33388
33397
33406
33415
33424
33433
33442
33451
33460
33469
33478
33487
33496
33505
33514
33523
33532
33541
33550
33559
33568
33577
33586
33595
33604
33613
33622
33631
33640
33649
33658
33667
33676
33685
33694
33703
33712
33721
33730
33739
33748
33757
33766
33775
33784
33793
33802
33811
33820
33829
33838
33847
33856
33865
33874
33883
33892
33901
33910
33919
33928
33937
33946
33955
33964
33973
33982
33991
34000
34009
34018
34027
34036
34045
34054
34063
34072
34081
34090
34099
34108
34117
34126
34135
34144
34153
34162
34171
34180
34189
34198
34207
34216
34225
34234
34243
34252
34261
34270
34279
34288
34297
34306
34315
34324
34333
34342
34351
34360
34369
34378
34387
34396
34405
34414
34423
34432
34441
34450
34459
34468
34477
34486
34495
34504
34513
34522
34531
34540
34549
34558
34567
34576
34585
34594
34603
34612
34621
34630
34639
34648
34657
34666
34675
34684
34693
34702
34711
34720
34729
34738
34747
34756
34765
34774
34783
34792
34801
34810
34819
34828
34837
34846
34855
34864
34873
34882
34891
34900
34909
34918
34927
34936
34945
34954
34963
34972
34981
34990
34999
35008
35017
35026
35035
35044
35053
35062
35071
35080
35089
35098
35107
35116
35125
35134
35143
35152
35161
35170
35179
35188
35197
35206
35215
35224
35233
35242
35251
35260
35269
35278
35287
35296
35305
35314
35323
35332
35341
35350
35359
35368
35377
35386
35395
35404
35413
35422
35431
35440
35449
35458
35467
35476
35485
35494
35503
35512
35521
35530
35539
35548
35557
35566
35575
35584
35593
35602
35611
35620
35629
35638
35647
35656
35665
35674
35683
35692
35701
35710
35719
35728
35737
35746
35755
35764
35773
35782
35791
35800
35809
35818
35827
35836
35845
35854
35863
35872
35881
35890
35899
35908
35917
35926
35935
35944
35953
35962
35971
35980
35989
35998
36007
36016
36025
36034
36043
36052
36061
36070
36079
36088
36097
36106
36115
36124
36133
36142
36151
36160
36169
36178
36187
36196
36205
36214
36223
36232
36241
36250
36259
36268
36277
36286
36295
36304
36313
36322
36331
36340
36349
36358
36367
36376
36385
36394
36403
36412
36421
36430
36439
36448
36457
36466
36475
36484
36493
36502
36511
36520
36529
36538
36547
36556
36565
36574
36583
36592
36601
36610
36619
36628
36637
36646
36655
36664
36673
36682
36691
36700
36709
36718
36727
36736
36745
36754
36763
36772
36781
36790
36799
36808
36817
36826
36835
36844
36853
36862
36871
36880
36889
36898
36907
36916
36925
36934
36943
36952
36961
36970
36979
36988
36997
37006
37015
37024
37033
37042
37051
37060
37069
37078
37087
37096
37105
37114
37123
37132
37141
37150
37159
37168
37177
37186
37195
37204
37213
37222
37231
37240
37249
37258
37267
37276
37285
37294
37303
37312
37321
37330
37339
37348
37357
37366
37375
37384
37393
37402
37411
37420
37429
37438
37447
37456
37465
37474
37483
37492
37501
37510
37519
37528
37537
37546
37555
37564
37573
37582
37591
37600
37609
37618
37627
37636
37645
37654
37663
37672
37681
37690
37699
37708
37717
37726
37735
37744
37753
37762
37771
37780
37789
37798
37807
37816
37825
37834
37843
37852
37861
37870
37879
37888
37897
37906
37915
37924
37933
37942
37951
37960
37969
37978
37987
37996
38005
38014
38023
38032
38041
38050
38059
38068
38077
38086
38095
38104
38113
38122
38131
38140
38149
38158
38167
38176
38185
38194
38203
38212
38220
38229
38238
38247
38256
38265
38274
38283
38292
38301
38310
38319
38328
38337
38346
38355
38364
38373
38382
38391
38400
38409
38418
38427
38436
38445
38454
38463
38472
38481
38490
38499
38508
38517
38526
38535
38544
38553
38562
38571
38580
38589
38598
38607
38616
38625
38634
38643
38652
38661
38670
38679
38688
38697
38706
38715
38724
38733
38742
38751
38760
38769
38778
38787
38796
38805
38814
38823
38832
38841
38850
38859
38868
38877
38886
38895
38904
38913
38922
38931
38940
38949
38958
38967
38976
38985
38994
39003
39012
39021
39030
39039
39048
39057
39066
39075
39084
39093
39102
39111
39120
39129
39138
39147
39156
39165
39174
39183
39192
39201
39210
39219
39228
39237
39246
39255
39264
39273
39282
39291
39300
39309
39318
39327
39336
39345
39354
39363
39372
39381
39390
39399
39408
39417
39426
39435
39444
39453
39462
39471
39480
39489
39498
39507
39516
39525
39534
39543
39552
39561
39570
39579
39588
39597
39606
39615
39624
39633
39642
39651
39660
39669
39678
39687
39696
39705
39714
39723
39732
39741
39750
39759
39768
39777
39786
39795
39804
39813
39822
39831
39840
39849
39858
39867
39876
39885
39894
39903
39912
39921
39930
39939
39948
39957
39966
39975
39984
39993
40002
40011
40020
40029
40038
40047
40056
40065
40074
40083
40092
40101
40110
40119
40128
40137
40146
40155
40164
40173
40182
40191
40200
40209
40218
40227
40236
40245
40254
40263
40272
40281
40290
40299
40308
40317
40326
40335
40344
40353
40362
40371
40380
40389
40398
40407
40416
40425
40434
40443
40452
40461
40470
40479
40488
40497
40506
40515
40524
40533
40542
40551
40560
40569
40578
40587
40596
40605
40614
40623
40632
40641
40650
40659
40668
40677
40686
40695
40704
40713
40722
40731
40740
40749
40758
40767
40776
40785
40794
40803
40812
40821
40830
40839
40848
40857
40866
40875
40884
40893
40902
40911
40920
40929
40938
40947
40956
40965
40974
40983
40992
41001
41010
41019
41028
41037
41046
41055
41064
41073
41082
41091
41100
41109
41118
41127
41136
41145
41154
41163
41172
41181
41190
41199
41208
41217
41226
41235
41244
41253
41262
41271
41280
41289
41298
41307
41316
41325
41334
41343
41352
41361
41370
41379
41388
41397
41406
41415
41424
41433
41442
41451
41460
41469
41478
41487
41496
41505
41514
41523
41532
41541
41550
41559
41568
41577
41586
41595
41604
41613
41622
41631
41640
41649
41658
41667
41676
41685
41694
41703
41712
41721
41730
41739
41748
41757
41766
41775
41783
41792
41801
41810
41819
41828
41837
41846
41855
41864
41873
41882
41891
41900
41909
41918
41927
41936
41945
41954
41963
41972
41981
41990
41999
42008
42017
42026
42035
42044
42053
42062
42071
42080
42089
42098
42107
42116
42125
42134
42143
42152
42161
42170
42179
42188
42197
42206
42215
42224
42233
42242
42251
42260
42269
42278
42287
42296
42305
42314
42323
42332
42341
42350
42359
42368
42377
42386
42395
42404
42413
42422
42431
42440
42449
42458
42467
42476
42485
42494
42503
42512
42521
42530
42539
42548
42557
42566
42575
42584
42593
42602
42611
42620
42629
42638
42647
42656
42665
42674
42683
42692
42701
42710
42719
42728
42737
42746
42755
42764
42773
42782
42791
42800
42809
42818
42827
42836
42845
42854
42863
42872
42881
42890
42899
42908
42917
42926
42935
42944
42953
42962
42971
42980
42989
42998
43007
43016
43025
43034
43043
43052
43061
43070
43079
43088
43097
43106
43115
43124
43133
43142
43151
43160
43169
43178
43187
43196
43205
43214
43223
43232
43241
43250
43259
43268
43277
43286
43295
43304
43313
43322
43331
43340
43349
43358
43367
43376
43385
43394
43403
43412
43421
43430
43439
43448
43457
43466
43475
43484
43493
43502
43511
43520
43529
43538
43547
43556
43565
43574
43583
43592
43601
43610
43619
43628
43637
43646
43655
43664
43673
43682
43691
43700
43709
43718
43727
43736
43745
43754
43763
43772
43781
43790
43799
43808
43817
43826
43835
43844
43853
43862
43871
43880
43889
43898
43907
43916
43925
43934
43943
43952
43961
43970
43979
43988
43997
44006
44015
44024
44033
44042
44051
44060
44069
44078
44087
44096
44105
44114
44123
44132
44141
44150
44159
44168
44177
44186
44195
44204
44213
44222
44231
44240
44249
44258
44267
44276
44285
44294
44303
44312
44321
44330
44339
44348
44357
44366
44375
44384
44393
44402
44411
44420
44429
44438
44447
44456
44465
44474
44483
44492
44501
44510
44519
44528
44537
44546
44555
44564
44573
44582
44591
44600
44609
44618
44627
44636
44645
44654
44663
44672
44681
44690
44699
44708
44717
44726
44735
44744
44753
44762
44771
44780
44789
44798
44807
44816
44825
44834
44843
44852
44861
44870
44879
44888
44897
44906
44915
44924
44933
44942
44951
44960
44969
44978
44987
44996
45005
45014
