6
9
12
16
21
25
30
34
38
42
46
50
54
59
62
67
71
76
80
84
88
93
96
100
105
109
113
117
121
125
129
133
137
141
145
149
153
157
161
165
169
173
177
181
185
189
194
197
201
205
209
213
217
221
225
229
233
237
241
245
249
253
257
261
265
269
273
277
281
285
290
294
298
302
306
310
314
318
322
326
330
334
338
342
346
350
354
358
362
366
370
374
378
382
386
390
394
398
402
406
410
414
418
422
426
430
434
438
442
446
450
454
458
462
466
470
474
478
482
486
490
495
499
503
507
511
515
519
523
527
531
536
539
543
547
551
555
559
563
567
571
575
579
583
587
591
596
600
604
608
612
616
620
624
628
632
636
640
644
648
652
657
661
665
669
673
677
681
685
689
693
697
701
705
709
713
717
721
725
729
733
737
741
745
749
753
757
761
765
769
773
777
781
785
789
793
797
801
805
809
813
817
821
825
829
833
837
841
845
849
853
857
861
865
869
873
878
882
886
890
894
898
902
906
910
914
918
922
926
930
934
938
942
946
950
954
958
962
966
970
974
978
982
986
990
994
998
1002
1006
1010
1014
1018
1022
1026
1030
1034
1038
1042
1046
1050
1054
1058
1062
1066
1070
1074
1078
1082
1086
1090
1094
1098
1102
1106
1110
1114
1118
1122
1126
1130
1134
1138
1142
1146
1150
1154
1158
1162
1166
1170
1174
1178
1182
1186
1190
1194
1198
1202
1206
1210
1214
1218
1222
1226
1230
1234
1238
1242
1246
1250
1254
1258
1262
1266
1270
1274
1278
1282
1286
1290
1294
1298
1302
1306
1310
1314
1318
1322
1326
1330
1334
1338
1342
1346
1350
1354
1358
1362
1366
1370
1374
1378
1382
1386
1390
1394
1398
1402
1406
1410
1414
1418
1422
1426
1430
1434
1438
1442
1446
1450
1454
1458
1462
1466
1470
1474
1478
1482
1486
1490
1494
1498
1502
1506
1510
1514
1518
1522
1526
1530
1534
1538
1542
1546
1550
1554
1558
1562
1566
1570
1574
1578
1582
1586
1590
1594
1598
1602
1606
1610
1614
1618
1622
1626
1630
1634
1638
1642
1646
1650
1654
1658
1662
1666
1670
1674
1678
1682
1686
1690
1694
1698
1702
1706
1710
1714
1718
1722
1726
1730
1734
1738
1742
1746
1750
1754
1758
1762
1766
1770
1774
1778
1782
1786
1790
1794
1798
1802
1806
1810
1814
1818
1822
1826
1830
1834
1838
1842
1846
1850
1854
1858
1862
1866
1870
1874
1878
1882
1886
1890
1894
1898
1902
1906
1910
1914
1918
1922
1926
1930
1934
1938
1942
1946
1950
1954
1958
1962
1966
1970
1974
1979
1983
1987
1991
1995
1999
2003
2007
2011
2015
2019
2023
2027
2031
2035
2039
2043
2047
2051
2055
2059
2063
2067
2071
2075
2079
2083
2087
2091
2095
2099
2103
2107
2111
2115
2119
2123
2127
2131
2135
2139
2143
2147
2151
2155
2159
2163
2167
2171
2175
2179
2183
2187
2191
2195
2199
2203
2207
2211
2215
2219
2223
2227
2231
2235
2239
2243
2247
2251
2255
2259
2263
2267
2271
2275
2279
2283
2287
2291
2295
2299
2303
2307
2311
2315
2319
2323
2327
2331
2335
2339
2344
2348
2352
2357
2360
2364
2368
2372
2377
2380
2384
2388
2392
2396
2400
2404
2408
2412
2416
2420
2424
2428
2433
2437
2441
2445
2449
2453
2457
2461
2465
2469
2473
2477
2481
2485
2489
2493
2497
2501
2505
2509
2513
2517
2521
2525
2529
2533
2537
2541
2545
2549
2553
2557
2561
2565
2569
2573
2577
2581
2585
2589
2593
2597
2601
2605
2609
2613
2617
2621
2625
2629
2633
2637
2641
2645
2649
2653
2657
2661
2665
2669
2673
2677
2681
2685
2689
2693
2697
2701
2705
2709
2713
2717
2721
2725
2729
2733
2737
2741
2745
2749
2753
2757
2761
2765
2769
2773
2777
2781
2785
2789
2794
2798
2802
2806
2810
2814
2818
2822
2826
2830
2834
2838
2842
2846
2850
2854
2858
2862
2866
2870
2874
2878
2882
2886
2890
2894
2898
2902
2906
2910
2914
2918
2922
2926
2930
2934
2938
2942
2946
2950
2954
2958
2962
2966
2970
2974
2978
2982
2986
2990
2994
2998
3002
3006
3010
3015
3018
3022
3027
3030
3034
3038
3042
3046
3050
3054
3058
3062
3066
3070
3074
3078
3082
3086
3090
3094
3098
3102
3106
3111
3115
3119
3123
3127
3131
3135
3139
3143
3147
3151
3155
3159
3163
3167
3171
3175
3179
3183
3187
3191
3195
3199
3203
3207
3211
3215
3219
3223
3227
3231
3235
3239
3243
3247
3251
3255
3259
3263
3267
3271
3275
3279
3283
3287
3291
3295
3299
3303
3307
3311
3315
3319
3323
3327
3331
3336
3339
3343
3347
3351
3355
3359
3363
3367
3371
3375
3379
3383
3387
3391
3395
3399
3403
3407
3411
3415
3419
3423
3427
3431
3435
3439
3443
3447
3451
3455
3459
3463
3467
3471
3475
3479
3483
3487
3491
3495
3499
3503
3507
3511
3515
3519
3523
3528
3531
3536
3539
3543
3547
3551
3555
3559
3563
3567
3571
3575
3579
3583
3587
3591
3595
3599
3603
3607
3611
3615
3619
3623
3627
3631
3635
3639
3643
3647
3651
3655
3659
3663
3667
3671
3675
3679
3683
3688
3691
3695
3699
3703
3707
3711
3715
3719
3723
3727
3731
3736
3740
3744
3748
3752
3757
3761
3765
3769
3773
3777
3781
3785
3789
3793
3797
3801
3805
3809
3813
3817
3821
3825
3829
3833
3837
3841
3845
3849
3853
3857
3861
3865
3869
3873
3877
3881
3885
3889
3893
3897
3901
3905
3909
3913
3917
3921
3925
3929
3933
3937
3941
3945
3949
3953
3957
3961
3965
3969
3973
3977
3981
3985
3989
3993
3997
4001
4005
4009
4013
4017
4021
4025
4029
4033
4037
4041
4045
4049
4053
4057
4061
4065
4069
4073
4077
4081
4085
4089
4093
4097
4101
4105
4109
4113
4117
4121
4125
4129
4133
4137
4141
4145
4149
4153
4157
4161
4165
4169
4173
4177
4181
4185
4189
4193
4197
4201
4205
4210
4214
4218
4222
4226
4230
4234
4238
4242
4246
4250
4254
4258
4262
4266
4270
4274
4278
4282
4286
4290
4294
4298
4302
4306
4310
4314
4318
4322
4326
4330
4334
4338
4342
4346
4350
4354
4358
4362
4366
4370
4374
4378
4382
4386
4390
4394
4398
4402
4406
4410
4414
4418
4422
4426
4430
4434
4438
4442
4446
4450
4454
4458
4462
4466
4470
4474
4478
4482
4486
4490
4494
4498
4502
4506
4510
4514
4518
4522
4526
4530
4534
4538
4542
4546
4550
4554
4558
4562
4566
4570
4574
4578
4582
4586
4590
4594
4598
4602
4606
4610
4615
4618
4623
4627
4631
4635
4639
4643
4648
4651
4655
4659
4663
4668
4672
4676
4680
4684
4688
4692
4696
4700
4704
4709
4713
4717
4721
4725
4730
4734
4738
4742
4746
4750
4754
4758
4762
4766
4770
4774
4778
4782
4786
4790
4794
4798
4802
4806
4810
4814
4818
4822
4826
4830
4834
4838
4842
4846
4850
4854
4859
4862
4867
4871
4875
4879
4883
4887
4891
4895
4899
4903
4907
4911
4915
4919
4924
4928
4932
4936
4940
4944
4949
4952
4956
4960
4964
4968
4972
4976
4980
4984
4988
4992
4996
5000
5004
5008
5012
5016
5020
5024
5028
5032
5037
5041
5045
5049
5053
5057
5061
5065
5069
5073
5077
5081
5085
5089
5093
5097
5101
5105
5109
5113
5117
5121
5125
5129
5133
5137
5141
5145
5149
5153
5157
5161
5165
5169
5173
5177
5181
5185
5189
5193
5197
5201
5205
5209
5213
5217
5221
5225
5229
5233
5237
5241
5245
5249
5253
5257
5261
5265
5269
5273
5277
5281
5285
5289
5293
5297
5301
5305
5309
5313
5317
5321
5325
5329
5333
5337
5341
5345
5349
5353
5357
5361
5365
5369
5373
5377
5381
5385
5389
5393
5397
5401
5405
5409
5413
5417
5421
5425
5429
5433
5437
5441
5445
5449
5453
5457
5461
5465
5469
5473
5477
5481
5485
5489
5493
5497
5501
5505
5509
5513
5517
5521
5525
5529
5533
5537
5541
5545
5549
5553
5557
5561
5565
5569
5573
5577
5581
5585
5589
5593
5597
5601
5605
5609
5613
5617
5621
5625
5629
5633
5637
5641
5645
5649
5654
5658
5663
5666
5670
5674
5678
5682
5687
5692
5696
5700
5704
5708
5712
5716
5720
5724
5728
5733
5737
5741
5745
5749
5754
5757
5761
5766
5771
5775
5779
5783
5787
5791
5795
5799
5803
5807
5812
5816
5820
5824
5828
5832
5836
5840
5844
5849
5853
5857
5861
5865
5869
5873
5877
5881
5885
5889
5893
5897
5901
5905
5909
5913
5917
5921
5925
5929
5933
5937
5941
5945
5949
5953
5957
5961
5965
5969
5973
5977
5981
5985
5989
5993
5997
6001
6005
6009
6013
6017
6021
6025
6029
6033
6037
6041
6045
6049
6053
6057
6061
6065
6069
6073
6077
6081
6085
6089
6093
6097
6101
6105
6109
6113
6117
6121
6125
6129
6133
6137
6141
6145
6149
6153
6157
6161
6165
6169
6173
6177
6181
6185
6189
6193
6197
6202
6206
6210
6214
6218
6222
6226
6230
6234
6238
6242
6246
6250
6254
6258
6262
6266
6270
6274
6278
6282
6286
6290
6294
6298
6302
6306
6310
6315
6318
6322
6326
6330
6334
6338
6342
6346
6350
6354
6358
6362
6366
6370
6374
6378
6382
6386
6390
6394
6398
6402
6406
6410
6414
6418
6422
6426
6430
6434
6438
6442
6446
6450
6454
6458
6462
6466
6470
6474
6478
6482
6486
6490
6494
6498
6502
6506
6510
6514
6518
6522
6526
6530
6534
6538
6542
6546
6550
6554
6558
6562
6566
6570
6574
6578
6582
6586
6590
6594
6598
6602
6606
6610
6614
6618
6622
6626
6630
6634
6638
6642
6646
6650
6654
6658
6662
6666
6670
6674
6678
6682
6686
6690
6694
6698
6702
6706
6710
6714
6718
6722
6726
6730
6734
6738
6742
6746
6750
6754
6759
6763
6767
6771
6775
6779
6783
6787
6791
6795
6799
6803
6807
6811
6815
6819
6823
6827
6831
6835
6839
6843
6847
6851
6855
6859
6863
6867
6871
6875
6879
6883
6887
6891
6895
6899
6903
6907
6911
6915
6919
6923
6927
6931
6936
6940
6944
6948
6952
6956
6960
6964
6968
6972
6976
6980
6984
6988
6992
6996
7000
7004
7008
7012
7016
7020
7024
7028
7032
7036
7040
7044
7048
7053
7057
7062
7065
7070
7074
7078
7082
7086
7090
7094
7098
7102
7106
7110
7114
7118
7122
7126
7130
7134
7138
7142
7146
7150
7154
7158
7162
7166
7170
7174
7178
7182
7186
7190
7194
7198
7202
7206
7210
7214
7218
7222
7226
7231
7234
7238
7242
7246
7250
7254
7258
7262
7266
7270
7274
7278
7282
7286
7290
7294
7298
7303
7307
7311
7315
7319
7323
7327
7331
7335
7339
7343
7347
7351
7355
7359
7363
7367
7371
7375
7379
7383
7387
7391
7395
7399
7403
7407
7411
7415
7419
7423
7427
7431
7435
7439
7443
7447
7451
7455
7459
7463
7467
7471
7475
7479
7483
7487
7491
7495
7499
7503
7507
7511
7515
7519
7523
7527
7531
7535
7539
7543
7547
7551
7555
7559
7563
7567
7571
7575
7579
7583
7587
7591
7595
7599
7603
7607
7611
7615
7619
7623
7628
7632
7636
7640
7644
7648
7652
7656
7660
7664
7668
7672
7676
7680
7684
7688
7692
7696
7700
7704
7708
7712
7716
7720
7724
7728
7732
7736
7740
7744
7748
7752
7756
7760
7764
7768
7772
7776
7780
7784
7788
7792
7796
7800
7804
7808
7812
7816
7820
7824
7828
7832
7836
7840
7844
7848
7852
7856
7860
7864
7868
7872
7876
7880
7884
7888
7892
7896
7900
7904
7908
7912
7916
7920
7924
7928
7932
7936
7940
7944
7948
7952
7956
7960
7964
7968
7972
7976
7980
7985
7989
7993
7997
8001
8005
8009
8013
8017
8021
8025
8029
8034
8038
8043
8046
8050
8055
8058
8062
8066
8070
8075
8078
8083
8086
8091
8095
8099
8103
8107
8111
8115
8119
8123
8127
8131
8135
8139
8143
8147
8151
8155
8159
8163
8167
8171
8175
8179
8183
8187
8191
8195
8199
8203
8207
8211
8215
8219
8223
8227
8231
8235
8239
8244
8248
8252
8256
8260
8264
8268
8272
8276
8280
8285
8288
8292
8296
8300
8304
8308
8313
8317
8321
8325
8330
8334
8338
8342
8346
8350
8354
8359
8363
8367
8371
8375
8379
8383
8387
8391
8395
8399
8403
8407
8411
8415
8419
8423
8427
8431
8435
8439
8443
8447
8451
8455
8459
8463
8467
8471
8475
8479
8483
8487
8491
8495
8499
8503
8507
8511
8515
8519
8523
8527
8531
8535
8539
8543
8547
8551
8555
8559
8563
8567
8571
8575
8579
8583
8588
8592
8596
8601
8605
8610
8614
8618
8622
8626
8630
8634
8638
8642
8646
8650
8654
8658
8662
8666
8670
8674
8678
8682
8687
8690
8694
8698
8702
8706
8710
8714
8718
8722
8726
8730
8734
8739
8743
8747
8751
8755
8759
8763
8767
8771
8775
8779
8783
8787
8791
8795
8799
8803
8807
8811
8815
8819
8823
8827
8831
8835
8839
8843
8847
8851
8855
8859
8864
8868
8872
8876
8880
8884
8888
8892
8896
8900
8904
8908
8912
8916
8920
8924
8928
8932
8936
8940
8944
8948
8952
8956
8960
8964
8968
8972
8976
8980
8984
8988
8992
8996
9000
9004
9008
9012
9016
9020
9024
9028
9032
9036
9040
9045
9048
9052
9056
9060
9064
9068
9073
9076
9080
9084
9088
9092
9096
9100
9104
9108
9112
9116
9120
9124
9128
9132
9136
9140
9144
9148
9152
9156
9160
9164
9168
9172
9176
9180
9184
9188
9192
9196
9200
9204
9208
9212
9216
9220
9224
9228
9232
9236
9240
9244
9248
9252
9256
9260
9264
9268
9272
9276
9280
9284
9288
9292
9296
9300
9304
9308
9312
9317
9320
9324
9328
9332
9336
9340
9344
9348
9352
9356
9360
9364
9368
9372
9376
9380
9384
9388
9392
9396
9400
9404
9408
9412
9416
9420
9424
9428
9432
9436
9440
9444
9448
9452
9456
9460
9464
9468
9472
9476
9480
9484
9488
9492
9496
9500
9504
9508
9512
9516
9520
9524
9528
9532
9536
9540
9544
9548
9552
9556
9560
9564
9568
9572
9576
9580
9584
9588
9592
9596
9600
9604
9608
9612
9616
9620
9624
9628
9632
9636
9640
9644
9648
9652
9656
9660
9664
9668
9672
9676
9680
9684
9688
9692
9696
9700
9704
9708
9712
9716
9720
9724
9728
9732
9736
9740
9744
9748
9752
9756
9761
9764
9769
9773
9777
9781
9785
9789
9793
9797
9801
9805
9809
9813
9817
9821
9825
9829
9834
9837
9841
9845
9849
9853
9857
9861
9865
9869
9873
9877
9881
9885
9889
9893
9897
9901
9905
9909
9913
9917
9921
9925
9929
9933
9937
9941
9945
9949
9953
9957
9961
9965
9969
9973
9977
9981
9985
9989
9993
9997
10001
10005
10009
10013
10017
10021
10025
10029
10033
10037
10041
10045
10049
10053
10057
10061
10065
10069
10073
10077
10081
10085
10089
10093
10097
10101
10105
10109
10113
10117
10121
10125
10129
10133
10137
10141
10145
10149
10153
10157
10161
10165
10169
10173
10178
10181
10185
10189
10193
10197
10201
10205
10209
10213
10217
10221
10226
10229
10233
10237
10241
10245
10249
10253
10257
10261
10265
10269
10273
10277
10281
10285
10289
10293
10297
10301
10305
10309
10313
10317
10321
10325
10329
10333
10337
10341
10345
10349
10353
10357
10361
10365
10369
10373
10377
10381
10385
10389
10393
10397
10402
10406
10410
10415
10419
10423
10427
10431
10435
10439
10443
10447
10451
10455
10459
10463
10467
10471
10475
10479
10483
10487
10491
10495
10499
10503
10507
10511
10515
10519
10523
10527
10531
10535
10539
10543
10547
10551
10555
10559
10563
10567
10572
10575
10579
10583
10587
10591
10595
10599
10603
10607
10611
10615
10619
10623
10627
10631
10635
10639
10643
10647
10651
10655
10659
10663
10667
10671
10675
10679
10683
10687
10691
10695
10699
10703
10707
10711
10715
10719
10723
10727
10731
10735
10739
10743
10747
10751
10755
10759
10763
10767
10771
10775
10779
10783
10787
10791
10795
10799
10803
10807
10811
10815
10820
10824
10828
10832
10836
10840
10844
10848
10852
10856
10860
10864
10868
10872
10877
10881
10885
10889
10893
10897
10901
10905
10909
10913
10918
10922
10926
10930
10934
10938
10942
10946
10950
10954
10958
10962
10966
10970
10974
10978
10982
10986
10990
10994
10998
11002
11006
11010
11014
11018
11022
11027
11030
11034
11038
11042
11046
11050
11054
11058
11062
11066
11071
11074
11078
11082
11086
11090
11094
11098
11102
11106
11110
11114
11118
11122
11126
11130
11134
11138
11143
11147
11151
11155
11159
11163
11167
11171
11175
11179
11183
11187
11191
11195
11199
11203
11207
11211
11215
11219
11223
11227
11231
11235
11239
11244
11248
11252
11256
11261
11265
11269
11273
11277
11281
11285
11289
11293
11297
11301
11305
11309
11313
11317
11321
11325
11329
11333
11337
11341
11345
11349
11353
11357
11361
11365
11369
11373
11377
11381
11385
11389
11393
11397
11401
11405
11409
11413
11417
11421
11425
11429
11433
11437
11441
11445
11449
11453
11457
11461
11465
11469
11473
11477
11481
11485
11489
11493
11498
11502
11506
11510
11514
11518
11522
11526
11530
11534
11538
11542
11546
11550
11554
11558
11562
11566
11570
11574
11578
11583
11587
11591
11595
11599
11603
11607
11611
11615
11619
11623
11627
11631
11635
11639
11643
11648
11651
11655
11659
11663
11668
11671
11675
11680
11684
11688
11692
11696
11700
11704
11708
11712
11716
11720
11724
11728
11732
11736
11740
11744
11748
11753
11756
11761
11764
11768
11774
11778
11782
11786
11790
11794
11799
11803
11807
11811
11815
11819
11823
11827
11831
11835
11839
11844
11847
11851
11855
11859
11863
11867
11871
11875
11879
11883
11887
11891
11895
11899
11903
11907
11911
11915
11919
11923
11927
11931
11935
11939
11943
11947
11951
11955
11959
11963
11967
11971
11975
11979
11983
11987
11991
11995
11999
12003
12007
12011
12015
12019
12023
12027
12031
12035
12039
12043
12048
12051
12055
12059
12063
12067
12071
12075
12079
12083
12087
12091
12095
12099
12103
12107
12111
12115
12119
12124
12127
12131
12135
12139
12143
12147
12151
12155
12159
12163
12167
12171
12175
12179
12183
12187
12191
12195
12199
12203
12207
12211
12215
12219
12223
12227
12231
12235
12239
12243
12247
12251
12255
12259
12263
12268
12272
12276
12280
12284
12288
12292
12296
12300
12304
12308
12312
12316
12320
12324
12328
12332
12336
12340
12344
12348
12352
12356
12360
12364
12368
12372
12376
12380
12384
12388
12392
12396
12400
12404
12409
12413
12417
12421
12425
12429
12433
12437
12441
12445
12449
12453
12457
12461
12465
12469
12473
12477
12481
12485
12489
12493
12497
12501
12505
12509
12513
12517
12521
12525
12529
12533
12537
12542
12546
12550
12554
12558
12562
12566
12570
12574
12578
12582
12586
12590
12594
12598
12602
12606
12610
12614
12618
12622
12626
12630
12634
12638
12642
12646
12650
12654
12658
12662
12666
12670
12674
12678
12682
12686
12690
12694
12698
12702
12706
12710
12714
12718
12722
12726
12730
12734
12738
12742
12746
12750
12754
12758
12763
12767
12771
12775
12780
12784
12788
12792
12796
12800
12804
12808
12812
12816
12820
12824
12828
12832
12836
12840
12844
12848
12852
12856
12860
12864
12868
12872
12876
12880
12884
12888
12892
12896
12900
12904
12908
12912
12916
12920
12924
12928
12932
12936
12940
12944
12948
12953
12958
12963
12967
12971
12976
12980
12984
12988
12992
12996
13000
13004
13008
13012
13016
13020
13024
13028
13032
13036
13040
13044
13048
13052
13056
13060
13064
13068
13072
13076
13080
13084
13089
13093
13097
13101
13105
13109
13113
13117
13121
13125
13129
13133
13137
13141
13145
13149
13153
13157
13161
13165
13169
13173
13177
13181
13185
13189
13193
13197
13201
13205
13209
13213
13217
13221
13225
13229
13233
13237
13241
13245
13249
13253
13257
13261
13265
13269
13273
13277
13281
13285
13289
13293
13297
13301
13305
13309
13313
13317
13321
13325
13329
13333
13337
13341
13345
13349
13354
13357
13361
13365
13369
13373
13377
13381
13385
13389
13394
13397
13401
13405
13409
13413
13417
13421
13425
13429
13433
13437
13441
13445
13449
13453
13457
13461
13465
13469
13473
13477
13481
13486
13489
13493
13497
13501
13505
13509
13514
13517
13521
13525
13530
13533
13537
13541
13545
13549
13554
13558
13562
13566
13570
13574
13578
13582
13586
13590
13594
13598
13602
13606
13610
13614
13618
13622
13626
13630
13634
13638
13642
13646
13650
13654
13658
13662
13666
13670
13674
13678
13682
13686
13690
13694
13698
13702
13706
13710
13714
13718
13722
13726
13730
13734
13738
13742
13747
13751
13755
13759
13763
13767
13771
13775
13779
13783
13787
13791
13795
13799
13803
13807
13811
13815
13819
13823
13827
13831
13835
13839
13843
13847
13851
13855
13859
13863
13867
13871
13875
13879
13883
13887
13891
13895
13899
13903
13907
13911
13915
13919
13923
13927
13931
13935
13940
13943
13948
13951
13956
13960
13964
13968
13972
13976
13981
13985
13989
13993
13998
14002
14006
14011
14014
14018
14022
14026
14030
14034
14038
14042
14046
14050
14054
14058
14062
14066
14070
14074
14078
14082
14086
14090
14094
14098
14102
14106
14110
14114
14118
14122
14126
14130
14134
14138
14142
14146
14150
14154
14158
14162
14166
14170
14174
14178
14182
14186
14190
14194
14198
14202
14206
14210
14214
14218
14222
14226
14230
14234
14238
14242
14246
14250
14254
14258
14262
14266
14270
14274
14278
14282
14286
14290
14294
14298
14302
14306
14310
14314
14318
14322
14326
14330
14334
14338
14342
14346
14350
14354
14358
14362
14366
14370
14374
14378
14382
14386
14390
14394
14398
14402
14406
14410
14414
14418
14422
14426
14430
14434
14438
14442
14446
14450
14454
14458
14462
14466
14470
14474
14478
14482
14486
14490
14494
14498
14502
14506
14510
14514
14518
14522
14526
14530
14534
14538
14542
14546
14550
14554
14558
14562
14566
14570
14574
14578
14582
14586
14590
14594
14598
14602
14606
14610
14614
14618
14622
14626
14630
14634
14638
14642
14646
14650
14654
14658
14662
14666
14670
14674
14678
14682
14686
14690
14694
14698
14702
14706
14710
14715
14719
14724
14727
14731
14735
14739
14743
14747
14751
14755
14759
14763
14767
14771
14775
14779
14783
14787
14791
14795
14799
14803
14807
14811
14815
14819
14823
14827
14831
14835
14839
14843
14847
14851
14855
14859
14863
14867
14871
14875
14879
14883
14887
14891
14895
14899
14903
14907
14911
14915
14919
14923
14927
14931
14936
14939
14943
14947
14951
14955
14959
14963
14967
14971
14975
14979
14983
14987
14991
14995
14999
15003
15007
15011
15015
15019
15023
15027
15031
15035
15039
15043
15047
15051
15055
15059
15063
15067
15071
15075
15079
15083
15087
15091
15095
15099
15103
15108
15112
15116
15120
15124
15128
15132
15136
15140
15144
15148
15152
15156
15160
15164
15168
15172
15176
15180
15184
15188
15192
15196
15200
15204
15208
15212
15216
15220
15224
15228
15232
15236
15240
15244
15248
15252
15256
15260
15264
15268
15272
15276
15280
15284
15289
15293
15297
15301
15305
15309
15313
15317
15321
15325
15329
15333
15337
15342
15345
15349
15353
15358
15361
15366
15369
15374
15379
15383
15387
15391
15395
15399
15403
15407
15411
15415
15419
15423
15427
15431
15435
15439
15443
15447
15451
15455
15459
15463
15467
15471
15475
15479
15483
15487
15491
15495
15499
15503
15508
15511
15515
15519
15523
15527
15531
15535
15539
15543
15547
15551
15555
15559
15564
15568
15572
15576
15580
15584
15588
15592
15596
15600
15604
15608
15612
15616
15620
15624
15628
15632
15636
15640
15644
15648
15652
15656
15660
15664
15668
15672
15676
15680
15684
15688
15692
15696
15700
15704
15708
15712
15716
15720
15724
15728
15732
15736
15740
15744
15748
15752
15756
15760
15764
15768
15772
15776
15780
15784
15788
15792
15796
15800
15804
15808
15812
15816
15820
15824
15828
15832
15837
15841
15845
15849
15853
15857
15861
15865
15869
15873
15877
15881
15885
15889
15893
15897
15901
15905
15909
15913
15917
15921
15925
15929
15933
15937
15941
15945
15949
15953
15957
15961
15965
15969
15973
15977
15981
15985
15989
15993
15997
16001
16005
16009
16013
16017
16021
16025
16029
16033
16037
16041
16045
16049
16053
16057
16061
16065
16069
16073
16077
16081
16085
16089
16093
16097
16101
16105
16109
16113
16117
16121
16125
16130
16134
16138
16142
16146
16150
16154
16158
16162
16166
16170
16174
16178
16182
16186
16190
16194
16198
16202
16206
16210
16214
16218
16222
16226
16230
16234
16238
16242
16246
16250
16254
16258
16262
16266
16270
16274
16278
16282
16286
16290
16294
16298
16302
16306
16310
16314
16318
16322
16326
16331
16334
16338
16342
16346
16350
16354
16358
16362
16366
16370
16374
16378
16382
16386
16390
16394
16398
16402
16406
16410
16414
16418
16422
16426
16430
16434
16438
16442
16446
16450
16454
16458
16462
16466
16470
16475
16478
16482
16486
16490
16494
16498
16502
16506
16510
16514
16518
16522
16526
16530
16534
16538
16542
16546
16550
16554
16558
16562
16566
16570
16574
16579
16583
16587
16591
16595
16599
16603
16607
16611
16615
16619
16623
16627
16631
16635
16639
16643
16648
16652
16656
16660
16664
16668
16672
16676
16680
16684
16688
16692
16696
16700
16704
16708
16712
16716
16720
16725
16728
16732
16736
16740
16744
16748
16752
16756
16760
16764
16768
16772
16776
16780
16784
16788
16792
16796
16800
16804
16808
16812
16816
16820
16824
16828
16832
16837
16841
16845
16849
16854
16858
16862
16866
16870
16874
16878
16882
16886
16890
16894
16898
16902
16906
16910
16914
16918
16922
16926
16930
16934
16938
16942
16946
16950
16954
16958
16962
16966
16970
16974
16978
16982
16986
16990
16994
16998
17002
17006
17010
17014
17018
17022
17026
17030
17034
17038
17042
17046
17050
17054
17059
17063
17068
17071
17075
17079
17083
17087
17092
17095
17100
17104
17108
17112
17116
17120
17124
17128
17132
17136
17140
17144
17148
17152
17156
17160
17164
17168
17172
17176
17180
17184
17188
17192
17196
17200
17205
17209
17213
17217
17221
17226
17230
17234
17238
17242
17246
17250
17254
17258
17262
17266
17270
17274
17278
17282
17286
17290
17294
17298
17302
17306
17310
17314
17318
17322
17326
17330
17334
17338
17342
17346
17350
17354
17358
17362
17366
17369
17373
17377
17381
17385
17389
17393
17397
17401
17405
17409
17413
17417
17421
17425
17429
17433
17437
17441
17445
17449
17453
17457
17461
17465
17469
17473
17477
17481
17485
17489
17493
17497
17501
17505
17509
17513
17517
17521
17525
17529
17533
17537
17541
17545
17549
17553
17557
17561
17565
17569
17573
17577
17581
17585
17589
17593
17597
17601
17605
17609
17613
17617
17621
17625
17629
17633
17637
17641
17645
17649
17653
17658
17662
17666
17670
17674
17678
17682
17686
17690
17694
17698
17702
17706
17710
17714
17718
17722
17726
17730
17734
17738
17742
17746
17750
17754
17758
17762
17766
17770
17774
17778
17782
17786
17790
17794
17798
17802
17806
17810
17814
17818
17822
17826
17830
17834
17838
17842
17846
17850
17854
17858
17862
17866
17870
17874
17878
17882
17886
17890
17894
17898
17902
17906
17910
17915
17919
17923
17927
17931
17935
17939
17943
17947
17951
17955
17959
17963
17967
17971
17975
17979
17983
17987
17991
17995
17999
18003
18007
18011
18015
18019
18023
18027
18031
18035
18039
18043
18047
18051
18055
18059
18063
18067
18071
18075
18079
18083
18087
18091
18095
18099
18103
18107
18111
18115
18119
18123
18127
18131
18135
18139
18143
18147
18151
18155
18159
18163
18167
18171
18175
18179
18183
18187
18191
18195
18199
18203
18207
18211
18215
18219
18223
18227
18231
18235
18239
18243
18247
18251
18255
18259
18263
18267
18271
18275
18279
18283
18287
18291
18295
18299
18303
18307
18311
18315
18319
18323
18327
18331
18335
18339
18343
18347
18351
18355
18359
18363
18367
18371
18375
18379
18383
18387
18391
18395
18399
18403
18407
18411
18415
18419
18423
18427
18431
18435
18439
18443
18447
18451
18455
18459
18463
18467
18471
18475
18479
18483
18487
18491
18495
18499
18503
18507
18511
18515
18519
18523
18527
18531
18535
18539
18543
18547
18551
18555
18559
18563
18567
18571
18575
18579
18583
18587
18591
18595
18599
18603
18607
18611
18616
18619
18624
18628
18633
18637
18642
18645
18650
18654
18659
18662
18666
18669
18674
18678
18682
18686
18690
18694
18698
18702
18706
18710
18714
18718
18722
18726
18730
18734
18738
18743
18747
18751
18755
18759
18763
18767
18771
18776
18780
18784
18789
18792
18796
18800
18804
18808
18812
18816
18820
18824
18828
18832
18836
18840
18844
18848
18852
18856
18860
18864
18868
18872
18876
18880
18884
18888
18892
18896
18900
18904
18908
18912
18916
18920
18924
18928
18932
18936
18940
18944
18948
18952
18957
18961
18965
18969
18973
18977
18981
18985
18989
18993
18997
19001
19005
19009
19013
19017
19021
19025
19029
19033
19037
19041
19045
19049
19053
19057
19061
19065
19069
19073
19077
19081
19085
19089
19093
19097
19101
19105
19109
19113
19117
19121
19125
19129
19133
19137
19141
19145
19149
19153
19157
19161
19165
19169
19173
19177
19181
19185
19189
19193
19198
19201
19205
19209
19213
19217
19221
19225
19229
19233
19237
19241
19245
19249
19253
19257
19261
19265
19269
19273
19277
19281
19285
19289
19293
19297
19301
19305
19309
19313
19317
19321
19325
19329
19333
19337
19341
19345
19350
19354
19358
19363
19366
19370
19374
19378
19382
19386
19390
19394
19398
19402
19406
19410
19414
19418
19422
19426
19430
19434
19438
19442
19446
19450
19454
19458
19462
19466
19470
19474
19478
19482
19486
19490
19494
19498
19502
19506
19510
19514
19518
19522
19526
19530
19534
19538
19542
19546
19550
19554
19558
19562
19566
19570
19574
19578
19582
19586
19590
19594
19598
19602
19606
19610
19614
19618
19622
19626
19630
19634
19638
19642
19646
19650
19654
19658
19662
19666
19671
19675
19679
19683
19687
19691
19695
19699
19704
19708
19712
19716
19720
19724
19728
19732
19736
19740
19744
19748
19752
19756
19760
19764
19768
19772
19776
19780
19784
19788
19792
19796
19800
19804
19808
19812
19816
19820
19824
19828
19832
19836
19840
19844
19848
19852
19856
19860
19864
19868
19872
19876
19880
19885
19889
19893
19897
19901
19905
19909
19913
19917
19921
19925
19929
19933
19937
19941
19945
19949
19953
19957
19961
19965
19969
19973
19977
19981
19985
19989
19993
19997
20001
20005
20009
20013
20017
20021
20025
20029
20033
20037
20041
20045
20049
20053
20057
20061
20065
20069
20073
20077
20081
20085
20089
20093
20097
20101
20105
20109
