118224664
117950888
117957608
117953048
117950392
117662488
117962312
117897880
117971336
118007336
117953552
118002608
117989880
117967448
117967544
118023776
117630272
118024264
117697528
117901384
117990664
118011400
117940744
117936904
118004488
117710648
117951496
117935368
117962248
117963272
117963016
117929992
117966512
117938096
117994352
117963632
117962096
117962864
117934096
117940496
117958912
118013696
117949696
117944320
117950464
117969696
117988896
117947424
117945888
117925808
117947312
117950496
117955104
117908256
117864992
117974304
118045712
117935120
118050320
118008336
118001936
117942032
117921296
117912848
118005776
117932816
117992128
117946816
118018832
117962768
117997328
117688992
117875568
117973360
117942640
118018672
117910608
118006096
117941328
117992608
117913760
117946864
118013168
117919728
117908208
117949168
117977584
117943024
118030240
117994144
117971872
117928864
117967264
117971104
117927424
117981184
117996544
117943552
117977344
117942784
117934688
117965408
117905568
117954208
118014112
117966496
117978672
117994032
117972528
117943344
117967920
117949488
117966384
117939504
117989424
117937968
117951024
117960384
117968832
117933616
117955888
117742320
117972016
117933616
117945136
117963920
117942416
117948560
117942416
117976976
117962384
117987216
117930128
117975440
117897088
117921344
118022720
117914432
117955136
117945152
117894976
117884480
117936704
117906752
118044224
117982016
117987648
117992768
117971264
117886528
117940544
117968192
117998144
117927488
117973584
117927504
117995856
117956688
117899024
118004240
117984016
117945616
117737264
117944848
117930256
118042384
117996896
117963104
117624384
117950816
117949280
117981536
117910880
117977696
118000736
118032992
118019168
117960800
117936992
117916960
117949216
117966880
117935392
117995296
118006048
117978400
117937616
117964496
117971408
117993680
117799888
117982928
117926096
117974480
117944528
118005632
118075520
118061696
117995648
117940352
117941120
117977216
117986432
117924992
117945728
117964928
117956480
117959552
117968000
118043264
117979136
117934592
117942272
117946880
117928448
117988352
117741808
117974784
117941504
117962240
118004480
117940736
117972224
117929216
118019840
117982208
117971456
117963008
117941760
117996032
117959936
118057424
117832144
117941456
117949904
117933008
117986768
117989072
117957584
117859792
117954768
118159056
118029264
117877712
118175952
118069200
117979344
118071504
117924048
117940944
118040016
117989328
117997776
117944016
118039248
117954000
117951696
118136784
118047696
117998608
117900816
117905072
117982640
117836464
117947312
117977264
117948848
117889712
117951152
117927344
117911984
117937328
117973680
118051248
117908144
117927344
117938096
117893296
117988784
117977264
117971888
117907376
117961904
118012592
117926576
117979568
117938096
117978032
117972656
118014128
117963488
117925856
118034144
117911776
117965792
117995744
118014432
117973472
117923552
118031840
117914080
118017248
117972704
117944288
118014432
118012640
117935840
117937376
117958880
117951200
117891296
117991904
117961952
118044128
117956576
117892064
117920480
117898208
117927392
117941984
117975264
117969632
117941216
117946592
117945056
117970400
117988064
117910240
117928928
117979616
117976544
117917408
117994976
117984736
117970912
118066640
117936848
118031568
117936080
118019792
117976784
117967568
117963728
117944528
117933776
117942992
117916112
117949904
117925328
117882064
117947600
117921232
117950928
117943760
117933296
117901040
117954800
117932944
118007440
117944464
117972880
117959088
117906864
117977520
117918384
118024368
118011312
117970608
117947568
117954480
117985968
117937584
117970608
117887664
118002096
117954480
117938384
117940944
117995472
117975504
117921744
118005456
117955536
118085328
117911584
117900064
117952288
118042144
118025248
117950752
117976864
117966880
117985312
117947424
117953056
118038304
117999904
117955360
117992224
117951520
117999136
117986848
117856032
117952288
117940768
117930016
117929248
117965344
117986848
117962272
117994528
117949216
117963040
117942304
117936928
117949216
117879072
117971488
117999904
117976352
117958432
117932320
117936928
118042160
118027568
117951536
117958448
117986864
118017584
118021424
117971504
117959984
117939248
117913136
117959216
118002224
118065968
118019120
117989168
117977648
117918512
117932336
117948464
117968432
117951536
117975344
117975344
117971504
117995312
117970736
118029104
117980720
118007600
117947696
117940784
117977648
117940784
117921584
118012208
118076720
118076720
117957680
117922352
117959984
117987632
118033712
117913136
118087472
117961568
117839712
117967456
117980512
118069600
118024288
117969248
117926752
117955936
117961312
117939808
118045024
117925984
117969760
117917536
117992800
117957472
117962848
117927264
117975136
118003552
118023520
118072672
117741328
117954400
117975136
118085216
117948256
117942112
117952096
118003552
118009696
118013536
118004320
117952096
118011488
117925216
117999712
118064224
117932128
117992800
117912928
117963904
117974656
117947008
117936256
117954688
117907072
117947008
117886080
118025600
117940096
117960832
118003840
117982336
117977728
117914752
117972608
117879936
118057568
117952352
117958496
117932384
117913184
117963872
117737568
117959152
117952240
117929200
117953776
117985264
117957616
117923824
117942256
117920752
117815280
117946096
118001392
117933040
118009840
117998320
117957616
117938416
117960432
117932848
117888048
117920560
117954608
117948208
118007344
117935152
117964336
117985840
118001200
118005264
117963024
117969936
117954576
118018304
118016768
117974528
118017792
117938432
118065920
118009856
117946112
117979136
117950720
117930752
117968384
117938432
118019072
117991424
117967600
117742592
117928432
117959920
117962224
118050544
117970672
117996016
117923824
117953008
117996016
117966064
118018544
117977584
118081264
117884480
117963072
118053696
117982000
117932848
117962032
117940528
117954736
118053808
117700480
118032304
118071472
118010032
117918640
117963184
118006192
117954736
117932464
118084528
118045952
117965312
117932288
117985280
117955328
117999872
117961472
117948416
117969552
118030224
118005648
118005648
117974160
117918096
118022544
117954192
117916560
117984144
118002064
118032016
117946768
117919120
117921424
117960592
117948304
118052752
117942928
117981328
117951376
117918352
117946768
118033040
117896848
117922960
117979792
117936784
117962128
117929104
117942928
118039696
118099600
117964432
117959824
117966576
118005744
117945072
117945840
117979632
117962736
117934320
117958896
118014960
117942768
117945072
117961888
118047904
118020256
118049440
117972640
117954976
117643392
117940384
117926560
117952672
117978784
117992096
117995680
117959584
117956512
117963664
117945232
117958288
117949840
117918352
118001296
117991312
117976800
117976640
117950528
117742256
117951296
118007616
118033472
117932864
118040384
117982784
117988416
118019648
117950528
117961280
118065728
118025792
117995328
118023488
117959744
117956032
117941440
117937600
117937600
117926848
117993664
117924544
117929408
117964480
118045888
118002880
117980608
118007488
117939136
117959104
117983680
117953728
118063040
117986752
117965504
117983168
118057664
117967040
117980864
118030016
117930944
117963968
117947840
117953984
117921728
117930176
117960896
117942464
117979328
117976832
117968384
118052864
118014464
117952720
117951952
117926608
118022608
117976528
117955792
117967312
118173904
118016464
118017232
117925072
117927376
117961936
117939664
117963472
117958864
117968848
117937360
117963472
117988816
117949648
117970128
117971920
117932752
117912784
117742560
117819600
117968848
117953488
117949392
118005712
117981136
117984208
118035664
117938896
118000336
117966544
117985744
118015520
118021216
118089568
118018912
118078816
117977440
117956704
117976928
117875040
118056544
117998944
117971296
118042720
117956704
117922912
117940576
117937760
117923680
117974368
117844320
117980512
117922912
117955936
117967456
118006624
117959008
117972832
117946720
117972832
117945952
117939808
117975152
118009840
117944560
117850608
117927664
117912304
117944560
117945328
117963760
117923824
117966064
117977664
117925952
117956672
117951296
117940544
117968960
117954368
117943360
117912896
117928256
118015040
117969728
117956672
117907520
117934400
117979200
117945920
117952832
117958464
117923936
118044512
118005344
117933920
117939296
117941600
118003808
117989984
117931616
117993056
117927776
117964640
117956192
118016864
117966176
117967712
117987680
117943136
117952352
117994592
117970784
118002272
117933152
117908576
117965408
117961568
118028384
117964608
117971776
117954624
117996096
117945408
117958464
117933888
117920064
117937728
117921600
117948480
117973824
117936192
117972288
118019904
118029888
117969984
117934976
117965184
117930624
118025088
117970560
117977472
118075776
117971328
117993600
117964416
117956736
118094976
117940608
118028928
117991296
117929088
117935232
117919872
117929088
117980544
118005888
117969024
118012032
118055808
117995136
117955968
117999152
118015792
117930544
117948208
117939760
117951280
117952048
117965104
117936112
117969904
117930736
118022128
117995248
117690352
117956848
117984496
117972976
117740768
117968368
118015984
118015216
117976048
117962992
117965856
118044192
117990432
117999648
117915424
118031136
117919008
117971232
117930944
117977792
117938624
117960896
117936320
118053056
118032320
117958592
118048448
117948608
118001600
117946560
117942464
117947840
117955520
117969344
117934016
118096832
118019264
118078400
117963200
117923264
117958592
117996224
117930944
117967808
117963200
117944768
117972416
118038464
117955520
117948608
117934016
117938624
117966272
117944000
117946304
118032928
117956896
117959968
117961504
117951520
117980704
117969952
117968416
117995296
117970720
117941536
117986848
117993760
117953824
117953056
117930016
118020640
117973072
118138960
117956176
117995344
117934672
118013776
117972304
118112848
118037584
117929296
117964528
117976816
117924592
117950704
117953008
117926896
117971696
117931504
117967600
118006768
117936880
118041328
118025968
117898480
117962224
117923056
117928432
117970672
117940720
118010608
117937648
117936880
117988336
117976048
117932272
117916144
117971696
117982192
118045936
117933344
117963440
117960368
117934256
118022576
117992624
117984944
117701152
117858480
117974192
117964208
117978032
117982128
117944240
117970608
117987248
117931952
117916592
117909680
117948080
117961136
117931184
117954224
118049456
117984944
117941936
117951920
117933488
117918128
117981872
117981280
117998944
117986656
117975904
117996128
117965152
117980512
117871456
117980000
117962848
117956704
117946720
118002784
117935200
117975248
117959120
117933776
117958352
117936848
118017488
117949904
117989840
117956816
118005632
117899392
117956480
117974912
118082432
117934464
117940608
117967504
118020496
118023568
117976720
117942160
117940960
118070752
117964000
117954016
117986272
117980128
117993440
117918688
117975520
117930208
117998560
117957088
117934816
118011616
117920992
117958592
118020800
118017728
117937088
117933248
117977792
117941696
117906368
117940160
117973184
117930944
117973184
117943232
117992384
118020800
118023872
117981632
117970112
117931712
117986240
117910976
117962432
117980864
117975488
117964736
117996224
118003136
117964736
117961664
117723152
118053056
117954344
117950496
117983512
117924368
118048016
117927440
117896464
117975824
117977360
117741792
117906288
117960560
118009712
118022768
117933008
117916880
117949136
117962192
117914368
117992480
117686560
117996576
117973280
118082336
118109216
117686448
118010912
117992480
117965600
117859360
117978448
117946960
118042960
117964624
117942352
117936208
117927760
117896272
117914704
117982288
117952336
118069072
117913936
117955408
117970256
117989200
117905488
117956176
117920080
118026832
117954640
117960016
117944656
118133584
117983824
117986896
117999952
117917776
118008400
117631136
117939696
117922032
117849584
117998064
117943536
117961200
117954288
117988080
118041072
117966576
117901808
117872624
117742672
117876208
117965040
117920496
117945840
117975024
117929488
117957904
118023184
117977872
117946384
118046224
117966352
117947152
117937936
117976336
117931792
117915408
117967888
117934096
117911056
117943760
117946832
117945296
117964496
118077392
117995984
118023632
118005968
117713504
117999824
117981392
117942224
118000848
118015040
117942080
117856576
117957440
118028096
117939008
117918272
117951296
117978176
117931280
117944336
117966608
118006544
117853456
118005776
117922064
117941760
118096896
117930240
118042368
117981376
117904576
117984416
117899168
117969056
117925280
117989024
117981344
117992096
117921440
117956768
117951392
117958304
117905824
117995168
118024352
117939104
117960432
117963504
118038768
118009584
117945840
118065648
117985776
117968112
117951488
117988352
118080416
117932960
117996752
117969104
117990608
117913808
117951440
117939152
118003664
117983696
117993088
118101376
117970816
118040704
118052992
117984640
117913216
117983104
117954688
117840000
117964672
117902464
117982336
117970048
117951616
118004608
118021504
117946240
117896320
117858688
117986960
118012304
117952400
117957008
117996944
117906320
117914768
117914000
117920144
117926288
117983120
117900944
117980816
117947792
117907088
118053008
117944720
117971600
117955472
117964688
117991568
117986960
117969296
118047632
118013072
117991568
117895312
117968528
117973904
117870480
117896336
117981584
118056848
118040720
117981584
117957776
117920144
117949328
118030736
117989264
117963152
117922448
118017168
117930128
117947024
118018448
117998496
117975456
118030752
117933216
118033056
117884576
117989280
117956256
117957792
117969312
117960864
117976992
117967008
117940128
118048416
118024608
118030240
117964960
117957024
118016160
117975456
118025680
117994960
117996496
117937360
117915088
117629312
117936592
117961936
117936592
117900496
117941968
117971152
117741296
117741424
117996496
118040528
117948112
117886672
117925072
118010320
117939664
118053552
117990576
118074288
117629632
117988272
117944496
117985200
117986736
117953712
117920688
117912240
117742288
118028208
117980592
117989040
117950640
117957552
117975984
117968304
118036656
117973680
118038192
117688640
118015920
118056624
118008240
117957552
117884592
118029744
117962160
117741712
117920432
118028208
118022064
118029744
117939888
117927088
117894576
118042288
118009264
117919408
117989552
117981616
117998768
117977008
118005424
117980848
118015408
117949360
117945520
117916336
117996208
117952432
117954736
117944752
118049200
117874864
117986224
117934000
117860016
117963184
117939376
118039984
118077616
117939376
117984688
118046128
117991600
117941680
117963184
118000816
117999280
117965488
117958576
117804720
118064560
117949360
117969328
117929392
117989552
117944288
117937376
117985760
117974240
117947360
117935072
117915872
117978080
118014176
117869536
118075616
117947360
117968096
117988064
117945056
117930464
117979616
117948896
117977312
117930688
117999040
117930688
117952960
117901504
117936832
117953728
117995200
118108864
117982144
117946816
118010560
117982144
117947584
117931456
117905344
117944512
117995968
117974464
117743072
117981440
117980672
117921536
117943040
117992192
118004992
117989632
117984256
117959680
117949696
117991168
117861120
118014208
117938944
117913600
117978880
118045696
117903616
117924352
118071040
117842688
117962752
117961216
117952000
117918208
117962752
117931264
118060240
117969616
117958864
117949648
117965008
118020304
117978832
117997264
117958096
117957968
117965504
117920192
118052288
117921520
118069744
117966832
117945328
117944448
117949824
117942144
117987456
117962112
117969792
117969792
117977920
117954112
117984064
117974848
117928000
118005568
117976384
117942592
118027840
117947200
117955648
117987136
117990208
117949504
118070848
118008640
118010176
118047040
117954880
117993280
117932608
117956416
117957184
118008640
117880384
117909568
118022720
117924928
117932608
118022464
117882432
117923904
117968704
117947200
117943360
117941824
117955648
117949136
117950672
118041296
117953744
118001360
117942224
117909968
117947600
117942224
117981104
118027952
117955760
117976496
117995696
118014384
117946544
118036400
117962672
117942704
117978288
117945776
117948848
117994160
117946544
117954224
117909680
117938864
117921968
118002608
117936560
117918896
118059440
118049456
117961136
117934256
117924272
117931184
117978800
118080944
118028624
117918704
117983216
117918704
117980400
118000112
117910256
117918704
117940208
117941744
117934064
117982704
117926640
117937904
117914096
117918448
117966320
117914096
117951728
118028384
117959264
117963872
117929344
117920128
118009216
117950080
117925504
117976960
117996160
117952384
117984640
117925504
117941632
118029952
117954688
117990784
117968512
117916288
117957760
117933952
117920128
117905536
117947776
117845376
117977728
117967744
117969280
117950576
117978992
118064240
117980528
117939824
117983600
117972848
117980528
117742032
117809776
117972080
117966704
117959024
117971648
117960128
117954752
117935552
118006208
117968576
117970112
117928640
118000832
117953216
117930176
118067648
117933248
117910976
118000832
118069952
118008512
117966272
117983936
117990848
117952448
117940928
118063040
117974976
117743040
117959360
117985136
117992048
117964400
117894256
117906544
118053488
117992048
117955184
118026608
118024304
117953648
117966704
117988208
118023536
118025840
117959792
117943664
117982832
117944432
118002288
117942128
117923696
117979760
117940592
117985904
117952112
118017648
117971312
117978992
117991280
117988208
117954736
117892528
117955504
118101424
117956272
117933232
117950896
117953968
117981616
117976240
117947824
117977008
117931696
118029232
117957040
118057136
117955504
117967424
117966144
117945920
117949760
117926928
117947664
117975312
117963792
118015504
117962256
117926160
117937616
117971664
117919184
117946832
117966800
118012880
117956048
117981392
117986768
118048976
117961424
118019792
117941456
118032080
117957584
117923792
117933776
117931472
117925328
117964496
117926096
117926864
117946064
117974736
117961424
118063568
117943760
117974736
118080464
117916112
118054352
118040528
117942224
117941456
117922256
117958352
117942224
117933776
117945296
117956048
117824464
117926096
117986000
118077392
117952208
117915344
117950672
117934832
118023920
118019312
117945584
117912560
117994736
117939040
117935968
118021216
117952096
117972832
118041952
117957760
117947008
117951616
117940096
117976960
117956224
117958432
117953824
117954592
117943072
117946912
117973792
117931552
117998368
117999904
117940000
117941536
117931552
117981472
117916192
117959968
117963808
117943840
117740864
117866784
117947680
118056736
117955360
117943840
117985312
117966112
117983264
117959200
117967648
117998288
117979088
117978320
117992144
117992912
117957584
117949136
117979856
117991376
117960656
117962960
117959120
117950672
117982160
118024400
117979856
118032080
118015184
117963728
117964496
117959120
117922256
118012112
118001360
118044368
117970768
118100560
117935440
117981520
117946192
117956944
118019152
118021456
117940048
117942352
118016080
118007280
117993456
117958560
117928608
117984672
117944736
117946272
117964704
117862304
117949344
117933216
117933216
117948576
117992352
117969312
117941664
117899424
117922464
117986464
117936288
117983136
117944736
117955488
117943200
117989280
117927840
117914016
117936288
117849000
117975456
118003312
117965936
117912688
117974896
117977968
117968816
117894320
117971888
117971888
118004912
117978800
117988016
118073264
117738016
117951152
118053296
117985264
117956064
117909984
117927648
117962208
117994464
117966816
117946080
117743360
117934048
117970656
117933936
117982320
117970032
117980016
117917808
118010736
118015376
117976976
118019984
117973136
117959824
117933712
117901200
117962128
117936784
117969040
117988240
117980560
117963152
118076560
117980560
117935248
118019728
117913744
117922192
117935248
118003936
117904096
117990880
117942496
117931744
117963232
117988576
117967072
118052320
117990112
118040032
117949408
117983968
117919456
117955552
118013152
117975520
117959392
117869280
117977824
117960928
117950176
117987040
117943264
117688096
117944032
117935584
117978592
117939424
117980128
118035424
118059488
118032352
118025216
117956608
117996544
117979648
117930496
118000624
118038256
118042560
117630480
117873344
118024896
117974976
117689712
117968064
117939648
117953472
117952704
117929664
117740416
117851840
117930768
118085904
117961488
117820688
118059792
118127552
117951136
117971872
118077088
117928096
117950368
118033312
117947296
117905824
117908128
117861792
117930400
118026400
118034080
117949600
117957280
117997216
117956512
117960352
117969568
117970336
117973408
117974944
117956528
118019504
117982640
117953456
117951920
117976688
117970800
118009712
117979760
117962864
117869680
117928304
117941280
117981216
117922080
117939744
117958176
117949728
118042656
118033696
117995808
117917472
117987360
117945888
117970464
117958944
117855776
117740528
117978688
118047808
117971776
117714480
117742160
117877568
117963488
117935072
118031072
117940448
117984224
118030304
117975776
117958880
117968864
117953504
117871072
117993696
117947040
118016928
118005408
117929376
117975456
118099104
117948576
118072224
117936288
117936288
117998496
117943200
117920928
118003104
117866912
117939360
117990832
118110640
118003120
117686944
117963184
117914800
118001584
117996976
117992624
117968560
117959344
117943984
117969328
117956272
117863856
117940144
117965488
117962416
117920944
117982384
117959344
117990832
117930160
117953200
117955504
117965488
117994672
117916336
117843120
117894064
117920176
117978032
117934256
118095792
117988016
118026416
117938864
117964976
117929648
117978032
117974192
118023600
118023344
117945008
118029488
117912752
118064048
117978800
117903536
117983408
117956528
117910448
117961904
117970352
117966512
117930416
117957296
118044848
117928112
117956528
117951152
117981872
117964208
118167728
117995696
117957296
118112432
117969584
117941936
117930416
118039472
118081712
117979568
118049456
117975792
117926368
117950944
117995488
117852496
117938768
118007120
117970256
117965648
117956432
117976400
118024016
117982800
117894992
117961040
117972560
117914960
117973328
117988544
117968576
117991616
117966272
117953216
117924032
117940160
117932480
117951776
117959456
117957152
117965600
117958688
117982496
117982496
117981728
117977120
117951424
117981376
118111168
117972928
117934528
117968320
117995968
117946048
117959872
117976768
117942208
117982144
117939904
117930688
117928384
117986752
117966784
117913024
117972160
117969088
117958336
117960640
117971392
118018448
117979424
117999392
117994016
117858080
117888544
117990176
117977888
117965600
118033952
117914912
117920288
117921824
117953312
117743872
117926432
117908512
117833504
117987104
117989664
117954848
117922592
117999392
118029344
117951776
117982496
117958688
117954848
117959968
117975584
117975584
118029344
118008608
117997856
117942560
117971232
117998624
117926432
117968672
117966368
117966368
118051616
117965856
117942560
117989408
117937952
117965600
117917984
118053152
118036256
118000160
117909536
117923360
117922592
117958688
117949472
117952544
118098464
118019360
117926432
117994016
118044416
117942272
117957760
117976704
117952896
117952896
117961776
117904944
118015536
117914160
118011696
117908784
117956400
117996080
117942576
118035504
117941808
117865776
117935152
117948208
117932080
117978928
118022816
117939104
117987744
118053792
117924512
117925280
118165664
117947552
117901984
117938336
117934496
117969056
117981344
117942176
117913760
117978272
117951392
117910688
117926816
117989792
117938336
118003568
117974384
117961328
117998192
117952880
117925232
117943424
118000256
117946496
117937280
117886592
117936512
117958016
118016384
117955712
117930368
117911168
118027136
117997184
117941120
117937280
117740768
117949312
117724768
117959296
117946240
117978496
117936256
117996928
117936256
117960832
117933952
117914496
117930112
117963136
117937792
117963136
118016896
117973888
117977728
118006912
117964672
117947440
117931312
117982768
117958192
117906736
117942832
117954352
117979744
117996640
117997408
118041440
117950560
118071392
117988192
117968992
117942112
117964384
118084192
118067296
117980512
117967456
117965152
117980512
117969760
117974368
117939040
117992800
117992032
117939040
118033504
117984224
117948896
117931232
117976544
118080224
117913568
117988064
117941984
117967328
117976544
117936608
117956576
117934304
117983456
117999584
117964256
118001888
117992672
118003424
117917408
117948896
117937376
117907936
117958112
117967328
117903584
118057952
117858016
118024928
117994976
117967088
117904112
117981680
117956336
117913328
117935136
117953568
117919008
117948192
117978912
117944352
117943200
117950112
118017696
117980816
118016144
118071008
117971168
117948128
118025696
118053344
117971936
117975776
118041824
117942752
117988832
117984224
118028768
117960672
118015712
118008800
118041824
118004192
118008800
117948896
117963520
117915904
117934336
117915648
117936640
117954304
117975808
118047232
117965056
117950464
117905920
117918208
117972736
117976576
117968384
118015744
117927424
117981184
118068736
118021888
117991168
117953536
117948928
117948416
117935104
117948928
117971200
118057984
117996544
117992704
118016512
117975808
117972736
117890560
117955072
117938944
117965344
117959968
117925408
117983008
117968416
117956896
118008352
118002208
118010656
117689824
118015264
117910048
117687648
117941536
117979168
117945376
117956896
117931552
117927712
117982240
118022944
117950752
117990688
117994016
118006048
117928480
118027552
117937696
118135840
118118944
117959968
118006048
117910048
117943840
117936928
117921568
117896224
117929760
117962272
117923872
117956896
117963040
117995616
117925472
117960032
117975392
118079072
118056032
117963104
118076000
117934176
117951584
117985376
117989216
117966944
117961568
117953120
117994592
117980768
117913952
117938528
117965744
117971888
117946544
117972656
117941936
117951152
117984176
118007136
118010208
117923872
118029856
117982240
118048288
117960736
117715168
117965664
117915744
118021984
117948000
117933408
117954912
117936480
117963840
117950784
117923904
117982272
117981760
117976896
118019136
117947968
117917648
117972944
117939920
117938384
117942224
117969872
117939152
117981648
117992912
117947600
117953744
117979856
117990608
118105808
117946832
118014416
117994448
117925840
117925328
117990608
117966800
117740400
117986000
118085840
117963728
117945296
117945296
117921488
117921488
117947600
118004464
117966832
117949936
118015984
117989104
117740432
117978352
118041328
117977584
117949904
117988080
117982704
117928944
117944304
117931824
117742576
117980464
117957936
117962032
117947952
117970224
117979472
117871696
117991760
117916496
117974864
117982544
117928016
117899600
117914960
117956336
117908464
117979376
117907136
117972416
118000064
117965504
117935552
117952448
117983120
118010512
118007488
117969856
117962944
118003648
117966784
117990848
117928384
117989056
117972928
117919168
117958336
117907648
117999568
117966544
117952720
117999168
117940288
117967168
117985600
117967168
118067776
117973312
118060096
118094656
117949504
117963328
117994816
118123840
117960256
117957952
117995824
118006320
117960240
117988656
117957168
118001712
117951792
117947952
117994800
117949232
118028848
117982512
118023984
118023984
117991728
117932592
117975600
118013232
117949488
117974064
118016304
117840176
118044720
118095408
117966384
117981744
117689344
117931824
117956400
117742000
117910576
117954096
117927216
117924144
117964064
117863968
117945632
117997088
118037792
117931040
117998624
117933344
117909280
117929504
118001696
117944096
117935648
117927200
117937184
117974816
117937952
117953312
117905696
117960224
117970976
117935648
117909536
117975584
117919520
118027888
117973104
117955440
117914736
117978480
117933168
118046832
117933168
118016672
117999264
117892256
118015904
117930656
118028192
117972128
118048160
117937568
118005152
117937712
117964592
118029872
117947696
117952304
117967920
117993008
117946928
117940016
118006832
117943856
117923888
117688352
117963056
117986864
118001456
117947696
117935408
117968432
117991472
118028336
118016048
117959216
117899056
117939248
117936176
117948464
117826096
117883952
117966896
118046000
118060592
117926192
117716416
117940784
117993008
117926192
117963824
117957680
117972272
117949232
117929264
118013744
117914672
117970736
118333232
117976112
117927728
117958448
117950752
117920800
117953056
117934624
117926944
117952288
117995296
117982240
117689072
117932384
118001504
117931616
117986912
117994592
117960032
118010720
118035296
117929184
117892320
117943776
117959904
117959136
117883872
117978336
117963744
117941472
117976032
117996000
117960672
117972960
117974496
117862112
117925344
117882848
117943008
117973568
117958208
117713168
117996608
117955904
117986880
117967424
117905984
117984320
117897280
117980480
118007360
117966656
117985088
118000448
118055744
117977408
117959744
117925952
117959744
117996608
117959712
117948192
118015008
117925152
117909024
117975072
118044960
118091040
117928224
117939744
117940512
117957408
118021920
117963552
117991968
117899040
117922848
118065696
117981984
117982752
118008352
117823520
117968160
118001952
117963552
117929760
117989920
117950496
118021152
117933600
117943584
117972000
117945888
117987360
117984288
117989664
117971232
117962016
117933600
117966624
118077984
118030368
117932832
117926688
117931296
117996064
117940512
117990688
117952032
117981984
117970464
117918240
117955104
117976608
117977376
117982240
117982752
117939328
117853056
117864576
118039936
117843792
117941872
117921648
117892976
117973872
118017280
117950464
117962240
117918976
117958912
118021888
117939712
117922816
117948928
117957376
117922816
117924352
117938944
117975040
118011904
117981184
117961984
118064128
117871872
117956096
118048000
118055680
117923584
117995008
117968128
117940480
118083808
117980672
117859888
117972272
118055984
117962288
117632224
117943856
118005296
117982256
117955328
117985280
117870592
117951488
117900800
117940304
118044240
117998672
117920336
118007120
118015568
117953360
118100816
117949520
117987920
117970256
117969488
118081616
117976400
117851728
118003280
117987920
117954896
118041680
117967184
117946448
117966416
117941328
117941840
117999696
117741200
117954944
117999744
117951872
117918256
117975856
117865776
117987376
118008880
117960496
117945136
117953584
118087984
118051120
117938992
117955888
117903664
117943600
117942832
117965104
117998896
117959728
117961264
117952048
118015792
118001200
117973552
117934384
117968944
117922864
118016560
117951280
117925168
117739584
117979952
117848112
117923632
117974384
117982064
117961328
118084976
117932144
117907568
117952880
117987440
118010480
117921392
117979760
117977456
117950576
117971312
117964400
117926768
117947024
117925520
118093968
117930128
118011536
117937040
117998480
117982352
117939344
118023824
117942416
117971344
117975952
117984400
117977488
117936784
118016912
118021264
117987472
117969808
117923728
118015888
118008208
117959824
117903760
117856656
117970576
117871248
117966736
117961360
117872784
117981328
117998992
118018192
117967504
118027408
117736240
117946560
117968064
117993936
117687152
117946784
117945248
117995936
117948320
117962144
117972128
118036640
117966752
117981344
117882096
117926128
117980656
117959920
117882384
117990672
117941520
117979152
118045968
117934608
117969168
117945360
117930256
117995280
117943056
117969168
118055184
118019600
117955088
117973520
117992720
117947328
117981120
117971904
118013376
118006464
117924288
117983424
117977280
117978048
117961152
118057920
117742848
117744960
117741440
117981520
117964624
118007360
117652352
117966656
117922880
117959744
117949248
118244928
117855040
117951296
117954368
117946688
117979200
117991232
117935936
117975104
117951296
117942080
117996608
117946688
117945152
118009664
117942848
117942848
117919440
117940176
117945552
117944784
118047696
118116816
117696240
117965536
117941728
117955552
118007008
117968608
118033120
117937120
117971680
118049248
117949408
118044640
117944800
117944800
117947872
117982432
117977824
117982432
117985504
117983968
117984992
117945568
117993184
118057696
117904864
117983968
117919456
118097632
118020064
117913312
117956320
117964768
117963232
118025440
117927904
117945568
117960160
118009312
117950176
118095328
117824736
117990880
117967072
117960928
117947872
117967840
117960160
117942400
117973888
117950080
117961600
117996928
117996928
118026880
117969280
118007168
117963392
117969280
117954688
117950848
117963904
118008704
118069888
117938560
117972352
117890176
117970320
117944976
117951888
117908880
117991056
118032528
118006416
117968016
117953424
117997968
117918096
117940368
117927312
117933456
117974608
118009168
117922384
117924688
117976144
117965392
117938512
117896016
118019920
117923920
118003024
118081360
117941584
117946960
117943888
117966160
117974608
117912400
117961808
117983824
117950032
117937744
117942352
117946192
117936976
117997904
117900112
117964624
117911632
117951568
117959248
117973072
117946960
117954640
117953872
117922384
117744288
117937744
117997648
117968560
118001584
117930160
117993136
117996976
117942448
117993392
117920944
117971632
118038704
118001584
117883056
117900976
117950896
117896368
117933232
117947824
117931696
117949360
117921712
117985456
117941680
117978544
117963952
118013872
117925552
117950896
117964720
117988880
117831952
117902096
117997328
117950480
117935120
117946512
117983376
117950928
117987024
117921744
117924048
117944016
118009296
117992528
117949520
117926480
117746544
117982816
117956704
117880416
117962080
117954400
117972064
118005008
117951248
117963536
117951248
118004240
117981200
118019600
117952784
117966608
117958928
117925136
117904144
117968400
117918992
117922832
117985040
117985808
117894928
118008080
117902096
118033936
118050320
117878544
117979408
117937168
117931792
117994000
118005104
117972080
117952880
117961328
118025072
117994656
117907872
117974944
117999264
117960096
117940880
117971600
117940880
117991568
117958544
118058384
117953728
117914560
117983936
117926848
117954496
117932992
117926080
117929920
117736400
117927360
117986752
118015168
117686400
117954496
117994432
117968320
117966016
117918400
117929920
117962944
117998272
117994432
117972160
118006720
117954496
118019008
118054336
117979072
117959872
117952192
117967552
117866688
117978304
117955920
117959760
117925200
117985872
117962064
117989088
117929184
117823712
117976032
117952224
117921504
117949920
117877472
117952992
117915360
117828320
117940704
117931744
118030560
117992928
117982944
117929184
117964512
117947104
117906144
117969344
117953728
117923776
117963712
117930688
117935296
118002368
117980608
118002368
118066624
117956800
118006720
117925312
118042048
117972160
117929152
117964736
117989056
117950656
117921376
117962080
117964384
117912928
117965920
117933664
117826656
117940576
117972832
117843552
117975904
117961312
117937504
117919840
117896800
117992800
117988960
117961312
118021984
117931360
118024976
117901840
117952528
118006288
118021648
117997072
117936976
117956176
117950800
117964624
117992272
117961552
118012240
118036048
118035280
117963856
117925456
117843024
117995600
117976912
117979984
117953872
117953872
117983056
117904720
117956176
117976144
117966160
117951568
118011472
118001744
117971536
117977680
117946192
117963856
117964288
117967360
117967360
118084096
117987328
117960448
117970432
118001920
117960448
117919744
117941248
117991936
117997312
118054912
117910528
117921280
117976064
118033408
118030336
117948160
118003280
117982288
118051408
117973072
117964624
118002256
117943120
117960016
117943120
118004560
117966928
117951568
117921616
117980480
118036544
117972032
117955904
117985088
117979712
117987936
117977952
117973344
118026336
118058592
117952608
117918048
117956448
117965664
117933568
117960448
117932800
117971200
117918976
118008064
118008832
117917088
117851552
117965472
117741616
117908640
118037664
117950112
118017696
117963936
117958560
118009248
117999264
117906336
118438560
117835680
117921696
117954720
117937056
117984672
118018464
117967776
117882528
117939840
117975168
117988992
118018176
117980032
117936000
117958272
117952896
117984384
118013568
117962112
117920640
117972352
117955200
117962112
117948288
118010752
117964416
118002816
117981312
117952128
117937536
118043520
118056576
117973632
117948288
117955968
117988224
117916032
117916800
117958272
117938848
117918592
117973120
117968512
117940096
117963440
117928624
117958832
117937840
117919408
117980080
117994672
117959344
118026928
118040752
117925552
117962416
117959296
117915520
117953152
118002304
117933184
117912960
117963136
117986944
117988480
117951856
118024816
117981424
117922288
118015984
117930736
117937648
117890288
117972720
117869552
117919344
118086768
118065264
117934704
117984032
117951520
117937696
117913888
117914400
117977632
117839904
118008352
117742192
118037536
118027552
117987504
117911472
117980848
117940656
117954480
117922992
117959088
118066608
117922992
118046640
117975984
117928000
117969472
117933376
117946432
117956416
117975616
117904192
117992512
117932096
117944128
117979712
117971008
117848064
117964288
117964320
118018080
117925152
117961856
118052480
117921152
117967232
118014336
118011920
117968144
117921296
117947408
117957808
117902512
117955504
117939376
117964720
117967024
117745216
117949360
117973936
117958576
117918384
117969328
118010032
117987760
117949360
117932464
117897136
117980080
118022320
117953968
117939376
117980080
117933232
117971632
117982384
117952432
118042288
117742048
118069168
118082224
117947824
117939376
117921712
117940064
117942368
117973344
117908576
117999968
117903968
117946976
117915488
117972320
117997920
117922400
117938528
117956960
117917792
117946464
118078304
118062176
118075232
117958496
117976160
117903248
117957008
118027664
117933200
117972368
117996176
118008464
117963920
118029968
118009232
117923216
117955472
117925264
117971088
118049168
117955472
117990032
117946256
118040720
117993104
117742176
118024144
117865424
118001616
117938640
117995472
117973536
117994528
117905952
117902880
117919776
118041888
118011936
117944352
117981216
117955696
117950320
117956464
117940336
117984880
117869424
118038640
117990256
117987952
117993328
117999472
118010224
118094704
118021744
117962608
117920368
117931120
117963376
118047088
117877872
117880944
117950320
117975664
117942640
117972592
117977968
117977968
117953392
118034032
117998704
118060144
117854064
117944176
117935728
118017904
117958000
117932656
117930352
117977200
117890160
117946480
117931056
118043952
118010928
117980208
117944112
117981744
117981744
117991728
118053168
117994032
117980976
117963984
118014672
117688048
117925584
117912880
117936176
117966128
117926960
117957680
117952304
117983072
118017632
118098272
118033760
117983840
118101344
118072160
117856096
118079600
117953648
117968240
117965936
118091888
117993584
117916016
117963632
117971312
117985136
117962560
117964864
117930304
117962560
117959488
118008128
118049600
117939520
117986368
117936448
118005568
117934912
117898048
117982528
117915712
117975904
118024288
118008160
117942112
117950560
118028896
117922144
117936736
118078816
118029664
117949792
117920608
117991264
117946720
117942880
117977440
117944416
117952864
117996640
118048096
118025824
117936736
117891168
117987424
117936736
117954400
117939808
117963616
117966688
117987424
117979744
117742800
117968224
117949024
117974368
117954400
117935968
117909088
117984352
117950560
118085216
117987680
117952864
117862752
117960032
117901664
117935200
117933664
117973600
118061920
118031968
117961312
118104928
117939040
117979744
117963616
117923680
117930592
117928288
117978208
117927520
117931360
117968224
117965616
117919536
117936432
117987888
117927216
117979440
117975600
117945744
118019728
117941136
117978000
117960336
117910416
117942672
117987216
117956496
117944208
118002576
117994896
117936528
117978768
117958032
117930384
117928848
117946512
118002576
117960336
117948816
118051728
117934224
118028688
118020832
117936352
117980128
117944032
117923296
117995488
117906400
118023136
117946336
117959392
117934816
118013408
117977824
118005472
117969200
117842224
117986864
117958448
117965360
118056752
117961520
117953072
117969968
118434864
117977648
117960752
117976880
117880624
117926960
117968576
117992384
117857728
117923264
117975488
117966272
117981632
117910976
117950912
117977024
117963200
117916352
117960128
117926080
117971648
118075872
117982944
117942240
117947328
117918144
117741040
117999552
117961920
118016448
118043328
117905088
117947328
117925056
117971136
118008000
117942720
117925056
117949120
117928896
117972672
117920448
117962688
117741008
117982656
117940416
118013232
117931056
117980976
118119216
117994032
117987120
117855536
117960240
117919536
117972528
117968688
117948720
117968688
117962544
117996336
117952560
118044720
117937200
117927984
117933360
117927216
117965616
117994800
117935664
117961776
117954864
117945664
117959488
117910336
117946688
117951808
117974080
117926464
117887040
118090816
117968704
117954112
117998656
117967424
118030912
117931072
117950448
117965808
117945840
117740992
117915120
118023408
117997296
118018800
117700048
117936624
117987312
117882608
117997296
117996528
117955824
117918192
117912048
117954288
117968112
117985776
117956592
117942864
117985872
117989712
118050384
117941328
117920592
117932112
117930576
117931344
117916752
117952080
117969744
117902160
117977424
117935184
117962064
117953616
117985104
117926960
117996848
117923120
117929264
118029104
117930560
117915968
117975872
117907520
117972800
117889600
117955136
117905984
117964352
117974336
117988160
117914240
117956480
118020992
117740032
117941888
117948800
117960320
117917056
117887104
118004096
117987200
117980280
117970288
117743840
118010480
117940336
118067056
117999472
117942640
117976432
117947248
117971056
117944176
117953392
117844080
117944944
117831024
117929584
117994096
117944176
117993328
117965680
117971056
117928816
117960304
117967984
117981808
117967216
117958768
117742960
117951008
117970976
117977120
117944608
118026784
117687632
117904160
117915424
117923872
117963040
118004512
118017568
117991456
117996064
117930016
117987616
118039072
118042144
118029856
117949984
117946912
117927712
117964496
117931456
118035136
118004416
117952960
118032832
118032832
118002112
117932240
117994448
117971408
117985232
118026704
118015184
117960224
117948704
117935648
118019360
117625264
117885984
117973280
117954848
117931808
117937184
118011680
117961760
117886144
117965504
117966272
117957824
117960896
117890240
117910208
117986832
117975312
117930768
117958416
117950736
117952272
117938448
117977616
117926928
117971472
117846032
117951504
117993744
117987600
117994512
117938960
118004496
117931536
117946128
118058512
117936144
117970336
118003360
117984160
117918880
117929616
118001040
117961104
117972624
117970320
117916560
117981840
117970320
117965968
117943360
117965632
117997120
117962560
117956416
117958720
117947968
117927232
117994816
117918784
117948224
118020928
118023232
117980992
118007104
118062400
117935680
117976384
118027840
117950272
118033984
118017856
118020928
117994816
117684464
117959488
117975616
117928000
117921856
117904704
117931840
117952576
117937984
117976384
117984832
118083136
117944128
117967936
118049344
117992512
117935680
117921856
118080832
117900864
117968704
117918016
117892672
117974848
117977408
117963328
118053952
117934144
117947968
117973312
117947456
117967936
117920320
117971712
117959424
117976320
117937152
117954048
117993984
117964800
117943296
117971712
118020864
117960192
117984000
117986304
117940992
117970144
117964768
117940960
118050784
117940960
117956320
117951712
117923808
117964768
117971168
118049248
117990112
118010080
118022368
118086880
117949408
117952480
117632736
117948528
117924720
117967728
117971568
118031856
118031088
117914352
117987888
117963312
117979440
117927216
117967920
118060080
117900336
117989424
117949488
117907248
117943344
117943296
117961728
118013184
117937664
117898928
117953712
117978288
117952944
117979824
117815984
117928368
117929904
117956016
117929904
118005936
117959600
117943472
117992624
117917624
117966448
117914224
117944944
117945712
117957232
117933424
117987952
117954928
118019440
118004848
117948016
117984112
117984880
117959024
117957232
117975152
118082416
117988720
117984128
117911168
117903488
117890944
118022528
117941120
117964928
118011776
117907328
117964928
117958016
117965440
117939328
117959296
117944704
117943168
117946288
117987760
117944752
117971632
118016944
117977008
117977776
117944784
117938640
117950928
117965520
117960144
117955536
117974736
117977040
117907920
117954768
117990096
117979344
117970896
117911568
117982992
117961488
117942400
117963136
117970048
118016896
117933184
117939328
118010240
117949264
118018384
117949264
117952336
117933904
117935440
117934672
117966928
117938656
117940960
117954016
117966304
117951712
117960160
118029280
117993952
117887200
117973984
117933280
117904096
117934816
118008544
117944032
117975008
117929440
117935072
117977056
117949408
117961696
117950176
117963232
117873888
117993184
117949408
117967072
117985504
118023392
117997024
117960928
117942496
117990112
117983968
117964768
118003936
117940192
118009312
118016992
117893856
117947104
117977824
117957024
117905568
117937056
117976992
117983904
117964704
117993888
117950112
117955488
117960096
117967008
117929376
117969312
118053024
117943200
117973920
117928608
117953184
117964704
117940896
117947040
117955488
117921696
118003104
117997200
117690704
117740080
117956496
118021008
117966480
118090896
117910160
117995840
117957440
117759360
117918272
117958208
117946424
117919032
117952816
118038064
117990448
117974320
118041904
117986608
118012720
117959728
118066480
117949744
117924400
117956656
118004272
118099504
118018864
117688672
117982000
117992752
117954352
117971072
117968768
117925504
118088576
117658384
117947264
118043264
117993344
117895904
118013408
117923552
117946592
117951968
117954272
117982688
117925856
117973472
117943520
117963488
117958112
118012640
117938912
117975008
117936608
117932000
117970400
117953504
117903584
117879520
117966560
118020320
118042592
117981408
117939936
117982576
117958768
117928048
118036336
117931120
117912544
117976288
118002400
117931744
117922528
117974752
118031584
118000096
117987040
117737456
117873888
118002400
117976288
117933280
117976864
117970720
118022176
117936928
117999136
117892384
117950240
117919264
117979168
117949984
117985264
117963760
117978784
117869472
117980320
117907360
117996448
117961120
117960352
117980512
117988704
117958752
117932640
117920352
117913440
117941088
117935712
117997712
117907520
117962048
117998144
117960512
117952064
117935168
117952832
117958208
117991232
117976896
117921344
117944384
118071104
117973568
117963584
118020416
117928256
117955904
117932096
118047296
117919040
117976640
117958976
117993536
117975104
117948224
117990464
118002752
117911360
117917504
118001984
117917504
118021184
117953600
117996608
117916736
117939008
118013504
117942848
117926720
117980480
117959744
118053440
117948992
117975872
117933632
117955904
117963584
117964064
117880864
117946400
117956384
117947936
118010144
117956112
117957648
117986832
117942288
118046736
118055952
117964560
117977616
117944592
117950736
118071312
117945360
117688080
117925392
118055184
117936144
117976848
117979920
117968400
117920784
118010896
117940752
117974544
117973776
118037520
117934608
117991440
118065936
117960720
117964560
117932304
117894416
117937680
117985296
117917712
118008336
117956880
117982224
118007568
118046736
118132752
118034448
117963792
117914640
117948432
117951504
118042128
117908496
117940752
117963024
117976848
117862160
117923856
117962256
117991232
117990464
118051904
118035008
118061120
117926720
117962816
117967424
117978944
117895744
117945152
117973056
117851968
117823552
117932096
118048064
118011968
118048832
118053440
117972800
117983808
118031424
117999904
117949216
118044448
117916192
117990688
117930784
117957664
117997600
117963040
118027552
117936928
118012192
118007072
117966112
117938464
117739840
117860384
118018336
117906208
117881376
118000928
118026016
117946912
117920032
117986080
117933504
117872064
117968832
117961152
117968832
117950400
117977280
117946560
117908928
117961152
117958080
117971904
117938880
117938880
117985728
117957312
117958080
117991120
117963216
117963216
117951696
117932496
117924048
118032592
118071504
117957072
117922512
117974736
117967056
117949472
117947936
117867808
117941792
117980448
117948704
117975584
117910304
117921056
118000160
118228256
117963536
117938192
117960464
117960464
117642864
117946640
117967376
117950480
117962208
117954528
118016320
117980224
117985600
117966400
117922624
118020160
117984064
117975616
117931072
117980992
118035520
117920320
117977152
117947968
117964096
117928000
117984832
117971008
117944896
118089280
118037824
117904960
117940288
117928000
117971008
118004048
117938768
117991760
117848656
117914704
117977936
117981776
117971792
117931088
118016336
117944912
117956432
117945680
117940304
117971792
117946448
117962576
117932624
117970256
117934160
117871696
117960272
118010960
117941584
117951824
