2.296945
0.108269
0.107212
0.106883
0.107758
0.109378
0.107817
0.108865
0.107878
1.889063
3.132351
0.111144
0.108467
0.108338
0.109508
0.104958
0.107690
0.108042
0.107756
0.405444
3.089655
0.109406
0.109112
0.108448
0.110630
0.107095
0.109445
0.110522
0.109124
1.140486
3.077379
0.106367
0.106500
0.105980
0.118694
0.110917
0.109434
0.109974
0.108147
1.092325
3.106784
0.109817
0.108576
0.109434
0.107180
0.109406
0.107797
0.106343
0.109645
0.191067
3.183395
0.108903
0.111705
0.108941
0.108205
0.106942
0.110698
0.110748
0.109641
1.122273
2.886563
0.109200
0.107564
0.110447
0.112331
0.108379
0.106316
0.109331
0.103060
0.186616
3.003889
0.106926
0.107715
0.127430
0.106995
0.110636
0.109728
0.111224
0.110449
4.044354
3.033981
0.107998
0.109438
0.110209
0.108521
0.104576
0.099880
0.108534
0.121648
2.193225
3.164954
0.097844
0.108137
0.106334
0.108683
0.109832
0.109619
0.100580
0.109510
0.998352
2.933202
0.107895
0.108845
0.109295
0.106243
0.110585
0.101213
0.109002
0.109736
0.216184
3.135582
0.108563
0.108724
0.108087
0.108894
0.108726
0.104540
0.112957
0.110117
0.179784
3.051826
0.108243
0.115690
0.108622
0.103635
0.104566
0.101464
0.102943
0.107121
0.186160
3.169837
0.107174
0.106518
0.100821
0.107732
0.107560
0.109010
0.108470
0.105902
0.186985
3.106872
0.108494
0.105563
0.612145
0.107208
0.106955
0.107174
0.105964
0.111595
1.565284
3.287131
0.108335
0.109250
0.108976
0.103481
0.107171
0.108938
0.107033
0.108498
0.269426
3.163941
0.107063
0.102640
0.108783
0.108943
0.107697
0.098991
0.110682
0.108940
0.215809
3.014871
0.106730
0.101485
0.109141
0.105815
0.105196
0.108281
0.106373
0.101951
0.239979
3.149054
0.105404
0.106814
0.101500
0.107889
0.109268
0.105721
0.108310
0.106341
0.205908
2.944634
0.109445
0.108486
0.105258
0.104532
0.109170
0.098791
0.108752
0.109061
3.402956
3.024542
0.107454
0.108590
0.107420
0.102618
0.105923
0.097727
0.104964
0.104325
0.189464
3.022486
0.105931
0.104049
0.107420
0.107021
0.107378
0.107782
0.109492
0.105196
0.421717
3.193561
0.110071
0.102387
0.108822
0.107730
0.103410
0.108605
0.106224
0.099507
1.020516
2.939360
0.110633
0.105973
0.105838
0.107851
0.102053
0.104602
0.108318
0.109179
0.186537
3.224622
0.110593
0.106789
0.107957
0.107360
0.104581
0.110166
0.110290
0.107041
0.263097
2.962847
0.106288
0.104488
0.108887
0.108800
0.108996
0.109070
0.115890
0.104863
0.870359
2.867288
0.098705
0.101119
0.105787
0.106066
0.109144
0.108057
0.099755
0.106057
0.186927
3.224170
0.106928
0.098201
0.108257
0.108358
0.105618
0.107311
0.104770
0.099170
0.189354
3.154617
0.107145
0.109166
0.107246
0.107686
0.108912
0.116684
0.109065
0.109818
0.279857
2.933067
0.109858
0.108458
0.103577
0.113240
0.102374
0.101935
0.109379
0.108964
0.202040
3.087244
0.107341
0.109658
0.109950
0.107327
0.109279
0.103888
0.105289
0.110589
0.249151
3.235794
0.102593
0.110681
0.110363
0.109750
0.108227
0.108035
0.100471
0.110049
0.266990
3.213166
0.108719
0.109151
0.108441
0.107201
0.105036
0.108631
0.105945
0.108764
0.189911
3.038513
0.107484
0.109458
0.099516
0.105725
0.108166
0.106668
0.108182
0.108744
0.656949
2.987745
0.107655
0.104399
0.105967
0.108691
0.109455
0.107295
0.105714
0.105627
0.409463
2.953680
0.104816
0.104651
0.106669
0.107889
0.107806
0.104376
0.108106
0.102639
0.175656
3.135027
0.105488
0.107544
0.109368
0.107804
0.102849
0.106573
0.109430
0.108006
2.383901
3.205797
0.106994
0.109768
0.110735
0.107093
0.101453
0.107718
0.107209
0.107523
3.072915
3.102557
0.100797
0.118034
0.107022
0.145593
0.109830
0.104037
0.105631
0.108596
0.216834
3.050508
0.108561
0.107461
0.113730
0.097838
0.105557
0.107281
0.107950
0.104999
2.310589
3.375509
0.105129
0.109498
0.106865
0.107542
0.110293
0.105701
0.106355
0.104793
0.315526
3.044080
0.109428
0.107338
0.108039
0.108392
0.107303
0.109514
0.108144
0.106578
0.179380
3.107999
0.107687
0.110503
0.109027
0.106769
0.110196
0.107564
0.109959
0.109317
0.760617
3.042383
0.108651
0.105874
0.109185
0.106250
0.109062
0.106954
0.108475
0.108032
0.610319
3.095107
0.108006
0.105179
0.108577
0.107712
0.107635
0.107554
0.104541
0.109701
0.844253
3.210965
0.101599
0.108089
0.104354
0.104305
0.105762
0.110816
0.108711
0.105976
1.159789
3.140759
0.102064
0.109158
0.107074
0.104971
0.107106
0.099246
0.105967
0.106154
0.189724
3.137045
0.102392
0.108860
0.108790
0.107214
0.107464
0.109303
0.107278
0.109290
0.186368
3.145637
0.109503
0.106128
0.108192
0.107876
0.106592
0.108806
0.107248
0.610843
0.190664
3.082669
0.110022
0.108155
0.108041
0.107106
0.109582
0.103883
0.105730
0.109612
0.774481
2.952128
0.110245
0.108211
0.106763
0.108739
0.106817
0.099492
0.104172
0.108744
0.198481
3.159330
0.108078
0.110481
0.107386
0.107448
0.110088
0.106745
0.104786
0.106633
1.504758
3.037679
0.107879
0.104493
0.108043
0.108348
0.109813
0.107907
0.113695
0.112976
0.186028
2.990778
0.107279
0.107565
0.107762
0.100179
0.102692
0.107744
0.111571
0.107915
0.198089
3.297623
0.108293
0.104346
0.105562
0.105795
0.109470
0.107013
0.118372
0.108155
0.450667
3.068787
0.107636
0.107840
0.109648
0.106036
0.108417
0.105870
0.104306
0.107297
1.889757
2.975248
0.139462
0.106605
0.098116
0.107930
0.109000
0.109521
0.104592
0.111216
5.653625
2.700305
0.107197
0.108298
0.104295
0.103769
0.107420
0.109673
0.106604
0.108706
0.198442
3.094990
0.105660
0.104035
0.101067
0.109133
0.106732
0.104319
0.110342
0.122077
0.285024
3.500133
0.109064
0.109187
0.100876
0.104852
0.108431
0.108726
0.109080
0.107532
0.205258
3.040655
0.105128
0.110563
0.108330
0.100947
0.109200
0.105814
0.108316
0.107117
0.205802
3.258120
0.107504
0.102607
0.103746
0.106020
0.098573
0.110336
0.104121
0.105010
0.367888
2.903466
0.103303
0.107151
0.105199
0.106369
0.108213
0.104172
0.103229
0.109213
0.169479
3.059334
0.105296
0.105824
0.107235
0.109055
0.110927
0.108417
0.106454
0.108008
0.211533
3.057374
0.104236
0.106644
0.106592
0.106481
0.106638
0.107611
0.105260
0.111748
0.890669
3.075382
0.107163
0.105483
0.106462
0.106920
0.104818
0.104464
0.108283
0.103796
0.173684
2.991655
0.108143
0.106681
0.118155
0.105823
0.107540
0.104436
0.104574
0.104927
0.194080
3.073638
0.107414
0.105803
0.106738
0.104641
0.107321
0.106745
0.107904
0.105264
0.209398
2.975527
0.107280
0.101318
0.108894
0.109864
0.108169
0.108240
0.105072
0.101589
0.175727
2.854758
0.106384
0.104542
0.107479
0.109804
0.098969
0.108918
0.106897
0.105638
0.393261
3.002077
0.107970
0.107061
0.106670
0.108549
0.108925
0.099850
0.108326
0.107050
0.200027
3.036794
0.107297
0.099409
0.106672
0.108733
0.106041
0.101490
0.105933
0.098983
0.858264
2.939520
0.104516
0.107035
0.108749
0.107029
0.107993
0.104947
0.107180
0.107070
0.209096
2.988632
0.106568
0.102951
0.098498
0.100667
0.109379
0.105204
0.101470
0.106667
0.324232
3.055891
0.102710
0.103808
0.103990
0.102447
0.109287
0.106537
0.106655
0.107710
2.728318
2.975146
0.108732
0.115035
0.103688
0.111767
0.109278
0.103708
0.107572
0.107818
0.246930
3.026885
0.106934
0.106511
0.103628
0.100489
0.105979
0.103893
0.105945
0.103238
0.192405
3.084571
0.107321
0.107649
0.104913
0.107126
0.107263
0.098465
0.107212
0.106718
0.809086
2.846550
0.109049
0.108756
0.107655
0.106059
0.106457
0.106756
0.104501
0.102938
1.064907
3.034653
0.107453
0.101685
0.109117
0.107959
0.104713
0.103399
0.107344
0.101969
0.205399
3.084328
0.111372
0.105741
0.102708
0.115001
0.107577
0.106782
0.105808
0.106349
0.187936
3.129848
0.108962
0.108830
0.108010
0.110447
0.099855
0.107084
0.108706
0.110409
0.636564
2.934257
0.109497
0.109146
0.109247
0.104728
0.103290
0.108036
0.108330
0.108798
0.221466
3.102589
0.108350
0.107933
0.108212
0.107781
0.106570
0.099959
0.110247
0.107728
0.366261
2.956041
0.107036
0.108840
0.108399
0.107773
0.107281
0.107506
0.102457
0.105013
1.109683
2.974690
0.104352
0.107893
0.107797
0.106552
0.106751
0.103972
0.107679
0.108954
1.578276
2.883283
0.109334
0.107248
0.108541
0.105298
0.107798
0.105348
0.106513
0.106505
0.963395
2.946446
0.108876
0.105365
0.110518
0.094528
0.100079
0.105355
0.104713
0.104996
0.213781
3.004641
0.102898
0.106842
0.104030
0.104798
0.105843
0.105803
0.105148
0.105327
0.193156
2.998674
0.103155
0.107334
0.110970
0.107270
0.107761
0.103599
0.103379
0.098774
1.421772
2.898231
0.110659
0.099465
0.108287
0.103924
0.104540
0.107265
0.107313
0.104412
0.203012
2.859371
0.109270
0.107316
0.109172
0.106774
0.101951
0.112530
0.099855
0.108185
0.211659
3.029523
0.099502
0.110770
0.107027
0.106414
0.109172
0.109135
0.100995
0.112086
1.523610
3.023041
0.099531
0.105013
0.104991
0.105281
0.105953
0.108469
0.098336
0.108921
1.558309
3.052679
0.109467
0.107868
0.110336
0.107669
0.103828
0.105597
0.108318
0.108206
0.225954
2.967643
0.108856
0.104858
0.111431
0.108162
0.110534
0.108292
0.109219
0.105466
0.189071
2.904781
0.108112
0.106962
0.107069
0.108021
0.102910
0.100519
0.109382
0.108094
1.186123
2.936727
0.110730
0.099148
0.109642
0.105482
0.105959
0.104837
0.105215
0.095078
0.178809
3.097342
0.109956
0.106323
0.103485
0.105841
0.107389
0.105686
0.107969
0.107731
0.184609
2.975224
0.109235
0.105012
0.107744
0.103793
0.103147
0.107195
0.108901
0.108705
0.863775
3.330707
0.110186
0.099488
0.106099
0.108946
0.106930
0.105811
0.106529
0.099982
0.697520
3.176422
0.108936
0.109302
0.107733
0.108423
0.104355
0.107951
0.106879
0.106676
1.055517
2.911109
0.108585
0.104139
0.103862
0.105173
0.110252
0.108439
0.112160
0.108457
0.178299
3.167283
0.107933
0.107335
0.106309
0.103937
0.100957
0.108365
0.106772
0.107243
0.233016
2.982180
0.097199
0.104421
0.105295
0.107075
0.105825
0.105074
0.096897
0.107826
0.385494
3.037055
0.109081
0.105944
0.103866
0.104430
0.105813
0.106034
0.105946
0.105559
3.607383
2.817994
0.101637
0.100451
0.107374
0.107442
0.104165
0.109517
0.106106
0.105536
0.172005
3.141586
0.110594
0.110235
0.111355
0.102587
0.110393
0.107093
0.109862
0.110897
2.525383
2.962500
0.105555
0.107988
0.108960
0.110377
0.110612
0.110216
0.109152
0.108277
0.214905
3.104234
0.107988
0.108890
0.107442
0.108440
0.102680
0.108438
0.108471
0.110869
0.397332
2.872607
0.099772
0.113991
0.105258
0.109888
0.108996
0.105718
0.099130
0.108860
0.768715
2.908872
0.107650
0.109071
0.107736
0.105434
0.106005
0.101256
0.105479
0.108905
0.310009
4.345890
0.105818
0.103588
0.103550
0.104696
0.108096
0.109572
0.109463
0.110288
1.292473
2.997113
0.103443
0.110099
0.109514
0.107974
0.108765
0.108880
0.099415
0.106907
0.245310
3.157764
0.134422
0.104349
0.106444
0.106948
0.110741
0.108209
0.108292
0.103101
0.182168
3.000154
0.107541
0.107603
0.105987
0.099372
0.108236
0.104901
0.108515
0.106146
0.169155
3.340829
0.109777
0.105926
0.108975
0.105718
0.107014
0.109126
0.110404
0.109915
1.690411
3.089210
0.104791
0.111411
0.105545
0.104913
0.108380
0.106390
0.107404
0.108966
1.231579
3.322138
0.108732
0.106903
0.105285
0.106106
0.107551
0.102818
0.106172
0.108639
0.272990
3.101781
0.107142
0.103501
0.108654
0.102964
0.108727
0.108704
0.108248
0.108167
0.417580
3.051118
0.107512
0.106399
0.110460
0.134618
0.109644
0.105689
0.107597
0.107509
1.999288
3.152598
0.112557
0.098424
0.106027
0.106339
0.109699
0.103686
0.111973
0.108161
0.184219
2.951591
0.106887
0.106326
0.101482
0.109585
0.111309
0.108751
0.107380
0.108281
2.613977
2.904410
0.108448
0.109083
0.100941
0.105574
0.107961
0.108846
0.109034
0.105109
0.208490
3.017703
0.109701
0.107078
0.107101
0.110288
0.097968
0.104950
0.107477
0.104220
1.384262
2.995811
0.108552
0.106754
0.106635
0.108310
0.108616
0.104867
0.109984
0.107409
0.534487
2.957080
0.108931
0.111062
0.108891
0.108558
0.109748
0.106362
0.107221
0.108848
0.191711
3.285074
0.106586
0.109252
0.109235
0.109458
0.107994
0.107830
0.102774
0.108271
1.436431
2.924225
0.108417
0.114380
0.110790
0.108888
0.109889
0.111046
0.105960
0.611659
0.577068
3.017406
0.109835
0.105943
0.108609
0.105151
0.108407
0.109768
0.107425
0.102684
0.199184
2.890358
0.100774
0.109947
0.109887
0.109487
0.109231
0.108825
0.116640
0.108247
0.499281
3.091867
0.110030
0.108572
0.110020
0.107521
0.107017
0.102859
0.108266
0.107676
1.508166
2.937525
0.140171
0.112133
0.109516
0.110267
0.108334
0.106781
0.099398
0.114723
0.175218
3.079199
0.109549
0.108837
0.109040
0.106496
0.106339
0.107749
0.106672
0.105500
0.927972
2.810161
0.106558
0.107530
0.108476
0.108750
0.110729
0.107284
0.138094
0.116291
0.231782
3.057387
0.108299
0.103780
0.105916
0.106159
0.110119
0.106512
0.108474
0.105961
0.192237
3.196488
0.108763
0.108111
0.106715
0.106635
0.107489
0.109443
0.107258
0.109932
1.424124
2.742140
0.108105
0.108550
0.108510
0.111178
0.109427
0.102004
0.110185
0.108805
0.895343
2.979279
0.108818
0.110691
0.105134
0.096487
0.103570
0.099240
0.106294
0.108851
1.210152
3.071644
0.107808
0.109385
0.110726
0.109792
0.106230
0.108995
0.111468
0.108785
1.278701
2.938259
0.111745
0.108297
0.108750
0.112619
0.110430
0.110800
0.107586
0.104804
0.651119
3.079950
0.110263
0.109955
0.108633
0.109193
0.108519
0.096658
0.111543
0.106934
0.326205
3.013913
0.107804
0.109479
0.108607
0.107518
0.109857
0.108853
0.108201
0.115915
5.921043
3.012596
0.109469
0.106479
0.106427
0.110007
0.102563
0.108092
0.110118
0.108258
0.613810
2.920681
0.106751
0.104026
0.105225
0.105612
0.097542
0.105879
0.109363
0.107842
1.266878
3.113740
0.108539
0.107199
0.111019
0.109338
0.108342
0.100946
0.107787
0.107588
0.216434
3.057427
0.107179
0.107410
0.107680
0.106807
0.107569
0.105299
0.105373
0.107479
0.768279
3.011190
0.102860
0.107004
0.111131
0.105588
0.107540
0.104393
0.108461
0.110196
0.191594
3.104022
0.108069
0.107499
0.109636
0.105986
0.103802
0.104137
0.102684
0.103530
0.189560
3.157632
0.109155
0.109717
0.100454
0.107719
0.109289
0.108875
0.107333
0.107643
0.844741
3.181930
0.110291
0.110241
0.106189
0.109853
0.110680
0.098475
0.107916
0.108059
0.190076
3.270784
0.106308
0.108576
0.108704
0.118006
0.110144
0.105704
0.113035
0.109187
0.874873
3.237840
0.111891
0.109487
0.099276
0.106375
0.109649
0.115190
0.104006
0.105839
1.483913
2.870934
0.107969
0.108070
0.108036
0.098957
0.103914
0.107327
0.110414
0.107992
0.658051
2.959983
0.103406
0.108696
0.106667
0.107220
0.108472
0.109526
0.107988
0.107504
0.884865
3.076721
0.100466
0.109942
0.107445
0.104908
0.105135
0.102122
0.103690
0.108521
0.190533
3.101787
0.108827
0.104122
0.103415
0.101360
0.106929
0.111089
0.103155
0.109271
0.194675
3.130080
0.107768
0.106670
0.105845
0.099344
0.107954
0.107810
0.107518
0.104724
0.180919
3.011840
0.107179
0.106900
0.106558
0.107234
0.105532
0.105221
0.105627
0.108337
0.181966
3.083610
0.105771
0.102049
0.107126
0.107658
0.106205
0.108194
0.108736
0.099098
0.599300
3.126355
0.101058
0.130020
0.109223
0.107173
0.107755
0.103837
0.102952
0.110243
0.438505
2.989706
0.103773
0.108307
0.108231
0.107714
0.109651
0.106018
0.105527
0.103283
2.398209
3.081378
0.112576
0.099842
0.104880
0.099922
0.109096
0.106823
0.108116
0.100659
0.196101
2.884059
0.108372
0.105737
0.109085
0.106582
0.106273
0.108137
0.118261
0.108938
1.112836
2.984064
0.106696
0.113773
0.097988
0.107463
0.105978
0.106225
0.106073
0.107191
0.188841
3.092586
0.109520
0.105800
0.100724
0.108082
0.107663
0.107808
0.104594
0.104917
0.187261
2.962086
0.110247
0.106113
0.106362
0.103027
0.108578
0.111741
0.098137
0.104553
1.694006
3.061756
0.108253
0.108315
0.105900
0.096126
0.108372
0.107427
0.106169
0.105350
0.219588
3.152329
0.100716
0.105911
0.107073
0.106801
0.108278
0.102093
0.109021
0.115122
0.312914
3.036400
0.104971
0.109823
0.108889
0.106839
0.107385
0.105831
0.102240
0.107969
0.249270
3.028956
0.109751
0.102276
0.110059
0.098655
0.104621
0.106470
0.109847
0.101076
1.644000
3.096509
0.099960
0.107661
0.107943
0.108132
0.107122
0.109806
0.099287
0.108039
0.276635
3.333755
0.110988
0.110082
0.108831
0.104951
0.110120
0.105075
0.104828
0.109145
0.530448
3.120199
0.108930
0.110124
0.110457
0.109181
0.110289
0.103105
0.111545
0.110035
1.995840
3.202028
0.107469
0.102193
0.109596
0.108678
0.109844
0.109066
0.110376
0.102317
0.187683
3.138400
0.111729
0.107902
0.107161
0.106152
0.110076
0.105007
0.106549
0.106556
1.335030
3.201104
0.111979
0.107782
0.101875
0.110297
0.110651
0.109462
0.110883
0.107716
1.118218
2.818676
0.109407
0.109109
0.108015
0.108703
0.108224
0.105485
0.106308
0.096669
4.372027
2.927552
0.107070
0.103815
0.110749
0.108557
0.108470
0.110269
0.106572
0.099223
0.886841
3.176762
0.110239
0.107702
0.108582
0.109435
0.099428
0.107752
0.106601
0.105217
0.929883
2.866941
0.100054
0.104059
0.099728
0.101626
0.106470
0.107014
0.108148
0.108698
0.233697
3.074340
0.113678
0.108170
0.107686
0.108745
0.100565
0.108736
0.108545
0.106792
1.297269
3.032123
0.107490
0.108247
0.104216
0.104499
0.108051
0.108363
0.113937
0.098131
2.819128
3.058940
0.110057
0.110535
0.108035
0.105247
0.108953
0.105976
0.108682
0.108781
0.205540
3.038047
0.110239
0.106606
0.108045
0.109335
0.109619
0.099589
0.104367
0.105755
0.403408
3.006486
0.102541
0.108241
0.110525
0.107714
0.107482
0.107974
0.102610
0.109256
0.194157
2.782761
0.109903
0.109740
0.108487
0.106952
0.110034
0.108224
0.108275
0.108800
1.198991
3.065997
0.108461
0.107327
0.108747
0.108378
0.105897
0.103192
0.109719
0.110890
0.204330
3.049981
0.106696
0.109665
0.105770
0.105158
0.110071
0.105722
0.101772
0.107103
1.630295
3.011416
0.101319
0.109778
0.107854
0.109922
0.109796
0.109269
0.112273
0.109480
0.683838
3.026014
0.106793
0.109441
0.109056
0.105492
0.101407
0.100566
0.103166
0.111602
0.189516
3.212231
0.101787
0.106441
0.107691
0.108820
0.106365
0.104989
0.098027
0.105538
0.191163
2.872412
0.110740
0.109640
0.112435
0.101861
0.107844
0.109602
0.108926
0.108815
0.606460
2.945837
0.109026
0.120387
0.106217
0.103001
0.106001
0.107244
0.107242
0.106813
0.503488
3.002260
0.109741
0.111622
0.106894
0.116578
0.106561
0.108275
0.109389
0.109893
1.152057
3.009734
0.108388
0.110106
0.109456
0.109088
0.109755
0.100644
0.109029
0.104566
1.806652
2.986730
0.107367
0.107606
0.106030
0.103320
0.104394
0.108491
0.106996
0.111403
2.221623
3.085519
0.115590
0.105000
0.107278
0.105745
0.108540
0.100632
0.108228
0.107310
1.093676
2.955082
0.108040
0.108074
0.100127
0.109198
0.109192
0.107794
0.108529
0.107717
1.990799
2.915521
0.103730
0.107226
0.108328
0.107092
0.111893
0.106513
0.106572
0.108778
0.383180
2.943152
0.111125
0.101189
0.108960
0.111302
0.108850
0.108906
0.110995
0.099039
0.587851
3.167903
0.105995
0.113623
0.108615
0.145629
0.108658
0.107956
0.108185
0.109652
0.599402
3.033200
0.109629
0.106728
0.104332
0.109673
0.107042
0.099145
0.108321
0.106668
0.357032
3.260784
0.111184
0.107767
0.106964
0.106437
0.106525
0.110417
0.109323
0.107517
0.285371
3.201067
0.109408
0.105771
0.110310
0.110722
0.109830
0.104572
0.110695
0.109301
0.208918
3.272379
0.113534
0.110069
0.110051
0.108114
0.106819
0.098957
0.108455
0.106493
0.227582
3.066082
0.106156
0.109367
0.109152
0.110167
0.107319
0.102755
0.105067
0.101792
0.933421
2.910328
0.109816
0.109628
0.107957
0.108623
0.105161
0.104218
0.108984
0.111264
0.479225
2.990085
0.106282
0.116604
0.111106
0.108034
0.103933
0.100201
0.108769
0.106927
0.530669
3.008913
0.103468
0.107162
0.105935
0.101735
0.107273
0.106105
0.110694
0.109046
0.196108
3.049210
0.110020
0.100061
0.109408
0.106007
0.109159
0.106255
0.108430
0.101067
0.687970
3.100795
0.105654
0.113563
0.109788
0.112107
0.111604
0.106396
0.111613
0.108842
3.324070
2.973696
0.098460
0.099296
0.113686
0.099305
0.104933
0.108235
0.107865
0.098837
0.223881
3.056008
0.110692
0.114966
0.105399
0.101989
0.107069
0.108566
0.108275
0.106958
0.538896
3.022102
0.107498
0.109308
0.105255
0.105268
0.094479
0.103726
0.107044
0.109672
0.188554
3.081504
0.110652
0.107490
0.109924
0.104066
0.103802
0.109126
0.107765
0.107403
0.863208
3.129901
0.109092
0.106699
0.110904
0.098384
0.108750
0.110926
0.108456
0.105963
2.922835
2.964814
0.106773
0.105324
0.108833
0.109409
0.108540
0.107336
0.102160
0.106282
0.233979
3.107162
0.119606
0.102638
0.108532
0.104729
0.111058
0.105313
0.104769
0.104519
0.235112
2.954472
0.108508
0.106679
0.101620
0.104390
0.108258
0.104171
0.106853
0.105747
1.165024
3.142452
0.108163
0.107561
0.109149
0.109215
0.102579
0.109583
0.109813
0.106620
0.155396
3.012490
0.110746
0.114782
0.110567
0.108570
0.110457
0.107301
0.108361
0.106141
0.452071
2.934834
0.106930
0.102906
0.106490
0.104580
0.108128
0.107409
0.109660
0.111350
0.917791
2.970506
0.108463
0.108727
0.107865
0.110373
0.106909
0.106189
0.109776
0.107886
0.540442
3.743589
0.168145
0.110330
0.126427
0.181788
0.109736
0.105700
0.102200
0.109445
0.252669
2.973799
0.107509
0.106679
0.110906
0.108514
0.103082
0.108706
0.110618
0.110020
0.231641
3.132397
0.109712
0.104314
0.141889
0.107876
0.109852
0.115795
0.111650
0.107168
1.994379
3.329934
0.110819
0.109112
0.108088
0.107232
0.114733
0.103477
0.110438
0.109429
3.254354
3.062475
0.110127
0.106987
0.109979
0.107540
0.112956
0.107670
0.108125
0.109873
0.254784
3.025509
0.103055
0.109265
0.111365
0.110287
0.107145
0.107574
0.108949
0.103900
0.866669
3.000323
0.110533
0.109351
0.107743
0.109292
0.107230
0.108643
0.110435
0.108805
0.193757
3.196928
0.108002
0.112677
0.106138
0.107206
0.105562
0.101391
0.108904
0.107811
0.187496
2.920829
0.108372
0.107053
0.111183
0.110312
0.110484
0.106885
0.109612
0.108179
0.187766
3.104931
0.111284
0.110114
0.109002
0.099924
0.109383
0.109732
0.111738
0.108874
0.198776
3.039101
0.105448
0.104425
0.104444
0.107135
0.109356
0.100894
0.110549
0.110381
1.507434
3.134408
0.109383
0.106206
0.110095
0.109884
0.108807
0.110401
0.111023
0.111214
0.527574
3.595369
0.103242
0.103320
0.102367
0.107555
0.105199
0.109807
0.108015
0.107461
1.262222
3.108388
0.109658
0.108502
0.107326
0.108237
0.108987
0.106951
0.109375
0.109175
1.842375
3.064108
0.109000
0.101328
0.100294
0.102389
0.106587
0.103528
0.107841
0.108845
0.192523
3.065041
0.111467
0.110097
0.111326
0.110617
0.109233
0.111861
0.110056
0.105375
0.613684
3.160532
0.104086
0.107428
0.105644
0.109838
0.109732
0.108508
0.106766
0.108455
2.247509
3.708235
0.103123
0.110583
0.112260
0.124126
0.107584
0.107152
0.107439
0.109971
0.300004
3.034436
0.111719
0.106924
0.109522
0.115671
0.105372
0.106405
0.111489
0.109936
0.192359
3.191336
0.110143
0.107007
0.108449
0.104830
0.107852
0.099876
0.108096
0.109134
0.470980
3.138560
0.108095
0.126954
0.107950
0.108547
0.105344
0.107090
0.104371
0.109638
0.707104
3.117423
0.106737
0.109742
0.109352
0.101326
0.107655
0.106160
0.109623
0.109680
2.275610
3.078674
0.107607
0.106404
0.108168
0.109932
0.103214
0.109110
0.108838
0.111972
0.914306
3.094144
0.110396
0.100724
0.119209
0.106293
0.108231
0.108739
0.107768
0.100649
4.103119
3.186340
0.108217
0.108237
0.104960
0.110364
0.109717
0.107692
0.110052
0.108402
0.936449
3.070822
0.107161
0.111244
0.109145
0.111651
0.111697
0.106976
0.100455
0.113216
0.567322
3.188719
0.610014
0.107515
0.110116
0.100556
0.106938
0.103983
0.105921
0.107616
0.618778
3.224966
0.133620
0.108360
0.114507
0.108753
0.110055
0.108080
0.111030
0.108920
0.347735
3.127481
0.104011
0.103427
0.101821
0.106035
0.108616
0.107750
0.106735
0.108933
0.255431
3.129542
0.107462
0.107343
0.107933
0.108073
0.109744
0.108003
0.105415
0.106934
0.946186
3.292796
0.109669
0.111481
0.106337
0.110457
0.106113
0.107736
0.107561
0.106273
0.209943
3.164657
0.107634
0.109700
0.108123
0.106737
0.104603
0.102458
0.109752
0.109296
2.251163
3.147192
0.111513
0.109563
0.108006
0.107727
0.103815
0.106717
0.109071
0.107882
0.197060
3.418997
0.109162
0.109238
0.108959
0.107709
0.106214
0.110384
0.110617
0.108742
0.284673
3.209467
0.107020
0.104517
0.106114
0.106858
0.097985
0.105025
0.106463
0.105696
1.275442
3.082478
0.105930
0.107865
0.107504
0.104265
0.107777
0.101894
0.105908
0.104826
0.203085
3.121077
0.107783
0.104165
0.103568
0.104428
0.106977
0.110361
0.105378
0.109512
0.226232
2.896262
0.108795
0.106265
0.111020
0.099804
0.109897
0.108739
0.108278
0.106724
0.240411
2.975646
0.105417
0.110348
0.109224
0.110611
0.107909
0.101303
0.110625
0.112429
0.497262
3.042502
0.108325
0.106244
0.108514
0.106486
0.110687
0.101553
0.107351
0.106662
0.517997
2.988659
0.108958
0.109440
0.108558
0.111804
0.110076
0.102689
0.110298
0.111120
0.376343
3.053843
0.106663
0.106371
0.109104
0.109428
0.106883
0.103564
0.106952
0.108302
0.875218
3.379238
0.110143
0.107052
0.105193
0.105492
0.105089
0.106266
0.109180
0.126950
0.540735
2.931483
0.109767
0.106094
0.105715
0.110674
0.108079
0.108841
0.107009
0.104657
1.805724
3.304718
0.108013
0.108159
0.111048
0.107954
0.107402
0.108069
0.108357
0.107181
0.231934
3.315779
0.112725
0.111043
0.111042
0.107598
0.102948
0.113996
0.100962
0.107804
0.208945
3.175907
0.102767
0.107586
0.111792
0.108122
0.109739
0.102298
0.111730
0.108200
1.355304
3.222965
0.102899
0.108406
0.112258
0.110280
0.108797
0.107043
0.110276
0.110033
2.511004
2.964726
0.125487
0.108785
0.108449
0.110048
0.106190
0.099249
0.106407
0.115478
0.517513
3.126045
0.109418
0.112560
0.109693
0.106351
0.104306
0.109766
0.127482
0.108404
0.616001
3.012403
0.106414
0.109539
0.108923
0.103475
0.108896
0.107702
0.107363
0.110570
1.428962
2.961705
0.108078
0.106212
0.109381
0.109072
0.104357
0.109526
0.111053
0.107199
0.368893
2.977651
0.104091
0.106685
0.104932
0.105473
0.106802
0.098567
0.104454
0.108898
0.267715
2.797139
0.109965
0.107898
0.106214
0.108247
0.107083
0.104918
0.109024
0.109842
0.193026
3.062362
0.109531
0.110929
0.108596
0.108185
0.109971
0.109966
0.107676
0.108375
0.185195
3.236420
0.108121
0.110075
0.108550
0.109888
0.110148
0.100710
0.109146
0.110183
0.496770
3.117685
0.110599
0.108844
0.107332
0.104544
0.102161
0.104122
0.106279
0.107984
0.221292
3.160056
0.109408
0.108732
0.113055
0.109412
0.107630
0.103555
0.132052
0.109851
0.189645
2.872707
0.107796
0.107175
0.107131
0.109695
0.101511
0.105822
0.108088
0.107294
0.232160
3.175563
0.105172
0.105729
0.099501
0.098716
0.104693
0.100795
0.109038
0.107967
0.181019
3.003746
0.108375
0.106722
0.108708
0.109167
0.109934
0.105337
0.109959
0.108863
1.095440
2.974264
0.108771
0.107293
0.104118
0.107492
0.108980
0.107231
0.104538
0.108394
0.179583
3.269072
0.104251
0.112080
0.106999
0.108488
0.105981
0.108538
0.105383
0.107430
0.186120
3.092225
0.106725
0.108989
0.110343
0.106675
0.109167
0.108078
0.106630
0.106641
0.564625
3.166457
0.107939
0.110562
0.107554
0.099659
0.107819
0.107804
0.110204
0.107810
0.499816
3.379429
0.108381
0.102030
0.107979
0.110830
0.111496
0.109668
0.108182
0.103701
0.881226
3.118442
0.109222
0.111021
0.107750
0.108572
0.105523
0.108965
0.110898
0.108619
0.572796
3.051315
0.110193
0.106636
0.111617
0.104828
0.102345
0.109225
0.108131
0.108704
0.291911
3.000774
0.108244
0.108639
0.108260
0.107409
0.107082
0.099652
0.107443
0.109572
0.530789
3.406119
0.109284
0.109097
0.107052
0.110881
0.106755
0.108035
0.108117
0.109935
0.500035
3.097285
0.111550
0.110221
0.110619
0.109325
0.110040
0.109413
0.110064
0.110858
1.151086
3.317094
0.110588
0.110211
0.106175
0.100744
0.111023
0.108195
0.108834
0.108624
0.159879
2.967863
0.110717
0.109795
0.110223
0.107770
0.108305
0.106388
0.107005
0.104718
0.775076
3.085238
0.110103
0.105033
0.109628
0.107313
0.112018
0.109034
0.111102
0.108902
1.168044
3.139673
0.112586
0.109355
0.103588
0.102466
0.108011
0.106008
0.099540
0.101716
0.154634
2.993662
0.110541
0.103210
0.108261
0.108650
0.111143
0.106879
0.109299
0.098682
0.451503
3.272829
0.100867
0.104077
0.110844
0.106651
0.105000
0.106996
0.101070
0.113206
0.236895
3.039077
0.106759
0.104888
0.111081
0.108542
0.108018
0.108395
0.107814
0.104954
0.167250
2.911845
0.108815
0.107463
0.110179
0.107695
0.107837
0.106319
0.107440
0.111944
1.003643
2.867854
0.108244
0.106133
0.132375
0.109911
0.112718
0.108565
0.110823
0.108728
0.243959
3.233284
0.113027
0.109641
0.106858
0.109000
0.106050
0.110397
0.109924
0.109525
0.193489
3.007717
0.110991
0.107500
0.108662
0.108578
0.109308
0.105526
0.108552
0.111222
0.326025
3.061575
0.105438
0.110748
0.111252
0.107174
0.111039
0.102086
0.121344
0.111105
0.197843
3.265479
0.109308
0.109325
0.107218
0.103520
0.107634
0.103914
0.107282
0.109865
0.432365
3.190716
0.106823
0.107427
0.109311
0.107198
0.108395
0.100250
0.107577
0.107603
0.221027
3.044280
0.109976
0.101169
0.109676
0.108046
0.108630
0.109498
0.109622
0.102064
3.985103
3.105436
0.108524
0.107447
0.108949
0.104766
0.107373
0.107282
0.105395
0.108019
0.180982
3.099940
0.107575
0.107892
0.113113
0.107121
0.108773
0.101057
0.108706
0.107280
0.532321
3.131003
0.111231
0.109608
0.108778
0.106573
0.106711
0.103991
0.109309
0.108439
0.223284
3.036828
0.101638
0.110695
0.108896
0.108742
0.107039
0.095087
0.100910
0.110329
1.748628
3.235014
0.110199
0.110837
0.109007
0.105918
0.107773
0.109238
0.110751
0.110403
0.268540
3.046804
0.106386
0.109294
0.099688
0.102037
0.108513
0.100493
0.107603
0.106987
0.276477
3.283716
0.107458
0.106895
0.108105
0.107755
0.106845
0.102173
0.104572
0.109479
0.745774
3.078222
0.110562
0.110097
0.107308
0.097847
0.108316
0.108893
0.107957
0.109462
0.790535
3.256144
0.100495
0.108175
0.107630
0.105919
0.109921
0.110561
0.102830
0.109978
0.171051
3.055385
0.107843
0.108258
0.100136
0.109374
0.112071
0.108827
0.108890
0.107698
4.980444
3.008203
0.108018
0.109557
0.106927
0.110856
0.103017
0.098847
0.125019
0.109509
0.198779
3.503311
0.107331
0.106632
0.109515
0.106140
0.099178
0.107411
0.106619
0.107840
0.281108
3.090794
0.107830
0.107949
0.109017
0.108093
0.106586
0.100383
0.111198
0.108469
0.264314
3.108936
0.099844
0.110071
0.106461
0.102883
0.108454
0.107673
0.108117
0.111105
0.166417
3.003477
0.106485
0.109279
0.103587
0.108533
0.103852
0.106910
0.105124
0.104947
1.096918
3.080369
0.107273
0.109243
0.108474
0.108114
0.106086
0.110966
0.108937
0.109465
0.436394
2.979864
0.107673
0.107623
0.108661
0.108572
0.107267
0.096895
0.107975
0.108954
0.578775
3.030649
0.103231
0.106675
0.109485
0.108542
0.107474
0.099216
0.107449
0.105359
0.510565
3.175810
0.110440
0.109917
0.111106
0.109730
0.099473
0.109588
0.110133
0.108072
1.405989
2.943299
0.109355
0.109710
0.107206
0.107402
0.109810
0.100996
0.107763
0.107268
0.369001
3.028511
0.100163
0.103066
0.108188
0.108309
0.109742
0.106720
0.100744
0.107641
0.187162
3.169856
0.108942
0.098561
0.110057
0.108646
0.106575
0.106826
0.105168
0.099694
0.193007
3.124837
0.109241
0.104844
0.107805
0.101715
0.105761
0.102422
0.104555
0.110189
0.188580
3.237290
0.109053
0.109205
0.105488
0.126688
0.105886
0.107466
0.108129
0.109394
0.166803
3.062917
0.101307
0.106089
0.105514
0.107703
0.107120
0.097541
0.107963
0.104643
0.519108
3.146104
0.109694
0.107053
0.103196
0.108880
0.109685
0.108531
0.108811
0.107776
3.443537
2.954178
0.112331
0.099393
0.108925
0.106458
0.104960
0.101677
0.104124
0.107642
1.761505
4.573086
0.097050
0.128552
0.096463
0.110225
0.107628
0.107638
0.105183
0.107232
0.201893
3.054648
0.110558
0.109123
0.099583
0.138094
0.106765
0.107134
0.109787
0.109204
0.378400
3.109570
0.107322
0.107970
0.106946
0.108053
0.105820
0.106181
0.107567
0.104918
1.333083
3.040438
0.110976
0.109875
0.109340
0.120703
0.109120
0.108196
0.108074
0.108180
1.514597
2.954069
0.110556
0.108563
0.113013
0.107216
0.107925
0.098152
0.109408
0.108099
0.183236
3.215872
0.106096
0.108864
0.109274
0.107501
0.108035
0.105834
0.107588
0.108937
0.732444
3.170553
0.110610
0.102287
0.110341
0.114328
0.098041
0.101801
0.106391
0.106648
0.183966
3.078487
0.108088
0.107342
0.105569
0.109920
0.105355
0.107627
0.107370
0.107141
0.627798
3.172478
0.110190
0.108901
0.106666
0.114046
0.102803
0.106584
0.106278
0.106509
0.167660
3.065932
0.109395
0.107714
0.106725
0.106234
0.103691
0.109179
0.107884
0.107004
2.161231
3.059574
0.104622
0.106653
0.107331
0.106583
0.106519
0.106993
0.104929
0.106256
1.246683
3.172648
0.108429
0.108294
0.110167
0.106056
0.109418
0.109352
0.103784
0.107780
0.197656
3.224986
0.108455
0.106907
0.107633
0.106945
0.107018
0.108546
0.107671
0.108000
0.911611
3.080713
0.111114
0.109566
0.108487
0.105122
0.106932
0.106669
0.106276
0.107982
0.473952
3.213766
0.108644
0.106890
0.112130
0.108107
0.107694
0.109895
0.107909
0.107147
0.155169
3.187269
0.103615
0.106405
0.108158
0.109173
0.107037
0.105169
0.107784
0.105988
0.522335
3.083091
0.112717
0.107866
0.108908
0.107419
0.108036
0.108712
0.105241
0.108092
0.216986
2.959148
0.107432
0.105304
0.108680
0.102277
0.105492
0.105586
0.109323
0.103484
0.783450
3.044863
0.108082
0.107651
0.107849
0.107007
0.108849
0.105276
0.109906
0.110076
0.545153
2.807536
0.131919
0.113815
0.109833
0.109422
0.109078
0.108475
0.100190
0.111336
0.175629
3.244000
0.109540
0.104370
0.108597
0.108920
0.107509
0.109683
0.107415
0.107075
0.552417
3.041708
0.101776
0.107054
0.107112
0.108302
0.107814
0.117099
0.107363
0.107367
0.230913
2.993131
0.109631
0.110434
0.107200
0.104518
0.104177
0.105056
0.106710
0.106779
0.303029
3.089782
0.109645
0.112126
0.109231
0.110254
0.111081
0.109985
0.107745
0.107974
1.221964
3.063959
0.108640
0.104248
0.110762
0.105357
0.106656
0.105652
0.106972
0.108436
0.477926
3.042954
0.109136
0.106331
0.108677
0.109232
0.108268
0.106807
0.107797
0.108989
0.178448
3.080804
0.104613
0.118562
0.106696
0.106560
0.106861
0.105533
0.104514
0.107259
0.321644
2.996062
0.108941
0.107694
0.100337
0.106602
0.108837
0.107847
0.109892
0.109459
1.187696
3.079899
0.110103
0.108065
0.105216
0.100551
0.107284
0.105790
0.104568
0.109738
0.194989
3.484770
0.109187
0.108054
0.107897
0.103471
0.110165
0.109011
0.110533
0.111212
0.362527
3.027962
0.108716
0.105041
0.107942
0.105838
0.108957
0.106523
0.107669
0.108480
0.319693
3.088091
0.110478
0.109015
0.106874
0.110387
0.106779
0.102676
0.109399
0.106167
0.185904
3.237048
0.106564
0.110662
0.107690
0.107765
0.110131
0.097963
0.108963
0.109450
0.191255
3.165169
0.106654
0.108230
0.109030
0.108744
0.107644
0.108280
0.107827
0.108405
2.025945
3.074219
0.110428
0.108754
0.113696
0.102465
0.104969
0.107501
0.105015
0.111380
0.194068
2.956570
0.105293
0.102306
0.106073
0.103405
0.105027
0.099688
0.102287
0.100895
1.701908
3.117188
0.109269
0.108496
0.108032
0.105744
0.109922
0.108584
0.109278
0.109584
1.154700
3.438640
0.103854
0.111092
0.112562
0.108366
0.110598
0.106663
0.111433
0.111555
0.175347
3.046963
0.111022
0.109748
0.109946
0.108477
0.109211
0.105214
0.108812
0.107284
1.377119
3.152907
0.107509
0.107253
0.107831
0.107824
0.108712
0.099749
0.108103
0.106848
0.458330
3.382827
0.106909
0.108265
0.108114
0.109129
0.112718
0.107157
0.108321
0.110120
0.220361
2.987341
0.106000
0.103654
0.105535
0.105330
0.109262
0.128321
0.108946
0.108515
0.184857
3.142703
0.106398
0.110597
0.108504
0.106046
0.107935
0.109638
0.107433
0.108693
1.387393
3.168604
0.109443
0.109273
0.108551
0.108369
0.110772
0.110308
0.107256
0.106436
0.722986
3.144864
0.108750
0.107072
0.116485
0.109343
0.131416
0.107538
0.105437
0.108774
0.226603
2.952700
0.106496
0.109257
0.106978
0.107784
0.109074
0.119886
0.107998
0.108603
1.177929
3.210266
0.109406
0.123733
0.110057
0.109428
0.110351
0.117302
0.113319
0.103404
0.170788
3.090777
0.108784
0.108360
0.108205
0.107247
0.110700
0.109940
0.110662
0.107839
0.985182
3.162149
0.109046
0.108674
0.108780
0.108373
0.108882
0.102683
0.108138
0.108938
0.302087
3.134474
0.107783
0.109993
0.106604
0.103807
0.107901
0.102984
0.107491
0.110308
0.204941
3.130317
0.108561
0.105714
0.107558
0.104764
0.105388
0.107483
0.106186
0.105216
0.183857
2.879149
0.106206
0.104846
0.108613
0.104174
0.104660
0.106751
0.106385
0.107433
0.282750
3.010560
0.107207
0.107469
0.107055
0.107137
0.107440
0.103796
0.109749
0.106172
0.548883
3.318350
0.110155
0.108766
0.107356
0.102891
0.108600
0.108318
0.107460
0.115829
0.198590
3.135559
0.110113
0.109917
0.109369
0.109543
0.113215
0.106923
0.105945
0.109089
0.222993
3.208221
0.105419
0.104770
0.105212
0.106132
0.107909
0.100252
0.107966
0.106682
0.197818
3.119107
0.104216
0.107876
0.110831
0.108438
0.109431
0.103949
0.105016
0.109995
0.570324
3.095306
0.108666
0.109117
0.108802
0.106619
0.105620
0.103450
0.105531
0.109913
0.188424
3.181519
0.107584
0.103058
0.106814
0.109177
0.106928
0.111129
0.105938
0.107637
0.621800
3.263280
0.108104
0.106695
0.109254
0.106592
0.105460
0.106653
0.136808
0.106593
0.465477
2.976630
0.108900
0.105713
0.106097
0.108457
0.109737
0.099110
0.105909
0.105877
0.540229
3.092015
0.107874
0.106870
0.104806
0.108774
0.105446
0.105253
0.108263
0.108664
2.201744
3.391785
0.108577
0.612213
0.115615
0.098277
0.106590
0.108909
0.107017
0.104777
0.562234
3.020147
0.107589
0.102472
0.106287
0.109505
0.107754
0.105163
0.107759
0.101153
1.846954
3.155664
0.107828
0.108952
0.108019
0.108895
0.110947
0.107939
0.104583
0.107820
1.194841
3.270185
0.103975
0.107784
0.104840
0.107595
0.108497
0.106002
0.104666
0.106475
1.738544
2.860146
0.112589
0.108571
0.108467
0.105734
0.105507
0.102911
0.106343
0.107607
0.174585
2.992029
0.106379
0.107821
0.107749
0.105831
0.105747
0.106091
0.102822
0.105591
1.384154
3.094693
0.107883
0.099123
0.108952
0.108045
0.109385
0.107128
0.105829
0.100856
0.201028
3.055259
0.108080
0.109097
0.108132
0.102612
0.108534
0.104981
0.105909
0.102907
0.927468
3.173550
0.105163
0.107724
0.108323
0.107439
0.103053
0.125278
0.107045
0.105989
0.288974
3.143361
0.098719
0.112346
0.108405
0.104897
0.108443
0.104583
0.098386
0.117096
0.539479
3.165194
0.106452
0.109275
0.107204
0.106671
0.109000
0.098716
0.108409
0.107983
0.195261
3.124333
0.105474
0.108464
0.107072
0.106672
0.611906
0.097361
0.104969
0.104460
0.185753
3.114068
0.108365
0.105242
0.106385
0.108722
0.109854
0.103117
0.109065
0.108394
2.710687
3.099012
0.107361
0.103190
0.102259
0.112409
0.106066
0.107560
0.105561
0.105237
0.477620
3.183641
0.107077
0.105238
0.119586
0.104990
0.117663
0.106108
0.107606
0.107809
0.447154
2.970808
0.110958
0.108393
0.103366
0.106089
0.106799
0.106818
0.109385
0.105582
0.179539
2.919040
0.102049
0.108688
0.108145
0.108252
0.106821
0.109013
0.099302
0.108020
0.189062
2.924320
0.102927
0.110763
0.104366
0.107316
0.109193
0.107668
0.109224
0.108287
0.218203
3.204309
0.107348
0.112436
0.104195
0.134267
0.107869
0.106792
0.106742
0.105702
3.458568
2.990296
0.109658
0.110226
0.107635
0.105419
0.107607
0.106678
0.107638
0.109690
0.202107
3.239296
0.107283
0.106602
0.107443
0.107541
0.107239
0.107223
0.105543
0.107444
0.977482
3.214464
0.103910
0.106465
0.106183
0.109075
0.107412
0.103334
0.104673
0.106217
1.389665
3.331918
0.109179
0.097525
0.109806
0.104768
0.113005
0.105861
0.106354
0.107579
0.193000
3.041179
0.111117
0.098012
0.104362
0.106694
0.103271
0.106736
0.107044
0.100777
0.225245
3.207622
0.108011
0.105687
0.106487
0.107664
0.102955
0.100803
0.104966
0.108667
0.227844
3.132794
0.110153
0.108128
0.106522
0.097925
0.109043
0.105674
0.108145
0.105241
1.340839
3.051537
0.100139
0.109240
0.112394
0.109142
0.101647
0.109663
0.110434
0.108416
0.938631
3.152140
0.106200
0.111028
0.109152
0.110010
0.108908
0.107255
0.107532
0.108325
0.179912
3.013683
0.105098
0.108590
0.104375
0.105535
0.109658
0.109012
0.108011
0.102020
2.119496
3.294066
0.103919
0.102884
0.106865
0.109980
0.106015
0.110335
0.110767
0.108837
0.226431
3.137466
0.109481
0.109472
0.106676
0.103704
0.104029
0.111426
0.109560
0.110437
0.817794
3.120461
0.111755
0.109956
0.102270
0.109030
0.104348
0.105379
0.103769
0.109648
2.574152
2.938000
0.110401
0.108304
0.102397
0.106563
0.111223
0.109792
0.108595
0.105591
0.577104
3.253377
0.108506
0.109496
0.096897
0.104811
0.105010
0.117531
0.110041
0.109055
0.646002
3.030614
0.110208
0.107374
0.107552
0.107708
0.107131
0.103526
0.105222
0.107504
0.634727
3.141542
0.097601
0.109095
0.105641
0.108055
0.101337
0.106223
0.109185
0.109382
0.179282
3.283896
0.108163
0.109679
0.110829
0.111128
0.106073
0.109470
0.109564
0.108221
1.704415
3.184055
0.106342
0.107893
0.107022
0.108874
0.111332
0.105220
0.108580
0.106966
0.212212
3.083947
0.107530
0.109781
0.109025
0.105339
0.108724
0.105649
0.106790
0.105404
0.227949
3.346714
0.108212
0.107955
0.107587
0.102920
0.110609
0.109353
0.112529
0.106586
0.185376
3.061145
0.109627
0.107310
0.107706
0.109185
0.105368
0.108756
0.107858
0.106894
1.605171
3.064687
0.106859
0.109150
0.110541
0.109050
0.108400
0.142834
0.107716
0.108465
0.479529
3.196968
0.109711
0.108755
0.112154
0.104052
0.115218
0.108403
0.107165
0.109649
0.324128
3.278140
0.109329
0.110011
0.109105
0.100984
0.108444
0.106686
0.107329
0.107153
0.236583
3.054062
0.108327
0.110014
0.109957
0.108623
0.106095
0.109474
0.111517
0.105691
0.204346
3.094661
0.104554
0.110986
0.109769
0.109853
0.110166
0.107952
0.105923
0.111489
0.176103
3.145654
0.109952
0.100280
0.109093
0.107595
0.107039
0.109475
0.107123
0.101420
1.104065
2.995014
0.109431
0.109397
0.106886
0.109013
0.104897
0.109225
0.106306
0.106524
0.517901
3.099077
0.109381
0.108856
0.108490
0.106688
0.108273
0.109672
0.110231
0.109793
0.214775
3.088823
0.109116
0.107322
0.107372
0.105128
0.105828
0.102250
0.109020
0.110127
0.198659
2.871558
0.108181
0.103940
0.106579
0.107157
0.107325
0.108729
0.105339
0.106186
2.233325
3.396790
0.108767
0.104176
0.109488
0.107641
0.107911
0.105484
0.105432
0.099706
0.543510
2.828515
0.107873
0.110055
0.102476
0.108968
0.102618
0.106675
0.198121
0.211579
0.614866
4.120162
0.132315
0.115824
0.109004
0.108342
0.104676
0.105036
0.108571
0.108366
1.105200
3.179813
0.109268
0.099649
0.107318
0.104623
0.103691
0.106295
0.102543
0.097882
0.185900
3.211478
0.111574
0.108817
0.100767
0.109815
0.106958
0.103061
0.107054
0.106555
2.147348
3.342252
0.109382
0.105925
0.103872
0.109856
0.109488
0.110066
0.109757
0.109264
1.959834
3.262505
0.108441
0.109520
0.107092
0.105159
0.100277
0.114386
0.100800
0.107585
0.252567
3.013815
0.107460
0.106012
0.107764
0.109542
0.106966
0.102644
0.105835
0.108128
0.306568
3.100651
0.105771
0.108843
0.107486
0.109280
0.108505
0.106650
0.105438
0.102701
0.182101
3.187738
0.108173
0.102366
0.104188
0.107970
0.110908
0.110251
0.108296
0.102769
0.837159
2.988626
0.105229
0.108364
0.109092
0.108724
0.111710
0.107476
0.107725
0.103942
0.396455
3.011989
0.104444
0.104808
0.108807
0.108659
0.110636
0.105667
0.104235
0.101835
0.704862
3.043918
0.105581
0.110543
0.108491
0.108271
0.108283
0.122262
0.112460
0.099749
1.406243
3.233425
0.110664
0.109160
0.106825
0.109051
0.102847
0.104354
0.110885
0.108641
0.257304
3.257125
0.106561
0.104907
0.107529
0.101829
0.104639
0.108283
0.107241
0.105863
0.163481
3.126471
0.106737
0.106503
0.108828
0.106879
0.109287
0.106623
0.105200
0.107770
1.395012
3.247261
0.108479
0.108741
0.104068
0.107990
0.109248
0.103446
0.109079
0.105719
0.277145
3.410879
0.109251
0.109914
0.109377
0.108947
0.103753
0.111233
0.109298
0.107595
0.591751
3.272419
0.105938
0.108287
0.105214
0.104017
0.108843
0.108004
0.109724
0.109621
0.187076
3.092073
0.108099
0.109063
0.110539
0.102809
0.123101
0.106387
0.106731
0.106590
2.451232
3.331717
0.106583
0.109976
0.105612
0.106669
0.106334
0.107915
0.108118
0.106245
0.998534
3.079962
0.109014
0.106883
0.106123
0.106770
0.106315
0.114927
0.108834
0.097406
0.161653
3.146619
0.108372
0.105710
0.108656
0.106134
0.106967
0.106595
0.103659
0.101710
0.384288
3.231874
0.107477
0.109170
0.108101
0.111369
0.109449
0.107240
0.102128
0.120606
1.286827
3.195975
0.104423
0.110536
0.109472
0.110838
0.110068
0.108273
0.105944
0.106107
2.902029
2.877335
0.109269
0.108371
0.112016
0.108195
0.109303
0.100159
0.111592
0.109835
0.183164
2.994846
0.108505
0.102099
0.108642
0.107893
0.106214
0.108516
0.106535
0.100560
0.203770
3.096108
0.108773
0.106799
0.104999
0.105890
0.107001
0.098535
0.105418
0.104534
0.517750
3.198159
0.108530
0.106111
0.105468
0.108715
0.105104
0.106230
0.105858
0.109476
0.207858
3.347559
0.108578
0.103836
0.108363
0.106774
0.105276
0.107361
0.108035
0.107254
0.191162
3.207310
0.108090
0.109854
0.105023
0.102144
0.109935
0.105037
0.101717
0.111024
1.140827
3.085712
0.108420
0.116911
0.104775
0.102698
0.106812
0.111068
0.103420
0.109695
3.433062
3.109465
0.098206
0.107875
0.104742
0.106313
0.103890
0.104180
0.108380
0.106348
0.302186
3.079901
0.106244
0.105543
0.106648
0.102990
0.107681
0.104948
0.105949
0.106517
0.212838
3.011860
0.107307
0.107862
0.110557
0.097585
0.118981
0.106059
0.106427
0.103233
9.152226
3.045973
0.110552
0.107230
0.107455
0.103165
0.105887
0.106971
0.107467
0.108067
0.276884
3.174130
0.109325
0.110407
0.109836
0.105171
0.107391
0.106817
0.108643
0.107230
0.711331
2.953051
0.103361
0.106582
0.106755
0.100371
0.109162
0.108929
0.109484
0.109060
0.326824
3.017331
0.111032
0.106381
0.108382
0.106774
0.102605
0.109689
0.109510
0.108509
0.235955
3.168606
0.108296
0.107896
0.103992
0.111705
0.110282
0.107459
0.109207
0.108785
0.484545
3.197937
0.108436
0.105798
0.108278
0.108067
0.101130
0.105170
0.110782
0.109279
0.191972
3.023322
0.103351
0.108913
0.107308
0.105635
0.102267
0.110206
0.101463
0.105925
0.160274
2.988112
0.104894
0.111062
0.107266
0.109832
0.108147
0.107254
0.103863
0.110383
1.066345
3.309548
0.108991
0.111097
0.107282
0.108743
0.106015
0.108338
0.109154
0.109166
0.244179
3.019273
0.107679
0.108137
0.105502
0.106711
0.104918
0.099799
0.109835
0.105727
0.524485
3.002668
0.110759
0.107215
0.103887
0.105649
0.104468
0.100564
0.110466
0.110826
0.418294
2.996387
0.101833
0.110714
0.109448
0.108001
0.105999
0.107942
0.106474
0.108345
0.883766
2.918086
0.104563
0.108343
0.108374
0.107752
0.103293
0.109146
0.110125
0.109617
0.416146
3.051038
0.108018
0.107714
0.107586
0.109378
0.106421
0.108071
0.110464
0.109180
0.249217
2.732796
0.108421
0.110658
0.104102
0.108748
0.110755
0.107182
0.106456
0.107754
0.206886
