40558592
14909440
56401920
30801920
72302592
46686208
88186880
62586880
36970496

40476672
14827520
56320000
30720000
72220672
46604288
88104960
62504960
36888576

40476672
14827520
56320000
30720000
72220672
46604288
88104960
62504960
36888576

40558592
14909440
56401920
30801920
72302592
46678016
88186880
62586880
36970496

40558592
14909440
56401920
30801920
72302592
46678016
88186880
62586880
36970496

40443904
14802944
56295424
30695424
72196096
46579712
88080384
62480384
36864000

40476672
14827520
56320000
30720000
72220672
46604288
88104960
62504960
36888576

40443904
14802944
56295424
30695424
72196096
46579712
88080384
62480384
36864000

40443904
14802944
56295424
30695424
72196096
46579712
88080384
62480384
36864000

40476672
14827520
56320000
30720000
72220672
46604288
88104960
62504960
36888576

40402944
14761984
56254464
30654464
72155136
46538752
88039424
62439424
36823040

40558592
14909440
56401920
30801920
72302592
46686208
88186880
62586880
36970496

40558592
14909440
56401920
30801920
72302592
46686208
88186880
62586880
36970496

40443904
14802944
56295424
30695424
72196096
46571520
88080384
62480384
36864000

40443904
14794752
56287232
30687232
72187904
46563328
88072192
62472192
36855808

40525824
14876672
56369152
30769152
72269824
46653440
88154112
62554112
36937728

40476672
14827520
56320000
30720000
72220672
46604288
88104960
62504960
36888576

40443904
14802944
56295424
30695424
72196096
46579712
88080384
62480384
36864000

40558592
14909440
56401920
30801920
72302592
46686208
88186880
62586880
36970496

40378368
14737408
56246272
30646272
72146944
46530560
88031232
62431232
36814848

40402944
14761984
56254464
30654464
72155136
46538752
88039424
62439424
36823040

40558592
14909440
56401920
30801920
72302592
46686208
88186880
62586880
36970496

40443904
14802944
56295424
30695424
72196096
46579712
88080384
62480384
36864000

40558592
14909440
56401920
30801920
72302592
46686208
88186880
62586880
36970496

40525824
14876672
56369152
30769152
72269824
46653440
88154112
62554112
36937728

40476672
14827520
56320000
30720000
72220672
46604288
88104960
62504960
36888576

40476672
14827520
56320000
30720000
72220672
46604288
88104960
62504960
36888576

40443904
14802944
56295424
30695424
72196096
46579712
88080384
62480384
36864000

40443904
14802944
56295424
30695424
72196096
46579712
88080384
62480384
36864000

40443904
14802944
56295424
30695424
72196096
46571520
88080384
62480384
36864000

40443904
14802944
56295424
30695424
72196096
46579712
88080384
62480384
36864000

40517632
14868480
56360960
30760960
72261632
46645248
88145920
62545920
36929536

40443904
14802944
56295424
30695424
72196096
46579712
88080384
62480384
36864000

40558592
14909440
56401920
30801920
72302592
46686208
88186880
62586880
36970496

40558592
14909440
56401920
30801920
72302592
46686208
88186880
62586880
36970496

40476672
14827520
56320000
30720000
72220672
46604288
88104960
62504960
36888576

40443904
14802944
56295424
30695424
72196096
46571520
88080384
62480384
36864000

40558592
14909440
56401920
30801920
72302592
46686208
88186880
62586880
36970496

40476672
14827520
56320000
30720000
72196096
46579712
88088576
62488576
36872192

40443904
14794752
56287232
30687232
72187904
46571520
88072192
62472192
36855808

40558592
14909440
56401920
30801920
72302592
46686208
88186880
62586880
36970496

40402944
14761984
56254464
30654464
72155136
46538752
88039424
62439424
36823040

40558592
14909440
56401920
30801920
72302592
46686208
88186880
62586880
36970496

40558592
14909440
56401920
30801920
72302592
46686208
88186880
62586880
36970496

40558592
14909440
56401920
30801920
72302592
46686208
88186880
62586880
36970496

40558592
14909440
56401920
30801920
72302592
46686208
88186880
62586880
36970496

40558592
14909440
56401920
30801920
72302592
46686208
88186880
62586880
36970496

40558592
14909440
56401920
30801920
72302592
46686208
88186880
62586880
36970496

40476672
14827520
56320000
30720000
72220672
46604288
88104960
62504960
36888576

40443904
14802944
56295424
30695424
72196096
46579712
88080384
62480384
36864000

40558592
14909440
56401920
30801920
72302592
46686208
88186880
62586880
36970496

40558592
14909440
56401920
30801920
72302592
46678016
88186880
62586880
36970496

40558592
14909440
56401920
30801920
72302592
46686208
88186880
62586880
36970496

40525824
14876672
56369152
30769152
72269824
46653440
88154112
62554112
36937728

40550400
14901248
56393728
30793728
72294400
46678016
88178688
62578688
36962304

40558592
14909440
56401920
30801920
72302592
46686208
88186880
62586880
36970496

40558592
14909440
56401920
30801920
72302592
46678016
88186880
62586880
36970496

40558592
14909440
56401920
30801920
72302592
46686208
88186880
62586880
36970496

40476672
14827520
56320000
30720000
72220672
46604288
88080384
62480384
36864000

40443904
14802944
56295424
30695424
72196096
46579712
88080384
62480384
36864000

40525824
14876672
56369152
30769152
72269824
46653440
88154112
62554112
36937728

40558592
14909440
56401920
30801920
72302592
46686208
88186880
62586880
36970496

40443904
14802944
56295424
30695424
72196096
46579712
88080384
62480384
36864000

40443904
14802944
56295424
30695424
72196096
46579712
88080384
62480384
36864000

40443904
14802944
56295424
30695424
72196096
46579712
88080384
62480384
36864000

40558592
14909440
56401920
30801920
72302592
46686208
88186880
62586880
36970496

40443904
14802944
56295424
30695424
72196096
46579712
88080384
62480384
36864000

40558592
14909440
56401920
30801920
72302592
46678016
88186880
62586880
36970496

40476672
14827520
56320000
30720000
72220672
46604288
88104960
62504960
36888576

40558592
14909440
56401920
30801920
72302592
46686208
88186880
62586880
36970496

40558592
14909440
56401920
30801920
72302592
46686208
88186880
62586880
36970496

40476672
14827520
56320000
30720000
72220672
46604288
88104960
62504960
36888576

40517632
14868480
56360960
30760960
72261632
46645248
88145920
62545920
36929536

40476672
14827520
56320000
30720000
72220672
46604288
88104960
62504960
36888576

40476672
14827520
56320000
30720000
72220672
46604288
88104960
62504960
36888576

40452096
14811136
56303616
30703616
72204288
46579712
88088576
62488576
36872192

40558592
14909440
56401920
30801920
72302592
46686208
88186880
62586880
36970496

40558592
14909440
56401920
30801920
72302592
46678016
88186880
62586880
36970496

40558592
14909440
56401920
30801920
72302592
46686208
88186880
62586880
36970496

40558592
14909440
56401920
30801920
72302592
46686208
88186880
62586880
36970496

40476672
14827520
56320000
30720000
72220672
46604288
88104960
62504960
36888576

40476672
14827520
56320000
30720000
72220672
46604288
88104960
62504960
36888576

40558592
14909440
56401920
30801920
72302592
46678016
88186880
62586880
36970496

40558592
14909440
56401920
30801920
72302592
46686208
88186880
62586880
36970496

40419328
14778368
56270848
30670848
72171520
46555136
88055808
62455808
36839424

40525824
14876672
56369152
30769152
72269824
46653440
88154112
62554112
36937728

40443904
14802944
56295424
30695424
72196096
46579712
88080384
62480384
36864000

40525824
14876672
56369152
30769152
72269824
46653440
88154112
62554112
36937728

40476672
14827520
56320000
30720000
72220672
46604288
88104960
62504960
36888576

40558592
14909440
56401920
30801920
72302592
46686208
88186880
62586880
36970496

40468480
14819328
56311808
30711808
72212480
46587904
88096768
62496768
36880384

40476672
14827520
56320000
30720000
72220672
46596096
88104960
62504960
36888576

40558592
14909440
56401920
30801920
72302592
46678016
88186880
62586880
36970496

40411136
14770176
56279040
30679040
72179712
46563328
88064000
62464000
36847616

40558592
14909440
56401920
30801920
72302592
46686208
88186880
62586880
36970496

40558592
14909440
56401920
30801920
72302592
46686208
88186880
62586880
36970496

40558592
14909440
56401920
30801920
72302592
46686208
88186880
62586880
36970496

40558592
14909440
56401920
30801920
72302592
46686208
88186880
62586880
36970496

40517632
14868480
56360960
30760960
72261632
46645248
88145920
62545920
36929536

40476672
14827520
56320000
30720000
72220672
46604288
88104960
62504960
36888576

40476672
14827520
56320000
30720000
72220672
46604288
88104960
62504960
36888576

40443904
14802944
56295424
30695424
72196096
46579712
88080384
62480384
36847616

40558592
14909440
56401920
30801920
72302592
46686208
88186880
62586880
36970496

40558592
14909440
56401920
30801920
72302592
46686208
88186880
62586880
36970496

40558592
14909440
56401920
30801920
72302592
46686208
88186880
62586880
36970496

40476672
14827520
56320000
30720000
72220672
46604288
88104960
62504960
36888576

40558592
14909440
56401920
30801920
72302592
46686208
88186880
62586880
36970496

40558592
14909440
56401920
30801920
72302592
46686208
88186880
62586880
36970496

40558592
14909440
56401920
30801920
72302592
46678016
88186880
62586880
36970496

40476672
14827520
56320000
30720000
72220672
46604288
88104960
62504960
36888576

40558592
14909440
56401920
30801920
72302592
46686208
88186880
62586880
36970496

40558592
14909440
56401920
30801920
72302592
46686208
88186880
62586880
36970496

40558592
14909440
56401920
30801920
72302592
46686208
88186880
62586880
36970496

40517632
14868480
56360960
30760960
72261632
46645248
88145920
62545920
36929536

40558592
14909440
56401920
30801920
72302592
46686208
88186880
62586880
36970496

40476672
14827520
56320000
30720000
72220672
46596096
88104960
62504960
36888576

40476672
14827520
56320000
30720000
72220672
46596096
88104960
62504960
36888576

40558592
14909440
56401920
30801920
72302592
46686208
88186880
62586880
36970496

40558592
14909440
56401920
30801920
72302592
46686208
88186880
62586880
36970496

40443904
14802944
56295424
30695424
72196096
46579712
88080384
62480384
36864000

40476672
14827520
56320000
30720000
72220672
46604288
88104960
62504960
36888576

40517632
14868480
56360960
30760960
72261632
46645248
88145920
62545920
36929536

40558592
14909440
56401920
30801920
72302592
46686208
88186880
62586880
36970496

40402944
14761984
56254464
30654464
72155136
46538752
88039424
62439424
36823040

40558592
14909440
56401920
30801920
72302592
46686208
88186880
62586880
36970496

40558592
14909440
56401920
30801920
72302592
46686208
88186880
62586880
36970496

40558592
14909440
56401920
30801920
72302592
46686208
88186880
62586880
36970496

40558592
14909440
56401920
30801920
72302592
46686208
88186880
62586880
36970496

40443904
14802944
56295424
30695424
72196096
46579712
88080384
62480384
36864000

40558592
14909440
56401920
30801920
72302592
46686208
88186880
62586880
36970496

40443904
14802944
56295424
30695424
72196096
46579712
88080384
62480384
36864000

40443904
14802944
56295424
30695424
72196096
46579712
88080384
62480384
36864000

40558592
14909440
56401920
30801920
72302592
46678016
88186880
62586880
36970496

40476672
14827520
56320000
30720000
72220672
46604288
88104960
62504960
36888576

40558592
14909440
56401920
30801920
72302592
46686208
88186880
62586880
36970496

40558592
14909440
56401920
30801920
72302592
46686208
88186880
62586880
36970496

40402944
14761984
56254464
30654464
72155136
46538752
88039424
62439424
36823040

40558592
14909440
56401920
30801920
72302592
46686208
88186880
62586880
36970496

40468480
14819328
56328192
30728192
72228864
46612480
88113152
62513152
36896768

40558592
14909440
56401920
30801920
72302592
46686208
88186880
62586880
36970496

40443904
14802944
56295424
30695424
72196096
46579712
88080384
62480384
36864000

40558592
14909440
56401920
30801920
72302592
46686208
88186880
62586880
36970496

40402944
14761984
56254464
30654464
72155136
46538752
88039424
62439424
36823040

40558592
14909440
56401920
30801920
72302592
46686208
88186880
62586880
36970496

40558592
14909440
56401920
30801920
72302592
46686208
88186880
62586880
36970496

40558592
14909440
56401920
30801920
72302592
46686208
88186880
62586880
36970496

40443904
14802944
56295424
30695424
72196096
46571520
88080384
62480384
36864000

40443904
14802944
56295424
30695424
72196096
46579712
88080384
62480384
36864000

40558592
14909440
56401920
30801920
72302592
46678016
88186880
62586880
36970496

40476672
14827520
56320000
30720000
72220672
46604288
88104960
62504960
36888576

40558592
14909440
56401920
30801920
72302592
46678016
88186880
62586880
36970496

40476672
14827520
56320000
30720000
72220672
46596096
88104960
62504960
36888576

40476672
14827520
56320000
30720000
72220672
46604288
88104960
62504960
36888576

40558592
14909440
56401920
30801920
72302592
46686208
88186880
62586880
36970496

40476672
14827520
56320000
30720000
72220672
46604288
88104960
62504960
36888576

40558592
14909440
56401920
30801920
72302592
46686208
88186880
62586880
36970496

40443904
14802944
56295424
30695424
72196096
46579712
88080384
62480384
36864000

40443904
14802944
56295424
30695424
72196096
46579712
88080384
62480384
36864000

40443904
14802944
56295424
30695424
72196096
46579712
88080384
62480384
36864000

40443904
14802944
56295424
30695424
72196096
46579712
88080384
62480384
36864000

40558592
14909440
56401920
30801920
72302592
46686208
88186880
62586880
36970496

40443904
14802944
56295424
30695424
72196096
46579712
88080384
62480384
36864000

40443904
14802944
56295424
30695424
72196096
46579712
88080384
62480384
36864000

40476672
14827520
56320000
30720000
72220672
46604288
88104960
62504960
36888576

40476672
14827520
56320000
30720000
72220672
46604288
88104960
62504960
36888576

40443904
14802944
56295424
30695424
72196096
46579712
88080384
62480384
36864000

40558592
14909440
56401920
30801920
72302592
46686208
88186880
62586880
36970496

40443904
14802944
56295424
30695424
72179712
46555136
88064000
62464000
36847616

40476672
14827520
56320000
30720000
72220672
46596096
88104960
62504960
36888576

40443904
14802944
56295424
30695424
72196096
46579712
88080384
62480384
36864000

40443904
14802944
56295424
30695424
72196096
46579712
88080384
62480384
36864000

40558592
14909440
56401920
30801920
72302592
46686208
88186880
62586880
36970496

40558592
14909440
56401920
30801920
72302592
46686208
88186880
62586880
36970496

40402944
14761984
56254464
30654464
72155136
46530560
88039424
62439424
36823040

40558592
14909440
56401920
30801920
72302592
46678016
88186880
62586880
36970496

40493056
14843904
56352768
30752768
72253440
46637056
88137728
62537728
36921344

40558592
14909440
56401920
30801920
72302592
46686208
88186880
62586880
36970496

40509440
14860288
56352768
30752768
72253440
46637056
88137728
62537728
36921344

40517632
14868480
56360960
30760960
72261632
46645248
88145920
62545920
36929536

40443904
14802944
56295424
30695424
72196096
46579712
88080384
62480384
36864000

40558592
14909440
56401920
30801920
72302592
46686208
88186880
62586880
36970496

40476672
14827520
56320000
30720000
72220672
46604288
88104960
62504960
36888576

40443904
14802944
56295424
30695424
72196096
46579712
88080384
62480384
36864000

40402944
14761984
56254464
30654464
72155136
46538752
88039424
62439424
36823040

40550400
14901248
56393728
30793728
72294400
46678016
88178688
62578688
36962304

40476672
14827520
56320000
30720000
72220672
46604288
88104960
62504960
36888576

40493056
14843904
56352768
30752768
72253440
46637056
88137728
62537728
36921344

40558592
14909440
56401920
30801920
72302592
46686208
88186880
62586880
36970496

40402944
14761984
56254464
30654464
72155136
46530560
88039424
62439424
36823040

40558592
14909440
56401920
30801920
72302592
46686208
88186880
62586880
36970496

40443904
14794752
56287232
30687232
72187904
46571520
88072192
62472192
36855808

40558592
14909440
56401920
30801920
72302592
46686208
88186880
62586880
36970496

40443904
14802944
56295424
30695424
72196096
46579712
88080384
62480384
36864000

40558592
14909440
56401920
30801920
72302592
46686208
88186880
62586880
36970496

40443904
14802944
56295424
30695424
72196096
46579712
88080384
62480384
36864000

40558592
14909440
56401920
30801920
72302592
46678016
88186880
62586880
36970496

40443904
14802944
56295424
30695424
72196096
46579712
88080384
62480384
36864000

40558592
14909440
56401920
30801920
72302592
46686208
88186880
62586880
36970496

40402944
14761984
56254464
30654464
72155136
46538752
88039424
62439424
36823040

40476672
14827520
56320000
30720000
72220672
46604288
88104960
62504960
36888576

40558592
14909440
56401920
30801920
72302592
46686208
88186880
62586880
36970496

40558592
14909440
56401920
30801920
72302592
46686208
88186880
62586880
36970496

40476672
14827520
56320000
30720000
72220672
46604288
88104960
62504960
36888576

40443904
14802944
56295424
30695424
72196096
46579712
88080384
62480384
36864000

40558592
14909440
56401920
30801920
72302592
46686208
88186880
62586880
36970496

40558592
14909440
56401920
30801920
72302592
46686208
88186880
62586880
36970496

40558592
14909440
56401920
30801920
72302592
46686208
88186880
62586880
36970496

40476672
14835712
56328192
30728192
72228864
46612480
88113152
62513152
36896768

40402944
14761984
56254464
30654464
72155136
46530560
88039424
62439424
36823040

40558592
14909440
56401920
30801920
72302592
46686208
88186880
62586880
36970496

40370176
14729216
56221696
30621696
72122368
46505984
88006656
62406656
36790272

40443904
14802944
56295424
30695424
72196096
46579712
88080384
62480384
36864000

40558592
14909440
56401920
30801920
72302592
46686208
88186880
62586880
36970496

40558592
14909440
56401920
30801920
72302592
46686208
88186880
62586880
36970496

40558592
14909440
56401920
30801920
72302592
46686208
88186880
62586880
36970496

40419328
14778368
56270848
30670848
72171520
46555136
88055808
62455808
36839424

40476672
14827520
56320000
30720000
72220672
46604288
88104960
62504960
36888576

40558592
14909440
56401920
30801920
72302592
46686208
88186880
62586880
36970496

40443904
14802944
56295424
30695424
72196096
46571520
88080384
62480384
36864000

40558592
14909440
56401920
30801920
72302592
46686208
88186880
62586880
36970496

40558592
14909440
56401920
30801920
72302592
46686208
88186880
62586880
36970496

40558592
14909440
56401920
30801920
72302592
46686208
88186880
62586880
36970496

40443904
14802944
56295424
30695424
72196096
46579712
88080384
62480384
36864000

40558592
14909440
56401920
30801920
72302592
46686208
88186880
62586880
36970496

40558592
14909440
56401920
30801920
72302592
46686208
88186880
62586880
36970496

40558592
14909440
56401920
30801920
72302592
46686208
88186880
62586880
36970496

40476672
14827520
56320000
30720000
72220672
46604288
88104960
62504960
36888576

40443904
14802944
56295424
30695424
72196096
46571520
88080384
62480384
36864000

40558592
14909440
56401920
30801920
72302592
46686208
88186880
62586880
36970496

40476672
14827520
56320000
30720000
72220672
46604288
88104960
62504960
36888576

40443904
14802944
56295424
30695424
72196096
46579712
88080384
62480384
36864000

40476672
14827520
56320000
30720000
72220672
46604288
88104960
62504960
36888576

40558592
14909440
56401920
30801920
72302592
46686208
88186880
62586880
36970496

40558592
14909440
56401920
30801920
72302592
46686208
88186880
62586880
36970496

40558592
14909440
56401920
30801920
72302592
46678016
88186880
62586880
36970496

40525824
14876672
56369152
30769152
72269824
46653440
88154112
62554112
36937728

40558592
14909440
56401920
30801920
72302592
46686208
88186880
62586880
36970496

40558592
14909440
56401920
30801920
72302592
46678016
88186880
62586880
36970496

40443904
14802944
56295424
30695424
72196096
46579712
88080384
62480384
36864000

40558592
14909440
56401920
30801920
72302592
46686208
88186880
62586880
36970496

40443904
14802944
56295424
30695424
72196096
46579712
88080384
62480384
36864000

40443904
14802944
56295424
30695424
72196096
46579712
88080384
62480384
36864000

40468480
14819328
56311808
30711808
72212480
46587904
88096768
62496768
36880384

40558592
14909440
56401920
30801920
72302592
46686208
88186880
62586880
36970496

40558592
14909440
56401920
30801920
72302592
46686208
88186880
62586880
36970496

40476672
14827520
56320000
30720000
72220672
46604288
88104960
62504960
36888576

40378368
14737408
56229888
30629888
72130560
46514176
88014848
62414848
36798464

40558592
14909440
56401920
30801920
72302592
46686208
88186880
62586880
36970496

40558592
14909440
56401920
30801920
72302592
46686208
88186880
62586880
36970496

40558592
14909440
56401920
30801920
72302592
46686208
88186880
62586880
36970496

40402944
14761984
56254464
30654464
72155136
46530560
88039424
62439424
36823040

40558592
14909440
56401920
30801920
72302592
46686208
88186880
62586880
36970496

40558592
14909440
56401920
30801920
72302592
46686208
88186880
62586880
36970496

40558592
14909440
56401920
30801920
72302592
46686208
88186880
62586880
36970496

40386560
14745600
56238080
30638080
72138752
46522368
88023040
62423040
36806656

40476672
14827520
56320000
30720000
72220672
46604288
88104960
62504960
36888576

40550400
14901248
56393728
30793728
72294400
46678016
88178688
62578688
36962304

40476672
14827520
56320000
30720000
72220672
46604288
88104960
62504960
36888576

40476672
14827520
56320000
30720000
72220672
46604288
88104960
62504960
36888576

40402944
14761984
56254464
30654464
72155136
46538752
88039424
62439424
36823040

40443904
14802944
56295424
30695424
72196096
46579712
88080384
62480384
36864000

40558592
14909440
56401920
30801920
72302592
46686208
88186880
62586880
36970496

40558592
14909440
56401920
30801920
72302592
46686208
88186880
62586880
36970496

40558592
14909440
56401920
30801920
72302592
46686208
88186880
62586880
36970496

40558592
14909440
56401920
30801920
72302592
46686208
88186880
62586880
36970496

40558592
14909440
56401920
30801920
72302592
46686208
88186880
62586880
36970496

40402944
14761984
56254464
30654464
72155136
46538752
88039424
62439424
36823040

40558592
14909440
56401920
30752768
72245248
46628864
88137728
62537728
36921344

40558592
14909440
56401920
30801920
72302592
46678016
88186880
62586880
36970496

40476672
14827520
56320000
30720000
72220672
46604288
88104960
62504960
36888576

40558592
14909440
56401920
30801920
72302592
46686208
88186880
62586880
36970496

40558592
14909440
56401920
30801920
72302592
46686208
88186880
62586880
36970496

40558592
14909440
56401920
30801920
72302592
46686208
88186880
62586880
36970496

40443904
14794752
56287232
30687232
72187904
46571520
88072192
62472192
36855808

40558592
14909440
56401920
30801920
72302592
46686208
88186880
62586880
36970496

40476672
14827520
56320000
30720000
72220672
46604288
88104960
62504960
36888576

40558592
14909440
56401920
30801920
72302592
46686208
88186880
62586880
36970496

40558592
14909440
56401920
30801920
72302592
46686208
88186880
62586880
36970496

40443904
14802944
56295424
30695424
72196096
46579712
88080384
62480384
36864000

40558592
14909440
56401920
30801920
72302592
46686208
88186880
62586880
36970496

40443904
14802944
56295424
30695424
72196096
46579712
88080384
62480384
36864000

40558592
14909440
56401920
30801920
72302592
46686208
88186880
62586880
36970496

40558592
14909440
56401920
30801920
72302592
46686208
88186880
62586880
36970496

40476672
14827520
56320000
30720000
72220672
46604288
88104960
62504960
36888576

40476672
14827520
56320000
30720000
72220672
46604288
88104960
62504960
36864000

40558592
14909440
56401920
30801920
72302592
46678016
88186880
62586880
36970496

40402944
14761984
56254464
30654464
72155136
46538752
88039424
62439424
36823040

40443904
14802944
56295424
30695424
72196096
46579712
88080384
62480384
36864000

40443904
14802944
56295424
30695424
72196096
46579712
88080384
62464000
36839424

40558592
14909440
56401920
30801920
72302592
46678016
88186880
62586880
36970496

40558592
14909440
56401920
30801920
72302592
46686208
88186880
62586880
36970496

40558592
14909440
56401920
30801920
72302592
46686208
88186880
62586880
36970496

40558592
14909440
56401920
30801920
72302592
46686208
88186880
62586880
36970496

40558592
14909440
56401920
30801920
72302592
46686208
88186880
62586880
36970496

40443904
14802944
56295424
30695424
72196096
46579712
88080384
62480384
36864000

40558592
14909440
56401920
30801920
72302592
46686208
88186880
62586880
36970496

40476672
14827520
56320000
30720000
72220672
46604288
88104960
62504960
36888576

40558592
14909440
56401920
30801920
72302592
46686208
88186880
62586880
36970496

40419328
14778368
56270848
30670848
72171520
46555136
88055808
62455808
36839424

40476672
14827520
56320000
30720000
72220672
46604288
88104960
62504960
36888576

40558592
14909440
56401920
30801920
72302592
46686208
88186880
62586880
36970496

40558592
14909440
56401920
30801920
72302592
46686208
88186880
62586880
36970496

40443904
14802944
56295424
30695424
72196096
46579712
88080384
62480384
36864000

40525824
14876672
56369152
30769152
72269824
46653440
88154112
62554112
36937728

40476672
14827520
56320000
30720000
72220672
46604288
88104960
62504960
36888576

40443904
14802944
56295424
30695424
72196096
46579712
88080384
62480384
36864000

40402944
14761984
56254464
30654464
72155136
46538752
88039424
62439424
36823040

40402944
14761984
56254464
30654464
72155136
46530560
88039424
62439424
36823040

40558592
14909440
56401920
30801920
72302592
46686208
88186880
62586880
36970496

40517632
14868480
56360960
30760960
72261632
46645248
88145920
62545920
36929536

40476672
14827520
56320000
30720000
72220672
46604288
88104960
62504960
36888576

40525824
14876672
56369152
30769152
72269824
46645248
88154112
62554112
36937728

40558592
14909440
56401920
30801920
72302592
46686208
88186880
62586880
36970496

40558592
14909440
56401920
30801920
72302592
46678016
88186880
62586880
36970496

40443904
14802944
56295424
30695424
72196096
46579712
88080384
62480384
36864000

40476672
14827520
56320000
30720000
72220672
46604288
88104960
62504960
36888576

40558592
14909440
56401920
30801920
72302592
46686208
88186880
62586880
36970496

40402944
14761984
56254464
30654464
72155136
46538752
88039424
62439424
36823040

40558592
14909440
56401920
30801920
72302592
46686208
88186880
62586880
36970496

40558592
14909440
56401920
30801920
72302592
46686208
88186880
62586880
36970496

40558592
14909440
56401920
30801920
72302592
46686208
88186880
62586880
36970496

40443904
14802944
56295424
30695424
72196096
46579712
88080384
62480384
36864000

40558592
14909440
56401920
30801920
72302592
46686208
88186880
62586880
36970496

40558592
14909440
56401920
30801920
72302592
46686208
88186880
62586880
36970496

40558592
14909440
56401920
30801920
72302592
46686208
88186880
62586880
36970496

40476672
14827520
56336384
30736384
72237056
46620672
88121344
62521344
36904960

40476672
14827520
56320000
30720000
72220672
46604288
88104960
62504960
36888576

40558592
14909440
56401920
30801920
72302592
46686208
88186880
62586880
36970496

40558592
14909440
56401920
30801920
72302592
46678016
88186880
62586880
36970496

40558592
14909440
56401920
30801920
72302592
46686208
88186880
62586880
36970496

40558592
14909440
56401920
30801920
72302592
46686208
88186880
62586880
36970496

40558592
14909440
56401920
30801920
72302592
46686208
88186880
62586880
36970496

40476672
14827520
56320000
30720000
72220672
46604288
88104960
62504960
36888576

40558592
14909440
56401920
30801920
72302592
46678016
88186880
62586880
36970496

40558592
14909440
56401920
30801920
72302592
46686208
88186880
62586880
36970496

40558592
14909440
56401920
30801920
72302592
46686208
88186880
62586880
36970496

40558592
14909440
56401920
30801920
72302592
46686208
88186880
62586880
36970496

40558592
14909440
56401920
30801920
72302592
46686208
88186880
62586880
36970496

40517632
14868480
56360960
30760960
72261632
46645248
88145920
62545920
36929536

40558592
14909440
56401920
30801920
72302592
46686208
88186880
62586880
36970496

40558592
14909440
56401920
30801920
72302592
46686208
88186880
62586880
36970496

40443904
14802944
56295424
30695424
72196096
46579712
88080384
62480384
36864000

40558592
14909440
56401920
30801920
72302592
46686208
88186880
62586880
36970496

40443904
14802944
56295424
30695424
72196096
46579712
88080384
62480384
36864000

40558592
14909440
56401920
30801920
72302592
46686208
88186880
62586880
36970496

40443904
14802944
56295424
30695424
72196096
46579712
88080384
62480384
36864000

40443904
14802944
56295424
30695424
72196096
46579712
88080384
62480384
36864000

40476672
14827520
56320000
30720000
72220672
46604288
88104960
62504960
36888576

40558592
14909440
56401920
30801920
72302592
46686208
88186880
62586880
36970496

40558592
14909440
56401920
30801920
72302592
46686208
88186880
62586880
36970496

40558592
14909440
56401920
30801920
72302592
46686208
88186880
62586880
36970496

40435712
14786560
56279040
30679040
72179712
46555136
88064000
62464000
36847616

40558592
14909440
56401920
30801920
72302592
46686208
88186880
62586880
36970496

40402944
14761984
56254464
30654464
72155136
46538752
88039424
62439424
36823040

40558592
14909440
56401920
30801920
72302592
46686208
88186880
62586880
36970496

40558592
14909440
56401920
30801920
72302592
46686208
88186880
62586880
36970496

40443904
14802944
56295424
30695424
72196096
46579712
88080384
62480384
36864000

40402944
14761984
56254464
30654464
72155136
46538752
88039424
62439424
36823040

40558592
14909440
56401920
30801920
72302592
46686208
88186880
62586880
36970496

40443904
14802944
56295424
30695424
72196096
46579712
88080384
62480384
36864000

40558592
14909440
56401920
30801920
72302592
46686208
88186880
62586880
36970496

40476672
14827520
56320000
30720000
72220672
46604288
88104960
62504960
36888576

40558592
14909440
56401920
30801920
72302592
46686208
88186880
62586880
36970496

40558592
14909440
56401920
30801920
72302592
46686208
88186880
62586880
36970496

40476672
14827520
56320000
30720000
72220672
46604288
88104960
62504960
36888576

40558592
14909440
56401920
30801920
72302592
46686208
88186880
62586880
36970496

40558592
14909440
56401920
30801920
72302592
46678016
88186880
62586880
36970496

40558592
14909440
56401920
30801920
72302592
46686208
88186880
62586880
36970496

40476672
14827520
56320000
30720000
72220672
46604288
88104960
62504960
36888576

40558592
14909440
56401920
30801920
72302592
46686208
88186880
62586880
36970496

40558592
14909440
56401920
30801920
72302592
46686208
88186880
62586880
36970496

40558592
14909440
56401920
30801920
72302592
46678016
88186880
62586880
36970496

40558592
14909440
56401920
30801920
72302592
46686208
88186880
62586880
36970496

40476672
14827520
56320000
30720000
72220672
46604288
88104960
62504960
36888576

40558592
14909440
56401920
30801920
72302592
46686208
88186880
62586880
36970496

40558592
14909440
56401920
30801920
72302592
46686208
88186880
62586880
36970496

40558592
14909440
56401920
30801920
72302592
46686208
88186880
62586880
36970496

40558592
14909440
56401920
30801920
72302592
46686208
88186880
62586880
36970496

40443904
14802944
56295424
30695424
72196096
46571520
88080384
62480384
36864000

40558592
14909440
56401920
30801920
72302592
46686208
88186880
62586880
36970496

40443904
14802944
56295424
30695424
72196096
46579712
88080384
62480384
36864000

40558592
14909440
56401920
30801920
72302592
46686208
88186880
62586880
36970496

40476672
14827520
56320000
30720000
72220672
46596096
88104960
62504960
36888576

40402944
14761984
56254464
30654464
72155136
46538752
88039424
62439424
36823040

40558592
14909440
56401920
30801920
72302592
46686208
88186880
62586880
36970496

40476672
14827520
56320000
30720000
72220672
46604288
88104960
62504960
36888576

40402944
14761984
56254464
30654464
72155136
46538752
88039424
62439424
36823040

40558592
14909440
56401920
30801920
72302592
46686208
88186880
62586880
36970496

40558592
14909440
56401920
30801920
72302592
46686208
88186880
62586880
36970496

40558592
14909440
56401920
30801920
72302592
46686208
88186880
62586880
36970496

40558592
14909440
56401920
30801920
72302592
46686208
88186880
62586880
36970496

40443904
14802944
56295424
30695424
72196096
46579712
88080384
62480384
36864000

40558592
14909440
56401920
30801920
72302592
46686208
88186880
62586880
36970496

40558592
14909440
56401920
30801920
72302592
46686208
88186880
62586880
36970496

40558592
14909440
56401920
30801920
72302592
46686208
88186880
62586880
36970496

40443904
14802944
56295424
30695424
72196096
46579712
88080384
62480384
36864000

40558592
14909440
56401920
30801920
72302592
46686208
88186880
62586880
36970496

40558592
14909440
56401920
30801920
72302592
46686208
88186880
62586880
36970496

40558592
14909440
56401920
30801920
72302592
46686208
88186880
62586880
36970496

40443904
14802944
56295424
30695424
72196096
46579712
88080384
62480384
36864000

40443904
14802944
56295424
30695424
72196096
46579712
88080384
62480384
36864000

40558592
14909440
56401920
30801920
72302592
46686208
88186880
62586880
36970496

40558592
14909440
56401920
30801920
72302592
46686208
88186880
62586880
36970496

40476672
14827520
56320000
30720000
72220672
46604288
88104960
62504960
36888576

40558592
14909440
56401920
30801920
72302592
46678016
88186880
62586880
36970496

40558592
14909440
56401920
30801920
72302592
46686208
88186880
62586880
36970496

40558592
14909440
56401920
30801920
72302592
46686208
88186880
62586880
36970496

40558592
14909440
56401920
30801920
72302592
46686208
88186880
62586880
36970496

40558592
14909440
56401920
30801920
72302592
46686208
88186880
62586880
36970496

40558592
14909440
56401920
30801920
72302592
46686208
88186880
62586880
36970496

40558592
14909440
56401920
30801920
72302592
46686208
88186880
62586880
36970496

40558592
14909440
56401920
30801920
72302592
46686208
88186880
62586880
36970496

40558592
14909440
56401920
30801920
72302592
46686208
88186880
62586880
36970496

40558592
14909440
56401920
30801920
72302592
46686208
88186880
62586880
36970496

40550400
14901248
56393728
30793728
72294400
46678016
88178688
62578688
36962304

40558592
14909440
56401920
30801920
72302592
46686208
88186880
62586880
36970496

40558592
14909440
56401920
30801920
72302592
46686208
88186880
62586880
36970496

40525824
14876672
56369152
30769152
72269824
46653440
88154112
62554112
36937728

40476672
14827520
56320000
30720000
72220672
46604288
88104960
62504960
36888576

40476672
14827520
56320000
30720000
72220672
46596096
88104960
62504960
36888576

40558592
14909440
56401920
30801920
72302592
46686208
88186880
62586880
36970496

40550400
14901248
56393728
30793728
72294400
46678016
88178688
62578688
36962304

40419328
14778368
56270848
30670848
72171520
46546944
88055808
62455808
36839424

40517632
14868480
56360960
30760960
72261632
46637056
88145920
62545920
36929536

40558592
14909440
56401920
30801920
72302592
46686208
88186880
62586880
36970496

40476672
14827520
56320000
30720000
72220672
46604288
88104960
62504960
36888576

40476672
14827520
56320000
30720000
72220672
46596096
88104960
62504960
36888576

40558592
14909440
56401920
30801920
72302592
46686208
88186880
62586880
36970496

40402944
14761984
56254464
30654464
72155136
46538752
88039424
62439424
36823040

40476672
14827520
56320000
30720000
72220672
46604288
88104960
62504960
36888576

40558592
14909440
56401920
30752768
72245248
46628864
88137728
62537728
36921344

40443904
14802944
56295424
30695424
72196096
46571520
88080384
62480384
36864000

40443904
14802944
56295424
30695424
72196096
46579712
88080384
62480384
36864000

40558592
14909440
56401920
30801920
72302592
46686208
88186880
62586880
36970496

40558592
14909440
56401920
30801920
72302592
46686208
88186880
62586880
36970496

40558592
14909440
56401920
30801920
72302592
46686208
88186880
62586880
36970496

40558592
14909440
56401920
30801920
72302592
46686208
88186880
62586880
36970496

40558592
14909440
56401920
30801920
72302592
46678016
88186880
62586880
36970496

40558592
14909440
56401920
30801920
72302592
46678016
88186880
62586880
36970496

40443904
14802944
56295424
30695424
72196096
46579712
88080384
62480384
36864000

40419328
14778368
56270848
30670848
72171520
46555136
88055808
62455808
36839424

40468480
14819328
56311808
30711808
72212480
46596096
88096768
62496768
36880384

40476672
14827520
56320000
30720000
72220672
46604288
88104960
62504960
36888576

40558592
14909440
56401920
30801920
72302592
46686208
88186880
62586880
36970496

40558592
14909440
56401920
30801920
72302592
46686208
88186880
62586880
36970496

40443904
14802944
56295424
30695424
72196096
46579712
88080384
62480384
36864000

40525824
14876672
56369152
30769152
72269824
46653440
88154112
62554112
36937728

40443904
14802944
56295424
30695424
72196096
46579712
88080384
62480384
36864000

40558592
14909440
56401920
30801920
72302592
46686208
88186880
62586880
36970496

40558592
14909440
56401920
30801920
72302592
46686208
88186880
62586880
36970496

40443904
14802944
56295424
30695424
72196096
46579712
88080384
62480384
36864000

40558592
14909440
56401920
30801920
72302592
46686208
88186880
62586880
36970496

40558592
14909440
56401920
30801920
72302592
46686208
88186880
62586880
36970496

40419328
14778368
56270848
30670848
72171520
46555136
88055808
62455808
36839424

40476672
14827520
56320000
30720000
72220672
46604288
88104960
62504960
36888576

40558592
14909440
56401920
30801920
72302592
46686208
88186880
62586880
36970496

40476672
14827520
56320000
30720000
72220672
46604288
88104960
62504960
36888576

40558592
14909440
56401920
30801920
72302592
46686208
88186880
62586880
36970496

40476672
14827520
56320000
30720000
72220672
46604288
88104960
62504960
36888576

40517632
14868480
56360960
30760960
72220672
46596096
88104960
62504960
36888576

40558592
14909440
56401920
30801920
72302592
46686208
88186880
62586880
36970496

40558592
14909440
56401920
30801920
72302592
46678016
88186880
62586880
36970496

40558592
14909440
56401920
30801920
72302592
46686208
88186880
62586880
36970496

40476672
14827520
56320000
30720000
72220672
46596096
88104960
62504960
36888576

40468480
14819328
56311808
30711808
72212480
46596096
88096768
62496768
36880384

40402944
14761984
56254464
30654464
72155136
46538752
88039424
62439424
36823040

40558592
14909440
56401920
30801920
72302592
46686208
88186880
62586880
36970496

40558592
14909440
56401920
30801920
72302592
46686208
88186880
62586880
36970496

40476672
14827520
56320000
30720000
72220672
46604288
88104960
62504960
36888576

40558592
14909440
56401920
30801920
72302592
46686208
88186880
62586880
36970496

40558592
14909440
56401920
30801920
72302592
46686208
88186880
62586880
36970496

40476672
14827520
56320000
30720000
72220672
46604288
88104960
62504960
36888576

40525824
14876672
56369152
30769152
72269824
46653440
88154112
62554112
36937728

40558592
14909440
56401920
30801920
72302592
46686208
88186880
62586880
36970496

40476672
14827520
56320000
30720000
72220672
46604288
88104960
62504960
36888576

40558592
14909440
56401920
30752768
72245248
46628864
88137728
62537728
36921344

40525824
14876672
56369152
30769152
72269824
46653440
88154112
62554112
36937728

40558592
14909440
56401920
30801920
72302592
46686208
88186880
62586880
36970496

40443904
14802944
56295424
30695424
72196096
46579712
88080384
62480384
36864000

40443904
14802944
56295424
30695424
72196096
46579712
88080384
62480384
36864000

40525824
14876672
56369152
30769152
72269824
46653440
88154112
62554112
36937728

40443904
14794752
56287232
30687232
72187904
46571520
88072192
62472192
36855808

40558592
14909440
56401920
30801920
72302592
46686208
88186880
62586880
36970496

40558592
14909440
56401920
30801920
72302592
46686208
88186880
62586880
36970496

40558592
14909440
56401920
30801920
72302592
46686208
88186880
62586880
36970496

40443904
14802944
56295424
30695424
72196096
46579712
88080384
62480384
36864000

40476672
14827520
56320000
30720000
72220672
46604288
88104960
62504960
36888576

40443904
14802944
56295424
30695424
72196096
46579712
88080384
62480384
36864000

40558592
14909440
56401920
30801920
72302592
46686208
88186880
62586880
36970496

40476672
14827520
56320000
30720000
72220672
46596096
88104960
62504960
36888576

40525824
14876672
56369152
30769152
72269824
46645248
88154112
62554112
36937728

40443904
14802944
56295424
30695424
72196096
46571520
88080384
62480384
36864000

40476672
14827520
56320000
30720000
72220672
46596096
88104960
62504960
36888576

40558592
14909440
56401920
30801920
72302592
46686208
88137728
62529536
36913152

40443904
14802944
56295424
30695424
72196096
46579712
88080384
62480384
36864000

40558592
14909440
56401920
30801920
72302592
46686208
88186880
62586880
36970496

40525824
14876672
56369152
30769152
72269824
46653440
88154112
62554112
36937728

40443904
14802944
56295424
30695424
72196096
46579712
88080384
62480384
36864000

40558592
14909440
56401920
30801920
72302592
46686208
88186880
62586880
36970496

40443904
14802944
56295424
30695424
72196096
46579712
88080384
62480384
36864000

