40148992
40259584
40288256
40169472
40710144
40534016
40054784
40865792
40423424
40218624
40759296
40587264
40116224
40927232
40493056
41304064
41844736
42115072
42115072
42115072
42115072
42115072
42926080
42926080
43196416
43737088
43737088
43737088
43737088
44007424
44007424
44007424
44277760
44277760
44277760
44277760
44277760
44277760
44277760
44277760
44277760
44277760
44277760
44277760
44277760
44277760
44277760
44277760
44548096
44548096
44548096
44548096
44548096
44548096
44548096
44548096
44548096
44548096
44548096
44548096
44548096
44548096
44548096
44548096
44548096
44548096
44548096
44548096
44548096
44548096
44548096
44548096
44548096
44548096
44818432
44818432
44818432
44818432
44818432
44818432
44818432
44818432
44818432
44818432
44818432
44818432
44818432
44818432
44818432
44818432
44818432
44818432
44818432
44818432
44818432
44818432
44818432
44818432
44818432
44818432
44818432
44818432
44818432
44818432
44818432
45088768
45088768
45088768
45088768
45088768
45088768
45088768
45088768
45359104
46170112
46710784
46710784
46710784
46710784
47251456
47792128
48332800
48603136
48603136
48603136
48873472
48873472
48873472
48873472
48873472
48873472
48873472
48873472
48873472
48873472
48873472
48873472
48873472
48873472
49143808
49143808
49143808
49143808
49143808
49143808
49143808
49143808
49143808
49143808
49143808
49143808
49143808
49360896
49360896
49364992
49364992
49369088
49369088
49373184
49373184
49377280
49377280
49377280
49381376
49537024
49537024
49537024
49537024
49582080
49582080
49582080
49582080
49582080
49582080
49582080
49582080
49582080
49582080
49692672
49692672
49692672
49692672
49692672
49692672
49692672
49692672
49692672
49692672
49692672
49692672
50216960
50216960
50216960
50216960
50216960
50216960
50216960
50216960
50708480
50413568
50413568
50413568
50413568
50413568
50413568
50413568
50475008
50475008
50475008
50475008
50475008
50475008
50475008
50475008
50475008
50475008
50475008
50475008
50475008
50475008
50597888
50597888
50597888
50597888
50597888
50597888
50597888
50597888
50597888
50597888
50597888
50597888
50597888
50597888
50597888
50597888
50597888
50597888
50597888
50597888
50597888
50716672
50716672
50716672
50716672
50716672
50716672
50716672
50716672
50716672
50716672
50716672
50716672
50716672
50716672
51089408
51109888
51109888
51109888
51109888
51109888
51109888
51109888
51109888
51109888
51109888
51109888
51109888
51109888
51109888
51109888
51109888
51109888
51109888
51109888
51109888
51109888
51109888
51109888
51109888
51109888
51109888
51109888
51109888
51109888
51322880
51322880
51322880
51322880
51322880
51322880
51322880
51322880
51322880
51322880
51322880
51322880
51322880
51322880
51322880
51322880
51322880
51322880
51322880
51322880
51322880
51322880
51322880
51322880
51322880
51322880
51322880
51322880
51322880
51322880
51322880
51785728
51785728
51785728
51785728
51785728
51785728
51785728
51785728
52031488
51769344
51769344
51769344
51769344
51769344
51769344
51769344
51769344
51769344
51769344
51769344
51769344
51769344
51769344
51769344
51769344
51769344
51769344
51769344
51769344
51769344
51769344
51769344
51769344
51769344
52015104
52015104
52015104
52015104
52236288
52236288
52236288
52236288
52236288
52236288
52236288
52236288
52236288
52236288
52297728
52297728
52297728
52297728
52297728
52297728
52297728
52297728
52297728
52297728
52297728
52297728
52297728
52297728
52297728
52297728
52539392
52539392
52539392
52539392
52539392
52539392
52539392
52539392
52539392
52539392
52539392
52539392
52539392
52539392
52539392
52539392
52539392
52539392
52797440
52588544
52588544
52588544
52588544
52588544
52588544
52719616
53260288
54071296
54611968
55148544
55148544
55148544
55148544
55148544
55148544
55148544
55672832
56213504
56754176
57294848
57831424
57831424
57831424
57831424
57831424
57831424
57831424
57831424
57831424
58093568
58093568
58093568
58310656
58310656
58310656
58310656
58310656
58310656
58310656
58310656
58310656
58310656
58310656
58310656
58310656
58310656
58310656
58310656
58310656
58310656
58310656
58310656
58310656
58310656
58810368
58810368
58810368
58810368
58810368
58810368
58810368
58810368
58810368
58810368
58810368
58810368
58810368
58810368
58810368
58810368
58810368
58810368
58810368
58810368
58810368
58810368
58810368
58810368
58810368
58810368
58810368
58810368
58810368
58810368
58810368
58810368
58810368
58810368
58957824
58957824
58957824
58957824
58957824
58957824
58957824
58957824
58957824
58957824
58957824
58957824
58957824
58957824
58957824
58957824
58957824
58957824
58957824
58957824
58957824
58957824
59432960
59432960
59432960
59432960
59432960
59432960
59432960
59432960
59432960
59432960
59432960
59432960
59432960
59432960
59432960
59432960
59432960
59432960
59432960
59432960
59432960
59432960
59432960
59432960
59432960
59432960
59432960
59432960
59432960
59432960
59432960
59432960
59432960
59432960
59432960
59432960
59555840
59555840
59555840
59555840
59555840
59555840
59555840
59555840
59555840
59555840
59555840
59555840
59555840
59555840
59555840
59555840
59555840
59555840
59555840
59555840
59555840
59555840
59555840
59555840
59555840
59555840
59555840
59555840
59555840
59555840
59555840
59555840
59555840
59555840
59555840
59555840
59555840
59555840
59555840
59555840
59555840
59555840
59555840
59555840
59555840
59555840
59555840
59555840
59555840
59555840
59555840
59555840
59555840
59555840
59555840
59555840
59555840
59555840
59555840
59555840
59555840
59555840
59555840
59555840
59555840
59555840
59555840
59555840
59555840
59555840
59555840
59555840
59555840
59555840
59555840
59555840
59555840
59555840
59555840
59863040
59625472
59625472
59625472
59625472
59625472
59625472
59625472
59625472
59625472
59625472
59625472
59625472
59625472
59625472
59625472
59625472
59625472
59625472
59625472
59625472
59625472
59633664
59633664
59633664
59633664
59633664
59633664
59633664
59633664
59633664
59633664
59633664
59633664
59633664
59633664
59633664
59633664
59633664
59633664
59633664
59633664
59633664
59633664
59633664
59633664
59633664
59633664
59633664
59633664
59633664
59633664
59633664
59633664
59633664
59633664
59633664
59633664
59633664
59633664
59633664
59633664
59633664
59633664
59633664
59994112
59994112
59994112
59994112
59994112
59994112
59994112
59994112
59994112
59994112
59994112
60063744
60063744
60063744
60063744
60063744
60063744
60063744
60063744
60063744
60063744
60063744
60063744
60063744
60063744
60063744
60063744
60063744
60063744
60063744
60063744
60063744
60182528
59990016
59990016
59990016
59990016
59990016
59990016
59990016
59990016
59990016
59990016
59990016
59998208
60166144
60166144
60166144
60166144
60166144
60166144
60166144
60166144
60166144
60166144
60166144
60166144
60166144
60256256
60256256
60256256
60256256
60256256
60256256
60256256
60256256
60256256
60256256
60256256
60256256
60256256
60256256
60256256
60256256
60256256
60407808
60198912
60198912
60198912
60198912
60198912
60198912
60198912
60198912
60198912
60198912
60198912
60198912
60198912
60198912
60198912
60198912
60198912
60198912
60198912
60198912
60198912
60198912
60198912
60198912
60293120
60354560
60354560
60354560
60354560
60354560
60354560
60354560
60354560
60354560
60354560
60354560
60354560
60354560
60354560
60354560
60354560
60354560
60354560
60354560
60354560
60522496
60522496
60522496
60522496
60522496
60522496
60522496
60522496
60522496
60522496
60522496
60522496
60522496
60702720
60702720
60702720
60702720
60702720
60702720
60702720
60702720
60702720
60702720
60702720
60702720
60702720
60702720
60702720
60702720
60702720
60702720
60702720
60702720
60702720
60702720
60702720
60702720
60702720
60702720
60932096
60932096
60932096
60932096
60932096
60932096
60932096
60932096
60932096
60932096
60932096
60932096
60932096
60932096
60932096
60932096
60932096
60932096
60932096
60932096
60932096
60932096
60932096
60932096
60932096
61153280
61153280
61153280
61153280
61153280
61153280
61153280
61153280
61403136
61067264
61067264
61067264
61067264
61067264
61067264
61067264
61067264
61067264
61067264
61067264
61067264
61067264
61067264
61067264
61067264
61067264
61067264
61067264
61067264
61067264
61067264
61067264
61067264
61067264
61067264
61067264
61067264
61067264
61067264
61308928
61308928
61308928
61308928
61308928
61308928
61308928
61308928
61308928
61308928
61308928
61308928
61308928
61308928
61308928
61308928
61308928
61308928
61308928
61308928
61308928
61308928
61308928
61308928
61308928
61308928
61308928
61308928
61308928
61308928
61308928
61308928
61566976
61566976
61566976
61566976
61566976
61566976
61566976
61566976
61566976
61566976
61566976
61566976
61566976
61566976
61566976
61566976
61566976
61566976
61566976
61566976
61566976
61566976
61566976
61566976
61808640
61767680
61767680
61767680
61849600
61849600
61849600
61849600
61849600
61849600
61849600
61849600
61849600
61849600
61849600
61849600
61849600
61849600
61849600
61849600
61849600
61849600
61849600
61849600
61849600
61849600
61849600
61849600
61849600
61849600
61849600
61849600
61849600
61849600
61849600
61849600
61849600
61849600
61849600
61849600
62058496
62058496
62058496
62058496
62058496
62324736
62324736
62324736
62324736
62324736
62324736
62324736
62324736
62324736
62324736
62324736
62324736
62324736
62324736
62324736
62324736
62324736
62324736
62324736
62324736
62324736
62324736
62275584
62275584
62275584
62275584
62275584
62275584
62275584
62275584
62275584
62275584
62275584
62275584
62590976
63131648
63672320
64483328
65024000
65564672
66088960
66899968
67440640
67551232
67551232
67551232
67551232
67551232
67551232
67559424
67600384
67612672
67653632
67665920
67731456
68251648
68780032
69558272
70086656
70602752
71368704
71888896
72409088
72941568
73187328
73187328
73187328
73187328
73187328
73187328
73187328
73187328
73187328
73187328
73187328
73187328
73228288
73240576
73281536
73293824
73334784
73347072
73388032
73400320
73560064
73580544
73580544
73580544
73580544
73580544
73580544
73580544
73580544
73580544
73408512
73408512
73408512
73420800
73420800
73420800
73531392
73531392
73531392
73531392
73531392
73531392
73531392
73531392
73531392
73531392
73531392
73646080
73646080
73646080
73646080
73646080
73646080
73646080
73646080
73801728
73801728
73801728
73801728
73801728
73801728
73801728
74018816
74018816
74018816
74018816
74231808
74231808
74231808
74231808
74231808
74231808
74231808
74231808
74231808
74231808
74231808
74231808
74231808
74231808
74231808
74231808
74231808
74231808
74231808
74231808
74231808
74231808
74231808
74231808
74231808
74231808
74231808
74231808
74231808
74231808
74231808
74231808
74231808
74231808
74231808
74231808
74231808
74231808
74231808
74231808
74231808
74231808
74231808
74231808
74231808
74231808
74231808
74231808
74231808
74231808
74231808
74231808
74231808
74231808
74231808
74231808
74231808
74231808
74231808
74231808
74231808
74231808
74231808
74231808
74231808
74231808
74231808
74231808
74231808
74231808
74231808
74231808
74231808
74231808
74231808
74231808
74825728
74092544
74092544
74092544
74092544
74092544
74190848
74190848
74190848
74190848
74190848
74190848
74190848
74190848
74190848
74190848
74190848
74190848
74190848
74190848
74190848
74190848
74190848
74190848
74395648
74420224
74420224
74420224
74420224
74420224
74420224
74420224
74420224
74420224
74420224
74420224
74420224
74420224
74420224
74420224
74420224
74420224
74420224
74420224
74420224
74248192
74248192
74248192
74248192
74248192
74248192
74248192
74248192
74248192
74248192
74248192
74248192
74248192
74248192
74248192
74248192
74248192
74248192
74248192
74248192
74248192
74248192
74248192
74248192
74248192
74248192
74248192
74248192
74248192
74248192
74248192
74248192
74248192
74248192
74248192
74248192
74248192
74248192
74248192
74248192
74248192
74248192
74248192
74248192
74403840
74403840
74403840
74403840
74403840
74403840
74403840
74403840
74403840
74403840
74403840
74596352
74596352
74596352
74596352
74596352
74596352
74596352
74596352
74596352
74596352
74596352
74596352
74596352
74596352
74596352
74596352
74596352
74596352
74596352
74596352
74596352
74596352
74596352
74596352
74596352
74596352
74596352
74596352
74596352
74596352
74596352
74596352
74596352
74596352
74596352
74596352
74596352
74596352
74596352
74747904
74616832
74616832
74616832
74616832
74616832
74616832
74616832
74616832
74616832
74616832
74616832
74616832
74809344
74809344
74809344
74809344
74809344
74809344
74809344
74809344
74809344
74809344
74809344
74809344
74809344
74809344
74809344
74809344
74809344
74809344
74809344
74809344
74809344
74809344
74809344
74809344
74809344
74809344
74809344
74809344
74809344
74809344
74809344
74809344
74809344
74809344
74809344
74809344
74809344
74809344
74809344
74809344
74809344
74805248
74805248
74805248
74805248
74805248
74805248
74805248
74805248
74805248
74805248
74805248
74805248
74805248
74805248
74805248
74805248
74805248
74805248
74805248
74805248
74805248
74805248
74805248
74805248
74805248
74805248
74805248
74805248
74805248
74805248
74805248
74805248
74805248
74805248
74805248
74805248
74805248
74805248
74805248
74809344
74665984
74665984
74752000
75014144
75014144
75014144
75014144
75014144
75014144
75014144
75014144
75014144
75014144
75014144
75014144
75014144
75014144
75014144
75014144
75014144
75014144
75014144
75014144
75014144
75014144
75014144
75014144
75223040
75223040
75223040
75223040
75223040
75223040
75223040
75223040
75223040
75223040
75223040
75223040
75223040
75223040
75223040
75223040
75223040
75223040
75223040
75223040
75223040
75223040
75223040
75223040
75223040
75223040
75223040
75223040
75223040
75223040
75223040
75223040
75223040
75223040
75223040
75223040
75223040
75223040
75223040
75223040
75223040
75223040
75223040
75223040
75223040
75223040
75223040
75223040
75223040
75223040
75223040
75223040
75223040
75223040
75223040
75223040
75223040
75223040
75223040
75223040
75223040
75423744
75423744
75423744
75423744
75423744
75423744
75423744
75423744
75423744
75423744
75423744
75423744
75423744
75423744
75423744
75423744
75423744
75423744
75423744
75423744
75423744
75444224
75444224
75444224
75444224
75444224
75444224
75444224
75444224
75444224
75444224
75444224
75444224
75444224
75444224
75444224
75444224
75444224
75444224
75444224
75444224
75444224
75444224
75444224
75444224
75444224
75444224
75444224
75444224
75579392
75579392
75579392
75579392
75579392
75579392
75579392
75579392
75579392
75583488
75583488
75583488
75583488
75583488
75583488
75591680
75591680
75591680
75591680
75591680
75591680
75591680
75591680
75591680
75591680
75591680
75591680
75591680
75591680
75591680
75591680
75591680
75591680
75591680
75591680
75591680
75591680
75591680
75767808
75767808
75767808
75767808
75767808
75767808
75767808
75767808
75767808
75767808
75767808
75767808
75767808
75767808
75767808
75767808
75767808
75767808
75767808
75935744
75935744
75935744
75935744
75935744
75935744
75935744
75935744
75935744
75935744
75935744
75935744
75935744
75935744
75984896
75612160
75612160
75612160
75612160
75612160
75612160
75612160
75612160
75612160
75612160
75612160
75612160
75612160
75612160
75612160
75612160
75612160
75612160
75612160
75612160
75612160
75612160
75612160
75612160
75612160
75612160
75612160
75853824
75853824
75853824
75853824
75853824
75853824
75853824
75853824
75853824
75853824
75853824
75853824
75853824
75853824
75853824
75853824
75853824
75853824
75853824
75853824
75853824
75853824
76124160
76124160
76124160
76124160
76124160
76124160
76124160
76124160
76124160
76124160
76124160
76124160
76124160
76124160
76124160
76124160
76124160
76345344
76345344
76345344
76345344
76529664
76529664
76529664
76529664
76529664
76529664
76529664
76529664
76529664
76529664
76529664
76566528
76566528
76566528
76566528
76566528
76566528
76566528
76566528
76566528
76591104
76591104
76591104
76591104
76591104
76591104
76591104
76591104
76591104
76591104
76591104
76591104
76591104
76591104
76591104
76591104
76591104
76591104
76591104
76591104
76591104
76591104
76812288
76812288
76812288
76812288
76812288
76812288
76812288
76812288
77058048
76947456
76947456
76947456
76947456
76947456
76947456
76947456
76947456
76947456
76947456
76947456
76947456
76947456
76947456
76947456
76947456
76947456
76947456
76947456
76947456
76947456
76947456
76947456
76947456
76947456
76947456
77217792
77144064
77144064
77144064
77144064
77144064
77144064
77144064
77406208
77676544
77676544
77676544
77676544
77676544
77676544
77676544
77676544
77676544
77676544
77676544
77676544
77676544
77676544
77676544
77676544
77676544
77676544
77676544
77676544
77676544
77938688
77938688
77938688
77938688
77938688
77938688
77938688
77938688
77938688
77938688
77938688
77938688
77938688
77938688
77938688
77938688
77938688
77938688
77938688
77938688
77938688
77938688
77938688
77938688
77938688
77938688
77938688
77938688
77938688
77938688
77938688
77938688
77938688
77938688
77938688
77938688
77938688
77938688
77938688
77938688
77938688
77938688
77938688
78209024
78209024
78209024
78209024
78209024
78209024
78209024
78209024
78209024
78209024
78209024
78209024
78209024
78209024
78209024
78209024
78209024
78209024
78209024
78209024
78209024
78581760
78581760
78581760
78581760
78581760
78581760
78581760
78581760
78581760
78581760
78581760
78581760
78581760
78581760
78581760
78581760
78581760
78581760
78581760
78581760
78581760
78581760
78581760
78581760
78581760
78581760
78581760
78581760
78581760
78581760
78581760
78581760
78696448
78696448
78696448
78696448
78696448
78696448
78696448
78696448
78696448
78696448
78696448
77144064
77144064
77144064
77144064
77144064
77144064
77144064
77144064
77144064
77144064
77144064
77144064
77144064
77144064
77144064
77144064
77144064
77144064
77144064
77144064
77144064
77144064
77144064
77144064
77144064
77144064
77144064
77144064
77144064
77144064
77144064
77144064
77144064
77144064
77144064
77144064
77144064
77144064
77144064
77144064
77144064
77144064
77144064
77144064
77144064
77144064
77144064
77144064
77144064
77144064
77144064
77144064
77144064
77144064
77144064
77144064
77144064
77144064
77144064
77144064
77144064
77144064
77144064
77144064
77144064
77144064
77144064
77144064
77144064
77144064
77144064
77144064
77144064
77144064
77144064
77144064
77144064
77144064
77144064
77144064
77144064
77144064
77144064
77144064
77144064
77144064
77144064
77144064
77144064
77144064
77144064
77144064
77144064
77144064
77144064
77144064
77144064
77144064
77144064
77144064
77144064
77144064
77144064
77144064
77144064
77144064
77144064
77144064
77144064
77144064
77144064
77144064
77144064
77144064
77144064
77144064
77144064
77144064
77144064
77144064
77144064
77144064
77144064
77144064
77144064
77144064
77144064
77144064
77144064
77144064
77144064
77144064
77144064
77144064
77144064
77144064
77144064
77144064
77144064
77144064
77144064
77144064
77144064
77144064
77144064
77144064
77144064
77144064
77144064
77144064
77144064
77144064
77144064
77144064
77144064
77144064
77144064
77144064
77144064
77144064
77144064
77144064
77144064
77144064
77144064
77144064
77144064
77144064
77144064
77185024
77185024
77185024
77185024
77185024
77185024
77185024
77185024
77185024
77185024
77185024
77185024
77185024
77185024
77185024
77185024
77185024
77185024
77185024
77185024
77185024
77185024
77185024
77185024
77185024
77185024
77185024
77185024
77185024
77185024
77185024
77185024
77185024
77185024
77185024
77185024
77185024
77185024
77185024
77185024
77185024
77185024
77185024
77185024
77185024
77185024
77185024
77185024
77185024
77185024
77185024
77185024
77185024
77185024
77185024
77185024
77185024
77185024
77185024
77185024
77185024
77185024
77185024
77185024
77185024
77185024
77185024
77185024
77185024
77185024
77185024
77185024
77185024
77185024
77185024
77185024
77185024
77185024
77185024
77185024
77185024
77185024
77185024
77185024
77185024
77185024
77185024
77185024
77185024
77185024
77185024
77185024
77185024
77185024
77185024
77185024
77185024
77185024
77185024
77185024
77185024
77185024
77185024
77185024
77185024
77185024
77185024
77185024
77185024
77185024
77185024
77185024
77185024
77185024
77185024
77185024
77185024
77185024
77185024
77185024
77185024
77185024
77185024
77185024
77185024
77185024
77189120
77189120
77189120
77189120
77189120
77189120
77189120
77189120
77189120
77189120
77189120
77189120
77189120
77189120
77189120
77189120
77189120
77189120
77189120
77189120
77189120
77189120
77115392
77115392
77115392
77115392
77115392
77115392
77250560
76996608
76996608
76996608
76996608
76996608
77012992
76521472
76521472
76521472
76521472
76521472
76521472
76521472
76734464
76734464
77021184
76681216
76681216
76681216
76681216
76681216
76681216
76681216
76681216
76681216
76681216
76681216
76681216
76681216
76681216
76681216
76681216
76681216
76681216
76750848
76750848
76750848
76750848
76750848
76750848
76750848
76750848
76877824
76877824
76877824
76877824
76877824
76877824
76877824
76877824
76877824
76877824
76877824
76877824
76877824
76877824
77148160
77148160
77148160
77148160
77148160
77148160
77148160
77148160
77148160
77148160
77148160
77148160
77148160
77148160
77148160
77148160
77148160
77148160
77148160
77148160
77148160
77148160
77148160
77148160
77148160
77148160
77148160
77148160
77148160
77148160
77148160
77148160
77148160
77148160
77148160
77148160
77148160
77148160
77148160
77148160
77148160
77148160
77148160
77185024
77185024
77185024
77185024
77185024
77185024
77185024
77185024
77185024
77185024
77185024
77185024
77185024
77185024
77185024
77185024
77185024
77185024
77185024
77185024
77185024
77213696
77213696
77213696
77213696
77213696
77213696
77213696
77213696
77213696
77213696
77213696
77213696
77213696
77213696
77213696
77213696
77213696
77213696
77213696
77213696
77213696
77213696
77213696
77213696
77213696
77213696
77213696
77213696
77213696
77213696
77213696
77213696
77213696
77213696
77213696
77213696
77213696
77213696
77213696
77213696
77213696
77213696
77213696
77246464
77246464
77246464
77246464
77246464
77246464
77246464
77246464
77246464
77246464
77246464
77246464
77246464
77246464
77246464
77246464
77246464
77246464
77246464
77246464
77246464
77246464
77246464
77246464
77246464
77246464
77246464
77246464
77246464
77246464
77246464
77246464
77246464
77246464
77246464
77246464
77246464
77246464
77246464
77246464
77246464
77246464
77246464
77299712
77299712
77299712
77299712
77299712
77299712
77299712
77299712
77299712
77299712
77299712
77299712
77299712
77299712
77299712
77385728
77385728
77385728
77385728
77385728
77385728
77385728
77385728
77385728
77385728
77385728
77385728
77385728
77385728
77385728
77385728
77385728
77385728
77385728
77385728
77385728
77385728
77385728
77385728
77385728
77385728
77090816
77090816
77090816
77090816
77090816
77090816
77438976
77299712
77299712
77299712
77299712
77299712
77299712
77299712
77299712
77299712
77299712
77299712
77299712
77299712
77299712
77299712
77299712
77299712
77299712
77299712
77299712
77299712
77299712
77299712
77299712
77299712
77299712
77299712
77299712
77299712
77299712
77299712
77299712
77299712
77299712
77299712
77299712
77299712
77299712
77299712
77299712
77299712
77299712
77299712
77299712
77299712
77299712
77299712
77299712
77299712
77299712
77299712
77299712
77299712
77299712
77299712
77299712
77299712
77299712
77299712
77299712
77299712
77299712
77299712
77299712
77299712
77299712
77299712
77299712
77299712
77299712
77299712
77299712
77299712
77299712
77299712
77299712
77299712
77299712
77299712
77299712
77299712
77430784
77430784
77430784
77430784
77430784
77430784
77430784
77430784
77430784
77430784
77430784
77430784
77430784
77430784
77430784
77430784
77430784
77430784
77430784
77430784
77430784
77430784
77430784
77430784
77430784
77430784
77430784
77430784
77430784
77430784
77430784
77430784
77430784
77430784
77430784
77430784
77430784
77430784
77430784
77430784
77430784
77430784
77430784
77570048
77570048
77570048
77570048
77570048
77570048
77565952
77565952
77565952
77565952
77565952
77565952
77565952
77565952
77565952
77565952
77783040
77783040
77783040
77783040
77783040
77783040
77783040
78032896
78032896
78032896
78032896
78032896
78032896
78032896
78032896
78032896
78032896
78032896
78032896
78032896
78032896
78032896
78032896
78032896
78032896
78032896
78032896
78032896
78032896
78032896
78032896
78032896
78032896
78032896
78032896
78032896
78032896
78032896
78032896
78032896
78032896
78032896
78032896
78032896
78032896
78032896
78032896
78032896
78032896
78032896
78032896
78032896
78032896
78032896
78254080
78254080
78254080
78254080
78254080
78254080
78254080
78254080
78254080
78254080
78254080
78254080
78254080
78254080
78254080
78254080
78254080
78254080
78254080
78254080
78254080
78254080
78254080
78254080
78254080
78254080
78254080
78254080
78254080
78254080
78254080
78254080
78254080
78254080
78254080
78254080
78254080
78524416
78524416
78524416
78524416
78524416
78524416
78524416
78524416
78524416
78524416
78524416
78749696
78749696
78749696
78749696
78749696
78749696
78749696
78749696
78749696
78749696
79007744
79007744
79007744
79007744
79007744
79007744
79007744
79007744
79007744
79007744
79007744
79007744
79007744
79007744
79007744
79007744
79007744
79007744
79007744
79007744
79007744
79007744
79007744
79007744
79007744
79007744
79007744
79007744
79007744
79007744
79007744
79007744
79007744
79007744
79007744
79007744
79007744
79007744
79007744
79233024
79233024
79233024
79233024
79233024
79233024
79233024
79233024
79233024
79233024
79233024
79233024
79233024
79233024
79233024
79233024
79233024
79233024
79233024
79233024
79233024
79233024
79233024
79233024
79233024
79233024
79233024
79233024
79233024
79233024
79233024
79233024
79233024
79233024
79233024
79233024
79233024
79233024
79233024
79233024
79233024
79233024
79233024
79233024
79233024
79233024
79233024
79454208
79454208
79454208
79454208
79454208
79454208
79454208
79454208
79454208
79454208
79454208
79454208
79454208
79454208
79454208
79454208
79454208
79454208
79454208
79454208
79454208
78573568
78573568
78573568
78573568
78573568
78573568
78573568
78573568
78573568
78573568
78573568
78573568
78573568
78573568
78573568
78573568
78573568
78573568
78573568
78573568
78573568
78573568
78573568
78573568
78573568
78573568
78573568
78573568
78573568
78573568
78573568
78573568
78573568
78573568
78352384
78352384
78352384
78352384
78352384
78352384
78352384
78352384
78352384
78352384
78352384
78352384
78352384
78352384
78352384
78352384
78352384
78352384
78352384
78352384
78352384
78352384
78352384
78352384
78352384
78352384
78352384
78352384
78352384
78352384
78352384
78352384
78352384
78352384
78352384
78352384
78352384
78352384
78352384
78352384
78352384
78352384
78352384
78352384
78352384
78352384
78352384
78618624
78618624
78618624
78618624
78618624
78618624
78618624
78618624
78618624
78618624
78618624
78618624
78618624
78618624
78618624
78618624
78618624
78618624
78618624
78618624
78618624
78618624
78618624
78618624
78618624
78618624
78618624
78618624
78618624
78618624
78618624
78618624
78618624
78581760
78581760
78581760
78581760
78581760
78581760
78581760
78581760
78581760
78581760
78581760
78581760
78581760
78581760
78581760
78581760
78581760
78581760
78581760
78581760
78581760
78581760
78581760
78581760
78581760
78581760
78581760
78581760
78581760
78581760
78581760
78581760
78581760
78581760
78581760
78581760
78581760
78581760
78581760
78581760
78581760
78581760
78581760
78581760
78581760
78581760
78581760
78581760
78581760
78581760
78581760
78581760
78581760
78581760
78581760
78581760
78581760
78581760
78581760
78581760
78581760
78581760
78581760
78581760
78581760
78581760
78581760
78581760
78581760
78581760
78581760
78581760
78581760
78581760
78581760
78581760
78581760
78581760
78581760
78581760
78581760
78581760
78581760
78581760
78581760
78581760
78581760
78581760
78581760
78581760
78581760
78581760
78581760
78581760
78581760
78581760
78581760
78581760
78581760
78581760
78581760
78581760
78581760
78581760
78581760
78581760
78581760
78462976
78462976
78462976
78462976
78462976
78462976
78462976
78462976
78462976
78462976
78462976
78462976
78462976
78462976
78462976
78462976
78462976
78462976
78462976
78462976
78462976
78462976
78462976
78462976
78462976
78462976
78462976
78462976
78462976
78462976
78462976
78462976
78462976
78462976
78462976
78462976
78462976
78462976
78462976
78462976
78462976
78462976
78462976
78462976
78462976
78462976
78462976
78462976
78462976
78462976
78462976
78462976
78462976
78462976
78462976
78643200
78643200
78643200
78643200
78643200
78643200
78643200
78643200
78643200
78643200
78643200
78643200
78643200
78643200
78643200
78643200
78643200
78643200
78643200
78643200
78643200
78643200
78643200
78643200
78643200
78643200
78643200
78643200
78643200
78643200
78643200
78643200
78643200
78643200
78643200
78643200
78827520
78827520
78827520
78827520
78827520
78827520
78827520
78827520
78827520
78827520
78827520
78827520
79085568
79085568
79085568
79085568
79085568
79085568
79085568
79085568
79085568
79085568
79085568
79085568
79085568
79085568
79085568
79085568
79085568
79085568
79085568
79085568
79351808
78807040
78807040
78807040
78807040
78807040
78807040
78807040
78807040
78807040
78807040
78807040
78807040
78807040
78807040
78807040
78807040
78807040
78807040
78807040
78807040
78807040
78807040
78807040
78807040
78438400
78438400
78438400
78438400
78438400
78438400
78438400
78438400
78610432
78610432
78610432
78610432
78610432
78610432
78610432
78610432
78610432
78610432
78610432
78610432
78610432
78610432
78610432
78610432
78610432
78610432
78610432
78610432
78610432
78610432
78880768
78680064
78680064
78680064
78680064
78680064
78680064
78680064
78680064
78680064
78680064
78680064
78680064
78680064
78680064
78680064
78680064
78680064
78680064
78680064
78680064
78680064
78680064
78680064
78680064
78680064
78680064
78680064
78680064
78680064
78680064
78680064
78680064
78680064
78680064
78680064
78680064
78680064
78680064
78680064
78680064
78680064
78680064
78680064
78680064
78680064
78680064
78680064
78680064
78680064
78680064
78680064
78680064
78680064
78680064
78680064
78680064
78680064
78680064
78680064
78680064
78680064
78680064
78680064
78680064
78680064
78680064
78680064
78680064
78680064
78680064
78680064
78680064
78680064
78680064
78680064
78680064
78680064
78680064
78995456
78995456
78995456
78995456
78995456
78995456
78995456
78995456
78995456
78995456
78995456
78995456
78995456
78995456
78995456
78995456
78995456
78995456
78995456
78995456
78995456
78995456
78995456
78995456
78995456
78995456
78995456
78995456
78995456
78995456
78995456
78995456
78995456
78995456
78995456
78995456
78995456
78995456
78995456
78995456
78995456
78995456
78995456
78995456
78995456
78995456
78995456
78995456
78995456
78995456
78995456
78995456
78995456
78995456
78995456
78995456
78995456
78995456
78995456
78995456
78901248
78901248
78901248
78901248
78901248
78901248
78901248
78901248
78901248
78901248
78901248
78901248
78901248
78901248
78901248
78901248
78901248
78901248
78901248
78901248
78901248
78901248
78901248
78901248
78901248
78901248
78901248
78901248
78901248
78901248
78901248
78901248
78901248
78901248
78901248
78901248
78901248
78901248
78901248
78901248
78901248
78901248
78901248
78901248
78901248
78901248
78901248
78901248
78901248
78901248
78901248
78901248
78901248
78901248
78901248
78901248
78901248
78901248
78901248
78901248
78901248
78901248
78901248
78901248
78901248
78901248
78901248
78901248
78901248
78901248
78901248
78901248
78901248
78901248
78901248
78901248
78901248
78901248
78901248
78901248
78901248
78901248
78901248
78901248
78901248
78901248
78901248
78901248
78901248
78901248
78901248
78901248
78901248
78901248
78901248
78901248
78901248
78901248
78901248
78901248
78901248
78901248
78901248
78901248
78913536
78913536
78913536
78913536
78913536
78913536
78913536
78913536
78913536
78913536
79118336
79495168
79495168
79495168
79495168
79495168
79495168
79495168
79495168
79495168
79495168
79495168
79495168
79495168
79495168
79495168
79495168
79495168
79495168
79495168
79495168
79495168
79495168
79495168
79646720
79646720
79646720
79646720
79646720
79646720
79646720
79646720
79646720
79646720
79646720
79646720
79646720
79646720
79646720
79646720
79646720
79646720
79646720
79646720
79646720
79646720
79765504
79515648
79515648
79515648
79515648
79515648
79515648
79515648
79228928
79228928
79228928
79228928
79228928
79228928
79228928
79228928
79228928
79228928
79228928
79228928
79228928
79228928
79228928
79228928
79228928
79228928
79228928
79228928
79228928
79306752
79306752
79306752
79306752
79306752
79306752
79306752
79355904
79355904
79355904
79355904
79355904
79355904
79355904
79355904
79355904
79355904
79355904
79355904
79355904
79355904
79355904
79355904
79355904
79355904
79650816
79650816
79650816
79650816
79650816
79650816
79650816
79650816
79650816
79650816
79650816
79650816
79650816
79650816
79650816
79650816
79650816
79650816
79650816
79650816
79650816
79650816
79650816
79650816
79650816
79650816
79650816
79650816
79650816
79650816
79650816
79650816
79650816
79650816
79650816
79650816
79831040
79831040
79831040
79831040
79986688
79986688
79986688
79986688
79986688
79986688
79986688
79986688
79986688
79986688
79986688
79986688
79986688
79986688
79986688
79986688
79986688
79986688
79986688
80084992
80084992
80084992
80084992
80084992
80084992
80084992
80084992
80084992
80084992
80084992
80084992
80084992
80084992
80084992
80084992
80084992
80084992
80084992
80084992
80084992
80084992
80084992
80314368
80314368
80314368
80314368
80314368
80314368
80314368
80314368
80314368
80314368
80314368
80314368
80314368
80314368
80314368
80314368
80314368
80314368
80314368
80314368
80314368
80314368
80314368
80314368
80314368
80314368
80314368
80314368
80314368
80314368
80543744
80543744
80543744
80543744
80543744
80543744
80543744
80543744
80543744
80543744
80543744
80543744
80543744
80543744
80543744
80543744
80543744
80543744
80543744
80543744
80543744
80543744
80543744
80543744
80543744
80543744
80543744
80543744
80543744
80543744
80543744
80543744
80543744
80543744
80543744
80543744
80543744
80543744
80543744
80781312
80781312
80781312
80781312
80781312
80781312
80781312
80781312
80781312
80781312
80781312
80781312
80781312
80781312
80781312
80781312
80781312
80781312
80781312
80781312
80781312
80781312
80781312
80396288
80396288
80396288
80396288
80396288
80396288
80396288
80396288
80396288
80396288
80396288
80396288
80396288
80396288
80396288
80396288
80396288
80396288
80396288
80396288
80396288
80396288
80396288
80396288
80396288
80396288
80396288
80396288
80396288
80396288
80396288
80396288
80396288
80396288
80396288
80396288
80396288
80396288
80396288
80396288
80396288
80396288
80396288
80396288
80396288
80396288
80396288
80396288
80396288
80396288
80396288
80396288
80396288
80396288
80396288
80396288
80396288
80396288
80396288
80396288
80396288
80396288
80396288
80396288
80396288
80396288
80396288
80396288
80396288
80396288
80396288
80396288
80396288
80396288
80396288
80396288
80396288
80396288
80396288
80396288
80396288
80396288
80396288
80396288
80396288
80396288
80396288
80396288
80396288
80396288
80396288
80396288
80396288
80396288
80396288
80396288
80396288
80396288
80396288
80396288
80396288
80396288
80396288
80396288
80396288
80396288
80396288
80396288
80396288
80396288
80396288
80396288
80396288
80396288
80396288
80396288
80396288
80396288
80396288
80396288
80396288
80396288
80396288
80396288
80396288
80396288
80396288
80396288
80396288
80396288
80531456
80531456
80531456
80531456
80531456
80531456
80531456
80531456
80531456
80531456
80531456
80531456
80531456
80531456
80531456
80531456
80531456
80531456
80531456
80531456
80531456
80531456
80531456
80531456
80531456
80531456
80531456
80531456
80531456
80531456
80531456
80531456
80531456
80531456
80531456
80531456
80531456
80531456
80531456
80531456
80531456
80531456
80531456
80531456
80531456
80531456
80531456
80531456
80531456
80531456
80531456
80531456
80531456
80531456
80531456
80531456
80531456
80531456
80531456
80531456
80531456
80531456
80531456
80531456
80535552
80535552
80535552
80535552
80535552
80535552
80535552
80535552
80535552
80535552
80535552
80535552
80535552
80535552
80535552
80535552
80535552
80535552
80535552
80535552
80535552
80535552
80535552
80535552
80535552
80535552
80535552
80535552
80535552
80535552
80535552
80535552
80535552
80535552
80535552
80535552
80535552
80535552
80535552
80535552
80535552
80535552
80535552
80535552
80535552
80535552
80535552
80535552
80535552
80535552
80535552
80535552
80535552
80535552
80535552
80535552
80535552
80535552
80535552
80535552
80535552
80535552
80535552
80535552
80535552
80535552
80535552
80535552
80535552
80535552
80535552
80535552
80535552
80535552
80535552
80535552
80535552
80535552
80535552
80535552
80535552
80535552
80535552
80535552
80535552
80535552
80535552
80535552
80535552
80535552
80535552
80535552
80535552
80535552
80535552
80535552
80535552
80535552
80535552
80535552
80535552
80535552
80535552
80535552
80535552
80535552
80535552
80535552
80535552
80535552
80535552
80535552
80535552
80535552
80535552
80535552
80535552
80535552
80535552
80535552
80535552
80535552
80535552
80535552
80535552
80584704
80613376
80613376
80613376
80613376
80564224
80564224
80564224
80564224
80564224
80564224
80564224
80564224
80564224
80564224
80564224
80564224
80564224
80564224
80564224
80564224
80564224
80564224
80564224
80564224
80564224
80564224
80564224
80564224
80564224
80564224
80564224
80564224
80564224
80564224
80564224
80564224
80564224
80564224
80564224
80564224
80564224
80564224
80564224
80564224
80564224
80564224
80564224
80564224
80564224
80695296
80543744
80543744
80543744
80543744
80543744
80543744
80543744
80543744
80543744
80543744
80543744
80543744
80543744
80543744
80543744
80543744
80543744
80543744
80543744
80543744
80543744
80543744
80543744
80543744
80543744
80543744
80543744
80543744
80543744
80543744
80543744
80543744
80543744
80543744
80543744
80543744
80543744
80543744
80543744
80543744
80543744
80543744
80543744
80543744
80543744
80543744
80543744
80543744
80543744
80543744
80543744
80543744
80543744
80543744
80543744
80543744
80543744
80543744
80543744
80543744
80543744
80543744
80543744
80543744
80543744
80543744
80543744
80543744
80543744
80543744
80543744
80543744
80543744
80543744
80543744
80543744
80543744
80543744
80543744
80543744
80543744
80543744
80543744
80543744
80543744
80543744
80543744
80543744
80543744
80543744
80543744
80543744
80543744
80543744
80543744
80543744
80543744
80543744
80543744
80543744
80543744
80543744
80543744
80543744
80543744
80543744
80543744
80543744
80543744
80543744
80543744
80543744
80543744
80543744
80543744
80543744
80543744
80543744
80543744
80543744
80543744
80543744
80543744
80543744
80543744
80543744
80543744
80543744
80543744
80543744
80543744
80543744
80543744
80543744
80543744
80543744
80543744
80543744
80543744
80543744
80543744
80543744
80543744
80543744
80543744
80543744
80543744
80543744
80543744
80543744
80543744
80543744
80543744
80543744
80543744
80543744
80543744
80543744
80543744
80543744
80543744
80543744
80543744
80543744
80543744
80543744
80543744
80543744
80543744
80543744
80543744
80543744
80543744
80543744
80543744
80543744
80543744
80543744
80543744
80543744
80543744
80543744
80543744
80543744
80543744
80543744
80543744
80543744
80543744
80543744
80543744
80543744
80543744
80543744
80543744
80543744
80543744
80543744
80543744
80543744
80543744
80543744
80543744
80543744
80543744
80543744
80543744
80543744
80543744
80543744
80543744
80543744
80543744
80543744
80543744
80543744
80543744
80543744
80543744
80543744
80543744
80543744
80543744
80543744
80543744
80543744
80543744
80543744
80543744
80543744
80543744
80543744
80543744
80543744
80543744
80543744
80543744
80543744
80543744
80543744
80543744
80543744
80543744
80543744
80543744
80543744
80543744
80543744
80543744
80543744
80543744
80543744
80543744
80543744
80543744
81072128
80842752
80842752
80842752
80842752
80842752
80842752
80842752
80842752
80842752
80842752
80842752
80842752
80842752
80842752
80842752
80842752
80842752
80842752
80842752
80998400
80998400
80998400
80998400
80998400
80998400
80998400
80998400
80998400
80998400
80998400
80998400
80998400
80998400
80998400
80998400
80998400
80998400
80998400
80998400
80998400
80998400
80998400
80998400
80998400
80998400
80998400
80998400
80998400
80998400
80998400
80998400
80998400
80998400
80998400
80998400
80998400
80998400
80998400
80998400
80998400
80998400
80998400
80998400
80998400
80998400
81002496
81002496
81002496
81002496
81002496
81002496
81002496
81002496
81002496
81002496
81002496
81002496
81002496
81002496
81002496
81002496
81002496
81002496
81002496
81002496
81002496
81002496
81002496
81002496
81002496
81002496
81002496
81002496
81002496
81002496
81002496
81002496
81002496
81002496
81002496
81002496
81002496
81002496
81002496
81002496
81002496
81002496
81002496
81002496
81002496
81002496
81076224
81076224
81076224
81076224
81076224
81076224
81076224
81076224
81076224
81076224
81104896
81104896
81104896
81104896
81104896
81104896
81104896
81104896
81104896
81104896
81104896
81104896
81104896
81129472
81129472
81129472
81129472
81129472
81276928
81276928
81276928
81276928
81276928
81276928
81276928
81276928
81276928
81276928
81276928
81276928
81276928
81276928
81276928
81276928
81276928
81276928
81276928
81276928
81276928
81276928
81276928
81276928
81276928
81276928
81276928
81276928
81276928
81276928
81276928
81276928
81276928
81276928
81276928
81276928
81276928
81276928
81276928
81276928
81326080
81326080
81326080
81326080
81326080
81326080
81326080
81326080
81326080
81326080
81326080
81326080
81326080
81326080
81326080
81326080
81326080
81326080
81326080
81326080
81326080
81326080
81326080
81358848
81358848
81358848
81358848
81358848
81358848
81358848
81358848
81358848
81358848
81358848
81358848
81358848
81358848
81358848
81358848
81358848
81358848
81358848
81358848
81358848
81358848
81358848
81358848
81358848
81358848
81358848
81358848
81358848
81358848
81358848
81358848
81358848
81358848
81358848
81358848
81358848
81358848
81358848
81358848
81358848
81358848
81358848
81358848
81358848
81358848
81522688
81670144
81670144
81670144
81670144
81670144
81670144
81670144
81670144
81670144
81670144
81670144
81670144
81670144
81670144
81670144
81670144
81670144
81670144
81670144
81670144
81670144
81670144
81862656
81862656
81862656
81862656
81862656
81862656
81862656
81862656
81862656
81862656
81862656
81862656
81862656
81862656
81862656
81862656
81862656
81862656
81862656
81862656
81862656
81862656
81862656
82010112
82010112
82010112
82010112
82010112
82010112
82010112
82010112
82010112
82010112
82010112
82010112
82010112
82010112
82010112
82010112
82010112
82010112
82010112
82010112
82010112
82010112
81973248
81973248
81973248
81973248
81973248
81973248
81973248
81973248
81973248
81973248
81973248
81973248
81973248
81973248
81973248
81973248
81973248
81973248
81793024
81793024
81793024
81793024
81793024
81793024
81793024
81793024
81793024
81793024
81793024
81793024
81793024
81793024
81793024
81793024
81793024
81793024
81793024
81793024
81793024
81793024
81793024
81793024
81793024
81793024
81793024
81793024
81793024
81793024
81793024
81793024
81793024
81793024
81793024
81793024
81793024
81793024
81793024
81793024
81793024
81793024
81793024
81793024
81793024
81793024
81793024
81793024
81793024
81793024
81793024
81793024
81793024
81793024
81793024
81793024
81793024
81793024
81793024
81793024
81793024
81793024
81793024
81793024
81793024
81793024
81793024
81793024
81793024
81793024
81793024
81793024
81793024
81793024
81793024
81793024
81793024
81793024
81793024
81793024
81793024
81793024
81793024
81793024
81793024
81793024
81793024
81793024
81793024
81805312
81805312
81805312
81805312
81805312
81805312
81805312
81805312
81805312
81805312
81805312
81805312
81805312
81805312
81805312
81805312
81805312
81805312
81805312
81805312
81805312
81805312
81805312
81805312
81805312
81805312
81805312
81805312
81805312
81805312
81805312
81805312
81805312
81805312
81805312
81805312
81805312
81805312
81805312
81805312
81805312
81805312
81805312
81805312
81805312
81805312
81805312
81805312
81805312
81805312
81805312
81805312
81805312
81805312
81805312
81805312
81805312
81805312
81805312
81805312
81805312
81805312
81805312
81805312
81805312
81805312
81805312
81805312
81805312
81805312
81874944
81874944
81874944
81874944
81874944
81874944
81874944
81874944
81874944
81874944
81874944
81874944
81874944
81874944
81874944
81874944
81874944
81874944
81874944
81874944
81874944
81874944
81874944
81874944
81874944
81874944
81874944
81874944
81874944
81874944
81874944
81874944
81874944
81874944
81874944
81874944
81874944
81874944
81874944
81874944
81874944
81874944
81874944
81874944
81874944
81874944
81874944
81874944
81874944
81874944
81874944
81874944
81874944
81874944
81874944
81874944
81874944
81874944
81874944
81874944
81874944
81874944
81874944
81874944
81874944
81874944
81874944
81874944
81874944
81874944
81874944
