0.186203
0.031215
0.054123
0.050864
0.033831
0.022265
0.021691
0.022657
0.027786
0.038042
0.029651
0.032328
0.034085
0.026662
0.036762
0.032078
0.026351
0.032612
0.034249
0.034777
0.034866
0.032557
0.035108
0.030123
0.020693
0.021381
0.036045
0.021746
0.040616
0.029406
0.030070
0.032661
0.033341
0.032908
0.028997
0.028647
0.021533
0.026137
0.033116
0.028864
0.028050
0.024035
0.026887
0.022262
0.023415
0.028230
0.030221
0.021098
0.018331
0.032900
0.036397
0.031619
0.032071
0.035540
0.032063
0.034743
0.035879
0.032751
0.030131
0.036129
0.034827
0.034276
0.044485
0.035167
0.032023
0.032577
0.034851
0.035794
0.034941
0.034347
0.033045
0.030332
0.034437
0.048119
0.037955
0.033866
0.035496
0.035232
0.034406
0.034230
0.034640
0.034512
0.034514
0.027147
0.033778
0.034141
0.034394
0.033535
0.035060
0.042499
0.028982
0.028919
0.026249
0.032307
0.028128
0.025584
0.023246
0.024128
0.036315
0.044606
0.035007
0.036564
0.035851
0.039401
0.036756
0.034257
0.034908
0.035100
0.035371
0.024594
0.031086
0.033087
0.033825
0.035058
0.035817
0.035040
0.030650
0.043055
0.035760
0.035511
0.034751
0.034950
0.025647
0.035873
0.034903
0.034780
0.034859
0.034821
0.035162
0.033705
0.044431
0.035400
0.034276
0.033881
0.034325
0.023129
0.039264
0.034611
0.034685
0.034922
0.033564
0.034536
0.030670
0.037192
0.033621
0.035102
0.036158
0.034562
0.022204
0.034935
0.035006
0.035604
0.038739
0.035967
0.029988
0.025457
0.022885
0.206508
0.036340
0.025418
0.036804
0.035547
0.036695
0.028556
0.026418
0.019137
0.018447
0.030074
0.034784
0.035550
0.041828
0.034900
0.019925
0.035859
0.035089
0.033575
0.034315
0.035083
0.033797
0.032202
0.034408
0.034194
0.033744
0.043381
0.035181
0.021484
0.034045
0.035424
0.034853
0.038289
0.034892
0.033887
0.030396
0.035065
0.034564
0.034571
0.035667
0.035275
0.023251
0.035461
0.034619
0.035102
0.034863
0.034136
0.034973
0.030339
0.035510
0.034540
0.034009
0.044102
0.034754
0.022985
0.035655
0.034647
0.034505
0.034655
0.034677
0.034726
0.021867
0.020655
0.018890
0.022863
0.035491
0.033365
0.025040
0.031024
0.034385
0.033515
0.033948
0.034990
0.039399
0.031091
0.029989
0.033569
0.043042
0.035880
0.034194
0.027642
0.033833
0.034723
0.034529
0.034678
0.034860
0.034460
0.029988
0.033124
0.033248
0.042325
0.035042
0.033760
0.022335
0.032018
0.033337
0.034288
0.033554
0.038116
0.034828
0.028663
0.031155
0.034462
0.041790
0.035520
0.034150
0.021278
0.033613
0.034035
0.033904
0.034917
0.033817
0.033881
0.027747
0.033592
0.032624
0.042471
0.034758
0.022185
0.019558
0.028086
0.035229
0.034179
0.034975
0.033553
0.035516
0.023751
0.022561
0.023981
0.031474
0.024965
0.027142
0.028940
0.024928
0.033456
0.033578
0.033923
0.034542
0.022355
0.106900
0.035540
0.033183
0.041669
0.034550
0.034207
0.020975
0.033898
0.034541
0.034066
0.034230
0.035143
0.035150
0.027478
0.032466
0.034288
0.043314
0.035650
0.037249
0.022131
0.033043
0.034179
0.035274
0.034873
0.033580
0.035197
0.030457
0.034227
0.038789
0.043069
0.035422
0.034303
0.019630
0.034299
0.037242
0.034266
0.035015
0.035085
0.034488
0.032823
0.033887
0.034721
0.035899
0.034525
0.034477
0.020948
0.033678
0.032378
0.034259
0.034046
0.035653
0.033788
0.022037
0.020862
0.022112
0.023573
0.023983
0.030753
0.040762
0.022853
0.034573
0.034178
0.034077
0.036491
0.034290
0.034739
0.032675
0.036643
0.042520
0.108197
0.034340
0.026116
0.034955
0.034050
0.037598
0.035710
0.034218
0.032067
0.031721
0.034522
0.043052
0.034986
0.036047
0.025647
0.032945
0.032997
0.034072
0.033398
0.033420
0.034402
0.029261
0.032638
0.033565
0.042179
0.033671
0.030080
0.022996
0.027668
0.034182
0.034636
0.034154
0.033698
0.038331
0.033277
0.029434
0.034513
0.033870
0.043367
0.033963
0.024694
0.026492
0.034197
0.034875
0.034450
0.035257
0.034652
0.030149
0.020520
0.023470
0.027779
0.023595
0.033867
0.035217
0.025372
0.033690
0.034525
0.034105
0.033262
0.026485
0.019397
0.023654
0.025186
0.033244
0.041372
0.038016
0.034969
0.027582
0.032558
0.033680
0.034878
0.033979
0.034514
0.034667
0.032861
0.031057
0.044672
0.037787
0.035387
0.034127
0.029646
0.031821
0.034353
0.035843
0.033721
0.034361
0.035003
0.032096
0.037303
0.030062
0.034624
0.033478
0.034512
0.022505
0.032669
0.027667
0.034711
0.034857
0.034376
0.034003
0.032733
0.031688
0.034929
0.034327
0.027448
0.035353
0.028458
0.026837
0.035072
0.036058
0.034382
0.034188
0.034406
0.038685
0.025677
0.032374
0.039792
0.025498
0.023236
0.035263
0.020649
0.032825
0.033845
0.034235
0.034784
0.033884
0.042290
0.030633
0.036468
0.033521
0.033119
0.034138
0.034620
0.025081
0.034775
0.034888
0.034253
0.033095
0.034421
0.034672
0.029989
0.036700
0.035273
0.034961
0.034357
0.032597
0.031000
0.034935
0.034801
0.033817
0.034772
0.034243
0.040403
0.031317
0.034875
0.034532
0.034943
0.034562
0.029359
0.032068
0.034595
0.035091
0.034574
0.035071
0.042229
0.032615
0.029296
0.034375
0.035109
0.034913
0.033963
0.028941
0.031285
0.036334
0.034848
0.036045
0.034726
0.042335
0.026406
0.021979
0.019594
0.029716
0.029235
0.035430
0.034537
0.028266
0.034764
0.034945
0.034759
0.035037
0.020725
0.019311
0.023867
0.034333
0.033871
0.034565
0.035066
0.036086
0.022022
0.035336
0.034110
0.035014
0.043207
0.035412
0.034645
0.029931
0.031060
0.034063
0.034172
0.035133
0.034858
0.021057
0.034517
0.034273
0.033570
0.043283
0.034504
0.033839
0.029946
0.030816
0.033374
0.034739
0.032911
0.034972
0.023535
0.034847
0.034057
0.042461
0.034159
0.035397
0.033145
0.028531
0.033872
0.028709
0.535035
0.034402
0.033470
0.028306
0.028484
0.031525
0.034177
0.030919
0.030840
0.027583
0.031359
0.034755
0.035155
0.035610
0.034357
0.034581
0.030284
0.031296
0.043330
0.033696
0.033829
0.034818
0.029000
0.028727
0.034182
0.033944
0.040268
0.035196
0.033849
0.031032
0.031246
0.046805
0.034641
0.034581
0.033794
0.026990
0.034614
0.033828
0.034342
0.034427
0.034822
0.034416
0.029661
0.042324
0.035172
0.034244
0.033347
0.037058
0.021055
0.033696
0.033945
0.033827
0.034487
0.034851
0.034036
0.032898
0.042857
0.035917
0.034653
0.034124
0.034229
0.022533
0.030657
0.025104
0.022791
0.031917
0.032365
0.035712
0.029597
0.031047
0.024347
0.024724
0.028555
0.032877
0.031483
0.022364
0.035770
0.033983
0.030909
0.033537
0.027753
0.026817
0.022560
0.022928
0.026929
0.024526
0.025742
0.033967
0.032791
0.023289
0.034705
0.036024
0.034255
0.034124
0.035614
0.034451
0.032506
0.035886
0.034963
0.037085
0.033386
0.034291
0.023700
0.032778
0.035253
0.034879
0.042393
0.035745
0.034864
0.035482
0.034213
0.035423
0.034022
0.034078
0.033765
0.026457
0.033910
0.033158
0.034051
0.041906
0.033304
0.030947
0.032898
0.038098
0.034368
0.033775
0.033352
0.029449
0.030232
0.034858
0.033898
0.040018
0.033626
0.033499
0.030973
0.022309
0.024902
0.024458
0.028891
0.041023
0.034872
0.022622
0.033287
0.044118
0.035030
0.035063
0.034216
0.034309
0.033163
0.033169
0.036216
0.034411
0.033968
0.034332
0.021706
0.040552
0.035974
0.035027
0.034409
0.034392
0.033926
0.034393
0.033447
0.036010
0.034038
0.034655
0.036996
0.024946
0.033187
0.034955
0.033931
0.035944
0.034810
0.043891
0.122750
0.033685
0.033600
0.034051
0.029114
0.033682
0.042586
0.034481
0.034180
0.033792
0.034100
0.028485
0.033360
0.034266
0.033464
0.033434
0.035159
0.022788
0.034573
0.034432
0.033853
0.035394
0.033500
0.035213
0.027889
0.025341
0.031685
0.025241
0.029660
0.035479
0.030009
0.039914
0.034758
0.033438
0.034654
0.019821
0.022095
0.020134
0.025626
0.025731
0.033155
0.034371
0.029611
0.033433
0.023537
0.031434
0.033736
0.033408
0.033547
0.034679
0.034278
0.034174
0.033658
0.035723
0.033710
0.033888
0.033958
0.023639
0.034839
0.033846
0.033836
0.033955
0.033015
0.033932
0.029420
0.034023
0.172684
0.033952
0.021565
0.034284
0.034217
0.034192
0.033904
0.034052
0.034305
0.032680
0.033267
0.033525
0.033856
0.033227
0.033656
0.021751
0.031285
0.029264
0.027062
0.030177
0.028672
0.034405
0.027800
0.021262
0.022571
0.024130
0.022232
0.024668
0.033842
0.021527
0.034258
0.033429
0.033183
0.034226
0.034562
0.034057
0.031454
0.033913
0.034254
0.034496
0.033663
0.041955
0.023457
0.030237
0.041792
0.036152
0.033733
0.033749
0.034148
0.033015
0.033986
0.036026
0.034115
0.033336
0.035011
0.023903
0.034302
0.033567
0.033699
0.033057
0.033680
0.033582
0.032702
0.034543
0.034266
0.034458
0.035031
0.043311
0.026066
0.033647
0.033465
0.033211
0.033580
0.034463
0.033712
0.031414
0.031435
0.033253
0.033780
0.033638
0.041592
0.026875
0.034110
0.035581
0.033780
0.033552
0.033784
0.033671
0.023067
0.019838
0.023029
0.024243
0.040688
0.034893
0.023650
0.033953
0.033940
0.033860
0.033897
0.024324
0.022653
0.019998
0.023829
0.036655
0.034952
0.033855
0.035824
0.035000
0.023673
0.033210
0.034762
0.033492
0.034206
0.034376
0.034399
0.040685
0.034758
0.037181
0.033653
0.033056
0.035795
0.031716
0.034497
0.034738
0.034243
0.032534
0.034642
0.033193
0.037069
0.034480
0.033343
0.034499
0.035791
0.032156
0.035688
0.035009
0.034418
0.033984
0.033793
0.112261
0.044658
0.033511
0.032953
0.033986
0.034111
0.020601
0.033405
0.035969
0.034022
0.034334
0.036094
0.033622
0.032850
0.028148
0.029539
0.028713
0.034749
0.033257
0.023909
0.033756
0.034261
0.033614
0.035041
0.034536
0.040938
0.029435
0.030959
0.034247
0.034502
0.033562
0.034589
0.021929
0.028250
0.033984
0.034837
0.034840
0.043414
0.034886
0.030057
0.030323
0.034803
0.033496
0.034585
0.033561
0.022435
0.032821
0.033967
0.035023
0.034551
0.042534
0.034514
0.037619
0.032454
0.034712
0.034526
0.033757
0.034268
0.024750
0.033942
0.034881
0.035049
0.042801
0.034842
0.034084
0.031277
0.035174
0.033897
0.034662
0.034548
0.033543
0.021106
0.033307
0.034955
0.034334
0.038202
0.025822
0.026899
0.026159
0.021426
0.032851
0.031979
0.026761
0.035313
0.034164
0.031106
0.029959
0.038596
0.035451
0.031123
0.021561
0.021697
0.018752
0.026086
0.033856
0.036337
0.035267
0.035430
0.022437
0.042466
0.036055
0.035429
0.034771
0.034208
0.035819
0.030870
0.034755
0.034676
0.035025
0.034955
0.034985
0.022147
0.035874
0.035383
0.034785
0.035182
0.034815
0.035807
0.034294
0.034652
0.034136
0.035577
0.035188
0.034615
0.023677
0.028684
0.027523
0.028619
0.024148
0.025652
0.034966
0.026449
0.030326
0.035359
0.034759
0.034748
0.036367
0.029382
0.030445
0.035798
0.111529
0.040228
0.035905
0.027050
0.022852
0.022778
0.023080
0.022665
0.028400
0.032026
0.024081
0.034424
0.037446
0.033736
0.034297
0.034092
0.034145
0.032014
0.033035
0.033597
0.034362
0.032991
0.033354
0.023301
0.034390
0.033508
0.035278
0.035725
0.036290
0.032386
0.032142
0.034740
0.033701
0.033553
0.041709
0.035768
0.023866
0.033456
0.033872
0.033057
0.033773
0.034671
0.034510
0.027580
0.033711
0.033368
0.033671
0.042506
0.035834
0.024023
0.033534
0.033353
0.034824
0.035402
0.033584
0.034035
0.030401
0.033056
0.033520
0.033563
0.044125
0.034222
0.025832
0.033680
0.033144
0.034174
0.035625
0.033613
0.032566
0.021832
0.024352
0.030096
0.022820
0.025498
0.030784
0.020285
0.028357
0.027880
0.028286
0.033949
0.030031
0.025478
0.019405
0.023402
0.021678
0.024332
0.028706
0.026396
0.030903
0.031188
0.029720
0.034570
0.036506
0.034046
0.034203
0.042231
0.032084
0.032731
0.034303
0.033892
0.033071
0.033950
0.027598
0.040963
0.034751
0.037127
0.042871
0.035639
0.034560
0.031115
0.032169
0.033797
0.036909
0.034294
0.033503
0.021497
0.033551
0.035640
0.042916
0.035100
0.034500
0.033577
0.033042
0.033303
0.035695
0.033888
0.034214
0.039993
0.021541
0.033334
0.042132
0.033373
0.033839
0.032781
0.033992
0.026190
0.025105
0.026234
0.023954
0.026827
0.033725
0.032565
0.029813
0.035191
0.034075
0.034281
0.033104
0.035847
0.036018
0.032483
0.029033
0.028008
0.034305
0.033673
0.033803
0.023638
0.033519
0.034318
0.034928
0.034725
0.034417
0.034055
0.032652
0.032475
0.033436
0.034485
0.033606
0.033423
0.028925
0.030867
0.034252
0.034359
0.034340
0.033984
0.033595
0.031838
0.034106
0.034033
0.032918
0.032387
0.033428
0.026199
0.028572
0.028357
0.033942
0.034564
0.033923
0.033482
0.035353
0.032779
0.033037
0.034053
0.033722
0.045919
0.034982
0.025080
0.033842
0.032615
0.027710
0.033204
0.033728
0.032837
0.027839
0.024568
0.026503
0.025357
0.029759
0.033221
0.028916
0.115436
0.033092
0.032939
0.032692
0.022399
0.020159
0.038800
0.035180
0.034806
0.033885
0.034092
0.032788
0.028963
0.034209
0.034337
0.034511
0.034861
0.033322
0.031321
0.031144
0.032850
0.033341
0.033979
0.034005
0.033415
0.022276
0.031888
0.031968
0.030518
0.030825
0.031542
0.039648
0.032851
0.036920
0.034886
0.033543
0.034367
0.034665
0.025110
0.033884
0.034121
0.034558
0.041031
0.037951
0.034051
0.031861
0.034509
0.033298
0.039323
0.033983
0.032754
0.023638
0.034158
0.032977
0.042420
0.032925
0.033873
0.032767
0.023637
0.021008
0.024628
0.023404
0.032473
0.033851
0.029627
0.033040
0.042894
0.034088
0.026716
0.033799
0.034344
0.031482
0.030791
0.033418
0.033396
0.034468
0.033469
0.029412
0.040258
0.032196
0.034036
0.033583
0.033672
0.032856
0.031986
0.031659
0.037836
0.035207
0.033646
0.033643
0.025611
0.032261
0.029829
0.033053
0.035183
0.033716
0.034382
0.029372
0.032475
0.033535
0.034037
0.034270
0.033977
0.039787
0.034195
0.034806
0.034607
0.036201
0.035318
0.034376
0.032718
0.033022
0.032699
0.041497
0.032152
0.034980
0.030575
0.033898
0.034466
0.034109
0.034512
0.034029
0.033748
0.025407
0.019831
0.019777
0.021060
0.021739
0.033839
0.034935
0.022726
0.030397
0.034499
0.034343
0.034778
0.032114
0.020625
0.018335
0.019476
0.035126
0.043357
0.035187
0.033903
0.033473
0.023141
0.026004
0.032005
0.034160
0.035626
0.034082
0.034016
0.038632
0.030833
0.033052
0.034556
0.033593
0.033984
0.022384
0.034231
0.034695
0.034178
0.033581
0.034419
0.043597
0.033773
0.033656
0.035320
0.034636
0.034360
0.032910
0.030430
0.031135
0.035084
0.034162
0.042527
0.036718
0.033407
0.038875
0.036201
0.033250
0.034214
0.034001
0.023978
0.032134
0.034315
0.034207
0.034769
0.034333
0.034117
0.028820
0.027245
0.019388
0.020457
0.020556
0.038107
0.036955
0.023932
0.035049
0.044885
0.035530
0.035477
0.032558
0.035535
0.037600
0.034096
0.032864
0.034604
0.033751
0.034783
0.026002
0.034230
0.034463
0.034953
0.034151
0.035646
0.035345
0.032702
0.034074
0.034725
0.034572
0.034330
0.030536
0.028420
0.035476
0.031921
0.032701
0.033090
0.032029
0.033382
0.031131
0.030735
0.029615
0.035845
0.034296
0.033282
0.029851
0.031652
0.034040
0.034414
0.034061
0.033706
0.033242
0.040780
0.032248
0.033549
0.033310
0.034501
0.033386
0.036535
0.027619
0.033898
0.033492
0.033227
0.033611
0.033480
0.030701
0.018352
0.022012
0.024005
0.030715
0.029720
0.032810
0.025014
0.032680
0.033475
0.033107
0.033354
0.033255
0.020104
0.027418
0.033163
0.032552
0.034606
0.034617
0.034698
0.024655
0.116158
0.034546
0.034119
0.034555
0.033436
0.032594
0.031918
0.034115
0.033966
0.034522
0.035460
0.027405
0.034507
0.033596
0.033642
0.033895
0.042608
0.034163
0.032831
0.033800
0.033155
0.033754
0.033273
0.035357
0.023341
0.032164
0.033601
0.042037
0.038490
0.033964
0.041412
0.033070
0.034863
0.034041
0.034039
0.033843
0.034009
0.022824
0.041933
0.034501
0.034890
0.033967
0.033801
0.033631
0.024868
0.022342
0.021753
0.022129
0.026036
0.033595
0.029611
0.033743
0.034001
0.033910
0.031663
0.033572
0.035980
0.030744
0.031053
0.037736
0.034704
0.034153
0.033656
0.037850
0.025234
0.032745
0.033909
0.034576
0.032630
0.033141
0.033580
0.032797
0.033539
0.033438
0.033564
0.042289
0.032875
0.029687
0.034104
0.033948
0.033471
0.033843
0.034105
0.030192
0.033018
0.033967
0.040215
0.036381
0.036592
0.028311
0.030716
0.033697
0.040755
0.035756
0.034575
0.034082
0.030937
0.032316
0.041798
0.034546
0.034362
0.030504
0.022729
0.033438
0.034168
0.035512
0.034531
0.034466
0.033836
0.039396
0.022974
0.021439
0.019726
0.023582
0.022047
0.026564
0.021930
0.031701
0.033573
0.033474
0.045131
0.032844
0.018234
0.021466
0.033573
0.033751
0.034898
0.033948
0.037703
0.025680
0.040610
0.034259
0.035294
0.109905
0.034860
0.028551
0.031882
0.033524
0.034504
0.034248
0.034577
0.024709
0.033404
0.033310
0.033814
0.033608
0.033563
0.033404
0.030610
0.029704
0.033735
0.033407
0.035536
0.033933
0.032135
0.032812
0.035327
0.033555
0.034266
0.034005
0.034306
0.029213
0.033917
0.034066
0.033481
0.034621
0.034563
0.023796
0.033175
0.032929
0.034953
0.034023
0.034658
0.033132
0.027568
0.024828
0.023783
0.020768
0.022000
0.029890
0.038996
0.027960
0.034379
0.033185
0.033973
0.035493
0.034937
0.030576
0.042132
0.034841
0.033386
0.032244
0.033228
0.030006
0.023514
0.032890
0.033173
0.032451
0.032253
0.041244
0.031909
0.033453
0.114261
0.033404
0.032689
0.027616
0.032598
0.034954
0.034731
0.033672
0.041679
0.034733
0.026338
0.034160
0.032936
0.034083
0.033816
0.035157
0.023811
0.032520
0.033417
0.033545
0.042622
0.034114
0.033162
0.029504
0.033291
0.033982
0.033865
0.038089
0.033608
0.025447
0.039120
0.033810
0.033244
0.033058
0.034173
0.035121
0.027458
0.026718
0.022112
0.023503
0.018318
0.020958
0.027202
0.022216
0.030707
0.030056
0.033269
0.033882
0.031644
0.022050
0.018588
0.028798
0.029695
0.032688
0.032983
0.033397
0.039251
0.031188
0.033414
0.033151
0.034009
0.032737
0.033619
0.032102
0.032961
0.033928
0.042078
0.035162
0.032876
0.031410
0.126826
0.032569
0.033288
0.033987
0.032712
0.032706
0.034115
0.039705
0.031430
0.035122
0.033882
0.025628
0.034807
0.032268
0.033186
0.033144
0.033870
0.041340
0.033287
0.033980
0.034341
0.034776
0.034841
0.034299
0.022557
0.033728
0.034850
0.040418
0.035389
0.035082
0.033430
0.023989
0.019379
0.023126
0.020981
0.026078
0.033829
0.033663
0.028551
0.033936
0.034194
0.034956
0.034508
0.033251
0.033056
0.033606
0.034070
0.034263
0.033621
0.034339
0.035227
0.027309
0.035050
0.033759
0.034318
0.033540
0.033498
0.036424
0.032966
0.034016
0.033681
0.032979
0.031200
0.040391
0.025776
0.033331
0.033427
0.032906
0.032910
0.034079
0.033222
0.031686
0.035080
0.035607
0.043067
0.036057
0.034344
0.029947
0.034011
0.034688
0.033800
0.034197
0.033647
0.032031
0.032093
0.032914
0.043017
0.035123
0.035098
0.031760
0.028420
0.034698
0.034023
0.034315
0.034410
0.033626
0.033046
0.022386
0.020106
0.022872
0.022971
0.024990
0.034278
0.025838
0.031210
0.035758
0.034058
0.041991
0.032890
0.021942
0.019787
0.020685
0.033345
0.033229
0.034924
0.035680
0.034571
0.024236
0.042988
0.034143
0.033410
0.033606
0.033287
0.033168
0.032171
0.034499
0.034216
0.033637
0.034161
0.031033
0.037382
0.034529
0.033219
0.034263
0.033303
0.034039
0.030927
0.034411
0.024382
0.025228
0.229230
0.034619
0.034606
0.033257
0.033813
0.033912
0.034565
0.031762
0.034711
0.033824
0.034668
0.033999
0.034695
0.022765
0.034795
0.034692
0.034225
0.037347
0.034246
0.033638
0.025035
0.022344
0.024039
0.024102
0.023897
0.028611
0.028752
0.026701
0.028699
0.035590
0.033330
0.033937
0.034337
0.032171
0.028775
0.034647
0.034573
0.033499
0.034758
0.033173
0.023551
0.028725
0.035104
0.032534
0.033006
0.041546
0.033944
0.032844
0.034431
0.033218
0.033582
0.033276
0.030020
0.026879
0.029573
0.033928
0.043126
0.033501
0.034327
0.032925
0.029634
0.032411
0.034363
0.040111
0.033906
0.033367
0.024339
0.034613
0.192904
0.033711
0.032444
0.031046
0.032509
0.032769
0.032070
0.034497
0.033953
0.035422
0.033700
0.034002
0.035563
0.034514
0.034058
0.027882
0.023112
0.021338
0.018444
0.026460
0.026470
0.026694
0.024688
0.034991
0.034177
0.035038
0.035033
0.030503
0.022020
0.020857
0.023998
0.033618
0.034354
0.034799
0.034341
0.039154
0.030357
0.033217
0.034603
0.034502
0.034698
0.035021
0.033031
0.032467
0.031990
0.035336
0.034523
0.034693
0.032354
0.035667
0.031814
0.031026
0.031046
0.031848
0.031908
0.040770
0.030402
0.036658
0.034002
0.042172
0.034386
0.028376
0.034814
0.033100
0.033957
0.044656
0.035281
0.034862
0.034777
0.032815
0.034004
0.033268
0.536802
0.035157
0.039730
0.021878
0.029424
0.026881
0.030089
0.031737
0.032013
0.030519
0.033418
0.033636
0.040663
0.034604
0.034131
0.029207
0.029493
0.030104
0.025710
0.028726
0.033707
0.033720
0.025613
0.035145
0.035221
0.033766
0.033369
0.035039
0.034339
0.031014
0.033768
0.032869
0.033424
0.033783
0.033811
0.025080
0.033788
0.034022
0.033246
0.033480
0.032830
0.033103
0.031912
0.031911
0.033202
0.033575
0.034214
0.034094
0.027072
0.033168
0.035449
0.032932
0.035190
0.034742
0.033667
0.029255
0.034425
0.033821
0.033710
0.041760
0.033973
0.025553
0.034166
0.031356
0.034451
0.034322
0.033920
0.033981
0.033947
0.025983
0.025234
0.023366
0.027638
0.026493
0.021800
0.022576
0.020161
0.023645
0.036614
0.039413
0.025951
0.019022
0.019289
0.028826
0.028634
0.027539
0.028402
0.027764
0.028154
0.033689
0.033370
0.032983
0.034435
0.033861
0.034141
0.029577
0.034098
0.033316
0.033358
0.034757
0.033497
0.027348
0.035308
0.032568
0.033822
0.033000
0.034398
0.033579
0.031170
0.034413
0.033885
0.034039
0.036423
0.034225
0.028420
0.037677
0.033855
0.033688
0.033849
0.034141
0.033824
0.027975
0.033763
0.032110
0.033276
0.042509
0.035106
0.025199
0.032073
0.032924
0.034167
0.038169
0.033707
0.034716
0.029697
0.022577
0.022642
0.020052
0.023923
0.032063
0.033638
0.023973
0.034167
0.032822
0.032888
0.040574
0.035539
0.035235
0.030800
0.030211
0.034133
0.033079
0.031621
0.029701
0.023916
0.030735
0.035099
0.032717
0.033666
0.033103
0.031212
0.029390
0.032641
0.034085
0.034562
0.032025
0.034226
0.028299
0.034076
0.033940
0.034280
0.033752
0.035497
0.026209
0.030716
0.027365
0.033700
0.033237
0.033403
0.038406
0.028157
0.028747
0.027618
0.026996
0.027468
0.027735
0.034353
0.032963
0.030551
0.029554
0.039992
0.034183
0.033694
0.034408
0.024416
0.030284
0.033259
0.032805
0.032785
0.032903
0.039861
0.028929
0.020355
0.100825
0.023265
0.025518
0.026170
0.028098
0.032899
0.034119
0.040634
0.030860
0.022481
0.018479
0.023773
0.028118
0.025966
0.027411
0.026839
0.027495
0.026210
0.031186
0.034051
0.033353
0.032540
0.033871
0.033271
0.033126
0.028950
0.031776
0.032766
0.033091
0.032813
0.032563
0.028396
0.032212
0.033677
0.033386
0.032948
0.034736
0.033405
0.030488
0.032751
0.035728
0.033360
0.041473
0.034470
0.024513
0.030076
0.033137
0.033034
0.034393
0.033473
0.033791
0.034057
0.040173
0.034842
0.033923
0.034249
0.033873
0.024188
0.033184
0.034943
0.033885
0.033878
0.042560
0.032857
0.025854
0.022324
0.025832
0.026788
0.029491
0.029318
0.024533
0.037777
0.037263
0.033207
0.033543
0.033208
0.036998
0.027969
0.025855
0.033142
0.034321
0.033113
0.034574
0.033028
0.031613
0.033679
0.034858
0.033996
0.033877
0.033550
0.031892
0.031605
0.033584
0.032630
0.032842
0.041340
0.031153
0.027236
0.031916
0.035518
0.034343
0.033404
0.033608
0.031396
0.033457
0.032574
0.042038
0.033824
0.033695
0.027339
0.028138
0.032986
0.036977
0.037740
0.034806
0.044494
0.031564
0.033964
0.034202
0.033976
0.033592
0.034737
0.022412
0.034404
0.034366
0.042285
0.034101
0.033086
0.033770
0.026589
0.025327
0.025171
0.022373
0.025307
0.033848
0.029373
0.031572
0.029997
0.117343
0.026032
0.022012
0.019109
0.024296
0.026138
0.026749
0.033449
0.034262
0.033638
0.027861
0.029220
0.033689
0.033369
0.033127
0.031803
0.033093
0.028239
0.030195
0.033215
0.041415
0.034216
0.035186
0.024107
0.033011
0.033723
0.033425
0.032362
0.038541
0.042685
0.032078
0.030725
0.032811
0.034485
0.033825
0.032911
0.022527
0.035060
0.037667
0.033481
0.042389
0.035447
0.033331
0.031540
0.033698
0.034255
0.033982
0.033427
0.033655
0.020981
0.035733
0.033436
0.034035
0.033722
0.033610
0.033615
0.023225
0.024451
0.023076
0.022423
0.027162
0.026882
0.034112
0.028192
0.033157
0.034603
0.032346
0.034962
0.033643
0.027577
0.026393
0.022682
0.024052
0.035705
0.033396
0.034472
0.023532
0.031900
0.034229
0.034335
0.033363
0.036562
0.034473
0.038036
0.033425
0.040793
0.034321
0.033932
0.032485
0.028191
0.033759
0.033626
0.033424
0.041912
0.036000
0.028449
0.028635
0.032830
0.033260
0.034262
0.033350
0.028834
0.031135
0.041858
0.033313
0.033040
0.033308
0.032865
0.031173
0.031397
0.033661
0.032842
0.033167
0.028959
0.028259
0.025591
0.034446
0.033472
0.034087
0.034080
0.034418
0.030905
0.023336
0.021396
0.022148
0.022675
0.032346
0.028195
0.020440
0.034227
0.030524
0.025433
0.030204
0.027975
0.026602
0.022584
0.018151
0.020055
0.028014
0.028336
0.034263
0.034724
0.033660
0.026676
0.041402
0.034194
0.033833
0.040755
0.034283
0.028959
0.028923
0.033242
0.033861
0.033958
0.033312
0.030135
0.036682
0.032231
0.033790
0.034077
0.033982
0.035086
0.030770
0.032304
0.033277
0.034480
0.034519
0.040969
0.027749
0.030466
0.034063
0.033581
0.033428
0.033135
0.034575
0.031689
0.031630
0.034986
0.034478
0.032936
0.033488
0.033334
0.020447
0.032698
0.033472
0.033494
0.041566
0.034624
0.033415
0.026840
0.019727
0.022778
0.023409
0.028395
0.034255
0.027265
0.038575
0.032482
0.032901
0.032251
0.033770
0.033406
0.031137
0.032433
0.033390
0.034508
0.033782
0.033608
0.031975
0.026719
0.042682
0.034467
0.034491
0.034163
0.034229
0.028889
0.021264
0.034534
0.034003
0.041054
0.035068
0.032464
0.028285
0.033533
0.033428
0.033877
0.034667
0.034459
0.030651
0.031707
0.035131
0.033896
0.033733
0.033826
0.030329
0.026973
0.033448
0.034794
0.036101
0.041791
0.034891
0.029050
0.029598
0.034505
0.033655
0.033285
0.034608
0.026743
0.040026
0.036431
0.034105
0.034795
0.033599
0.033835
0.029966
0.022714
0.020529
0.024089
0.022026
0.026526
0.027373
0.029792
0.034828
0.033653
0.036038
0.036250
0.019734
0.020969
0.019438
0.029439
0.033901
0.034114
0.035180
0.034437
0.038928
0.027747
0.034328
0.034397
0.034270
0.033478
0.033955
0.040141
0.025363
0.024733
0.032916
0.032907
0.034899
0.034165
0.019839
0.033432
0.033807
0.042003
0.035582
0.034576
0.034088
0.029869
0.034263
0.034540
0.033822
0.034512
0.034338
0.028111
0.035160
0.033772
0.033222
0.033421
0.033034
0.032340
0.032237
0.034917
0.034089
0.033932
0.034325
0.035669
0.025094
0.034720
0.032892
0.034486
0.035139
0.036080
0.031111
0.022650
0.022441
0.032541
0.022200
0.024408
0.025192
0.024415
0.034514
0.033874
0.033625
0.034176
0.033845
0.041840
0.032726
0.033088
0.042010
0.034039
0.037369
0.034229
0.024774
0.035422
0.041410
0.035363
0.034920
0.035011
0.033403
0.033389
0.033631
0.033824
0.128113
0.030402
0.033254
0.035316
0.034301
0.032571
0.033345
0.033497
0.025293
0.027598
0.034235
0.033128
0.033430
0.033500
0.031570
0.035384
0.033933
0.034238
0.033889
0.033175
0.034078
0.029540
0.024376
0.034234
0.033035
0.033355
0.033787
0.039098
0.033454
0.033879
0.035464
0.033808
0.035025
0.033259
0.029699
0.022284
0.025650
0.021899
0.019631
0.022309
0.033867
0.020954
0.033547
0.032919
0.033527
0.041093
0.021512
0.021010
0.018756
0.021083
0.037754
0.035066
0.033576
0.033949
0.034439
0.022347
0.034652
0.034015
0.033849
0.034529
0.033601
0.034620
0.025751
0.030279
0.033145
0.034315
0.037163
0.034202
0.020966
0.032702
0.033494
0.101700
0.033711
0.034225
0.028615
0.033717
0.033913
0.040978
0.034581
0.033811
0.024206
0.033063
0.033214
0.033836
0.033338
0.033578
0.033712
0.035481
0.032781
0.035298
0.037336
0.535630
0.033345
0.031554
0.025502
0.025713
0.027797
0.024674
0.030610
0.029000
0.020833
0.033636
0.034282
0.033412
0.033227
0.033831
0.042068
0.033467
0.034466
0.034695
0.033655
0.032718
0.041465
0.022764
0.032532
0.034558
0.041655
0.034322
0.034356
0.034340
0.032578
0.032974
0.033600
0.034199
0.034438
0.034896
0.020896
0.030562
0.031170
0.034953
0.036259
0.034326
0.034501
0.120169
0.034150
0.034572
0.033432
0.033836
0.028044
0.035023
0.034087
0.034413
0.034278
0.034835
0.033390
0.030349
0.033914
0.034125
0.033414
0.042233
0.034324
0.023038
0.028849
0.035095
0.033768
0.034095
0.033964
0.033855
0.027060
0.021177
0.020818
0.021310
0.022319
0.023397
0.033609
0.021122
0.028244
0.033956
0.033772
0.040042
0.019223
0.020808
0.018651
0.019520
0.029683
0.035477
0.034436
0.034652
0.033961
0.024008
0.034127
0.034492
0.033473
0.033902
0.033258
0.033610
0.026236
0.025855
0.033950
0.033949
0.036780
0.033621
0.033545
0.031326
0.035411
0.033505
0.033997
0.034153
0.034763
0.026043
0.023859
0.034744
0.041777
0.034875
0.034979
0.027377
0.033043
0.034816
0.034580
0.033982
0.033931
0.033969
0.037310
0.034309
0.034395
0.035647
0.033418
0.034071
0.023183
0.033463
0.035174
0.033689
0.042898
0.034786
0.034395
0.028956
0.031908
0.032301
0.032919
0.032932
0.035293
0.026118
0.037961
0.035746
0.035969
0.035324
0.036217
0.035164
0.026373
0.030883
0.034580
0.035249
0.034836
0.034809
0.026943
0.030338
0.035220
0.034850
0.036476
0.035700
0.034605
0.031002
0.031773
0.034264
0.033996
0.042836
0.035016
0.021553
0.036116
0.035684
0.034780
0.034730
0.034368
0.034726
0.027933
0.042408
0.034849
0.033849
0.032533
0.034326
0.023110
0.034458
0.034653
0.034649
0.042125
0.034671
0.034153
0.030996
0.033887
0.033915
0.034471
0.034705
0.034046
0.023144
0.041377
0.034239
0.034940
0.034292
0.035399
0.034746
0.034337
0.033135
0.035187
0.029971
0.034875
0.035726
0.027889
0.035854
0.034414
0.034916
0.035310
0.023280
0.018924
0.020337
0.027514
0.027086
0.026593
0.024056
0.038745
0.033984
0.029895
0.034755
0.034487
0.037435
0.035407
0.034265
0.034664
0.029742
0.034563
0.034441
0.034036
0.034089
0.035244
0.028811
0.033744
0.033953
0.033715
0.041665
0.035412
0.031906
0.032456
0.033882
0.035479
0.033719
0.031114
0.034042
0.026727
0.043042
0.034847
0.035179
0.034930
0.104898
0.033464
0.033919
0.033221
0.034702
0.034326
0.026628
0.035911
0.035773
0.034299
0.034548
0.034699
0.033952
0.029694
0.024033
0.021408
0.022414
0.022840
0.027781
0.032819
0.027015
0.030455
0.033851
0.034712
0.033869
0.033654
0.033668
0.027038
0.032585
0.042765
0.035655
0.034966
0.034103
0.021371
0.026114
0.033912
0.034343
0.034222
0.033937
0.040847
0.032085
0.030594
0.030263
0.032867
0.031124
0.034702
0.033040
0.027723
0.034146
0.044167
0.034444
0.034140
0.033510
0.034238
0.029522
0.034163
0.034294
0.032697
0.034933
0.032552
0.031899
0.034447
0.034549
0.032963
0.034082
0.039388
0.031485
0.028373
0.033738
0.033394
0.032740
0.033168
0.035922
0.036275
0.036045
0.033247
0.033772
0.035576
0.034167
0.024832
0.022601
0.025469
0.021736
0.022104
0.033699
0.028621
0.020808
0.033083
0.034114
0.034074
0.042203
0.024175
0.019284
0.017431
0.027724
0.035526
0.038408
0.035210
0.034605
0.028574
0.041522
0.033297
0.033281
0.034754
0.034183
0.032492
0.030991
0.032943
0.034741
0.035928
0.033751
0.034616
0.033650
0.033681
0.034758
0.033742
0.033926
0.033871
0.033708
0.030101
0.028196
0.035402
0.034955
0.033791
0.034066
0.032025
0.032727
0.034567
0.034774
0.033658
0.041716
0.034075
0.030621
0.030811
0.033593
0.035180
0.034308
0.113306
0.034747
0.041979
0.035326
0.036567
0.035401
0.033564
0.031800
0.023561
0.022582
0.025045
0.028013
0.034129
0.032271
0.035383
0.029812
0.033684
0.034115
0.034263
0.034584
0.031692
0.031818
0.033673
0.034194
0.041762
0.033657
0.031365
0.033971
0.034241
0.033773
0.034843
0.033715
0.034094
0.030847
0.028342
0.035117
0.035244
0.034036
0.034905
0.030156
0.033761
0.034180
0.034430
0.033374
0.034050
0.034829
0.029748
0.027762
0.033184
0.033471
0.033795
0.034215
0.034807
0.033649
0.041162
0.033213
0.032461
0.032741
0.032262
0.030012
0.029811
0.033499
0.033465
0.034273
0.033525
0.036030
0.030581
0.035377
0.035186
0.150924
0.033339
0.027814
0.033556
0.032530
0.028495
0.033364
0.041962
0.023930
0.031321
0.033738
0.033433
0.034223
0.022097
0.022832
0.020419
0.018534
0.022283
0.028527
0.034112
0.033670
0.034119
0.021277
0.032087
0.034538
0.033461
0.041069
0.035604
0.033907
0.032213
0.033337
0.035956
0.033265
0.034416
0.033931
0.021344
0.041737
0.035346
0.034425
0.031611
0.034180
0.033763
0.032494
0.037992
0.033715
0.032909
0.033293
0.033765
0.021609
0.031874
0.033961
0.032997
0.033775
0.033272
0.033587
0.033406
0.034203
0.033822
0.038915
0.034829
0.035219
0.020590
0.034784
0.034526
0.033548
0.033595
0.040280
0.041933
0.027120
0.018960
0.020369
0.021157
0.023319
0.024744
0.027873
0.029459
0.034145
0.042578
0.034347
0.034860
0.034422
0.032750
0.028165
0.032430
0.034420
0.033786
0.034505
0.034070
0.030567
0.035138
0.033762
0.034212
0.033840
0.033205
0.034458
0.031803
0.033906
0.033356
0.033623
0.034254
0.033568
0.031043
0.034333
0.034005
0.034362
0.032627
0.033206
0.032077
0.030077
0.033165
0.035033
0.033666
0.031632
0.032993
0.028606
0.033712
0.031204
0.031715
0.031835
0.039376
0.032436
0.030531
0.033010
0.032588
0.031448
0.031718
0.034239
0.026740
0.041240
0.033585
0.033750
0.032182
0.036472
0.035141
0.029802
0.028458
0.031948
0.024426
0.025049
0.023989
0.029247
0.025078
0.034645
0.038646
0.032496
0.027417
0.023361
0.019081
0.025335
0.033878
0.034970
0.035187
0.035479
0.035337
0.022190
0.032542
0.035033
0.034331
0.034365
0.036072
0.041905
0.034602
0.034308
0.034521
0.034499
0.033631
0.034718
0.023451
0.033381
0.033916
0.034584
0.035078
0.034494
0.034819
0.033675
0.033652
0.034843
0.034292
0.034236
0.034029
0.023947
0.034306
0.034023
0.033857
0.032391
0.033349
0.034363
0.030841
0.034782
0.036959
0.036549
0.039805
0.033510
0.020241
0.030052
0.032216
0.037333
0.033357
0.035541
0.033417
0.028383
0.021260
0.029072
0.025024
0.022682
0.029441
0.029958
0.022340
0.033512
0.031943
0.032823
0.033716
0.143955
0.031371
0.033479
0.032721
0.032369
0.033325
0.030113
0.030951
0.035476
0.034672
0.035148
0.035528
0.036220
0.031599
0.031072
0.033412
0.033526
0.032691
0.033337
0.027035
0.036027
0.033651
0.033901
0.033129
0.033470
0.034253
0.031857
0.033081
0.033097
0.033816
0.037596
0.037838
0.027284
0.029474
0.034459
0.033616
0.032988
0.032939
0.033039
0.031204
0.031767
0.041679
0.036249
0.044385
0.034945
0.025203
0.034633
0.034661
0.032945
0.034008
0.030511
0.034599
0.033710
0.033226
0.033223
0.028788
0.034197
0.033486
0.027068
0.034447
0.034240
0.042327
0.029945
0.023898
0.019247
0.017183
0.030210
0.033647
0.034914
0.030693
0.028072
0.026643
0.029396
0.032308
0.036391
0.035105
0.034661
0.036495
0.033888
0.033509
0.033163
0.033826
0.033712
0.033631
0.033740
0.025795
0.034874
0.033661
0.034145
0.033350
0.033169
0.033462
0.033143
0.034355
0.041322
0.034127
0.034694
0.029756
0.025993
0.033440
0.034454
0.034070
0.033549
0.042146
0.038783
0.033949
0.034481
0.034902
0.033118
0.036222
0.023297
0.033340
0.043192
0.034716
0.033806
0.034684
0.033662
0.030422
0.020211
0.021388
0.018730
0.023549
0.024405
0.028399
0.022079
0.032372
0.034337
0.034095
0.034857
0.034240
0.033714
0.027688
0.033325
0.038267
0.042316
0.034865
0.033982
0.023210
0.029996
0.034671
0.034718
0.035253
0.033850
0.042509
0.028225
0.028713
0.028521
0.033031
0.033770
0.033895
0.028940
0.031383
0.033684
0.040780
0.034292
0.034568
0.033801
0.028136
0.033521
0.034146
0.034270
0.032659
0.033894
0.022783
0.035244
0.034867
0.034143
0.034498
0.034087
0.033498
0.030692
0.027877
0.029224
0.028502
0.028567
0.036875
0.034944
0.028383
0.034132
0.033131
0.033522
0.034748
0.034345
0.033133
0.023892
0.023902
0.023287
0.024228
0.028627
0.033559
0.020720
0.033708
0.034170
0.033729
0.042532
0.024269
0.021449
0.018994
0.017433
0.020290
0.032205
0.024202
0.023904
0.029959
0.030617
0.042452
0.035479
0.034664
0.123069
0.033797
0.029543
0.033655
0.033827
0.034201
0.033524
0.033491
0.026642
0.032159
0.032712
0.032964
0.033359
0.033365
0.033831
0.030207
0.031771
0.033079
0.033445
0.041564
0.034388
0.029229
0.034612
0.033114
0.033410
0.036853
0.034005
0.032899
0.031205
0.035392
0.033614
0.034240
0.033906
0.034078
0.020476
0.034084
0.040413
0.035256
0.033436
0.034101
0.033550
0.029811
0.019743
0.021247
0.021862
0.024960
0.023604
0.029686
0.028560
0.034847
0.033361
0.033804
0.034774
0.034423
0.033822
0.031016
0.033792
0.034865
0.033653
0.041787
0.035131
0.022746
0.034106
0.034384
0.034036
0.033814
0.033923
0.033669
0.032354
0.042327
0.034105
0.033528
0.032758
0.033650
0.026058
0.034026
0.032997
0.033514
0.033283
0.042122
0.031983
0.031851
0.071591
0.042079
0.035367
0.034084
0.020553
0.042504
0.033660
0.033787
0.033231
0.034041
0.033970
0.034013
0.033559
0.033726
0.033235
0.033470
0.034176
0.027271
0.034540
0.034336
0.034013
0.034791
0.033948
0.034351
0.031352
0.022123
0.022300
0.018563
0.032272
0.029713
0.030853
0.031401
0.033557
0.034624
0.033654
0.031633
0.020747
0.019526
0.025543
0.029902
0.033481
0.032842
0.033598
0.039729
0.022398
0.029097
0.037017
0.035836
0.035824
0.035193
0.033301
0.032094
0.028550
0.028792
0.028394
0.028231
0.028378
0.024001
0.125845
0.033984
0.033285
0.033073
0.033168
0.031470
0.030012
0.032805
0.033759
0.032420
0.033645
0.022673
0.028781
0.028138
0.028371
0.029329
0.034428
0.035005
0.031151
0.032134
0.032996
0.041764
0.034048
0.033902
0.023246
0.028574
0.033476
0.033411
0.033148
0.033350
0.042864
0.031559
0.024431
0.021742
0.021446
0.025480
0.022669
0.033966
0.021672
0.038387
0.032650
0.032554
0.034479
0.033681
0.034157
0.029705
0.029872
0.028537
0.029432
0.035083
0.033256
0.028992
0.026110
0.028678
0.031765
0.034963
0.034828
0.034692
0.032239
0.034487
0.033578
0.033753
0.041793
0.033979
0.027939
0.034031
0.034436
0.040508
0.034278
0.033765
0.033825
0.035795
0.031710
0.032664
0.033416
0.032919
0.033945
0.025432
0.027036
0.034050
0.033935
0.044184
0.034267
0.034114
0.029587
0.034289
0.033992
0.033349
0.034647
0.033490
0.023270
0.031169
0.034077
0.034113
0.034060
0.034207
0.033670
0.029653
0.021729
0.020403
0.021078
0.020702
0.026241
0.028508
0.030919
0.032999
0.034378
0.032618
0.033715
0.025878
0.020490
0.018091
0.018884
0.029816
0.034938
0.032732
0.033918
0.033878
0.021007
0.028658
0.034211
0.034527
0.043523
0.035726
0.034640
0.028906
0.027986
0.033267
0.033997
0.033936
0.041412
0.027072
0.035038
0.034281
0.033322
0.034733
0.033643
0.033814
0.031896
0.032166
0.033515
0.032805
0.033652
0.034295
0.033776
0.035911
0.034041
0.033122
0.033411
0.033362
0.034303
0.032902
0.032938
0.033484
0.033592
0.041423
0.033949
0.023578
0.034465
0.033291
0.033898
0.033583
0.032939
0.032843
0.029997
0.037210
0.033006
0.027581
0.033029
0.034189
0.026234
0.032749
0.033940
0.034195
0.041965
0.034597
0.035568
0.031648
0.033819
0.033146
0.037934
0.034478
0.032908
0.031984
0.033893
0.045710
0.034496
0.034102
0.033776
0.031081
0.031851
0.040771
0.034056
0.033888
0.034056
0.020308
0.033920
0.033553
0.034552
0.034743
0.033845
0.033713
0.029166
0.028796
0.033290
0.033971
0.033368
0.141819
0.035159
0.036118
0.033478
0.033925
0.034267
0.036060
0.032633
0.033812
0.033013
0.033784
0.042849
0.029365
0.026962
0.033479
0.034720
0.033625
0.033368
0.033448
0.036791
0.032900
0.022228
0.022810
0.024276
0.026599
0.028373
0.019379
0.025184
0.031501
0.033447
0.043563
0.021344
0.021132
0.017869
0.018877
0.021901
0.019517
0.021360
0.033629
0.031661
0.027147
0.022186
0.021387
0.026842
0.034408
0.033825
0.034295
0.041016
0.030589
0.029879
0.034146
0.033777
0.033497
0.043903
0.032132
0.034095
0.034037
0.035793
0.033366
0.033789
0.032527
0.032419
0.040448
0.034193
0.033237
0.033448
0.031393
0.032230
0.029527
0.028492
0.028367
0.034885
0.035088
0.034290
0.033549
0.034554
0.033685
0.033876
0.036518
0.033259
0.031817
0.034493
0.034162
0.034274
0.033637
0.033246
0.032689
0.027630
0.025159
0.023734
0.022294
0.024683
0.025610
0.028208
0.033609
0.034407
0.034168
0.033831
0.035482
0.033623
0.030561
0.033486
0.033810
0.034600
0.034820
0.034435
0.030803
0.032485
0.033634
0.033480
0.028674
0.031722
0.033791
0.038425
0.033358
0.034774
0.034009
0.032859
0.034145
0.030697
0.030473
0.034275
0.043013
0.034416
0.033220
0.034328
0.031134
0.031560
0.034042
0.035123
0.035540
0.033768
0.029028
0.041995
0.034014
0.034808
0.034349
0.033442
0.033796
0.027893
0.030942
0.033972
0.033376
0.033998
0.033969
0.028586
0.034295
0.034294
0.034756
0.034109
0.033448
0.033680
0.028824
0.023506
0.020269
0.025244
0.020693
0.026521
0.033255
0.021484
0.032397
0.033601
0.035944
0.034642
0.032668
0.028432
0.018696
0.023368
0.023050
0.026390
0.026080
0.028677
0.034036
0.027419
0.039796
0.035297
0.032985
0.033929
0.036827
0.034397
0.033631
0.032402
0.034310
0.033348
0.033815
0.033908
0.023005
0.032749
0.033606
0.033663
0.033771
0.033929
0.033812
0.031420
0.031241
0.034116
0.042186
0.034048
0.033839
0.020611
0.032480
0.033684
0.034018
0.034523
0.033468
0.034768
0.031492
0.034157
0.034578
0.033509
0.033404
0.033622
0.021149
0.031940
0.039924
0.034303
0.032466
0.034265
0.033435
0.032169
0.021953
0.021687
0.017832
0.023348
0.031800
0.033160
0.026967
0.032490
0.036499
0.035247
0.034205
0.034096
0.033508
0.029204
0.044268
0.036625
0.041396
0.035501
0.028751
0.033545
0.033888
0.034439
0.033365
0.035038
0.034188
0.036798
0.031258
0.033926
0.033997
0.033306
0.033804
0.025102
0.032288
0.034825
0.033801
0.034378
0.033536
0.034984
0.032389
0.033346
0.033785
0.034430
0.034334
0.034153
0.022937
0.029994
0.034586
0.034066
0.034497
0.034117
0.033944
0.030145
0.032870
0.034427
0.034619
0.038961
0.034696
0.030399
0.034891
0.034667
0.033510
0.033789
0.033953
0.034848
0.027936
0.024053
0.023842
0.029696
0.023183
0.028030
0.031244
0.024987
0.033930
0.034155
0.034214
0.032969
0.030429
0.018360
0.024217
0.032497
0.034136
0.035412
0.033749
0.035532
0.020626
0.033228
0.035203
0.034644
0.033976
0.034623
0.034655
0.033485
0.034903
0.034639
0.034506
0.034001
0.033717
0.029522
0.035105
0.033870
0.035202
0.035205
0.034660
0.034274
0.026899
0.030965
0.033816
0.034680
0.033756
0.042277
0.020594
0.032885
0.034001
0.033776
0.032583
0.034521
0.034149
0.030858
0.033583
0.043816
0.034608
0.034001
0.032977
0.023143
0.034425
0.033598
0.033423
0.041021
0.033972
0.033555
0.129039
0.023290
0.022838
0.028670
0.029821
0.022734
0.045136
0.034858
0.034664
0.033964
0.034436
0.034195
0.032334
0.034027
0.034296
0.032866
0.034528
0.033964
0.020937
0.026789
0.033803
0.033463
0.033883
0.033913
0.033800
0.032063
0.033833
0.034509
0.037821
0.041458
0.034046
0.021069
0.032346
0.033366
0.034356
0.033353
0.035865
0.033649
0.040194
0.034245
0.034307
0.033968
0.033666
0.033356
0.022861
0.034567
0.033345
0.033736
0.042798
0.033456
0.033968
0.029203
0.033451
0.033518
0.034027
0.033068
0.033715
0.037984
0.034899
0.033984
0.033923
0.035377
0.033265
0.032676
0.026037
0.021346
0.023022
0.017667
0.023044
0.036069
0.031688
0.032675
0.035659
0.033681
0.034379
0.025457
0.024442
0.020461
0.034582
0.031916
0.033259
0.033721
0.034775
0.032929
0.031537
0.033178
0.024595
0.023490
0.033255
0.028998
0.033458
0.030314
0.034117
0.034725
0.034529
0.033985
0.035181
0.020666
0.033811
0.034462
0.034412
0.035979
0.034060
0.034724
0.032319
0.033815
0.033332
0.034209
0.033277
0.033041
0.021909
0.031785
0.033737
0.034069
0.034182
0.034107
0.033193
0.031481
0.032077
0.033358
0.042570
0.034427
0.033697
0.020124
0.030292
0.033427
0.033894
0.034212
0.034245
0.046113
0.031285
0.023171
0.023910
0.025004
0.027288
0.031837
0.030988
0.030534
0.032331
0.033951
0.037773
0.035134
0.033970
0.029661
0.033039
0.035356
0.033941
0.034885
0.033045
0.028623
0.028241
0.033540
0.033153
0.032872
0.032219
0.033567
0.031132
0.032453
0.033327
0.033325
0.034342
0.043608
0.026817
0.031260
0.034427
0.035700
0.034132
0.033743
0.033684
0.029011
0.029357
0.033908
0.034163
0.035037
0.034239
0.032617
0.028044
0.029470
0.033313
0.041908
0.035387
0.033824
0.034384
0.031818
0.034229
0.034177
0.033650
0.033436
0.033599
0.023199
0.043056
0.034210
0.033341
0.034044
0.032616
0.034031
0.030406
0.032813
0.032518
0.032810
0.034994
0.033829
0.024601
0.033905
0.034665
0.033581
0.034255
0.029747
0.018393
0.017994
0.019030
0.106229
0.040061
0.033994
0.029343
0.031601
0.033226
0.033278
0.034245
0.034491
0.033772
0.031733
0.029363
0.034123
0.034776
0.034370
0.034453
0.033395
0.028767
0.038693
0.034688
0.042575
0.034881
0.033227
0.029949
0.033558
0.033702
0.033530
0.033504
0.032780
0.026368
0.035176
0.034588
0.032369
0.033569
0.033142
0.034231
0.030305
0.031967
0.033985
0.034016
0.033826
0.033110
0.028245
0.029744
0.030106
0.027511
0.033003
0.034537
0.037642
0.031398
0.026259
0.021047
0.030292
0.024322
0.028028
0.027945
0.021635
0.034622
0.033432
0.034462
0.027647
0.023225
0.027172
0.020961
0.027099
0.021492
0.020050
0.016496
0.035833
0.033031
0.022138
0.033847
0.022411
0.104608
0.030934
0.034178
0.029170
0.023474
0.021871
0.035004
0.035265
0.028146
0.034687
0.032632
0.033609
0.034415
0.033934
0.033774
0.033095
0.033720
0.027261
0.030999
0.033248
0.033370
0.044834
0.034431
0.029159
0.035221
0.035402
0.023007
0.022348
0.033075
0.027242
0.034980
0.034244
0.033442
0.033695
0.034807
0.033988
0.022811
0.032396
0.033454
0.033550
0.041782
0.036527
0.034723
0.032442
0.020434
0.020966
0.021813
0.024191
0.024768
0.026978
0.021874
0.029884
0.028792
0.033017
0.033815
0.022145
0.020380
0.018366
0.028314
0.026774
0.022727
0.025586
0.028666
0.034436
0.020654
0.033023
0.033926
0.035084
0.033382
0.033934
0.032952
0.030372
0.034068
0.035732
0.034098
0.032492
0.032942
0.019388
0.032646
0.033095
0.033693
0.039969
0.034966
0.033856
0.030862
0.033515
0.034627
0.032901
0.035283
0.033577
0.025473
0.029932
0.030756
0.028906
0.029340
0.034815
0.030358
0.028754
0.032555
0.034658
0.035081
0.034222
0.033749
0.031738
0.031423
0.035626
0.034319
0.034572
0.035480
0.034169
0.031994
0.023877
0.021197
0.022831
0.032300
0.029634
0.027931
0.020541
0.029219
0.028748
0.033927
0.033423
0.034481
0.040869
0.029903
0.032850
0.033715
0.033201
0.036091
0.033105
0.019853
0.033533
0.033908
0.042003
0.034271
0.034379
0.033458
0.033125
0.034589
0.034041
0.033811
0.033413
0.033806
0.023495
0.035015
0.036991
0.033407
0.033220
0.033871
0.033273
0.038398
0.034061
0.033682
0.037409
0.033592
0.041111
0.031488
0.034019
0.033200
0.033660
0.033933
0.032879
0.031079
0.031789
0.041895
0.034865
0.034415
0.033164
0.022359
0.031054
0.032442
0.033542
0.033703
0.041605
0.034650
0.029547
0.023122
0.024990
0.022341
0.023500
0.024760
0.026793
0.019761
0.029600
0.034265
0.033576
0.032869
0.027119
0.021091
0.019242
0.024928
0.034039
0.033547
0.033240
0.032726
0.033126
0.022374
0.033328
0.033832
0.032618
0.030667
0.024090
0.021701
0.025551
0.034114
0.042239
