16523264
16523264
16523264
16523264
16523264
16785408
16785408
16785408
16785408
16785408
16785408
16785408
16785408
16785408
16785408
16785408
16785408
16785408
16785408
16785408
16785408
16785408
16785408
16785408
16785408
16785408
16785408
16785408
16785408
16785408
16785408
16785408
16785408
16785408
16785408
16785408
16785408
16785408
16785408
16785408
16785408
16785408
16785408
16785408
16785408
16785408
16785408
16785408
16785408
16785408
16785408
16785408
16785408
16785408
16785408
16785408
16785408
16785408
16785408
16785408
16785408
16785408
16785408
16785408
16785408
17047552
17047552
17047552
17047552
17047552
17047552
17047552
17047552
17047552
17047552
17047552
17047552
17047552
17047552
17047552
17047552
17047552
17047552
17047552
17047552
17047552
17047552
17047552
17047552
17309696
17309696
17309696
17309696
17309696
17309696
17833984
17833984
17833984
17833984
17833984
