7424672
8396152
9033728
9702168
10372032
7878456
8494488
9156336
9814184
10481496
11136864
7922440
8575360
9240152
9893016
10557352
11209768
7793904
8402896
9042144
9693696
10357488
11009000
8059056
8702944
9367000
10018296
10681552
11333192
8103688
8755024
9418632
10069944
10733424
11384824
8159248
8811288
9474440
10125800
10789192
11440184
8020640
8628664
9267336
9918688
10582032
11233024
8273840
8924944
9588160
10239336
10902904
11553992
8323520
8974544
9637696
10288744
10952016
11603072
8183856
8791896
9430312
10081336
10744712
11395896
8436488
9087592
9750776
10401800
11064928
11715920
8485392
9136560
9799808
10450832
11114232
11765224
8539376
9190368
9853552
10504544
11167760
11818752
8455936
9119152
9770440
10433656
11084672
11748016
8651456
9302448
9965888
10617072
11280224
11931248
8700400
9351448
10014600
10665624
11328776
11979744
8560144
9168072
9806376
10457416
11120568
11771592
8812008
9463000
10126184
10777208
11440392
12091416
8862600
9512296
10175448
10826504
11489720
12140712
8914568
9565616
10228800
10879800
11542952
12194008
8774416
9382368
10020792
10671960
11335144
11986168
9026616
9677672
10340824
10991912
11655432
12306488
9075928
9726920
10390072
11041096
11704248
12355240
8935552
9543888
10181712
10832704
11495856
12146848
9187392
9838408
10501552
11152536
11815752
12466872
9236328
9887368
10550928
11201920
11865072
12516064
9289920
9940968
10604184
11255272
11918456
12569448
9215432
9870040
10521056
11184232
11835456
12498696
9402208
10053248
10716472
11367544
12030784
12681776
9451392
10102448
10765600
11416624
12079800
12731240
9311368
9919304
10557672
11208720
11871920
12528736
9569808
10220880
10884144
11535184
12198416
12849520
9619200
10270272
10947064
11598112
12261320
12912400
9686632
10337760
11001032
11652112
12315320
12966360
9546736
6194176
6830528
7481552
8144704
8795728
9458880
10109872
10773104
11424144
12087344
12738416
6332992
6982552
7645704
8296696
8959848
9610840
10274072
10925088
11588264
12239280
12902512
6437336
7086952
7750184
8401224
9064456
9715496
10378728
11029800
11693000
12344040
13007304
6535792
7185328
7848480
8499536
9162688
9813680
10476896
11127952
11791136
12442160
13105344
6633592
7283208
7957336
8608408
9271640
9922744
10585976
11237016
11900248
12551320
13214520
13865560
6745376
7394976
8058160
8709152
9372304
10023392
10686576
11337600
12000784
12651936
13315088
6849784
7499384
8162568
8813592
9476744
10127768
10790952
11441976
12105160
12756152
13419336
6946720
7597712
8260864
8911888
9575072
10226160
10889376
11540368
12203520
12854536
13517688
7045984
7695520
8358704
9009728
9672976
10323968
10987120
11638112
12301296
12952320
13615536
7142232
7793320
8456504
9107496
9770680
10421672
11089528
11740520
12403736
13054728
13717944
14368936
7265072
7898832
8562016
9237704
9900968
10552104
11215336
11866376
12529608
13180680
13843880
7378536
8028120
8691320
9342360
10005560
10656600
11319832
11970872
12634104
13285208
13948440
7485704
8127144
8790376
9441416
10104616
10755656
11418888
12069960
12733160
13384200
14052240
7580504
8230152
8893352
9544456
10207680
10863296
11526528
12177552
12840704
13499776
14162960
7691400
8340968
9004152
9655168
10318368
10977104
11640368
12291360
12954544
13605640
14268824
14919912
7799536
8449072
9112224
9763280
10426496
11077520
11740704
12391728
13054944
13705936
14369200
7903920
8553520
9216704
9867728
10530944
11181936
11845088
12496176
13159328
13810320
14473568
8014704
8651888
9315040
9966064
10629216
11280208
11943424
12594448
13257632
13908688
14571904
8100288
8749888
9413136
10064160
10727376
11378400
12041552
12692576
13355824
14006816
14670000
8198296
8847864
9511048
10162040
10825192
11476216
12139432
12790456
13453640
14104696
14767848
15418872
8298608
8948144
9611328
10262320
10925504
11576496
12239712
12890800
13553952
14204976
14868160
8402768
9052304
9715488
10366544
11029792
11680784
12343968
12994960
13658144
14309224
14972408
8509776
9150272
9813424
10464472
11127752
11778744
12442040
13093032
13756280
14407272
15070456
8599176
9248744
9911928
10562984
11226136
11877128
12540344
13191400
13854648
14505640
15168824
8705736
9346920
10010096
10661152
11324368
11975392
12638544
13289632
13952816
14603808
15266960
15918016
8797608
9447264
10110480
10761536
11424720
12075712
12738864
13389888
14053072
14704152
15367336
8900696
9551688
10214840
10865864
11529016
12180040
12843224
13494248
14157432
14808520
15471800
9007712
9649680
10312864
10963856
11627000
12278056
12941240
13592256
14255440
14906464
15569616
9097944
9747504
10410656
11061680
11724832
12375952
13039256
13690248
14353392
15004448
15667632
9196224
9845760
10508912
11159936
11823120
12474176
13137320
13788376
14451560
15102616
15765800
16416792
9296728
9946352
10609504
11260496
11923680
12574672
13237856
13888936
14552088
15203080
15866264
9408456
10050448
10713632
11364688
12027840
12678832
13342016
13993040
14656256
15307280
15970464
9497304
10148296
10811480
11462472
12125688
12776776
13439928
14090952
14754136
15405128
16068280
9596496
10246056
10909240
11560288
12223432
12874456
13537608
14188632
14851848
15502864
16166080
9702040
10344024
11007176
11658264
12321512
12972504
13635656
14286680
14949864
15600856
16264040
16915032
9795176
10444744
11107896
11758952
12422104
13073096
13736240
14387264
15050512
15701536
16364752
9907192
10549096
11212248
11863336
12526488
13177480
13840728
14491784
15154936
15805992
16469176
9997360
10646976
11331632
11982648
12645896
13296888
13960072
14611064
15274280
15925304
16588456
10116752
10766320
11429568
12080560
12743712
13394800
14057984
14709008
15372192
16023184
16686400
10213848
10885648
11548888
12199912
12863160
13514152
14177336
14828328
15491480
16142600
16805808
17456800
10336672
10986256
11649488
12300584
12963800
13614848
14278032
14929048
15592296
16243376
16906576
10442416
11092032
11755296
12406336
13069488
13720536
14383688
15034680
15697856
16348912
17012088
10581880
11190552
11853784
12504984
13168184
13819248
14482544
15133616
15796848
16447920
17111184
10639384
11289000
11952216
12603208
13266392
13917384
14580568
15231592
15894776
16545832
17209016
10737408
11387000
12050184
12701176
13364328
14015384
14678600
15329592
15992776
16643768
17306920
17957968
10837648
11487208
12150392
12801416
13464568
14115560
14778704
15429696
16092848
16743872
17407024
10941920
11591512
12254664
12905720
13568904
14219896
14883136
15534160
16197376
16848400
17511552
11039736
11689304
12352488
13003512
13666696
14317720
14980872
15631896
16295048
16946168
17609320
11138096
11787656
12450840
13106176
13769408
14420480
15083712
15734752
16397952
17049024
17712256
11240520
11890104
12553336
13204408
13867672
14518744
15181944
15833112
16507608
17158656
17821888
18472992
11352632
12002248
12665480
13316520
13979744
14630784
15294080
15945120
16608352
17259424
17922720
11457696
12107376
12770560
13421616
14084800
14735856
15399064
16050120
16713272
17364296
18027448
11555600
12205216
12868400
13519456
14182632
14833624
15496808
16147832
16811016
17462040
18125312
11653528
12303056
12966240
13617264
14280456
14931448
15594600
16245784
16913920
17564968
18228184
11757056
12406656
13069808
13720928
14384080
15035104
15698352
16349376
17012528
17663520
18326672
18977664
11857344
12506912
13170088
13821080
14484264
15135256
15798472
16449496
17112648
17763768
18427016
11961736
12611384
13274568
13925592
14588776
15239800
15902952
16554008
17217192
17869880
18533064
12061360
12710944
13374128
14025184
14688360
15339376
16002560
16653616
17320680
17971696
18634912
12161640
12812680
13475896
14126920
14790072
15441096
16104256
16755280
17418456
18069480
18732664
19383656
20046808
20697888
21361096
22012104
22675344
23326384
23989584
24640656
25303888
12409056
13072208
13723200
14386416
15063216
15726448
16377440
17040592
17691680
18354832
19005952
19669104
20320152
20983384
21634424
22297624
22948664
23611896
24262944
24926152
25577264
12621936
13285200
13936296
14599528
15250600
15913800
16564872
17228072
17879112
18542344
19193416
19856680
20507712
21170888
21821880
22485032
23136088
23799240
24450264
25113416
25764440
12729192
13335528
13998680
14649728
15312880
15963968
16627152
17278176
17941360
18592384
19255592
19906616
20569800
21220856
21884064
22535088
23198240
23849264
24512448
25163568
25826720
12916984
13522328
14185512
14836504
15499752
16150776
16813992
17475640
18138816
18789872
19453056
20104048
20767232
21418280
22081432
22732456
23395608
24046664
24709816
25360864
26024048
13109632
13719752
14382904
15033928
15697144
16348168
17011352
17678904
18342144
18993184
19665936
20317008
20980184
21631208
22294392
22945416
23608568
24259592
24922808
25573864
26237016
13321800
13934600
14597784
15248800
15912048
16565568
17228752
17879776
18542960
19193984
19857168
20508160
21171312
21822336
22485488
23136544
23799760
24450752
25113960
25764984
26428192
27079208
13521936
14126880
14790112
15441152
16104336
16755352
17418568
18069648
18732880
19384016
20047248
20698272
21361512
22012568
22675776
23326816
23990080
24641096
25304280
25955360
26618512
27269536
13796576
14459776
15110824
15774056
16425160
17088336
17739392
18402568
19053624
19716800
20367840
21031072
21682128
22345344
22996408
23659624
24310640
24973904
25624928
26288112
26939168
13905584
14516320
15179504
15830496
16493712
17145912
17809120
18460192
19123424
19774464
20437696
21088768
21752000
22403032
23066296
23717368
24380568
25031608
25694872
26345904
27009104
14178568
14841800
15492856
16156040
16807064
17470280
18121304
18784456
19435512
20098784
20749840
21413056
22064048
22727296
23378352
24041536
24692552
25355704
26006728
6382784
7029664
7680704
8343904
8994944
9658144
10310888
10974144
11625208
12288408
12939544
13602840
14253880
14917080
15568184
16231384
16882424
17545648
18196688
18865112
19516144
20179296
6631640
7233016
7883224
8534216
9197424
9848448
10511632
11162624
11825776
12476800
13139952
13790936
14454088
15105080
15768296
16419288
17082440
17733496
18396768
19047824
19711008
6813448
7418264
8081480
8732504
9395688
10051928
10715136
11366128
12029280
12680368
13343584
13994576
14674656
15325704
15988920
16639944
17303128
17954120
18617336
19268328
19931544
7022712
7627400
8290552
8941576
9604760
10255816
10919000
11569992
12233176
12884168
13547384
14198408
14861592
15512584
16175736
16826728
17489880
18140936
18804120
19455176
20118392
7204728
7814152
8477336
9128360
9791504
10442528
11105680
11756672
12419920
13071008
13734160
14385152
15048392
15699416
16362632
17013624
17676840
18327928
18991080
19642104
20305248
7412480
8013760
8663952
9314944
9978128
10629120
11292296
11943320
12606504
13257528
13920808
14571864
15235016
15886008
16549192
17200248
17863400
18514456
19177640
19828632
20491784
7661312
8324464
8975520
9638704
10289728
10981984
11633000
12301688
12952728
13615944
14266968
14930144
15581136
16244320
16895376
17558592
18209608
18872760
19523816
20186968
20838024
7803912
8408856
9072008
9723032
10386184
11037232
11700384
12351376
13035960
13686976
14350192
15001248
15664432
16315456
16978608
17629632
18292808
18943832
19607048
20258128
20921304
8090784
8753936
9404920
10068120
10719144
11382360
12033376
12696592
13347616
14010768
14661792
15324944
15975928
16639112
17290136
17953288
18604312
19267496
19918520
20581672
21232696
8198632
8803512
9466728
10117712
10780928
11432016
12095224
12754008
13417216
14068200
14731416
15382440
16045656
16696672
17359848
18010872
18674056
19325080
19988264
20639256
21302472
8392888
8998208
9661424
10312544
10975760
11626752
12289904
12940928
13604144
14255136
14918320
15569312
16232464
16883520
17546704
18197728
18860912
19511904
20175088
20826112
21514712
8601192
9210328
9873512
10524536
11187680
11838704
12501888
13152880
13816064
14467112
15130296
15781384
16444528
17095616
17758768
18409792
19073008
19724032
20387184
21038240
21701488
8787608
9397272
10060424
10711416
11374632
12025656
12688840
13339832
14002984
14654008
15317256
15968248
16631400
17282392
17945544
18596568
19259744
19910736
20573912
21224968
21888184
8979656
9583888
10247032
10898120
11561272
12212264
12875448
13526504
14189688
14840680
15503864
16154920
16818072
17469064
18132280
18783272
19446424
20097448
20760664
21411688
22074840
9182080
9783600
10433616
11084640
11747920
12398912
13062096
13713152
14376336
15027392
15690600
16341656
17004872
17655896
18319048
18970072
19633256
20284248
20947496
21598488
22261640
9431168
10094448
10745440
11408656
12059648
12722832
13373880
14037064
14726840
15390048
16041072
16704256
17355280
18018488
18669544
19332720
19983712
20646864
21297920
21961072
22612128
9576928
10183136
10846384
11497408
12160584
12811608
13474760
14125784
14788968
15439960
16103104
16754096
17417248
18068240
18731424
19382480
20045664
20696688
21359872
22010896
22674048
9764232
10369752
11033000
11684024
12347208
12998200
13672648
14323664
15011336
15662472
16325704
16976808
17640104
18291144
18954440
19605512
20268712
20919816
21583048
22234088
22897320
9983568
10593008
11256272
11907344
12570544
13221616
13884848
14535888
15199088
15850192
16513392
17164432
17827664
18478768
19142000
19793096
20456296
21107368
21770600
22421672
23084872
23735904
10186296
10786600
11449272
12102056
12765256
13416392
14079592
14730696
15393896
16045000
16708232
17359304
18024856
18675928
19339104
19990120
20653368
21304360
21967536
22618528
23281744
10377624
10983416
11646592
12297576
12960760
13611752
14275000
14925992
15589176
16240168
16903352
17554376
18217528
18868520
19531696
20182720
20845896
21496920
22160136
22811128
23474312
10564400
11169896
11833080
12484072
13147248
13798240
14461424
15112448
15775600
16426624
17089872
17740864
18404016
19055072
19718256
20369312
21032464
21683456
22346608
22997600
23660752
10745576
11356344
12019496
12670552
13333736
13984760
14647944
15298968
15962120
16613112
17276264
17927352
18590568
19241560
19904776
20555768
21218920
21869912
22533064
23184048
23847232
24498224
11019248
11682432
12333424
12996608
13647656
14310872
14961896
15625048
16276072
16939216
17590240
18253448
18904472
19567624
20218640
20881856
21532880
22196032
22847088
23510240
24161264
11132816
11738368
12401520
13052544
13715720
14366744
15029960
15680984
16344136
16995160
17658344
18309336
18972520
19623544
20286696
20937784
21600968
22251992
22915144
23566136
24229288
11398672
12061880
12712968
13376120
14027112
14690264
15341256
16004536
16655528
17318744
17969792
18632976
19284000
19947152
20598208
21261424
21912448
22575600
23226624
23889776
24540800
11585536
12248688
12899712
13562896
14213888
14877072
15528128
16191344
16842336
17505552
18161992
18825144
19476192
20139424
20790464
21453696
22104896
22768096
23419264
24082560
24733600
25396864
11707720
12307816
12986968
13638040
14301192
14952216
15615368
16266360
16929576
17580632
18243784
18894808
19558056
20209080
20872264
21523280
22186464
22837448
23500664
24151720
24814904
11911496
12516984
13180200
13831256
14494472
15145488
15808672
16459664
17122848
17773872
18437048
19088104
19751288
20402376
21065552
21716536
22379688
23030680
23693824
24344840
25008056
12098408
12703896
13367144
14018232
14681416
15332472
15995656
16646680
17309832
17960848
18624056
19275080
19938328
20589376
21252528
21903584
22566736
23217760
23880912
24531968
25195184
12280048
12890904
13554048
14205072
14868224
15519216
16182360
16833352
17496536
18147528
18810704
19461696
20124872
20775864
21439080
22090136
22753352
23404376
24067528
24718640
25381824
26032848
12467192
13079936
13743088
14394080
15057232
15708288
16371440
17022496
17685680
18336704
18999856
19650848
20314000
20964992
21628208
22279296
22942448
23593432
24256616
24907608
25570848
12747064
13410232
14061288
14724504
15375528
16038776
16689768
17352952
18004040
18667224
19318208
19981392
20632384
21295600
21946584
22609736
23260760
23951224
24602296
25265528
25916592
12881808
13487464
14150664
14801800
15465000
16116040
16779240
17430280
18093544
18744584
19407784
20058856
20722080
21373120
22036320
22687360
23350624
24001728
24665024
25316128
25979328
13069512
13675128
14349840
15000952
15664168
16315152
16978368
17629488
18292768
18943760
19606944
20257936
20921152
21572208
22235392
22886416
23549568
24200552
24863704
25514688
26177872
26828864
13276680
13876728
14539144
15190168
15853384
16504408
17167624
17818640
18481824
19132848
19796056
20447048
21110232
21761256
22424464
23075488
23738672
24389688
25052872
25703896
26367168
13463672
14069320
14732536
15383560
16046808
16697800
17360984
18011976
18675128
19326152
19989400
20640424
21303600
21954624
22617808
23268800
23932008
24583024
25246240
25897232
26560408
13650416
14256168
14919344
15570336
16233584
16884608
17547792
18198848
18862000
19513024
20176168
20827160
21490344
22141456
22804672
23455696
24118872
24769952
25433136
26084128
26747312
13837256
14442984
15106200
15757192
16420432
17071488
17734640
18385656
19048808
19699800
20370328
21021344
21684528
22335520
22998736
23649728
24312880
24963904
25627088
26278080
26941232
27592256
14113200
14776432
15427456
16090632
16741744
17404888
18055912
18719064
19370088
20033272
20684360
21347608
21998600
22661752
23312872
23976024
24627080
25290232
25941256
26604408
27262280
14233792
14839576
15502728
16153744
16816896
17467920
18131136
18782160
19445408
20096400
20759584
21410608
22073792
22724816
23387968
24038992
24702208
25353232
26016416
26667408
27330592
14420568
15026200
15689408
16340432
17003616
17654640
18317888
18968880
19632032
20283024
20946208
21597224
22260376
22911464
23574616
24225608
24888760
25539816
26203000
26854024
27517208
14607256
15212856
15876040
16527048
17190312
17841384
18504648
19155720
19818912
20470008
21133272
21784344
22447576
23098648
23761840
24412904
25076168
25727232
26390464
27041536
27704768
28355936
6611120
7258752
7909792
8572992
9224032
9887256
10538296
11201552
11856568
12519768
13170904
13834200
14485240
15148440
15799512
16462712
17113752
17776984
18428024
19091224
19742256
20405456
6854160
7455616
8105824
8756864
9420096
10071168
10734400
11385440
12048640
12699712
13362912
14013952
14677152
15328192
15991488
16642528
17305728
17956832
18620160
19271264
19934496
7036904
7641640
8304904
8955976
9619208
10270312
10933544
11584584
12247784
12898920
13562184
14213224
14876424
15527496
16190760
16841832
17505064
18156104
18819368
19470408
20133672
7224384
7829536
8492736
9143808
9807040
10458144
11121376
11772416
12435648
13086688
13749952
14401024
15064256
15715296
16378496
17029536
17692736
18343840
19007072
19658176
20321440
7412248
8017064
8680296
9331368
9994568
10645640
11308840
11959880
12623176
13274312
13937512
14588552
15251816
15902888
16566152
17217192
17880456
18531592
19194792
19845864
20509064
7616552
8217448
8868120
9519160
10182392
10833432
11496632
12147704
12810936
13462008
14125336
14776440
15439640
16090680
16753912
17405016
18068216
18719320
19382552
20033592
20696792
7866384
8529584
9180688
9843920
10495024
11158224
11809264
12472464
13123536
13786768
14437808
15101040
15752080
16415312
17066416
17729616
18380688
19043920
19694992
20358192
21009296
7975384
8580104
9243336
9894472
10557672
11208776
11871976
12523016
13186216
13837256
14500552
15151592
15814824
16465960
17129160
17780264
18443496
19094536
19757832
20408936
21072168
8162272
8768000
9431200
10082272
10745504
11396608
12059840
12710944
13374176
14025216
14688448
15339488
16002688
16653760
17316992
17968032
18631264
19282336
19945568
20596608
21259840
8344400
8955584
9618848
10269888
10933152
11584288
12247552
12898688
13561920
14212960
14876224
15527296
16190560
16841632
17504864
18155936
18819168
19470240
20133472
20784512
21447776
22098880
8558248
9159656
9809880
10460936
11124088
11775080
12438264
13089320
13752472
14403496
15066648
15717640
16380848
17031872
17695056
18346080
19009232
19660256
20323440
20974464
21637648
22288672
8738176
9341664
10004816
10655840
11319024
11970016
12633200
13284256
13947440
14598528
15261680
15912768
16575920
17226944
17890160
18541184
19204336
19855392
20518640
21169728
21832944
9008840
9671992
10323048
10986232
11637256
12300408
12951400
13614584
14265672
14928824
15579816
16242968
16893960
17557144
18208168
18871320
19522344
20185560
20836616
21499832
22150856
9133568
9738712
10401864
11052848
11716032
12367088
13030272
13681264
14344448
14997768
15678320
16330832
16994096
17645136
18308336
18959408
19622672
20273744
20936944
21587984
22251216
9420856
10084056
10735128
11398360
12049496
12712728
13363800
14027000
14678072
15341336
15992376
16655672
17306744
17970008
18621048
19304152
19955224
20618408
21269432
21932616
22583640
9541752
10154504
10817688
11468680
12131832
12782856
13469256
14120304
14783600
15434672
16097872
16748944
17412144
18063216
18726416
19377520
20040720
20691792
21354992
22006024
22669320
23320360
9766880
10368032
11031328
11682432
12345664
12996736
13659936
14311008
14974272
15625344
16288576
16939616
17602880
18253952
18917152
19568224
20231424
20882528
21545760
22196896
22860192
9955456
10561792
11224992
11876064
12539264
13190368
13853632
14504736
15167968
15819104
16482336
17133440
17796736
18447776
19110976
19762080
20425280
21076320
21739520
22390592
23053792
23704864
10151840
10752112
11415376
12066416
12729616
13380656
14043856
14694928
15358128
16009168
16672400
17324744
17987944
18638984
19302184
19953224
20616488
21267560
21930760
22581864
23245128
10340504
10947256
11610488
12261560
12924760
13575896
14239128
14890168
15553400
16204504
16867768
17518872
18182136
18833176
19496376
20147480
20810776
21461880
22125080
22776152
23439352
24090424
10611504
11274800
11925872
12589072
13240144
13903344
14554480
15217712
15868848
16532112
17183152
17846352
18497392
19160624
19811664
20474864
21125936
21789168
22440208
23103440
23754576
10725352
11331992
11995256
12646296
13309560
13960600
14623928
15275000
15938200
16589272
17252472
17903512
18566744
19217880
19883296
20534336
21197600
21848672
22511904
23162944
23826240
10915416
11523960
12187192
12838264
13501528
14152600
14815864
15466936
16130168
16781240
17444440
18095504
18758736
19409872
20073072
20724176
21387472
22038544
22701840
23352880
24016112
24667152
11113928
11720696
12383880
13034968
13698152
14349144
15012296
15663288
16326440
16977496
17640680
18291736
18954920
19605912
20269096
20920120
21583304
22234296
22897512
23550592
24213776
11303616
11915824
12578976
13230000
13893216
14544272
15216456
15867536
16530688
17181744
17844928
18495952
19159136
19839480
20502688
21153744
21816928
22467952
23131104
23782128
24445344
25096336
11543248
12143536
12806720
13457808
14121056
14772048
15435200
16086224
16749440
17400464
18063616
18714640
19377824
20028816
20691960
21342984
22006200
22657192
23320440
23971464
24634648
11729848
12336696
12999848
13650872
14314056
14965112
15628328
16279352
16942536
17593560
18256776
18907768
19570984
20222008
20885256
21536280
22199432
22850488
23513640
24164696
24827848
25478904
11925680
12528008
13191152
13842144
14505296
15156288
15819472
16470464
17133616
17784704
18447920
19098944
19762128
20413120
21076304
21727296
22390448
23041440
23704720
24355744
25018928
12194968
12858144
13509136
14172320
14823344
15486560
16137584
16800736
17455096
18118280
18769304
19432488
20083480
20746664
21397688
22060904
22711960
23375144
24026296
24689448
25340504
12304352
12911248
13574432
14225456
14888672
15539696
16202880
16853960
17517176
18168232
18831448
19482472
20145656
20796648
21459832
22110920
22774072
23425064
24088216
24739272
25402424
26053416
12487664
13100408
13763672
14414744
15077976
15729016
16392248
17043288
17706552
18357656
19020920
19671992
20335192
20986296
21660728
22314856
22978088
23629128
24292360
24943400
25607736
12783888
13447088
14098192
14761424
15412496
16075728
16726768
17389968
18041008
18704272
19355408
20018608
20669648
21332848
21983888
22647152
23298256
23961408
24612432
25275712
25926736
26589984
12973824
13637056
14288160
14951392
15602432
16277576
16928616
17591880
18242920
18906120
19557192
20220392
20871464
21534696
22185768
22849064
23500136
24163336
24814472
25477704
26128744
13099240
13705944
14369208
15020248
15683448
16334488
16997720
17648760
18311960
18963000
19626264
20277368
20940664
21591800
22255000
22906104
23569304
24220344
24883640
25534744
26197944
26849048
13370248
14033576
14684568
15347752
15998744
16661960
17313016
17976200
18627224
19290376
19941368
20604520
21255512
21918696
22569688
23232872
23883928
24547144
25198168
25861384
26512408
13482792
14089632
14752816
15403840
16067056
16718048
17381232
18032256
18695472
19346496
20009680
20660704
21323888
21974912
22638192
23289216
23952400
24603456
25266640
25917728
26580880
13664600
14276552
14939704
15590728
16253976
16905000
17568184
18219208
18882384
19533408
20196624
20847648
21510864
22161856
22825040
23476128
24139280
24790304
25453456
26104544
26767728
27418752
13939712
14602888
15253912
15917064
16568056
17231240
17882360
18545608
19196632
19859816
20510904
21174088
21825080
22488264
23142096
23805376
24456432
25119584
25770672
26433888
27084880
14135872
14799072
15450064
16113216
16764208
17427392
18078384
18741600
19392592
20055744
20706768
21369952
22020944
22684096
23335120
23998304
24649328
25312512
25963536
26626816
27277808
27940992
14344272
14988320
15639344
16305272
16956408
17619608
18270648
18933976
19585016
20248280
20899320
21562552
22213592
22876856
23527896
24191128
24842168
25505400
26156440
26819664
27470768
14441352
15048184
15711336
16362360
17025544
17676568
18339752
18990744
19653928
20304984
20968168
21619192
22282344
22933368
23596552
24247544
24910760
25561784
26224968
26875992
27539240
28190232
14637904
15238816
15902048
16553120
17216320
17867456
18530656
19181696
19844896
20496000
21159232
21810304
22473536
23124576
23787808
24438880
25102072
25753176
26416408
27067512
27730744
14906712
15569976
16221080
16884312
17535384
18198616
18849656
19512888
20163992
20827224
21478296
22141528
22792600
23455928
24106968
24772016
25423120
26086320
26737456
27400720
28060768
6639512
7288000
7939016
8602168
9253160
9916312
10567304
11230512
11881536
12544688
13195776
13859024
14510016
15173168
15824192
16487344
17138336
17801520
18452512
19115664
19766656
20429808
6940608
7603824
8254880
8918032
9569088
10232240
10883264
11546416
12197408
12860592
13511584
14174736
14825728
15488880
16139936
16803088
17454080
18117296
18768416
19431632
20082656
7058216
7664600
8327816
8978840
9642024
10293080
10956264
11607256
12270408
12921496
13584712
14235704
14898856
15549880
16213096
16864120
17527304
18178296
18841512
19492504
20155720
20806744
7254304
7853808
8516992
9168016
9831232
10482256
11145400
11796424
12459576
13110632
13773816
14424840
15087992
15738984
16415112
17066128
17729344
18380368
19043584
19694640
20357792
7450296
8059864
8723048
9374040
10037224
10688216
11351368
12002456
12665704
13316696
13979848
14630904
15294088
15945144
16608296
17259352
17922600
18573592
19236776
19887768
20550920
21201912
7667216
8266592
8912208
9563200
10226352
10877376
11540560
12191584
12854864
13505920
14169072
14820064
15483248
16134304
16797456
17448512
18111696
18762688
19425840
20076864
20740016
7836144
8442064
9105280
9756272
10419424
11070416
11733600
12384624
13047776
13698800
14361944
15012968
15676184
16327176
16990360
17641400
18304584
18955576
19618792
20269784
20932968
8022344
8628824
9291976
9943032
10606184
11257176
11920328
12571320
13234568
13885560
14548744
15199832
15862984
16514040
17177224
17828216
18491464
19142520
19805704
20456792
21119944
21770936
8218256
8817968
9482888
10133912
10804760
11459080
12122232
12773248
13436400
14087392
14750576
15401600
16064752
16715768
17378952
18029976
18693128
19344152
20007336
20658328
21321544
8417272
9023560
9686808
10337896
11001112
11652136
12315280
12966336
13629520
14280576
14943760
15594784
16257968
16908992
17572176
18223200
18886352
19537408
20200624
20851680
21514896
22166016
8687104
9350280
10001272
10664456
11315512
11978664
12629688
13292840
13943832
14607048
7424560
15258072
8396064
15921256
9033728
16572280
9706440
17235432
10376560
17886456
7876728
18549640
8493008
19200664
9160312
19863848
9813872
20514872
10481064
21178056
11136400
21829080
7960368
8800360
8575016
9406216
9240040
10069400
9892760
10720392
10557096
11383576
11209624
12047520
7851080
12710728
8514944
13361816
9167280
14024968
9831032
14676056
10482632
15339208
11146336
15990232
8051168
16653448
8703184
17304472
9367248
17967624
10018512
18618680
10681800
19281928
11333440
19933016
8104880
20596232
8754696
21247224
9418208
21910376
10069552
22561432
10733032
9009360
6474464
9608488
6587216
10271640
7213352
10922632
6457816
11585816
6432904
12236904
6208496
12900056
5868456
13551048
6475760
14214200
6109144
14865192
5828616
15528376
6464944
16179392
6122904
16842544
5849936
17493568
6492208
18163120
6149664
18814200
5844064
19477416
6457256
20128440
6141936
20791592
5904480
21450768
6547024
22113944
6171688
9209736
5931712
9816072
6574120
10479288
6231784
11130312
5959272
11793464
6601776
12444488
7265120
13107704
5940696
13758696
6553712
14421848
7161344
15072904
7805656
15736056
6412528
16387048
7044592
17050232
7695960
17701288
6325528
18364472
6941408
19015464
7604608
19678616
6487552
20329640
7106960
20992888
7756672
21643880
6510232
22307064
7129688
9414424
7779616
10014160
6435256
10665984
7042440
11317008
7681576
11980160
6399296
12631184
7050336
13294400
7713536
13945392
6426064
14608640
7077368
15259664
7740872
15947232
6453568
16598272
7104672
17261424
7767904
17912448
6480456
18575632
7131856
19226656
7795120
19889840
6678024
20540864
7297480
21204080
7947160
21855104
6700864
22518288
7320192
23169280
7969888
9690104
6625528
10353288
7232440
10974000
7871832
11571896
6589424
12216984
7240448
12868008
7903600
13531160
6616088
14182184
7267176
14845336
7930360
15496360
6643320
16159512
7294344
16810568
7957496
17501768
6670064
18152816
7321144
18815968
7984360
19466960
6867536
20130208
7486848
20781200
8136512
21444352
6889656
22095376
7508904
22777440
8158504
9872552
6814464
10479624
7421696
11142808
8060720
11740328
6777880
12338392
7428904
12983192
8092056
13580760
6804512
14178056
7455568
14823544
8118864
15420840
6831864
16019024
7482856
16663952
8146072
17261520
6858560
17858784
7509584
18504336
8172792
19101600
7147424
19699560
7798496
20344872
8461792
20995864
7077976
21659048
7697336
22256584
8346920
22853880
7003128
23510392
7610008
10094096
8249480
10692560
6966752
11345760
7617824
11943368
8281056
12540776
6993976
13186344
7645016
13783688
8308192
14381960
8959240
15026936
9622416
15677976
10273464
16341240
6917904
16938776
7554360
17536040
8205416
18181528
8868568
18779080
9519616
19377112
10182824
20021904
7343408
20619472
7994456
21216800
8657640
21862352
9308696
22459872
9972008
23058072
10623000
23702664
7393784
10299176
8043440
10896736
8706648
11550736
9357688
12148016
10020920
12746224
10671960
13391264
7252024
13988848
7858880
14586160
8498208
15231696
9149232
15829008
9812416
16427248
10463408
17072224
7504232
17669808
8155344
18267184
8818528
18912776
9469520
19510088
10132672
20108040
10783664
20753336
7553152
21404408
8204240
22067608
8867456
22718744
9518480
23381976
10181632
23979560
10832688
10504624
7606544
11102608
8257632
11756208
8926872
12353808
9577888
12951104
10241040
13596592
10892096
14193824
7472256
14791728
8077904
15437040
8718688
16088096
9369712
16751248
10032896
17348816
10697568
17946112
7738064
18591632
8389168
19242720
9052456
19905968
9703624
20503232
10366936
21101072
11018072
21746320
7799528
22343856
8438920
22941472
9102104
23586704
9753128
24184032
10416376
10771616
11067400
11434792
7614712
12032328
8230552
12629592
8893704
13275112
9544760
13872632
10207976
14470664
10859000
15115432
7899584
15785160
8550608
16448336
9213816
17045888
9864840
17643504
10528016
18288816
11179008
18891704
7948160
19489544
8599184
20134840
9262336
20732360
9913360
21329592
10576640
21975320
11227632
22626344
8001664
23289496
8652720
23886680
9315904
24484520
9966928
10947224
10630112
11544816
11281136
12198816
7926816
12849872
8581280
13513024
9232304
14110544
9895456
14707808
10546512
15353440
11209696
15950816
8113856
16549088
8765048
17193856
9428264
17791344
10079288
18388608
10742440
19034240
11393464
19631456
8162672
20229616
8813696
20874688
9476912
21472176
10127936
22069488
10791120
22715072
11442112
23312224
8022128
23910096
8624640
11137304
9279336
11737752
9930384
12400904
10593584
12998424
11244680
13595752
8285320
14241384
8936392
14838824
9599592
15436760
10250664
16081800
10913928
16679256
11564968
17276520
8334168
17922152
8985272
18519336
9648504
19117560
10299640
19762600
10963032
20360056
11614136
20957288
8388104
21602888
9039176
22200200
9702408
22797944
10353448
23443272
11016680
24094328
11667720
24757512
8248080
11347552
8850400
11944832
9494400
12599120
10145536
13196352
10808800
13794528
11459936
14439648
8500400
15037152
9151472
15634512
9814704
16280176
10465776
16877376
11129040
17475264
11780112
18120640
8550912
18771744
9200560
19435008
9863824
20032544
10514928
20629888
11178128
21275536
11829168
21873088
8409392
22474416
9012224
23119200
9655712
23716728
10306752
24314040
10969984
24959720
11621088
11618464
8661704
12281696
9312744
12879344
9975976
13476848
10627112
14122192
11290376
14719760
11941416
15317040
8710616
15962720
9361656
16613760
10024944
17276992
10675984
17874288
11339248
18474304
11990320
19119648
8764520
19717152
9415592
20314752
10083496
20960176
10734568
21557408
11397720
22155296
12048776
22800672
8685656
23451744
9348864
24114944
9999952
24765984
10663168
25429216
11314192
11763848
12002072
12361128
8905672
13015480
9556688
13612712
10219904
14210792
10870896
14856040
11534080
15507112
12185168
16170312
8954824
16767848
9605816
17365160
10269032
18010872
10920056
18608424
11583240
19206472
12234232
19851432
8814312
20448968
9415304
21046312
10060536
21691960
10711528
22289224
11374776
22887432
12025800
23532584
9066544
24130120
9717536
24727400
10380688
25373112
11031680
12056984
11694832
12695144
12345920
13292632
9115136
13890712
9766160
14544096
10429344
15141616
11080336
15738920
11748288
16384488
12399312
16981848
9173936
17579880
9824984
18224808
10488160
18822248
11139216
19419480
11806936
20065192
12458008
20662680
9038080
21260824
9639128
21905608
10292424
22503064
10943440
23100328
11606592
23745944
12257736
24343080
9298384
24941208
9949400
25586360
10612552
12182768
11271488
12780016
11934664
13434272
12585720
14031408
9354872
14629536
10005960
15274592
10669112
15872064
11320136
16469360
11983320
17115008
12634440
17712144
9214688
18310080
9815032
18955424
10460976
19606448
11112000
20269632
11775152
20867072
12426144
21464336
9094544
22109984
9731000
22707424
10381992
23305376
11045208
23950432
11696296
24548032
12359512
25145264
9037944
25793032
9647512
12391032
10310664
12988584
10961688
13642536
11624832
14293560
12275888
14956776
12939040
15554248
9577344
16151512
10226944
16797192
10890128
17394680
11541120
17992712
12204304
18637704
12855328
19235176
9632360
19832440
10281920
20478056
10945064
21075224
11596088
21673448
12259336
22318472
12910328
22915912
9547552
23513144
10210704
24158824
10861728
24755960
11524944
25353800
12175968
12580520
12839184
13181520
6228664
13844736
6872168
14442208
7523208
15039472
8186432
15685088
8837472
16282496
9500672
16880384
10151712
17525504
10814912
18123008
11465928
18720304
12129128
19365952
12780240
19963088
13443416
20561280
6438496
21206304
7040272
21803744
7690064
22401008
8341104
23046624
9004304
23643792
9655376
24241920
10318576
24886944
10969680
25484480
11632920
26081712
12283968
12853328
12947272
13516536
6529344
14114008
7136816
14711752
7800000
15356888
8451024
15954024
9114176
16551864
9765200
17197240
10428384
17807024
11079408
18404280
11742624
19049896
12393616
19647448
13056768
20244904
6585096
20890248
7234744
21487752
7898008
22084984
8549112
22730632
9212440
23381752
9863480
24044936
10526712
24642168
11177752
25240008
11840984
25885352
12492088
26482848
13155320
13070096
6694736
13733248
7333344
14384272
7996544
15047424
8647616
15644624
9310880
16242464
9961984
16887776
10625184
17538800
11276256
18201952
11939448
18799424
12590552
19396688
13253784
20042336
6782080
20639560
7431760
21245712
8094992
21891048
8746096
22542136
9409360
23205312
10060432
23802736
10723632
24399968
11374736
25045600
12038096
25642784
12689136
26240848
13352368
26885952
14003472
13209144
6883312
13808984
7532928
14472136
8196144
15069256
8847216
15667432
9510416
16312488
10161520
16909976
10824784
17507304
11475888
18166808
12139120
18763936
12790192
19361840
13453488
20007184
6988176
20658176
7637752
21321424
8301048
21918896
8952152
22516128
9615448
23161840
10266488
23759552
10929688
24357776
11580728
25003072
12243960
25600512
12895032
26197744
13558232
26843456
7086608
13428728
7736192
14028216
8399424
14691400
9050560
15288808
9713920
15886040
10365056
16531688
11028288
17128792
11679360
17726664
12342592
18372040
12993664
19023064
13656864
19686280
7199992
20283752
7834712
20881016
8497944
21526728
9149016
22124152
9812328
22722232
10463400
23367144
11126632
23964552
11777704
24561816
12440904
25207528
13091944
25804632
13755144
26402792
7292160
27047880
7933056
13706576
8596256
14369760
9247296
14967200
9910488
15564464
10561560
16210144
11224760
16861168
11875832
17524448
12539064
18121584
13190136
18719456
13853368
19364864
14504440
19962304
7507680
20559920
8170912
21205280
8821952
21802576
9485216
22400256
10136320
23045600
10799584
23643040
11450624
24240368
12113856
24886048
12764896
25537072
13428080
26200256
14079104
26797360
7487464
27395232
8138488
13911248
8801672
14574432
9452664
15171816
10115880
15769896
10766904
16414808
11430088
17012312
12081080
17609544
12744232
18255224
13395256
18852808
14058408
19450856
7586688
20095640
8236256
20693080
8899440
21290376
9550464
21936024
10213648
22533448
10864640
23131560
11527824
23776336
12178816
24373776
12842000
24971104
13492992
25616848
14156200
26214272
7684464
26812272
8334112
14113384
8997368
14776568
9648432
15373672
10311696
15971544
10962768
16616888
11625968
17268008
12277072
17931224
12940304
18528624
13591440
19125944
14254640
19771656
7782960
20368760
8432576
20966632
9095808
21611976
9746848
22262968
10410112
22926120
11061216
23577112
11724448
24240296
12375552
24837704
13038848
25435000
13689888
26080648
14353152
26678168
15004256
7094328
7901112
7094200
8533624
7714840
9196888
6416992
9847928
7062080
10511192
7725232
11162264
6439944
11825464
7082296
12476536
7745528
13139768
6467312
13790808
7109664
14454008
7772896
7987272
6494072
8638312
7136456
9301544
7799688
9952648
6521304
10615848
7163752
11266920
7826952
11930120
6515376
12581192
7117120
13244456
7718608
13895528
8379952
14558728
6999536
8087192
7620352
8736872
8269936
9400072
6927488
10051176
7529328
10714408
8173744
11365504
6891168
12028704
7542224
12700488
8205432
13363696
6918224
14014688
7569280
14677840
8235072
8206056
6947680
8855624
7598672
9518840
8261888
10169864
7143592
10833048
7764200
11484072
8413736
12147256
7165312
12798248
7786192
13461400
8435728
14112456
7059120
14775672
7674928
8304576
8338112
8954144
7055240
9617328
7706328
10268352
8369512
10931536
7082392
11582528
7733416
12266312
8396600
12917328
7109056
13580544
7760144
14231600
8423328
14894816
7136440
15545936
7787424
8425616
8450576
9075152
7330472
9738336
7952552
10389360
8602088
11052544
7447256
11703632
8098312
12366784
8761488
13017808
7474160
13681024
8125184
14332016
8788400
14995232
7392912
8531080
8048128
9180648
8699144
9843832
7329352
10494888
7943064
11158104
8606328
11809096
7322624
12472248
7973648
13123240
8636832
13786456
7349856
14437480
8000912
15100632
8664064
8628784
7545216
9278352
8166048
9941568
8815616
10592592
9478768
11255744
10129808
11906736
10793008
12569920
7667792
13220976
8318816
13884128
8981968
14535152
9632960
15198368
10296168
8725320
10947232
9376336
7721848
10039488
8372864
10690512
9036048
11353728
9687072
12004752
10350288
12668000
11001312
13318992
7581384
13982200
8183072
14633288
8827600
15296440
9478592
8824656
10141776
9474192
10792768
10137440
7833504
10788464
8484496
11451648
9147744
12102672
9798736
12765824
10461920
13416816
11112976
14079968
7882136
14730960
8533216
15394112
9196432
16045104
9847536
8935832
10510784
9574328
11161808
10237512
7798856
10888568
8462096
11551720
9113088
12202744
9776272
12865896
10427296
13516920
11090448
14180136
7993920
14831160
8645008
15494344
9308224
9037456
9959272
9678896
10622424
10342080
11282272
10993072
8063384
11656352
8702696
12307344
9365928
12970560
10017032
13621584
10680264
14284768
11331304
14935792
8105328
15598960
8756432
9127112
9419664
9776680
10070704
10439864
10733904
11090920
11384976
11754104
7965096
12405088
8566600
13068336
9211480
13719360
9862584
14382512
10525784
15033536
11176824
15719152
8217888
9247360
8868928
9896896
9532160
10560176
10183200
11211264
10846384
11874416
11497408
12525408
8268160
13188688
8917760
13839680
9581000
14507184
10232024
15158208
10895208
15821360
11546232
9348288
8126280
9999312
8727640
10662464
9372472
11313552
10023528
11976736
10686680
12627824
11337704
13291008
8378280
13942032
9029336
14605216
9692520
15256208
10343608
15919360
11006792
16570352
11659400
9452256
8428848
10113048
9079840
10776248
9742992
11427272
10394080
12090456
11057264
12741512
11708288
13404696
8482144
14055720
9133136
14718904
9796344
15369960
10447432
16033112
11110584
9567288
11761664
10216856
8407344
10880008
9061864
11531000
9712888
12194312
10376072
12845336
11027064
13508512
11690216
14159504
8593624
14822656
9244616
15473680
9907832
16136960
10565888
9665344
11229128
10314912
11880168
10978128
8649600
11629120
9300768
12292272
9964000
12943328
10615072
13606512
11278304
14257504
11944176
14920688
8524360
15571736
9123752
16234888
9770712
16885936
10421752
9765560
11084984
10415208
11736056
11078424
8404720
11729448
9041104
12392632
9692176
13043712
10355408
13706928
11006480
14358016
11669680
15021200
8830616
15672224
9481688
16335376
10144888
9870008
10795960
10524584
11459160
11187736
12110232
11838760
8879576
12501936
9530616
13153048
10193848
13816248
10844920
14467320
11518480
15130472
12169496
15781464
8943352
16444648
9594376
9984440
10257528
10622712
10908584
11285960
11571800
11937016
12222792
12600192
8859816
13251216
9522968
13914432
10174024
14565456
10837208
15228632
11488200
15879624
12151384
16542776
8793016
10070928
9444072
10720464
10107256
11383648
10758312
12034672
11421496
12697856
12072520
13348912
9108320
14012064
9759344
14663120
10422592
15326368
11073648
15977424
11736800
16640640
12387824
17291696
9157152
10185888
9808144
10821040
10471328
11484272
11122320
12135312
11785504
12798544
12436528
13449712
9210544
14112976
9861592
14764112
10524776
15427344
11175800
16078416
11838984
16741616
12490008
10284696
9070184
10930000
9668936
11593200
10316472
12244256
10967520
12907504
11630704
13558496
12281728
14221680
8950080
14872672
9586512
15535848
10237536
16186936
10900720
16850120
11551768
10378272
12214920
11027864
9376096
11691096
10027112
12342200
10690384
13005432
11341408
13656568
12004560
14319800
12655584
14970872
9426256
15634104
10075848
16285144
10739032
16948440
11390024
10475184
12053208
11126256
12704200
11789488
9478256
12440592
10129280
13103824
10792432
13754928
11443456
14418160
12106608
15095528
12757664
15758736
9394568
16409760
10057776
17073008
10708800
17724000
11372048
10604232
12023072
11253824
12686224
11917040
9327984
12568096
9979000
13231280
10642232
13882272
11293304
14545488
11956504
15196480
12607496
15859664
9643296
16510688
10294320
17173872
10957472
10748520
11608528
11357672
12271704
12020824
12922760
12671848
9692032
13335000
10343080
13985992
11006264
14649176
11657320
15300168
12320472
15963320
12971496
16614408
9745496
17277592
10396520
10805776
11059736
11455336
11710728
12118488
12373944
12769544
13025000
13432696
9605064
14083784
10214080
14746936
10861624
15397928
11512680
16061176
12175896
16712296
12847760
17375512
9516296
18026504
10152688
10920088
10803792
11555800
11468976
12219000
12120016
12870040
12783272
13533272
9944168
