622592
671744
688128
688128
688128
704512
712704
712704
729088
737280
737280
770048
778240
778240
802816
802816
802816
827392
827392
827392
851968
860160
876544
909312
909312
917504
942080
950272
966656
983040
983040
983040
1007616
1024000
1024000
1040384
1040384
1040384
1056768
1073152
1073152
1097728
1105920
1114112
1138688
1146880
1163264
1179648
1179648
1179648
1204224
1204224
1212416
1228800
1236992
1253376
1294336
1294336
1294336
1310720
1310720
1318912
1343488
1351680
1351680
1384448
1392640
1400832
1417216
1433600
1441792
1458176
1466368
1466368
1482752
1482752
1490944
1515520
1531904
1531904
1548288
1556480
1556480
1581056
1622016
1622016
1638400
1646592
1654784
1679360
1679360
1687552
1720320
1720320
1720320
1744896
1744896
1744896
1769472
1785856
1794048
1810432
1810432
1810432
1835008
1843200
1851392
1867776
1867776
1867776
1900544
1916928
1925120
1949696
1949696
1966080
1982464
1998848
1998848
2015232
2015232
2031616
2056192
2056192
2056192
2072576
2088960
2097152
2121728
2121728
2121728
2146304
2162688
2162688
2187264
2187264
2187264
2203648
2220032
2228224
2260992
2269184
2269184
2301952
2310144
2318336
2334720
2334720
2342912
2359296
2367488
2367488
2383872
2383872
2408448
2424832
2433024
2441216
2457600
2457600
2457600
2498560
2498560
2498560
2514944
2531328
2539520
2564096
2580480
2605056
2629632
2629632
2629632
2654208
2654208
2654208
2686976
2686976
2695168
2711552
2711552
2711552
2736128
2744320
2768896
2785280
2785280
2793472
2818048
2826240
2834432
2859008
2859008
2859008
2875392
2883584
2908160
2924544
2940928
2949120
2973696
2973696
2973696
2990080
2990080
2990080
3014656
3031040
3031040
3063808
3080192
3088384
3112960
3112960
3112960
3129344
3129344
3137536
3153920
3153920
3162112
3186688
3194880
3203072
3227648
3235840
3244032
3260416
3268608
3268608
3301376
3309568
3317760
3342336
3350528
3350528
3375104
3375104
3383296
3407872
3407872
3407872
3432448
3440640
3440640
3465216
3465216
3465216
3481600
3489792
3497984
3522560
3530752
3563520
3604480
3620864
3629056
3645440
3645440
3645440
3661824
3670016
3678208
3694592
3702784
3710976
3735552
3743744
3743744
3760128
3760128
3760128
3776512
3784704
3784704
3817472
3842048
3850240
3874816
3874816
3883008
3907584
3907584
3915776
3940352
3940352
3948544
3964928
3981312
3989504
4005888
4005888
4005888
4022272
4030464
4038656
4055040
4071424
4071424
4112384
4120576
4128768
4145152
4145152
4145152
4161536
4169728
4169728
4202496
4202496
4218880
4243456
4251648
4251648
4276224
4276224
4276224
4300800
4308992
4325376
4341760
4349952
4374528
4399104
4399104
4399104
4415488
4423680
4431872
4448256
4456448
4456448
4481024
4481024
4489216
4505600
4521984
4521984
4546560
4562944
4579328
4612096
4612096
4620288
4636672
4661248
4661248
4677632
4677632
4677632
4702208
4710400
4718592
4734976
4743168
4751360
4775936
4775936
4775936
4792320
4792320
4800512
4825088
4833280
4841472
4857856
4874240
4890624
4923392
4931584
4931584
4947968
4947968
4956160
4980736
4980736
4980736
5005312
5021696
5021696
5046272
5046272
5054464
5079040
5087232
5095424
5111808
5111808
5120000
5136384
5144576
5160960
5185536
5193728
5193728
5226496
5234688
5242880
5259264
5267456
5267456
5292032
5292032
5292032
5316608
5316608
5341184
5365760
5365760
5365760
5390336
5390336
5398528
5414912
5431296
5431296
5447680
5455872
5464064
5488640
5496832
5513216
5529600
5545984
5554176
5586944
5586944
5586944
5611520
5619712
5619712
5636096
5652480
5652480
5685248
5685248
5685248
5718016
5718016
5726208
5750784
5750784
5750784
5767168
5775360
5783552
5816320
5824512
5832704
5849088
5857280
5873664
5890048
5890048
5898240
5922816
5931008
5931008
5947392
5955584
5971968
5988352
6012928
6012928
6029312
6029312
6037504
6062080
6070272
6070272
6086656
6086656
6094848
6127616
6127616
6127616
6152192
6160384
6168576
6184960
6193152
6193152
6217728
6234112
6250496
6275072
6275072
6275072
6299648
6307840
6324224
6340608
6340608
6340608
6356992
6373376
6373376
6389760
6397952
6406144
6422528
6430720
6430720
6455296
6463488
6463488
6520832
6520832
6529024
6553600
6569984
6594560
6619136
6619136
6619136
6635520
6635520
6643712
6676480
6676480
6676480
6701056
6701056
6709248
6733824
6733824
6733824
6750208
6758400
6782976
6799360
6799360
6815744
6840320
6848512
6848512
6873088
6881280
6881280
6914048
6922240
6922240
6938624
6938624
6946816
6963200
6979584
6979584
6995968
6995968
7004160
7036928
7053312
7061504
7077888
7086080
7086080
7110656
7110656
7110656
7135232
7143424
7151616
7168000
7176192
7184384
7208960
7208960
7225344
7241728
7241728
7241728
7266304
7274496
7290880
7331840
7331840
7348224
7364608
7372800
7372800
7389184
7389184
7397376
7421952
7421952
7421952
7438336
7454720
7454720
7487488
7495680
7495680
7520256
7536640
7536640
7577600
7577600
7593984
7618560
7618560
7626752
7651328
7659520
7659520
7684096
7684096
7692288
7708672
7708672
7708672
7733248
7741440
7741440
7757824
7757824
7782400
7806976
7815168
7815168
7831552
7856128
7864320
7888896
7888896
7897088
7913472
7921664
7921664
7954432
7962624
7962624
7979008
7987200
7987200
8011776
8011776
8011776
8044544
8052736
8060928
8077312
8077312
8085504
8134656
8134656
8142848
8159232
8159232
8167424
8192000
8200192
8200192
8224768
8224768
8232960
8257536
8265728
8273920
8290304
8306688
8306688
8323072
8331264
8331264
8347648
8355840
8372224
8396800
8404992
8404992
8429568
8437760
8437760
8462336
8462336
8470528
8495104
8503296
8519680
8536064
8552448
8568832
8585216
8585216
8593408
8617984
8617984
8626176
8642560
8667136
8667136
8683520
8691712
8691712
8716288
8724480
8724480
8740864
8740864
8757248
8773632
8790016
8798208
8822784
8822784
8830976
8855552
8863744
8863744
8888320
8896512
8896512
8937472
8945664
8953856
8970240
8970240
8978432
8994816
8994816
9003008
9027584
9027584
9043968
9060352
9068544
9068544
9093120
9101312
9101312
9117696
9117696
9125888
9150464
9166848
9183232
9207808
9216000
9216000
9240576
9240576
9248768
9265152
9273344
9281536
9306112
9306112
9322496
9338880
9338880
9347072
9363456
9363456
9363456
9388032
9396224
9404416
9420800
9445376
9445376
9478144
9486336
9494528
9519104
9519104
9535488
9568256
9576448
9576448
9609216
9609216
9609216
9633792
9641984
9641984
9658368
9666560
9666560
9691136
9691136
9699328
9732096
9732096
9740288
9764864
9764864
9773056
9797632
9805824
9814016
9838592
9846784
9846784
9863168
9871360
9879552
9895936
9904128
9904128
9936896
9945088
9945088
9969664
9969664
9986048
10002432
10010624
10010624
10035200
10035200
10043392
10067968
10084352
10092544
10108928
10108928
10108928
10133504
10133504
10141696
10158080
10166272
10166272
10199040
10207232
10223616
10240000
10256384
10264576
10289152
10297344
10297344
10321920
10321920
10330112
10354688
10354688
10354688
10379264
10387456
10395648
10412032
10412032
10420224
10436608
10452992
10461184
10485760
10493952
10493952
10526720
10551296
10559488
10584064
10592256
10592256
10616832
10625024
10625024
10641408
10641408
10641408
10665984
10665984
10665984
10690560
10698752
10715136
10739712
10739712
10739712
10756096
10764288
10788864
10805248
10813440
10813440
10838016
10854400
10862592
10887168
10895360
10895360
10911744
10919936
10919936
10936320
10936320
10944512
10969088
10977280
10985472
11001856
11010048
11018240
11051008
11067392
11067392
11083776
11091968
11091968
11124736
11124736
11124736
11157504
11157504
11165696
11182080
11190272
11198464
11223040
11223040
11239424
11255808
11255808
11264000
11280384
11296768
11296768
11329536
11329536
11337728
11354112
11378688
11378688
11395072
11395072
11395072
11419648
11419648
11436032
11452416
11468800
11476992
11509760
11509760
11526144
11550720
11550720
11558912
11575296
11575296
11591680
11624448
11624448
11640832
11657216
11657216
11657216
11673600
11673600
11689984
11706368
11706368
11706368
11730944
11747328
11763712
11788288
11788288
11796480
11812864
11821056
11821056
11837440
11870208
11878400
11911168
11911168
11911168
11935744
11935744
11935744
11960320
11960320
11960320
11976704
11984896
11993088
12034048
12034048
12034048
12050432
12058624
12066816
12083200
12083200
12083200
12124160
12140544
12148736
12165120
12165120
12181504
12197888
12206080
12214272
12230656
12230656
12238848
12271616
12279808
12279808
12296192
12296192
12296192
12312576
12328960
12328960
12353536
12361728
12386304
12410880
12410880
12419072
12443648
12443648
12451840
12484608
12484608
12484608
12525568
12558336
12566528
12582912
12582912
12582912
12599296
12599296
12607488
12623872
12623872
12632064
12656640
12689408
12697600
12713984
12713984
12713984
12730368
12738560
12738560
12754944
12763136
12779520
12812288
12812288
12820480
12836864
12845056
12853248
12877824
12877824
12877824
12894208
12910592
12910592
12951552
12951552
12951552
12976128
12976128
12984320
13008896
13017088
13017088
13049856
13049856
13058048
13074432
13074432
13074432
13090816
13107200
13115392
13131776
13131776
13156352
13172736
13189120
13205504
13221888
13221888
13221888
13238272
13254656
13271040
13287424
13303808
13303808
13328384
13336576
13336576
13352960
13352960
13352960
13377536
13377536
13385728
13418496
13426688
13434880
13459456
13484032
13484032
13508608
13508608
13533184
13549568
13549568
13565952
13590528
13590528
13598720
13615104
13615104
13615104
13631488
13639680
13647872
13664256
13672448
13680640
13697024
13713408
13713408
13746176
13746176
13754368
13778944
13787136
13787136
13811712
13828096
13828096
13852672
13860864
13869056
13885440
13885440
13893632
13910016
13910016
13918208
13942784
13942784
13950976
13975552
13975552
14000128
14032896
14032896
14041088
14057472
14065664
14073856
14090240
14098432
14098432
14123008
14123008
14131200
14155776
14163968
14172160
14196736
14204928
14204928
14229504
14229504
14229504
14254080
14270464
14270464
14295040
14311424
14319616
14344192
14344192
14352384
14368768
14368768
14368768
14385152
14385152
14401536
14417920
14434304
14458880
14483456
14483456
14491648
14524416
14524416
14524416
14557184
14565376
14565376
14589952
14598144
14598144
14622720
14630912
14639104
14655488
14655488
14655488
14680064
14680064
14688256
14704640
14712832
14712832
14745600
14761984
14770176
14786560
14794752
14811136
14835712
14843904
14852096
14876672
14876672
14884864
14901248
14909440
14909440
14925824
14925824
14934016
14966784
14966784
14974976
14991360
15007744
15007744
15024128
15024128
15032320
15048704
15073280
15081472
15097856
15114240
15122432
15147008
15147008
15147008
15171584
15171584
15171584
15204352
15212544
15212544
15237120
15245312
15245312
15269888
15278080
15278080
15294464
15294464
15302656
15343616
15351808
15360000
15376384
15384576
15384576
15409152
15409152
15417344
15450112
15458304
15466496
15482880
15499264
15523840
15548416
15548416
15548416
15564800
15564800
15564800
15589376
15597568
15622144
15646720
15646720
15654912
15679488
15679488
15679488
15695872
15695872
15704064
15728640
15728640
15736832
15769600
15777792
15785984
15810560
15810560
15810560
15835136
15843328
15851520
15867904
15884288
15892480
15908864
15917056
15917056
15941632
15949824
15949824
15966208
15982592
15990784
16007168
16015360
16015360
16039936
16039936
16039936
16056320
16056320
16080896
16113664
16113664
16113664
16154624
16154624
16171008
16187392
16187392
16187392
16203776
16203776
16228352
16261120
16269312
16277504
16293888
16293888
16302080
16318464
16318464
16318464
16334848
16351232
16351232
16375808
16392192
16408576
16441344
16457728
16457728
16474112
16474112
16474112
16523264
16523264
16523264
16547840
16556032
16556032
16580608
16580608
16588800
16605184
16605184
16621568
16637952
16637952
16637952
16662528
16678912
16695296
16711680
16711680
16711680
16736256
16760832
16769024
16785408
16785408
16793600
16809984
16818176
16826368
16850944
16850944
16850944
16875520
16883712
16883712
16908288
16916480
16916480
16957440
16957440
16957440
16982016
16998400
17006592
17031168
17031168
17031168
17055744
17055744
17063936
17096704
17096704
17096704
17113088
17129472
17137664
17162240
17162240
17170432
17186816
17186816
17211392
17227776
17244160
17244160
17268736
17276928
17285120
17301504
17309696
17309696
17326080
17334272
17334272
17350656
17350656
17367040
17399808
17408000
17416192
17448960
17448960
17448960
17473536
17506304
17506304
17522688
17530880
17530880
17555456
17555456
17571840
17588224
17596416
17604608
17620992
17620992
17620992
17645568
17653760
17653760
17670144
17670144
17678336
17694720
17719296
17743872
17776640
17776640
17784832
17801216
17809408
17809408
17833984
17842176
17842176
17866752
17866752
17874944
17899520
17907712
17907712
17932288
17932288
17932288
17956864
17956864
17973248
17989632
17989632
18006016
18038784
18038784
18055168
18071552
18079744
18087936
18104320
18104320
18112512
18128896
18137088
18145280
18161664
18178048
18178048
18194432
18210816
18219008
18235392
18243584
18243584
18259968
18284544
18284544
18309120
18309120
18317312
18341888
18341888
18341888
18382848
18391040
18399232
18432000
18432000
18432000
18456576
18456576
18472960
18513920
18513920
18522112
18538496
18538496
18554880
18587648
18587648
18595840
18612224
18620416
18620416
18644992
18653184
18653184
18669568
18677760
18677760
18694144
18710528
18710528
18743296
18751488
18751488
18767872
18784256
18784256
18808832
18817024
18833408
18857984
18857984
18857984
18890752
18890752
18890752
18915328
18915328
18931712
18948096
18948096
18956288
18980864
18980864
18989056
19005440
19005440
19021824
19038208
19046400
19054592
19079168
19103744
19103744
19120128
19128320
19128320
19152896
19161088
19161088
19185664
19193856
19193856
19218432
19243008
19243008
19267584
19267584
19267584
19292160
19292160
19300352
19316736
19316736
19316736
19365888
19382272
19390464
19415040
19423232
19431424
19447808
19456000
19456000
19472384
19488768
19496960
19513344
19521536
19537920
19554304
19554304
19562496
19587072
19587072
19587072
19603456
19611648
19628032
19644416
19652608
19652608
19677184
19693568
19701760
19718144
19734528
19734528
19759104
19759104
19759104
19783680
19783680
19783680
19816448
19832832
19832832
19857408
19857408
19857408
19881984
19898368
19906560
19922944
19922944
19931136
19955712
19963904
19980288
19996672
19996672
20013056
20029440
20037632
20037632
20062208
20070400
20078592
20094976
20094976
20103168
20119552
20135936
20135936
20176896
20185088
20185088
20209664
20217856
20226048
20242432
20242432
20242432
20275200
20275200
20283392
20299776
20299776
20299776
20340736
20340736
20348928
20365312
20373504
20389888
20406272
20422656
20439040
20455424
20455424
20488192
20504576
20504576
20512768
20529152
20537344
20537344
20561920
20561920
20570112
20586496
20602880
20602880
20619264
20619264
20619264
20635648
20652032
20652032
20676608
20692992
20709376
20758528
20758528
20758528
20774912
20774912
20774912
20799488
20807680
20815872
20840448
20840448
20856832
20881408
20881408
20881408
20897792
20897792
20905984
20922368
20930560
20930560
20971520
20979712
20996096
21012480
21020672
21020672
21037056
21053440
21053440
21078016
21078016
21078016
21102592
21110784
21118976
21135360
21143552
21151744
21176320
21176320
21184512
21209088
21209088
21233664
21258240
21258240
21258240
21274624
21274624
21274624
21315584
21323776
21323776
21348352
21356544
21372928
21397504
21397504
21397504
21413888
21413888
21422080
21454848
21479424
21487616
21512192
21536768
21536768
21553152
21553152
21553152
21569536
21577728
21585920
21602304
21610496
21618688
21635072
21651456
21651456
21667840
21667840
21667840
21700608
21708800
21716992
21733376
21741568
21749760
21790720
21790720
21798912
21823488
21823488
21831680
21848064
21856256
21856256
21880832
21880832
21889024
21913600
21913600
21913600
21929984
21938176
21954560
21979136
21979136
21987328
22003712
22011904
22036480
22052864
22061056
22061056
22077440
22085632
22093824
22110208
22134784
22134784
22159360
22159360
22159360
22175744
22183936
22200320
22224896
22233088
22233088
22257664
22257664
22257664
22290432
22306816
22306816
22323200
22331392
22347776
22380544
22388736
22396928
22413312
22413312
22421504
22437888
22437888
22462464
22478848
22487040
22495232
22519808
22528000
22528000
22544384
22552576
22552576
22585344
22585344
22585344
22601728
22618112
22626304
22650880
22659072
22659072
22683648
22691840
22700032
22716416
22716416
22716416
22740992
22749184
22757376
22781952
22790144
22806528
22822912
22822912
22839296
22855680
22855680
22863872
22888448
22896640
22896640
22913024
22921216
22937600
22970368
22970368
22970368
22986752
22994944
23003136
23035904
23035904
23035904
23052288
23060480
23060480
23085056
23109632
23117824
23142400
23150592
23158784
23175168
23175168
23175168
23207936
23207936
23207936
23224320
23232512
23240704
23273472
23281664
23281664
23298048
23298048
23314432
23330816
23339008
23347200
23379968
23388160
23404544
23429120
23429120
23437312
23470080
23478272
23478272
23494656
23494656
23494656
23511040
23527424
23535616
23560192
23560192
23560192
23584768
23592960
23592960
23609344
23609344
23625728
23650304
23666688
23674880
23699456
23715840
23724032
23740416
23740416
23740416
23764992
23764992
23781376
23814144
23814144
23814144
23830528
23838720
23846912
23863296
23863296
23863296
23879680
23904256
23928832
23945216
23953408
23953408
23969792
23977984
23986176
24002560
24010752
24010752
24035328
24051712
24051712
24068096
24076288
24076288
24109056
24109056
24109056
24133632
24133632
24133632
24190976
24199168
24199168
24215552
24215552
24223744
24248320
24248320
24248320
24264704
24272896
24297472
24322048
24322048
24330240
24363008
24371200
24371200
24387584
24387584
24395776
24412160
24444928
24485888
24502272
24502272
24502272
24518656
24526848
24526848
24543232
24543232
24543232
24584192
24592384
24600576
24616960
24616960
24616960
24641536
24641536
24641536
24666112
24666112
24690688
24715264
24731648
24731648
24764416
24764416
24772608
24797184
24797184
24797184
24813568
24821760
24838144
24854528
24854528
24854528
24870912
24887296
24895488
24911872
24911872
24920064
24944640
24961024
24961024
24993792
24993792
25001984
25026560
25026560
25034752
25051136
25059328
25067520
25100288
25100288
25108480
25124864
25124864
25124864
25149440
25149440
25157632
25190400
25198592
25214976
25239552
25239552
25255936
25272320
25272320
25280512
25296896
25305088
25305088
25346048
25370624
25370624
25387008
25387008
25395200
25411584
25419776
25419776
25452544
25452544
25460736
25493504
25501696
25501696
25518080
25534464
25534464
25559040
25567232
25567232
25583616
25591808
25591808
25624576
25624576
25632768
25649152
25657344
25665536
25690112
25690112
25690112
25722880
25722880
25739264
25755648
25755648
25763840
25804800
25812992
25812992
25829376
25829376
25837568
25853952
25870336
25878528
25894912
25894912
25894912
25927680
25944064
25944064
25960448
25968640
25968640
26009600
26009600
26009600
26025984
26034176
26058752
26075136
26083328
26083328
26116096
26116096
26132480
26148864
26148864
26148864
26165248
26173440
26181632
26206208
26206208
26222592
26238976
26255360
26255360
26271744
26271744
26279936
26296320
26329088
26337280
26353664
26361856
26370048
26411008
26411008
26411008
26427392
26443776
26443776
26468352
26468352
26468352
26492928
26492928
26501120
26525696
26542080
26542080
26558464
26558464
26566656
26599424
26599424
26607616
26624000
26632192
26648576
26664960
26673152
26689536
26714112
26722304
26722304
26738688
26746880
26746880
26771456
26787840
26787840
26804224
26804224
26812416
26836992
26836992
26861568
26886144
26886144
26886144
26918912
26918912
26927104
26943488
26943488
26951680
26976256
26984448
26992640
27009024
27017216
27033600
27049984
27049984
27049984
27066368
27074560
27082752
27099136
27131904
27131904
27148288
27164672
27172864
27197440
27197440
27197440
27213824
27222016
27222016
27246592
27246592
27254784
27295744
27295744
27303936
27328512
27328512
27336704
27361280
27361280
27369472
27402240
27402240
27418624
27467776
27467776
27467776
27484160
27484160
27492352
27508736
27525120
27525120
27541504
27549696
27557888
27582464
27582464
27582464
27598848
27607040
27607040
27639808
27639808
27656192
27688960
27705344
27705344
27721728
27729920
27729920
27754496
27762688
27770880
27787264
27787264
27787264
27820032
27820032
27828224
27844608
27844608
27860992
27877376
27885568
27885568
27910144
27926528
27942912
27959296
27959296
27967488
27983872
27992064
28000256
28033024
28033024
28033024
28049408
28065792
28065792
28090368
28090368
28090368
28106752
28114944
28123136
28155904
28172288
28172288
28221440
28221440
28221440
28237824
28237824
28237824
28262400
28278784
28278784
28303360
28319744
28336128
28360704
28360704
28360704
28377088
28377088
28385280
28409856
28426240
28426240
28442624
28450816
28483584
28499968
28508160
28508160
28524544
28532736
28540928
28557312
28557312
28557312
28573696
28590080
28590080
28614656
28622848
28622848
28655616
28672000
28672000
28688384
28688384
28688384
28721152
28737536
28737536
28762112
28770304
28770304
28803072
28803072
28811264
28827648
28827648
28844032
28860416
28860416
28860416
28876800
28884992
28917760
28934144
28934144
28934144
28958720
28983296
28983296
29016064
29016064
29016064
29032448
29048832
29057024
29073408
29081600
29081600
29114368
29114368
29114368
29138944
29138944
29147136
29179904
29179904
29179904
29204480
29204480
29212672
29237248
29237248
29261824
29278208
29286400
29319168
29335552
29335552
29335552
29351936
29368320
29376512
29392896
29392896
29409280
29425664
29442048
29442048
29458432
29466624
29466624
29491200
29499392
29507584
29523968
29540352
29540352
29573120
29573120
29573120
29589504
29589504
29597696
29638656
29638656
29646848
29679616
29679616
29696000
29712384
29712384
29712384
29728768
29736960
29753344
29769728
29769728
29777920
29818880
29827072
29835264
29851648
29851648
29851648
29868032
29884416
29884416
29908992
29908992
29908992
29933568
29966336
29966336
29982720
29982720
29982720
30015488
30015488
30015488
30031872
30031872
30064640
30089216
30089216
30097408
30121984
30121984
30138368
30162944
30162944
30162944
30179328
30187520
30195712
30212096
30212096
30212096
30244864
30261248
30277632
30302208
30302208
30310400
30334976
30359552
30359552
30375936
30375936
30375936
30408704
30441472
30441472
30457856
30466048
30474240
30498816
30498816
30498816
30515200
30515200
30523392
30547968
30556160
30556160
30572544
30580736
30588928
30638080
30638080
30638080
30654464
30662656
30679040
30695424
30695424
30703616
30728192
30736384
30744576
30760960
30760960
30769152
30785536
30801920
30801920
30818304
30818304
30826496
30851072
30859264
30875648
30892032
30900224
30900224
30932992
30941184
30949376
30965760
30973952
30973952
30998528
31006720
31006720
31023104
31023104
31039488
31055872
31064064
31064064
31096832
31096832
31105024
31121408
31145984
31162368
31178752
31195136
31195136
31211520
31211520
31219712
31236096
31252480
31260672
31285248
31293440
31301632
31326208
31334400
31334400
31350784
31358976
31358976
31383552
31383552
31399936
31432704
31440896
31449088
31481856
31481856
31481856
31506432
31506432
31514624
31531008
31531008
31531008
31547392
31547392
31563776
31588352
31604736
31612928
31629312
31637504
31645696
31662080
31662080
31678464
31694848
31711232
31711232
31727616
31744000
31760384
31776768
31784960
31784960
31801344
31801344
31801344
31834112
31834112
31834112
31858688
31858688
31866880
31907840
31916032
31916032
31940608
31956992
31973376
31989760
31989760
31997952
32014336
32014336
32022528
32047104
32047104
32055296
32079872
32088064
32096256
32112640
32120832
32120832
32145408
32153600
32153600
32169984
32178176
32178176
32219136
32227328
32243712
32268288
32276480
32284672
32309248
32309248
32309248
32325632
32325632
32342016
32366592
32366592
32374784
32407552
32415744
32423936
32440320
32440320
32440320
32456704
32464896
32489472
32514048
32522240
32522240
32538624
32546816
32546816
32571392
32571392
32579584
32595968
32612352
32612352
32645120
32661504
32661504
32686080
32686080
32686080
32702464
32702464
32718848
32751616
32768000
32776192
32792576
32800768
32800768
32825344
32825344
32825344
32841728
32841728
32858112
32874496
32899072
32899072
32915456
32923648
32940032
32956416
32956416
32956416
32972800
32989184
32989184
33030144
33030144
33030144
33062912
33071104
33071104
33095680
33095680
33095680
33128448
33136640
33144832
33161216
33161216
33161216
33185792
33185792
33193984
33218560
33226752
33243136
33275904
33284096
33300480
33316864
33316864
33325056
33341440
33341440
33341440
33357824
33382400
33415168
33439744
33439744
33439744
33456128
33464320
33464320
33480704
33480704
33480704
33505280
33513472
33529856
33554432
33570816
33570816
33603584
33603584
33603584
33619968
33619968
33628160
33660928
33669120
33669120
33693696
33693696
33710080
33734656
33734656
33734656
33751040
33751040
33767424
33792000
33792000
33792000
33824768
33832960
33841152
33857536
33865728
33873920
33890304
33906688
33923072
33939456
33939456
33939456
33955840
33964032
33972224
33988608
33988608
33988608
34029568
34037760
34045952
34062336
34062336
34078720
34103296
34103296
34111488
34144256
34144256
34152448
34185216
34185216
34193408
34209792
34217984
34226176
34250752
34258944
34258944
34283520
34291712
34308096
34324480
34324480
34324480
34340864
34373632
34373632
34406400
34406400
34406400
34430976
34455552
34455552
34471936
34471936
34471936
34496512
34496512
34496512
34521088
34521088
34521088
34562048
34570240
34578432
34594816
34594816
34594816
34643968
34643968
34643968
34660352
34660352
34693120
34709504
34709504
34717696
34742272
34742272
34750464
34766848
34766848
34766848
34783232
34807808
34807808
34824192
34832384
34832384
34856960
34881536
34897920
34922496
34922496
34922496
34963456
34963456
34963456
34979840
34979840
34979840
35012608
35020800
35020800
35045376
35045376
35061760
35086336
35086336
35086336
35102720
35110912
35119104
35135488
35151872
35168256
35184640
35201024
35217408
35233792
35241984
35250176
35266560
35274752
35274752
35291136
35291136
35291136
35332096
35348480
35348480
35364864
35381248
35381248
35397632
35405824
35405824
35438592
35438592
35454976
35479552
35487744
35487744
35512320
35512320
35512320
35536896
35536896
35545088
35561472
35569664
35586048
35602432
35610624
35627008
35643392
35643392
35659776
35676160
35676160
35692544
35725312
35733504
35741696
35758080
35758080
35766272
35782656
35790848
35790848
35807232
35815424
35823616
35848192
35856384
35864576
35880960
35889152
35889152
35921920
35921920
35921920
35938304
35962880
35971072
36003840
36003840
36003840
36020224
36028416
36036608
36052992
36061184
36061184
36085760
36093952
36110336
36126720
36126720
36134912
36151296
36151296
36159488
36184064
36184064
36208640
36257792
36265984
36265984
36282368
36290560
36290560
36306944
36323328
36323328
36339712
36347904
36364288
36413440
36413440
36413440
36429824
36429824
36429824
36454400
36454400
36454400
36487168
36495360
36511744
36544512
36544512
36544512
36569088
36569088
36577280
36593664
36593664
36601856
36626432
36634624
36651008
36667392
36675584
36675584
36691968
36708352
36708352
36724736
36732928
36732928
36757504
36782080
36782080
36798464
36806656
36814848
36831232
36839424
36839424
36872192
36872192
36888576
36913152
36913152
36913152
36929536
36929536
36929536
36970496
36970496
36978688
36995072
37003264
37011456
37052416
37052416
37052416
37068800
37068800
37076992
37101568
37126144
37134336
37158912
37167104
37167104
37183488
37191680
37191680
37216256
37232640
37232640
37257216
37265408
37273600
37298176
37306368
37322752
37339136
37339136
37339136
37363712
37380096
37388288
37404672
37412864
37429248
37445632
37445632
37445632
37470208
37470208
37478400
37494784
37502976
37502976
37519360
37535744
37543936
37568512
37584896
37584896
37601280
37617664
37625856
37650432
37650432
37650432
37675008
37683200
37683200
37707776
37715968
37715968
37740544
37740544
37748736
37765120
37773312
37781504
37806080
37806080
37806080
37838848
37847040
37871616
37896192
37904384
37904384
37920768
37928960
37937152
37961728
37961728
37961728
37978112
37978112
37994496
38019072
38027264
38027264
38051840
38060032
38060032
38076416
38076416
38109184
38125568
38133760
38141952
38166528
38166528
38182912
38207488
38215680
38223872
38240256
38240256
38240256
38264832
38281216
38281216
38297600
38313984
38322176
38338560
38338560
38354944
38371328
38387712
38395904
38420480
38420480
38420480
38453248
38461440
38469632
38486016
38486016
38486016
38502400
38510592
38526976
38543360
38543360
38543360
38567936
38576128
38592512
38625280
38625280
38625280
38666240
38674432
38674432
38690816
38699008
38707200
38731776
38731776
38731776
38756352
38764544
38772736
38797312
38797312
38797312
38813696
38821888
38830080
38854656
38862848
38862848
38879232
38887424
38920192
38944768
38944768
38944768
38969344
38977536
38977536
38993920
38993920
39002112
39018496
39034880
39043072
39059456
39059456
39075840
39108608
39108608
39108608
39124992
39124992
39124992
39165952
39182336
39190528
39223296
39231488
39231488
39256064
39264256
39264256
39280640
39280640
39297024
39313408
39313408
39313408
39346176
39370752
39378944
39395328
39395328
39395328
39419904
39436288
39436288
39469056
39469056
39477248
39493632
39510016
39510016
39534592
39534592
39534592
39559168
39567360
39575552
39591936
39600128
39608320
39632896
39632896
39641088
39657472
39657472
39673856
39698432
39698432
39714816
39731200
39747584
39755776
39772160
39772160
39772160
39796736
39804928
39813120
39829504
39837696
39845888
39870464
39878656
39878656
39903232
39903232
39903232
39927808
39944192
39944192
39960576
39976960
39985152
40001536
40017920
40017920
40034304
40034304
40050688
40075264
40083456
40099840
40116224
40124416
40124416
40148992
40157184
40157184
40181760
40198144
40206336
40222720
40230912
40239104
40280064
40280064
40288256
40304640
40304640
40304640
40329216
40337408
40353792
40370176
40370176
40378368
40411136
40419328
40419328
40435712
40435712
40443904
40460288
40468480
40468480
40484864
40493056
40517632
40542208
40550400
40558592
40574976
40583168
40591360
40615936
40615936
40615936
40632320
40640512
40648704
40665088
40673280
40681472
40706048
40714240
40722432
40738816
40738816
40738816
40763392
40779776
40787968
40804352
40804352
40820736
40861696
40869888
40869888
40894464
40894464
40902656
40919040
40927232
40927232
40943616
40951808
40951808
40984576
40984576
40992768
41009152
41017344
41025536
41066496
41066496
41066496
41099264
41099264
41099264
41123840
41132032
41140224
41164800
41172992
41189376
41205760
41213952
41222144
41238528
41238528
41246720
41263104
41263104
41279488
41295872
41304064
41320448
41353216
41361408
41361408
41385984
41394176
41394176
41410560
41418752
41418752
41443328
41451520
41451520
41476096
41476096
41484288
41508864
41508864
41517056
41533440
41541632
41549824
41574400
41607168
41615360
41631744
41631744
41639936
41656320
41656320
41664512
41689088
41705472
41705472
41721856
41738240
41738240
41754624
41762816
41762816
41779200
41779200
41787392
41811968
41828352
41828352
41877504
41877504
41885696
41910272
41910272
41910272
41926656
41934848
41934848
41959424
41959424
41967616
41992192
41992192
42008576
42033152
42033152
42033152
42057728
42065920
42074112
42090496
42098688
42115072
42139648
42147840
42156032
42180608
42196992
42205184
42221568
42229760
42229760
42262528
42262528
42262528
42278912
42287104
42287104
42303488
42319872
42344448
42377216
42377216
42385408
42401792
42418176
42418176
42442752
42442752
42442752
42467328
42467328
42483712
42508288
42516480
42524672
42541056
42541056
42549248
42565632
42565632
42573824
42598400
42606592
42606592
42639360
42639360
42639360
42680320
42696704
42696704
42713088
42713088
42721280
42737664
42745856
42754048
42770432
42778624
42778624
42803200
42803200
42819584
42844160
42852352
42852352
42876928
42885120
42885120
42901504
42901504
42934272
42950656
42950656
42950656
42975232
42975232
42999808
43024384
43024384
43024384
43040768
43048960
43057152
43089920
43089920
43098112
43114496
43130880
43139072
43163648
43180032
43180032
43196416
43220992
43220992
43245568
43253760
43253760
43278336
43286528
43286528
43302912
43302912
43302912
43352064
43352064
43352064
43376640
43384832
43393024
43417600
43417600
43417600
43433984
43433984
43442176
43474944
43483136
43491328
43515904
43515904
43540480
43556864
43556864
43556864
43581440
43589632
43589632
43606016
43606016
43614208
43630592
43655168
43663360
43687936
43687936
43687936
43712512
43712512
43728896
43745280
43753472
43753472
43786240
43786240
43786240
43827200
43843584
43843584
43868160
43868160
43868160
43892736
43892736
43909120
43925504
43925504
43925504
43941888
43950080
43966464
43991040
44007424
44015616
44032000
44048384
44048384
44064768
44072960
44072960
44089344
44097536
44113920
44130304
44154880
44163072
44187648
44195840
44195840
44212224
44212224
44212224
44236800
44236800
44236800
44285952
44285952
44294144
44326912
44343296
44343296
44359680
44359680
44367872
44384256
44384256
44392448
44408832
44425216
44433408
44449792
44449792
44466176
44482560
44482560
44490752
44507136
44507136
44531712
44556288
44572672
44589056
44605440
44605440
44605440
44621824
44638208
44638208
44662784
44670976
44679168
44703744
44703744
44711936
44728320
44728320
44728320
44752896
44752896
44752896
44785664
44818432
44826624
44851200
44851200
44851200
44875776
44875776
44883968
44900352
44900352
44908544
44933120
44933120
44949504
44965888
44974080
44974080
44990464
45006848
45006848
45023232
45031424
45047808
45080576
45088768
45088768
45113344
45121536
45129728
45162496
45162496
45170688
45195264
45203456
45203456
45228032
45228032
45228032
45244416
45244416
45244416
45277184
45277184
45293568
45342720
45342720
45367296
45383680
45383680
45383680
45400064
45400064
45408256
45424640
45432832
45449216
45481984
45490176
45490176
45506560
45506560
45506560
45522944
45531136
45531136
45555712
45572096
45572096
45596672
45629440
45629440
45645824
45654016
45654016
45678592
45678592
45678592
45711360
45711360
45711360
45735936
45735936
45744128
45768704
45768704
45785088
45809664
45809664
45826048
45842432
45842432
45850624
45883392
45883392
45883392
45907968
45916160
45924352
45940736
45957120
45957120
45981696
45989888
45989888
46006272
46006272
46006272
46039040
46055424
46055424
46088192
46104576
46104576
46137344
46145536
46161920
46178304
46178304
46186496
46202880
46211072
46227456
46243840
46243840
46252032
46276608
46276608
46276608
46292992
46317568
46317568
46333952
46350336
46358528
46374912
46383104
46383104
46399488
46415872
46424064
46440448
46456832
46456832
46481408
46489600
46489600
46522368
46522368
46522368
46538752
46546944
46546944
46571520
46579712
46587904
46612480
46612480
46620672
46645248
46653440
46653440
46686208
46686208
46694400
46710784
46718976
46727168
46751744
46759936
46759936
46784512
46792704
46809088
46825472
46833664
46833664
46858240
46866432
46866432
46882816
46891008
46899200
46915584
46915584
46940160
46964736
46972928
46981120
47005696
47005696
47005696
47030272
47030272
47038464
47054848
47063040
47079424
47104000
47120384
47136768
47153152
47153152
47161344
47177728
47177728
47177728
47194112
47210496
47218688
47251456
47267840
47267840
47284224
47292416
47308800
47325184
47325184
47325184
47341568
47349760
47357952
47382528
47382528
47398912
47423488
47423488
47431680
47448064
47448064
47448064
47489024
47497216
47497216
47521792
47521792
47529984
47570944
47579136
47579136
47595520
47595520
47603712
47628288
47636480
47644672
47661056
47661056
47669248
47693824
47693824
47693824
47718400
47726592
47751168
47767552
47783936
47783936
47808512
47816704
47816704
47833088
47841280
47841280
47857664
47874048
47882240
47906816
47906816
47906816
47931392
47931392
47939584
47955968
47955968
47964160
47996928
48013312
48021504
48046080
48054272
48062464
48087040
48087040
48095232
48119808
48119808
48136192
48160768
48168960
48168960
48185344
48193536
48201728
48226304
48226304
48226304
48242688
48259072
48259072
48308224
48332800
48332800
48357376
48357376
48357376
48373760
48373760
48381952
48414720
48414720
48422912
48447488
48455680
48455680
48480256
48480256
48480256
48496640
48496640
48513024
48529408
48545792
48570368
48586752
48586752
48603136
48619520
48619520
48627712
48644096
48660480
48660480
48676864
48685056
48685056
48709632
48717824
48717824
48742400
48742400
48750592
48783360
48791552
48791552
48816128
48832512
48832512
48857088
48857088
48865280
48881664
48889856
48898048
48922624
48922624
48930816
48947200
48955392
48963584
48979968
48979968
48979968
48996352
49020928
49045504
49061888
49078272
49078272
49119232
49135616
49135616
49152000
49152000
49152000
49176576
49184768
49192960
49225728
49225728
49225728
49250304
49250304
49250304
49266688
49266688
49291264
49315840
49315840
49324032
49348608
49348608
49381376
49397760
49397760
49397760
49414144
49430528
49438720
49455104
49455104
49463296
49479680
49496064
49496064
49512448
49520640
49528832
49553408
49561600
49561600
49577984
49586176
49586176
49602560
49635328
49643520
49659904
49659904
49668096
49700864
49700864
49700864
49725440
49725440
49725440
49758208
49758208
49766400
49799168
49807360
49815552
49831936
49831936
49848320
49864704
49864704
49872896
49905664
49905664
49905664
49938432
49938432
49954816
49971200
49979392
49979392
49995776
50012160
50012160
50036736
50036736
50053120
50069504
50094080
50102272
50126848
50126848
50126848
50151424
50151424
50167808
50192384
50200576
50200576
50225152
50225152
50241536
50257920
50257920
50257920
50298880
50298880
50298880
50323456
50323456
50339840
50356224
50364416
50364416
50388992
50388992
50405376
50421760
50438144
50446336
50462720
50470912
50470912
50487296
50503680
50503680
50528256
50552832
50552832
50569216
50577408
50577408
50601984
50601984
50610176
50634752
50634752
50634752
50667520
50675712
50675712
50716672
50716672
50716672
50741248
50749440
50757632
50774016
50782208
50790400
50806784
50806784
50831360
50847744
50847744
50855936
50872320
50880512
50880512
50896896
50905088
50905088
50929664
50937856
50954240
50978816
50995200
50995200
51019776
51027968
51027968
51052544
51060736
51068928
51101696
51101696
51101696
51126272
51134464
51142656
51167232
51167232
51167232
51191808
51191808
51200000
51216384
51232768
51240960
51257344
51273728
51298304
51314688
51314688
51331072
51347456
51355648
51355648
51372032
51372032
51380224
51412992
51412992
51421184
51437568
51445760
51445760
51470336
51478528
51478528
51511296
51519488
51527680
51552256
51552256
51552256
51585024
51585024
51593216
51617792
51617792
51617792
51650560
51650560
51658752
51675136
51675136
51675136
51699712
51716096
51724288
51740672
51740672
51773440
51789824
51798016
51806208
51822592
51822592
51830784
51855360
51855360
51863552
51879936
51888128
51888128
51912704
51912704
51920896
51937280
51953664
51961856
51978240
51978240
51986432
52019200
52051968
52060160
52084736
52092928
52092928
52117504
52125696
52125696
52150272
52150272
52150272
52183040
52191232
52191232
52207616
52207616
52215808
52240384
52240384
52240384
52273152
52273152
52289536
52330496
52338688
52338688
52355072
52363264
52371456
52387840
52396032
52396032
52412416
52420608
52420608
52445184
52453376
52461568
52486144
52494336
52494336
52518912
52518912
52518912
52543488
52543488
52568064
52584448
52584448
52592640
52641792
52641792
52641792
52658176
52658176
52666368
52682752
52690944
52690944
52715520
52715520
52731904
52756480
52772864
52781056
52797440
52805632
52805632
52830208
52846592
52846592
52862976
52879360
52879360
52895744
52903936
52903936
52928512
52944896
52953088
52969472
52969472
52969472
53002240
53010432
53018624
53035008
53043200
53059584
53084160
53092352
53092352
53133312
53133312
53149696
53166080
53166080
53166080
53182464
53182464
53190656
53223424
53223424
53223424
53239808
53272576
53280768
53297152
53297152
53297152
53313536
53321728
53329920
53346304
53354496
53379072
53403648
53411840
53411840
53428224
53436416
53436416
53460992
53460992
53469184
53485568
53493760
53518336
53542912
53542912
53542912
53559296
53559296
53567488
53600256
53608448
53608448
53624832
53649408
53665792
53682176
53682176
53682176
53698560
53714944
53714944
53739520
53739520
53755904
53780480
53788672
53788672
53813248
53813248
53813248
53837824
53837824
53846016
53862400
53862400
53870592
53911552
53927936
53927936
53944320
53952512
53952512
53977088
53985280
53993472
54018048
54026240
54042624
54067200
54067200
54067200
54091776
54091776
54108160
54132736
54132736
54132736
54157312
54173696
54190080
54206464
54206464
54206464
54222848
54231040
54255616
54296576
54296576
54304768
54329344
54329344
54329344
54345728
54345728
54345728
54378496
54386688
54386688
54411264
54427648
54427648
54452224
54468608
54468608
54484992
54484992
54493184
54517760
54525952
54525952
54550528
54558720
54566912
54591488
54599680
54599680
54616064
54624256
54624256
54648832
54648832
54657024
54673408
54681600
54697984
54730752
54730752
54738944
54763520
54771712
54779904
54796288
54804480
54804480
54829056
54829056
54829056
54853632
54853632
54853632
54878208
54894592
54894592
54927360
54927360
54935552
54951936
54951936
54968320
54992896
55017472
55025664
55058432
55066624
55074816
55099392
55099392
55107584
55123968
55123968
55123968
55140352
55156736
55164928
55181312
55189504
55189504
55205888
55214080
55222272
55238656
55271424
55271424
55296000
55304192
55312384
55336960
55336960
55336960
55361536
55369728
55369728
55386112
55394304
55394304
55418880
55427072
55435264
55459840
55459840
55468032
55484416
55492608
55492608
55525376
55525376
55533568
55566336
55574528
55574528
55599104
55615488
55615488
55631872
55631872
55631872
55648256
55656448
55664640
55697408
55697408
55705600
55721984
55738368
55754752
55771136
55771136
55787520
55812096
55820288
55828480
55844864
55844864
55844864
55869440
55877632
55885824
55902208
55910400
55918592
55943168
55951360
55951360
55967744
55967744
55992320
56008704
56016896
56025088
56057856
56074240
56090624
56115200
56115200
56115200
56131584
56139776
56139776
56156160
56156160
56156160
56172544
56197120
56213504
56229888
56229888
56246272
56270848
56270848
56270848
56287232
56287232
56287232
56336384
56344576
56360960
56377344
56385536
56393728
56410112
56410112
56410112
56426496
56426496
56434688
56467456
56467456
56475648
56508416
56508416
56516608
56541184
56541184
56541184
56557568
56573952
56606720
56623104
56623104
56623104
56647680
56655872
56655872
56672256
56680448
56688640
56713216
56729600
56729600
56754176
56754176
56754176
56778752
56786944
56786944
56803328
56803328
56803328
56844288
56868864
56868864
56885248
56885248
56901632
56918016
56918016
56926208
56942592
56942592
56967168
56999936
56999936
57008128
57040896
57049088
57049088
57065472
57065472
57065472
57090048
57114624
57114624
57147392
57147392
57147392
57163776
57171968
57180160
57196544
57196544
57196544
57245696
57270272
57270272
57286656
57286656
57286656
57311232
57311232
57311232
57335808
57344000
57368576
57384960
57393152
57409536
57425920
57425920
57434112
57450496
57450496
57450496
57466880
57491456
57499648
57524224
57524224
57532416
57548800
57556992
57565184
57581568
57581568
57581568
57606144
57622528
57622528
57638912
57655296
57671680
57704448
57704448
57704448
57720832
57729024
57737216
57769984
57769984
57769984
57786368
57786368
57794560
57810944
57827328
57827328
57843712
57851904
57868288
57884672
57892864
57892864
57925632
57925632
57933824
57950208
57966592
57982976
58023936
58048512
58048512
58064896
58064896
58064896
58081280
58089472
58089472
58105856
58105856
58122240
58155008
58155008
58163200
58179584
58179584
58195968
58220544
58220544
58236928
58253312
58261504
58277888
58302464
58302464
58302464
58318848
58335232
58343424
58359808
58359808
58359808
58384384
58384384
58400768
58417152
58425344
58425344
58441728
58466304
58474496
58499072
58499072
58507264
58531840
58540032
58540032
58556416
58564608
58572800
58597376
58597376
58597376
58613760
58621952
58630144
58671104
58671104
58671104
58687488
58687488
58703872
58753024
58753024
58753024
58777600
58777600
58793984
58810368
58818560
58818560
