0, 3138
1, 3124
2, 3167
3, 3167
4, 3117
5, 3113
6, 3251
7, 6628
8, 6017
9, 5871
10, 5879
11, 5944
12, 5899
13, 5870
14, 5929
15, 5919
16, 5726
17, 5933
18, 5818
19, 5855
20, 5920
21, 5903
22, 5906
23, 5754
24, 6002
25, 5914
26, 5947
27, 5836
28, 5811
29, 5852
30, 5831
31, 6008
32, 11270
33, 10378
34, 5845
35, 5706
36, 5856
37, 5897
38, 5866
39, 5824
40, 5910
41, 5890
42, 5862
43, 5880
44, 5860
45, 5967
46, 5914
47, 6472
48, 5885
49, 5924
50, 5917
51, 5911
52, 5907
53, 5786
54, 5876
55, 5947
56, 5762
57, 5842
58, 5442
59, 5216
60, 5143
61, 6707
62, 4639
63, 4090
64, 4563
65, 4425
66, 4438
67, 4421
68, 4397
69, 4217
70, 7284
71, 4088
72, 6251
73, 3737
74, 3710
75, 3698
76, 3365
77, 3698
78, 3736
79, 3627
80, 3634
81, 3539
82, 3622
83, 3645
84, 3588
85, 3547
86, 3840
87, 3789
88, 3920
89, 3830
90, 3785
91, 3708
92, 3702
93, 3697
94, 3613
95, 3683
96, 3668
97, 3608
98, 3500
99, 3582
100, 3533
101, 3440
102, 3419
103, 3507
104, 3196
105, 3125
106, 3114
107, 3115
108, 5795
109, 4907
110, 2960
111, 2495
112, 2924
113, 2888
114, 2935
115, 2905
116, 2940
117, 2869
118, 2819
119, 2864
120, 2961
121, 2917
122, 2903
123, 2906
124, 2897
125, 2851
126, 2549
127, 2916
128, 2873
129, 2921
130, 2578
131, 2899
132, 2849
133, 2882
134, 2926
135, 2966
136, 2953
137, 2968
138, 2928
139, 2899
140, 2902
141, 2978
142, 3136
143, 2979
144, 2914
145, 2956
146, 5005
147, 3083
148, 4629
149, 2877
150, 2996
151, 3126
152, 3118
153, 3139
154, 3064
155, 3139
156, 3140
157, 3040
158, 3215
159, 3097
160, 3178
161, 3144
162, 3246
163, 2835
164, 3174
165, 3152
166, 3148
167, 3089
168, 3157
169, 3161
170, 3098
171, 3098
172, 3184
173, 3118
174, 3207
175, 3025
176, 2986
177, 3226
178, 3132
179, 3190
180, 3030
181, 3105
182, 3200
183, 3275
184, 5204
185, 3015
186, 4675
187, 2931
188, 3064
189, 3211
190, 3162
191, 3153
192, 3183
193, 3155
194, 3121
195, 3016
196, 3123
197, 3152
198, 3127
199, 3158
200, 3162
201, 3246
202, 3192
203, 3155
204, 3180
205, 3145
206, 3295
207, 3153
208, 3221
209, 3073
210, 3042
211, 3107
212, 3127
213, 3189
214, 3182
215, 3141
216, 3256
217, 3116
218, 3163
219, 3046
220, 3187
221, 3096
222, 5772
223, 4846
224, 2947
225, 2835
226, 2890
227, 2871
228, 2971
229, 2898
230, 2517
231, 2902
232, 2853
233, 2891
234, 2643
235, 2974
236, 3156
237, 3063
238, 3158
239, 3169
240, 3299
241, 3158
242, 3079
243, 3134
244, 3071
245, 3114
246, 3178
247, 3129
248, 3165
249, 3192
250, 3092
251, 3098
252, 3136
253, 3175
254, 3180
255, 3131
256, 3076
257, 3147
258, 3187
259, 3140
260, 5477
261, 5196
262, 2916
263, 2785
264, 2912
265, 2883
266, 2855
267, 2974
268, 2939
269, 2866
270, 2820
271, 2910
272, 2880
273, 2946
274, 2840
275, 2929
276, 3011
277, 2948
278, 2947
279, 2904
280, 2464
281, 2920
282, 2969
283, 2885
284, 2860
285, 2969
286, 2931
287, 2814
288, 2903
289, 2990
290, 2785
291, 2983
292, 2782
293, 2831
294, 2871
295, 2943
296, 2867
297, 2816
298, 5405
299, 4832
300, 3106
301, 3133
302, 3032
303, 3133
304, 3128
305, 3224
306, 3117
307, 3162
308, 3109
309, 3034
310, 3157
311, 3051
312, 3138
313, 3133
314, 3193
315, 3175
316, 3130
317, 3227
318, 3114
319, 3266
320, 3128
321, 3187
322, 3230
323, 3123
324, 3214
325, 3190
326, 3069
327, 3219
328, 3166
329, 3050
330, 3148
331, 3212
332, 3122
333, 3193
334, 3202
335, 3157
336, 5885
337, 4913
338, 2923
339, 2793
340, 2877
341, 2912
342, 2902
343, 3141
344, 3104
345, 3135
346, 3147
347, 3218
348, 3070
349, 3220
350, 3199
351, 3123
352, 3137
353, 3135
354, 3117
355, 3155
356, 3185
357, 3149
358, 3211
359, 3235
360, 3155
361, 3141
362, 3227
363, 3093
364, 3176
365, 3154
366, 3104
367, 3137
368, 3068
369, 3192
370, 3124
371, 3211
372, 3111
373, 3134
374, 5821
375, 4914
376, 2898
377, 2849
378, 2934
379, 2870
380, 2907
381, 2877
382, 2927
383, 2884
384, 2852
385, 2938
386, 2901
387, 2975
388, 2936
389, 2930
390, 2968
391, 2906
392, 2990
393, 2930
394, 2835
395, 2857
396, 2863
397, 2950
398, 3101
399, 3156
400, 3198
401, 3202
402, 3132
403, 3175
404, 3098
405, 3123
406, 3155
407, 3098
408, 3168
409, 3196
410, 3087
411, 3084
412, 5817
413, 4935
414, 2876
415, 2803
416, 2916
417, 2903
418, 2946
419, 2919
420, 2870
421, 2969
422, 2943
423, 2892
424, 2882
425, 2839
426, 2841
427, 2936
428, 2822
429, 2827
430, 2905
431, 2919
432, 2817
433, 2923
434, 2884
435, 2641
436, 2878
437, 2923
438, 2865
439, 2861
440, 2912
441, 2848
442, 2813
443, 2892
444, 2925
445, 2949
446, 2814
447, 2948
448, 2979
449, 2850
450, 5279
451, 4860
452, 2789
453, 2942
454, 2913
455, 2769
456, 2544
457, 2853
458, 2619
459, 2869
460, 2865
461, 2865
462, 2831
463, 2935
464, 2835
465, 2951
466, 2802
467, 2992
468, 2870
469, 3076
470, 3032
471, 3034
472, 3048
473, 3210
474, 3158
475, 3252
476, 3508
477, 3369
478, 3241
479, 3254
480, 3232
481, 3286
482, 3237
483, 3104
484, 3266
485, 3277
486, 3189
487, 3199
488, 5449
489, 2886
490, 4721
491, 2931
492, 2846
493, 2944
494, 2895
495, 2819
496, 2807
497, 2908
498, 2962
499, 2940
500, 2981
501, 2903
502, 2859
503, 2935
504, 2866
505, 2805
506, 2874
507, 2896
508, 2782
509, 2949
510, 2919
511, 2932
512, 2911
513, 2564
514, 2894
515, 2900
516, 2949
517, 2908
518, 2928
519, 2921
520, 2921
521, 2873
522, 2949
523, 2916
524, 2937
525, 2918
526, 4921
527, 5034
528, 2833
529, 2561
530, 2903
531, 2959
532, 2959
533, 2740
534, 2942
535, 2882
536, 2952
537, 2909
538, 2976
539, 3194
540, 3158
541, 3160
542, 3188
543, 3204
544, 3193
545, 3135
546, 3196
547, 3230
548, 3220
549, 3230
550, 3212
551, 3178
552, 3213
553, 3224
554, 3210
555, 3134
556, 3255
557, 3195
558, 3192
559, 3197
560, 3173
561, 3197
562, 3291
563, 3233
564, 5714
565, 4972
566, 2917
567, 2990
568, 2951
569, 2939
570, 2959
571, 2960
572, 3021
573, 2932
574, 2972
575, 2938
576, 2955
577, 2856
578, 2906
579, 2638
580, 3077
581, 3083
582, 3158
583, 3208
584, 3221
585, 2858
586, 3132
587, 3063
588, 3100
589, 3193
590, 2784
591, 3177
592, 3151
593, 3193
594, 3199
595, 2826
596, 3168
597, 3175
598, 3203
599, 3045
600, 3133
601, 3121
602, 5220
603, 3050
604, 4608
605, 2656
606, 2856
607, 2861
608, 2831
609, 2838
610, 2902
611, 2946
612, 2979
613, 2978
614, 2874
615, 2884
616, 2971
617, 2839
618, 2875
619, 2823
620, 2835
621, 2909
622, 2996
623, 2953
624, 2993
625, 2950
626, 2947
627, 2918
628, 2881
629, 2952
630, 2850
631, 2944
632, 2912
633, 2921
634, 2908
635, 2888
636, 2892
637, 2972
638, 2920
639, 2915
640, 5098
641, 5125
642, 2954
643, 2879
644, 2800
645, 2893
646, 2792
647, 2894
648, 2953
649, 2828
650, 2898
651, 2947
652, 2978
653, 3158
654, 3187
655, 3115
656, 3089
657, 3130
658, 3133
659, 3189
660, 3241
661, 3216
662, 3169
663, 3114
664, 3175
665, 3094
666, 3210
667, 3154
668, 3198
669, 3168
670, 3167
671, 3192
672, 3192
673, 3185
674, 3198
675, 3196
676, 3144
677, 3149
678, 5816
679, 4879
680, 2869
681, 2860
682, 2871
683, 2857
684, 2872
685, 3003
686, 3001
687, 2953
688, 2835
689, 2962
690, 2876
691, 2796
692, 3085
693, 3118
694, 3201
695, 3218
696, 3109
697, 3188
698, 3134
699, 3201
700, 3030
701, 3231
702, 3152
703, 3140
704, 3227
705, 3169
706, 3227
707, 3210
708, 3175
709, 3145
710, 3153
711, 3141
712, 3127
713, 3162
714, 3136
715, 3192
716, 5874
717, 4860
718, 2882
719, 2821
720, 2872
721, 3011
722, 2906
723, 3102
724, 3111
725, 3156
726, 3115
727, 3207
728, 3137
729, 3202
730, 3225
731, 3132
732, 3211
733, 3210
734, 3218
735, 3106
736, 3163
737, 3177
738, 3352
739, 3186
740, 3236
741, 3138
742, 3165
743, 3222
744, 3156
745, 3230
746, 3169
747, 3167
748, 3227
749, 3165
750, 3162
751, 3115
752, 3149
753, 3219
754, 5881
755, 4890
756, 2927
757, 2842
758, 2852
759, 2931
760, 2917
761, 3060
762, 3127
763, 3121
764, 3182
765, 3192
766, 3155
767, 3167
768, 3171
769, 3105
770, 2838
771, 3163
772, 3237
773, 3134
774, 3131
775, 3109
776, 3039
777, 3018
778, 3004
779, 2977
780, 3024
781, 3143
782, 3182
783, 3076
784, 3067
785, 3195
786, 3212
787, 3092
788, 3199
789, 3170
790, 3223
791, 3156
792, 5863
793, 5270
794, 2954
795, 3033
796, 2945
797, 2922
798, 2848
799, 3058
800, 3025
801, 3019
802, 2484
803, 2603
804, 2959
805, 2866
806, 2786
807, 2968
808, 2972
809, 3698
810, 3663
811, 3158
812, 3207
813, 3187
814, 3190
815, 3192
816, 3110
817, 3203
818, 3187
819, 3216
820, 3209
821, 3168
822, 3179
823, 3218
824, 3170
825, 3189
826, 3094
827, 3188
828, 3145
829, 3220
830, 5376
831, 5121
832, 2902
833, 2889
834, 2914
835, 3023
836, 2942
837, 2917
838, 2928
839, 2960
840, 2927
841, 2952
842, 2935
843, 2988
844, 2641
845, 2978
846, 2975
847, 2960
848, 2975
849, 2920
850, 2582
851, 2979
852, 2974
853, 2915
854, 3164
855, 3220
856, 2856
857, 3162
858, 3130
859, 3170
860, 3153
861, 3116
862, 3383
863, 3186
864, 3205
865, 3210
866, 3221
867, 3163
868, 4789
869, 5128
870, 2954
871, 2875
872, 2945
873, 2924
874, 2862
875, 3159
876, 3226
877, 3196
878, 3337
879, 3152
880, 3190
881, 3119
882, 3175
883, 3163
884, 3193
885, 3169
886, 3255
887, 3187
888, 3141
889, 3187
890, 3175
891, 3272
892, 3193
893, 2834
894, 3330
895, 3199
896, 3220
897, 3138
898, 3212
899, 3101
900, 3156
901, 3153
902, 3208
903, 3172
904, 3217
905, 3139
906, 5680
907, 4945
908, 3129
909, 3116
910, 3217
911, 3172
912, 3104
913, 2907
914, 3197
915, 3159
916, 3059
917, 3185
918, 3201
919, 3117
920, 3179
921, 3140
922, 3156
923, 3127
924, 3218
925, 3153
926, 2996
927, 3183
928, 3158
929, 3163
930, 3182
931, 3220
932, 3197
933, 3209
934, 3142
935, 3129
936, 3142
937, 3126
938, 3096
939, 3177
940, 3174
941, 3138
942, 3184
943, 3196
944, 5810
945, 4962
946, 2958
947, 2825
948, 2893
949, 2988
950, 2828
951, 3112
952, 3068
953, 3084
954, 3118
955, 3226
956, 3112
957, 3131
958, 3154
959, 3165
960, 3212
961, 3153
962, 3229
963, 3085
964, 3186
965, 3178
966, 3238
967, 3203
968, 3199
969, 3106
970, 3188
971, 3126
972, 3217
973, 3193
974, 3213
975, 3110
976, 3227
977, 3240
978, 3169
979, 3135
980, 3143
981, 3189
982, 5814
983, 4567
984, 2932
985, 2835
986, 2882
987, 2911
988, 2813
989, 3124
990, 3184
991, 3211
992, 3130
993, 3117
994, 3078
995, 3144
996, 2982
997, 2983
998, 2989
999, 3040
