3
3
3
4
4
6
6
6
7
7
7
8
8
8
8
9
9
9
9
10
10
10
10
11
11
11
11
11
11
11
11
11
11
12
12
12
12
12
13
13
13
13
13
14
14
14
14
14
14
14
14
14
14
15
15
15
15
15
16
16
16
16
16
17
17
17
17
17
18
18
18
18
18
19
19
19
19
19
20
20
20
20
20
21
21
21
21
21
22
22
22
22
22
23
23
23
23
23
23
24
24
24
24
24
25
25
25
25
25
26
26
26
26
26
27
27
27
27
27
28
28
28
28
28
29
29
29
29
29
31
31
31
31
31
32
32
32
32
32
33
33
33
33
33
33
33
33
33
33
35
35
35
35
35
36
36
36
36
36
37
37
37
37
37
39
39
39
39
39
41
41
41
41
41
43
43
43
43
43
44
44
44
44
44
44
45
45
45
45
45
47
47
47
47
47
48
48
48
48
48
49
49
49
49
49
50
50
50
50
50
51
51
51
51
51
52
52
52
52
52
53
53
53
53
53
54
54
54
54
54
56
56
56
56
56
57
57
57
57
57
58
58
58
58
58
60
60
60
60
60
61
61
61
61
61
62
62
62
62
62
64
64
64
64
64
65
65
65
65
65
66
66
66
66
66
67
67
67
67
67
69
69
69
69
69
71
71
71
71
71
72
72
72
72
72
73
73
73
73
73
74
74
74
74
74
75
75
75
75
75
75
76
76
76
76
76
77
77
77
77
77
78
78
78
78
78
78
79
79
79
79
79
81
81
81
81
81
82
82
82
82
82
83
83
83
83
83
84
84
84
84
84
85
85
85
85
85
86
86
86
86
86
87
87
87
87
87
88
88
88
88
88
89
89
89
89
89
91
91
91
91
91
92
92
92
92
92
93
93
93
93
93
94
94
94
94
94
95
95
95
95
95
97
97
97
97
97
98
98
98
98
98
99
99
99
99
99
100
100
100
100
100
102
102
102
102
102
103
103
103
103
103
104
104
104
104
104
105
105
105
105
105
106
106
106
106
106
107
107
107
107
107
107
108
108
108
108
108
109
109
109
109
109
110
110
110
110
110
110
111
111
111
111
111
111
112
112
112
112
112
112
113
113
113
113
113
113
114
114
114
114
114
116
116
116
116
116
117
117
117
117
117
118
118
118
118
118
119
119
119
119
119
120
120
120
120
120
121
121
121
121
121
122
122
122
122
122
123
123
123
123
123
124
124
124
124
124
125
125
125
125
125
126
126
126
126
126
128
128
128
128
128
129
129
129
129
129
130
130
130
130
130
131
131
131
131
131
133
133
133
133
133
135
135
135
135
135
136
136
136
136
136
137
137
137
137
137
138
138
138
138
138
139
139
139
139
139
140
140
140
140
140
142
142
142
142
142
143
143
143
143
143
144
144
144
144
144
146
146
146
146
146
147
147
147
147
147
148
148
148
148
148
150
150
150
150
150
151
151
151
151
151
152
152
152
152
152
153
153
153
153
153
154
154
154
154
154
155
155
155
155
155
156
156
156
156
156
157
157
157
157
157
158
158
158
158
158
159
159
159
159
159
160
160
160
160
160
161
161
161
161
161
163
163
163
163
163
165
165
165
165
165
167
167
167
167
167
168
168
168
168
168
169
169
169
169
169
170
170
170
170
170
171
171
171
171
171
172
172
172
172
172
173
173
173
173
173
173
174
174
174
174
174
176
176
176
176
176
176
177
177
177
177
177
178
178
178
178
178
178
178
178
178
178
178
179
179
179
179
179
179
180
180
180
180
180
180
181
181
181
181
181
184
184
184
184
184
185
185
185
185
185
186
186
186
186
186
187
187
187
187
187
188
188
188
188
188
189
189
189
189
189
191
191
191
191
191
192
192
192
192
192
192
192
192
192
192
194
194
194
194
194
196
196
196
196
196
198
198
198
198
198
199
199
199
199
199
200
200
200
200
200
201
201
201
201
201
202
202
202
202
202
203
203
203
203
203
204
204
204
204
204
205
205
205
205
205
206
206
206
206
206
207
207
207
207
207
209
209
209
209
209
210
210
210
210
210
211
211
211
211
211
212
212
212
212
212
214
214
214
214
214
215
215
215
215
215
217
217
217
217
217
218
218
218
218
218
219
219
219
219
219
221
221
221
221
221
222
222
222
222
222
224
224
224
224
224
226
226
226
226
226
227
227
227
227
227
228
228
228
228
228
229
229
229
229
229
230
230
230
230
230
232
232
232
232
232
234
234
234
234
234
235
235
235
235
235
237
237
237
237
237
239
239
239
239
239
240
240
240
240
240
241
241
241
241
241
242
242
242
242
242
243
243
243
243
243
245
245
245
245
245
246
246
246
246
246
247
247
247
247
247
249
249
249
249
249
251
251
251
251
251
253
253
253
253
253
254
254
254
254
254
255
255
255
255
255
256
256
256
256
256
258
258
258
258
258
259
259
259
259
259
260
260
260
260
260
261
261
261
261
261
262
262
262
262
262
263
263
263
263
263
265
265
265
265
265
267
267
267
267
267
268
268
268
268
268
270
270
270
270
270
272
272
272
272
272
273
273
273
273
273
274
274
274
274
274
275
275
275
275
275
276
276
276
276
276
278
278
278
278
278
279
279
279
279
279
280
280
280
280
280
281
281
281
281
281
283
283
283
283
283
285
285
285
285
285
286
286
286
286
286
287
287
287
287
287
289
289
289
289
289
290
290
290
290
290
291
291
291
291
291
292
292
292
292
292
294
294
294
294
294
295
295
295
295
295
296
296
296
296
296
298
298
298
298
298
298
298
298
298
298
300
300
300
300
300
302
302
302
302
302
303
303
303
303
303
304
304
304
304
304
305
305
305
305
305
306
306
306
306
306
307
307
307
307
307
308
308
308
308
308
308
309
309
309
309
309
310
310
310
310
310
312
312
312
312
312
312
313
313
313
313
313
315
315
315
315
315
317
317
317
317
317
319
319
319
319
319
321
321
321
321
321
322
322
322
322
322
323
323
323
323
323
324
324
324
324
324
325
325
325
325
325
327
327
327
327
327
328
328
328
328
328
330
330
330
330
330
331
331
331
331
331
332
332
332
332
332
334
334
334
334
334
336
336
336
336
336
338
338
338
338
338
339
339
339
339
339
339
340
340
340
340
340
341
341
341
341
341
342
342
342
342
342
343
343
343
343
343
345
345
345
345
345
347
347
347
347
347
349
349
349
349
349
350
350
350
350
350
351
351
351
351
351
352
352
352
352
352
352
353
353
353
353
353
354
354
354
354
354
356
356
356
356
356
357
357
357
357
357
358
358
358
358
358
360
360
360
360
360
362
362
362
362
362
364
364
364
364
364
365
365
365
365
365
366
366
366
366
366
367
367
367
367
367
367
368
368
368
368
368
369
369
369
369
369
369
371
371
371
371
371
373
373
373
373
373
375
375
375
375
375
376
376
376
376
376
378
378
378
378
378
379
379
379
379
379
380
380
380
380
380
381
381
381
381
381
382
382
382
382
382
383
383
383
383
383
384
384
384
384
384
386
386
386
386
386
388
388
388
388
388
389
389
389
389
389
391
391
391
391
391
392
392
392
392
392
395
395
395
395
395
396
396
396
396
396
397
397
397
397
397
399
399
399
399
399
400
400
400
400
400
402
402
402
402
402
404
404
404
404
404
405
405
405
405
405
407
407
407
407
407
408
408
408
408
408
410
410
410
410
410
412
412
412
412
412
413
413
413
413
413
414
414
414
414
414
416
416
416
416
416
418
418
418
418
418
420
420
420
420
420
422
422
422
422
422
423
423
423
423
423
423
424
424
424
424
424
425
425
425
425
425
427
427
427
427
427
428
428
428
428
428
429
429
429
429
429
430
430
430
430
430
432
432
432
432
432
433
433
433
433
433
435
435
435
435
435
437
437
437
437
437
438
438
438
438
438
440
440
440
440
440
441
441
441
441
441
443
443
443
443
443
444
444
444
444
444
446
446
446
446
446
446
446
446
446
446
447
447
447
447
447
448
448
448
448
448
449
449
449
449
449
451
451
451
451
451
452
452
452
452
452
453
453
453
453
453
455
455
455
455
455
457
457
457
457
457
458
458
458
458
458
459
459
459
459
459
460
460
460
460
460
461
461
461
461
461
462
462
462
462
462
463
463
463
463
463
463
464
464
464
464
464
465
465
465
465
465
467
467
467
467
467
468
468
468
468
468
469
469
469
469
469
470
470
470
470
470
471
471
471
471
471
472
472
472
472
472
474
474
474
474
474
474
475
475
475
475
475
476
476
476
476
476
477
477
477
477
477
479
479
479
479
479
480
480
480
480
480
482
482
482
482
482
483
483
483
483
483
484
484
484
484
484
485
485
485
485
485
486
486
486
486
486
487
487
487
487
487
489
489
489
489
489
491
491
491
491
491
492
492
492
492
492
493
493
493
493
493
494
494
494
494
494
496
496
496
496
496
497
497
497
497
497
498
498
498
498
498
499
499
499
499
499
501
501
501
501
501
502
502
502
502
502
503
503
503
503
503
504
504
504
504
504
505
505
505
505
505
506
506
506
506
506
507
507
507
507
507
509
509
509
509
509
511
511
511
511
511
512
512
512
512
512
513
513
513
513
513
514
514
514
514
514
515
515
515
515
515
517
517
517
517
517
518
518
518
518
518
519
519
519
519
519
520
520
520
520
520
521
521
521
521
521
522
522
522
522
522
523
523
523
523
523
524
524
524
524
524
526
526
526
526
526
527
527
527
527
527
528
528
528
528
528
528
529
529
529
529
529
530
530
530
530
530
530
531
531
531
531
531
532
532
532
532
532
532
533
533
533
533
533
535
535
535
535
535
536
536
536
536
536
538
538
538
538
538
540
540
540
540
540
542
542
542
542
542
542
543
543
543
543
543
545
545
545
545
545
547
547
547
547
547
548
548
548
548
548
549
549
549
549
549
550
550
550
550
550
552
552
552
552
552
554
554
554
554
554
555
555
555
555
555
556
556
556
556
556
558
558
558
558
558
560
560
560
560
560
561
561
561
561
561
562
562
562
562
562
563
563
563
563
563
564
564
564
564
564
565
565
565
565
565
566
566
566
566
566
567
567
567
567
567
569
569
569
569
569
570
570
570
570
570
572
572
572
572
572
574
574
574
574
574
575
575
575
575
575
577
577
577
577
577
578
578
578
578
578
579
579
579
579
579
580
580
580
580
580
581
581
581
581
581
582
582
582
582
582
583
583
583
583
583
585
585
585
585
585
586
586
586
586
586
587
587
587
587
587
589
589
589
589
589
591
591
591
591
591
592
592
592
592
592
594
594
594
594
594
595
595
595
595
595
596
596
596
596
596
597
597
597
597
597
598
598
598
598
598
599
599
599
599
599
600
600
600
600
600
602
602
602
602
602
603
603
603
603
603
605
605
605
605
605
607
607
607
607
607
608
608
608
608
608
610
610
610
610
610
612
612
612
612
612
613
613
613
613
613
614
614
614
614
614
615
615
615
615
615
616
616
616
616
616
617
617
617
617
617
619
619
619
619
619
621
621
621
621
621
623
623
623
623
623
624
624
624
624
624
625
625
625
625
625
626
626
626
626
626
628
628
628
628
628
630
630
630
630
630
631
631
631
631
631
633
633
633
633
633
635
635
635
635
635
637
637
637
637
637
637
637
637
637
637
638
638
638
638
638
639
639
639
639
639
640
640
640
640
640
641
641
641
641
641
643
643
643
643
643
644
644
644
644
644
645
645
645
645
645
647
647
647
647
647
648
648
648
648
648
650
650
650
650
650
651
651
651
651
651
653
653
653
653
653
655
655
655
655
655
656
656
656
656
656
656
656
656
656
656
656
657
657
657
657
657
658
658
658
658
658
658
659
659
659
659
659
661
661
661
661
661
661
662
662
662
662
662
664
664
664
664
664
665
665
665
665
665
665
666
666
666
666
666
668
668
668
668
668
668
668
668
668
668
669
669
669
669
669
670
670
670
670
670
671
671
671
671
671
671
671
671
671
671
672
672
672
672
672
673
673
673
673
673
674
674
674
674
674
675
675
675
675
675
676
676
676
676
676
677
677
677
677
677
679
679
679
679
679
681
681
681
681
681
683
683
683
683
683
684
684
684
684
684
686
686
686
686
686
688
688
688
688
688
689
689
689
689
689
690
690
690
690
690
691
691
691
691
691
692
692
692
692
692
693
693
693
693
693
695
695
695
695
695
695
695
695
695
695
695
696
696
696
696
696
697
697
697
697
697
697
698
698
698
698
698
699
699
699
699
699
701
701
701
701
701
702
702
702
702
702
703
703
703
703
703
704
704
704
704
704
706
706
706
706
706
707
707
707
707
707
709
709
709
709
709
709
710
710
710
710
710
712
712
712
712
712
713
713
713
713
713
714
714
714
714
714
716
716
716
716
716
717
717
717
717
717
718
718
718
718
718
720
720
720
720
720
722
722
722
722
722
723
723
723
723
723
724
724
724
724
724
725
725
725
725
725
726
726
726
726
726
728
728
728
728
728
730
730
730
730
730
731
731
731
731
731
732
732
732
732
732
733
733
733
733
733
734
734
734
734
734
735
735
735
735
735
736
736
736
736
736
738
738
738
738
738
740
740
740
740
740
742
742
742
742
742
742
743
743
743
743
743
744
744
744
744
744
744
745
745
745
745
745
746
746
746
746
746
747
747
747
747
747
747
747
747
747
747
747
747
748
748
748
748
748
748
749
749
749
749
749
749
750
750
750
750
750
750
750
750
750
750
751
751
751
751
751
752
752
752
752
752
754
754
754
754
754
756
756
756
756
756
758
758
758
758
758
760
760
760
760
760
761
761
761
761
761
762
762
762
762
762
763
763
763
763
763
765
765
765
765
765
765
765
765
765
765
766
766
766
766
766
767
767
767
767
767
768
768
768
768
768
769
769
769
769
769
770
770
770
770
770
772
772
772
772
772
773
773
773
773
773
775
775
775
775
775
777
777
777
777
777
779
779
779
779
779
779
779
779
779
779
780
780
780
780
780
781
781
781
781
781
781
783
783
783
783
783
785
785
785
785
785
786
786
786
786
786
788
788
788
788
788
789
789
789
789
789
790
790
790
790
790
791
791
791
791
791
792
792
792
792
792
794
794
794
794
794
796
796
796
796
796
798
798
798
798
798
799
799
799
799
799
799
799
799
799
799
800
800
800
800
800
800
801
801
801
801
801
803
803
803
803
803
805
805
805
805
805
805
806
806
806
806
806
806
807
807
807
807
807
808
808
808
808
808
810
810
810
810
810
811
811
811
811
811
812
812
812
812
812
813
813
813
813
813
815
815
815
815
815
817
817
817
817
817
818
818
818
818
818
819
819
819
819
819
821
821
821
821
821
822
822
822
822
822
823
823
823
823
823
825
825
825
825
825
827
827
827
827
827
828
828
828
828
828
829
829
829
829
829
831
831
831
831
831
832
832
832
832
832
834
834
834
834
834
835
835
835
835
835
836
836
836
836
836
838
838
838
838
838
838
839
839
839
839
839
840
840
840
840
840
842
842
842
842
842
843
843
843
843
843
844
844
844
844
844
845
845
845
845
845
846
846
846
846
846
848
848
848
848
848
849
849
849
849
849
850
850
850
850
850
850
851
851
851
851
851
852
852
852
852
852
854
854
854
854
854
855
855
855
855
855
857
857
857
857
857
858
858
858
858
858
859
859
859
859
859
860
860
860
860
860
861
861
861
861
861
863
863
863
863
863
864
864
864
864
864
866
866
866
866
866
868
868
868
868
868
869
869
869
869
869
870
870
870
870
870
872
872
872
872
872
873
873
873
873
873
875
875
875
875
875
877
877
877
877
877
878
878
878
878
878
880
880
880
880
880
881
881
881
881
881
882
882
882
882
882
883
883
883
883
883
885
885
885
885
885
887
887
887
887
887
888
888
888
888
888
889
889
889
889
889
890
890
890
890
890
892
892
892
892
892
893
893
893
893
893
894
894
894
894
894
895
895
895
895
895
897
897
897
897
897
898
898
898
898
898
899
899
899
899
899
900
900
900
900
900
900
901
901
901
901
901
902
902
902
902
902
903
903
903
903
903
904
904
904
904
904
905
905
905
905
905
907
907
907
907
907
909
909
909
909
909
910
910
910
910
910
911
911
911
911
911
913
913
913
913
913
914
914
914
914
914
915
915
915
915
915
916
916
916
916
916
917
917
917
917
917
919
919
919
919
919
920
920
920
920
920
922
922
922
922
922
923
923
923
923
923
924
924
924
924
924
925
925
925
925
925
926
926
926
926
926
927
927
927
927
927
929
929
929
929
929
929
929
929
929
929
930
930
930
930
930
931
931
931
931
931
933
933
933
933
933
934
934
934
934
934
935
935
935
935
935
936
936
936
936
936
938
938
938
938
938
939
939
939
939
939
940
940
940
940
940
941
941
941
941
941
942
942
942
942
942
943
943
943
943
943
944
944
944
944
944
945
945
945
945
945
947
947
947
947
947
948
948
948
948
948
950
950
950
950
950
951
951
951
951
951
952
952
952
952
952
953
953
953
953
953
955
955
955
955
955
956
956
956
956
956
957
957
957
957
957
959
959
959
959
959
960
960
960
960
960
961
961
961
961
961
962
962
962
962
962
962
962
962
962
962
962
962
962
962
962
962
963
963
963
963
963
965
965
965
965
965
966
966
966
966
966
967
967
967
967
967
968
968
968
968
968
970
970
970
970
970
971
971
971
971
971
973
973
973
973
973
975
975
975
975
975
976
976
976
976
976
976
977
977
977
977
977
979
979
979
979
979
980
980
980
980
980
981
981
981
981
981
983
983
983
983
983
985
985
985
985
985
986
986
986
986
986
988
988
988
988
988
989
989
989
989
989
990
990
990
990
990
991
991
991
991
991
993
993
993
993
993
995
995
995
995
995
996
996
996
996
996
997
997
997
997
997
998
998
998
998
998
1000
1000
1000
1000
1000
1002
1002
1002
1002
1002
1004
1004
1004
1004
1004
1006
1006
1006
1006
1006
1008
1008
1008
1008
1008
1009
1009
1009
1009
1009
1010
1010
1010
1010
1010
1011
1011
1011
1011
1011
1013
1013
1013
1013
1013
1014
1014
1014
1014
1014
1016
1016
1016
1016
1016
1018
1018
1018
1018
1018
1019
1019
1019
1019
1019
1021
1021
1021
1021
1021
1023
1023
1023
1023
1023
1024
1024
1024
1024
1024
1025
1025
1025
1025
1025
1027
1027
1027
1027
1027
1028
1028
1028
1028
1028
1029
1029
1029
1029
1029
1030
1030
1030
1030
1030
1030
1031
1031
1031
1031
1031
1032
1032
1032
1032
1032
1033
1033
1033
1033
1033
1035
1035
1035
1035
1035
1036
1036
1036
1036
1036
1037
1037
1037
1037
1037
1038
1038
1038
1038
1038
1039
1039
1039
1039
1039
1041
1041
1041
1041
1041
1043
1043
1043
1043
1043
1045
1045
1045
1045
1045
1048
1048
1048
1048
1048
1049
1049
1049
1049
1049
1050
1050
1050
1050
1050
1051
1051
1051
1051
1051
1052
1052
1052
1052
1052
1053
1053
1053
1053
1053
1054
1054
1054
1054
1054
1055
1055
1055
1055
1055
1055
1057
1057
1057
1057
1057
1057
1058
1058
1058
1058
1058
1058
1059
1059
1059
1059
1059
1059
1060
1060
1060
1060
1060
1061
1061
1061
1061
1061
1062
1062
1062
1062
1062
1063
1063
1063
1063
1063
1064
1064
1064
1064
1064
1065
1065
1065
1065
1065
1065
1066
1066
1066
1066
1066
1066
1067
1067
1067
1067
1067
1067
1068
1068
1068
1068
1068
1068
1069
1069
1069
1069
1069
1071
1071
1071
1071
1071
1071
1071
1071
1071
1071
1071
1071
1071
1071
1071
1072
1072
1072
1072
1072
1073
1073
1073
1073
1073
1074
1074
1074
1074
1074
1075
1075
1075
1075
1075
1077
1077
1077
1077
1077
1079
1079
1079
1079
1079
1081
1081
1081
1081
1081
1082
1082
1082
1082
1082
1082
1083
1083
1083
1083
1083
1084
1084
1084
1084
1084
1086
1086
1086
1086
1086
1087
1087
1087
1087
1087
1088
1088
1088
1088
1088
1089
1089
1089
1089
1089
1090
1090
1090
1090
1090
1091
1091
1091
1091
1091
1091
1092
1092
1092
1092
1092
1094
1094
1094
1094
1094
1095
1095
1095
1095
1095
1095
1096
1096
1096
1096
1096
1097
1097
1097
1097
1097
1099
1099
1099
1099
1099
1100
1100
1100
1100
1100
1101
1101
1101
1101
1101
1103
1103
1103
1103
1103
1105
1105
1105
1105
1105
1107
1107
1107
1107
1107
1108
1108
1108
1108
1108
1110
1110
1110
1110
1110
1112
1112
1112
1112
1112
1114
1114
1114
1114
1114
1115
1115
1115
1115
1115
1117
1117
1117
1117
1117
1118
1118
1118
1118
1118
1119
1119
1119
1119
1119
1120
1120
1120
1120
1120
1122
1122
1122
1122
1122
1123
1123
1123
1123
1123
1124
1124
1124
1124
1124
1125
1125
1125
1125
1125
1127
1127
1127
1127
1127
1128
1128
1128
1128
1128
1129
1129
1129
1129
1129
1130
1130
1130
1130
1130
1131
1131
1131
1131
1131
1132
1132
1132
1132
1132
1133
1133
1133
1133
1133
1135
1135
1135
1135
1135
1136
1136
1136
1136
1136
1136
1137
1137
1137
1137
1137
1137
1138
1138
1138
1138
1138
1138
1139
1139
1139
1139
1139
1139
1139
1139
1139
1139
1139
1139
1140
1140
1140
1140
1140
1140
1140
1140
1140
1140
1140
1142
1142
1142
1142
1142
1143
1143
1143
1143
1143
1143
1143
1143
1143
1143
1144
1144
1144
1144
1144
1146
1146
1146
1146
1146
1147
1147
1147
1147
1147
1148
1148
1148
1148
1148
1149
1149
1149
1149
1149
1151
1151
1151
1151
1151
1152
1152
1152
1152
1152
1153
1153
1153
1153
1153
1154
1154
1154
1154
1154
1154
1155
1155
1155
1155
1155
1156
1156
1156
1156
1156
1158
1158
1158
1158
1158
1159
1159
1159
1159
1159
1160
1160
1160
1160
1160
1162
1162
1162
1162
1162
1164
1164
1164
1164
1164
1166
1166
1166
1166
1166
1167
1167
1167
1167
1167
1168
1168
1168
1168
1168
1170
1170
1170
1170
1170
1171
1171
1171
1171
1171
1172
1172
1172
1172
1172
1173
1173
1173
1173
1173
1173
1173
1173
1173
1173
1174
1174
1174
1174
1174
1175
1175
1175
1175
1175
1176
1176
1176
1176
1176
1177
1177
1177
1177
1177
1179
1179
1179
1179
1179
1180
1180
1180
1180
1180
1182
1182
1182
1182
1182
1184
1184
1184
1184
1184
1185
1185
1185
1185
1185
1186
1186
1186
1186
1186
1188
1188
1188
1188
1188
1189
1189
1189
1189
1189
1190
1190
1190
1190
1190
1191
1191
1191
1191
1191
1193
1193
1193
1193
1193
1194
1194
1194
1194
1194
1195
1195
1195
1195
1195
1196
1196
1196
1196
1196
1197
1197
1197
1197
1197
1199
1199
1199
1199
1199
1199
1199
1199
1199
1199
1200
1200
1200
1200
1200
1202
1202
1202
1202
1202
1203
1203
1203
1203
1203
1205
1205
1205
1205
1205
1207
1207
1207
1207
1207
1208
1208
1208
1208
1208
1209
1209
1209
1209
1209
1210
1210
1210
1210
1210
1211
1211
1211
1211
1211
1212
1212
1212
1212
1212
1214
1214
1214
1214
1214
1216
1216
1216
1216
1216
1216
1216
1216
1216
1216
1217
1217
1217
1217
1217
1217
1217
1217
1217
1217
1219
1219
1219
1219
1219
1221
1221
1221
1221
1221
1222
1222
1222
1222
1222
1223
1223
1223
1223
1223
1224
1224
1224
1224
1224
1225
1225
1225
1225
1225
1226
1226
1226
1226
1226
1227
1227
1227
1227
1227
1229
1229
1229
1229
1229
1231
1231
1231
1231
1231
1232
1232
1232
1232
1232
1234
1234
1234
1234
1234
1236
1236
1236
1236
1236
1238
1238
1238
1238
1238
1240
1240
1240
1240
1240
1241
1241
1241
1241
1241
1243
1243
1243
1243
1243
1244
1244
1244
1244
1244
1245
1245
1245
1245
1245
1246
1246
1246
1246
1246
1247
1247
1247
1247
1247
1247
1247
1247
1247
1247
1249
1249
1249
1249
1249
1250
1250
1250
1250
1250
1251
1251
1251
1251
1251
1252
1252
1252
1252
1252
1253
1253
1253
1253
1253
1255
1255
1255
1255
1255
1256
1256
1256
1256
1256
1257
1257
1257
1257
1257
1259
1259
1259
1259
1259
1261
1261
1261
1261
1261
1262
1262
1262
1262
1262
1263
1263
1263
1263
1263
1265
1265
1265
1265
1265
1266
1266
1266
1266
1266
1267
1267
1267
1267
