1.927863
0.039060
0.039161
0.036802
0.021826
0.033298
0.037222
0.037508
0.040701
0.033354
0.037879
0.040217
0.040489
0.036980
0.024747
0.027614
0.032762
0.025641
0.029943
0.031956
0.035858
0.035327
0.036656
0.036476
0.034655
0.023308
0.031332
0.035018
0.037232
0.036977
0.035303
0.036974
0.034770
0.038293
0.025848
0.028776
0.032713
0.033977
0.037192
0.036388
0.037709
0.036548
0.035404
0.035657
0.034491
0.037592
0.034260
0.032949
0.036534
0.032511
0.036400
0.038058
0.035740
0.035330
0.036543
0.042051
0.031773
0.028897
0.033465
0.031809
0.033120
0.037576
0.033476
0.036185
0.033885
0.033921
0.020556
0.034187
0.031960
0.034622
0.036349
0.034905
0.033343
0.035811
0.036104
0.037037
0.026837
0.033344
0.034900
0.035035
0.035065
0.037361
0.032952
0.033236
0.033170
0.034979
0.036544
0.030170
0.032969
0.036379
0.035911
0.035694
0.036221
0.033032
0.035632
0.040204
0.035748
0.021823
0.029571
0.035575
0.035938
0.035747
0.033866
0.033979
0.033069
0.033531
0.035747
0.034797
0.029749
0.032390
0.034270
0.038697
0.034327
0.032818
0.034512
0.034156
0.034890
0.027700
0.020497
0.026084
0.027258
0.030144
0.033701
0.033738
0.033723
0.033066
0.034969
0.032606
0.032912
0.020536
0.028251
0.030524
0.033311
0.033267
0.033040
0.032757
0.034930
0.034814
0.035673
0.028893
0.030046
0.037191
0.035073
0.035043
0.033237
0.034240
0.035503
0.034925
0.034145
0.034830
0.035304
0.026087
0.027755
0.029302
0.116456
0.031936
0.036579
0.033055
0.033060
0.029447
0.032170
0.033133
0.031824
0.033666
0.035184
0.034312
0.036164
0.033918
0.033999
0.032405
0.019722
0.032281
0.033602
0.033000
0.033606
0.034410
0.034112
0.034356
0.032892
0.032899
0.032488
0.024918
0.030545
0.033354
0.031997
0.032168
0.032684
0.032127
0.035282
0.032004
0.032554
0.027517
0.031166
0.033809
0.032330
0.041067
0.034448
0.032833
0.036281
0.034565
0.034863
0.033599
0.035192
0.036505
0.033159
0.032688
0.032884
0.032726
0.035608
0.033232
0.032886
0.034582
0.023531
0.035395
0.033843
0.034681
0.032761
0.034248
0.035754
0.033799
0.034094
0.028802
0.023820
0.026036
0.026226
0.032444
0.033329
0.033871
0.034273
0.031930
0.026594
0.028836
0.029277
0.039403
0.031434
0.033577
0.033136
0.033069
0.036845
0.033163
0.029122
0.033157
0.031716
0.029740
0.018241
0.027524
0.031079
0.032640
0.034590
0.033977
0.034122
0.032146
0.031134
0.033479
0.032452
0.032765
0.023350
0.029415
0.033654
0.032666
0.032573
0.032285
0.021847
0.023670
0.029450
0.026467
0.028332
0.035127
0.033555
0.032555
0.032706
0.032362
0.032699
0.033850
0.032180
0.032118
0.017820
0.025649
0.033970
0.032982
0.031630
0.031255
0.033074
0.034263
0.031734
0.042343
0.032934
0.022175
0.032300
0.033630
0.032361
0.032044
0.034213
0.035240
0.033826
0.038940
0.033546
0.025049
0.031814
0.033805
0.032570
0.031595
0.031472
0.033851
0.031731
0.031311
0.031324
0.031563
0.018937
0.026172
0.031468
0.032191
0.033226
0.033271
0.032220
0.031320
0.031401
0.032645
0.033927
0.018663
0.026621
0.029907
0.032243
0.034353
0.032534
0.031997
0.032350
0.033307
0.036234
0.022032
0.019245
0.019918
0.024738
0.027006
0.024983
0.032443
0.031692
0.031905
0.034548
0.032248
0.031718
0.016706
0.027689
0.032393
0.032513
0.031778
0.031660
0.032506
0.033902
0.032143
0.033404
0.030413
0.016436
0.030207
0.032926
0.033274
0.025030
0.031449
0.034059
0.031584
0.033096
0.031997
0.033288
0.020537
0.028330
0.031542
0.032620
0.032101
0.036019
0.031763
0.032006
0.032546
0.033226
0.033420
0.034637
0.031346
0.032956
0.031866
0.033914
0.031135
0.031022
0.031654
0.031910
0.088013
0.032393
0.031781
0.032419
0.033142
0.036438
0.032041
0.031395
0.031235
0.028206
0.036780
0.019617
0.030724
0.032470
0.032982
0.033507
0.032859
0.031832
0.032533
0.034742
0.035240
0.033230
0.032958
0.030208
0.031528
0.033822
0.034453
0.033299
0.033120
0.033346
0.033727
0.030379
0.018464
0.028756
0.034055
0.033802
0.032343
0.033582
0.031748
0.031943
0.033308
0.032401
0.033487
0.028325
0.030612
0.033449
0.032956
0.032789
0.031410
0.030598
0.033435
0.032271
0.030865
0.021930
0.018890
0.021985
0.027467
0.117065
0.033059
0.031474
0.035290
0.032261
0.031428
0.030819
0.033360
0.031176
0.032555
0.033122
0.031346
0.031134
0.032812
0.031327
0.032324
0.031135
0.027345
0.032996
0.029435
0.028278
0.031039
0.031059
0.032184
0.031941
0.031284
0.033496
0.031766
0.019531
0.028500
0.022415
0.029277
0.028962
0.030479
0.028101
0.026300
0.028258
0.032527
0.033689
0.023301
0.031268
0.033671
0.031448
0.033629
0.032116
0.030277
0.031641
0.031821
0.033961
0.031269
0.021255
0.032580
0.032271
0.033096
0.031274
0.039248
0.033838
0.032146
0.036386
0.034020
0.032401
0.033136
0.024082
0.030600
0.029203
0.030792
0.031066
0.031037
0.032979
0.031919
0.031049
0.026809
0.030063
0.039316
0.025392
0.032976
0.031705
0.032076
0.036004
0.033266
0.040264
0.032777
0.017874
0.028803
0.030864
0.031581
0.032397
0.031805
0.033457
0.032012
0.031645
0.031876
0.032319
0.031013
0.028137
0.032350
0.031819
0.028991
0.031230
0.027868
0.029350
0.031976
0.030553
0.020832
0.017922
0.018012
0.030315
0.031740
0.033272
0.031043
0.029537
0.031561
0.031440
0.032379
0.031345
0.017814
0.027092
0.030598
0.033626
0.031255
0.031416
0.031337
0.031531
0.031366
0.031953
0.031007
0.017662
0.027742
0.032906
0.031411
0.029171
0.031467
0.031285
0.035018
0.031979
0.029435
0.034539
0.025025
0.027287
0.032831
0.032087
0.032493
0.031655
0.034306
0.028601
0.031769
0.021815
0.022445
0.023048
0.023949
0.032204
0.028954
0.031067
0.031787
0.029508
0.037352
0.031880
0.033588
0.033349
0.032927
0.031345
0.031623
0.031214
0.031191
0.031030
0.033339
0.031271
0.030608
0.031152
0.017636
0.028740
0.075119
0.030371
0.030402
0.030295
0.023839
0.030671
0.029110
0.030092
0.031952
0.022773
0.029353
0.031882
0.028306
0.027651
0.032867
0.028365
0.030520
0.031144
0.028509
0.028947
0.030273
0.026175
0.031043
0.030995
0.033198
0.031745
0.031004
0.039440
0.032694
0.032668
0.019133
0.027746
0.031370
0.031078
0.032857
0.032396
0.030937
0.030217
0.030771
0.032027
0.028731
0.021043
0.020108
0.021338
0.033645
0.031158
0.031824
0.031497
0.040486
0.035459
0.032628
0.032335
0.029652
0.033326
0.030632
0.032461
0.029209
0.031846
0.027043
0.030354
0.028863
0.032277
0.032526
0.032081
0.033687
0.030195
0.031521
0.029987
0.030831
0.033478
0.030848
0.032260
0.033983
0.031380
0.023493
0.031767
0.030295
0.030699
0.031579
0.032631
0.031617
0.031234
0.031218
0.030300
0.038832
0.017228
0.028179
0.028798
0.030842
0.041240
0.033586
0.032893
0.032253
0.031644
0.033110
0.031984
0.017213
0.028127
0.031210
0.033629
0.032507
0.031967
0.031367
0.031948
0.035124
0.031462
0.032834
0.018751
0.027890
0.034174
0.031397
0.032227
0.031180
0.030962
0.033394
0.031007
0.031396
0.033483
0.032409
0.028053
0.029098
0.031716
0.534250
0.018398
0.030689
0.030110
0.031468
0.032009
0.031829
0.033895
0.031726
0.030994
0.036690
0.031732
0.033932
0.033785
0.033959
0.032202
0.032973
0.033879
0.032081
0.031271
0.031379
0.021305
0.021077
0.020043
0.024313
0.031823
0.032549
0.034098
0.027911
0.031125
0.028821
0.028241
0.034039
0.016518
0.028758
0.034018
0.032045
0.034024
0.033000
0.032231
0.032325
0.031929
0.034222
0.031150
0.032546
0.032173
0.033097
0.036199
0.032795
0.034672
0.034058
0.033230
0.034456
0.033252
0.020490
0.029866
0.032944
0.033835
0.032344
0.029726
0.032848
0.032126
0.033501
0.037749
0.026212
0.031662
0.032211
0.044621
0.032851
0.032112
0.032864
0.032958
0.033309
0.032857
0.031869
0.020593
0.029991
0.033880
0.033561
0.029792
0.032504
0.032677
0.034640
0.032298
0.032014
0.031040
0.028367
0.029883
0.030988
0.032211
0.031951
0.029560
0.031753
0.032225
0.031544
0.031542
0.031625
0.029785
0.024341
0.031263
0.031162
0.031844
0.033226
0.031383
0.031076
0.030851
0.031344
0.019600
0.026724
0.030637
0.032320
0.033566
0.032811
0.030402
0.030451
0.031143
0.030942
0.032522
0.019368
0.027822
0.031066
0.031238
0.032959
0.030510
0.031047
0.031672
0.030180
0.033266
0.019873
0.018646
0.022235
0.027298
0.033347
0.031699
0.031297
0.031525
0.031324
0.033133
0.029863
0.030848
0.016831
0.029158
0.031903
0.033824
0.031116
0.030821
0.030951
0.033448
0.031567
0.032526
0.031853
0.029095
0.031618
0.032823
0.031921
0.032735
0.107741
0.032003
0.031525
0.031967
0.022431
0.029446
0.032161
0.037269
0.032322
0.031193
0.031279
0.034444
0.032306
0.032367
0.029974
0.020573
0.021644
0.024282
0.026753
0.028101
0.032270
0.034326
0.033453
0.031704
0.032804
0.032250
0.019324
0.026768
0.025885
0.031372
0.031089
0.034870
0.032363
0.032059
0.031894
0.031525
0.034408
0.025487
0.030434
0.033094
0.032028
0.034390
0.031689
0.031821
0.033017
0.032290
0.033966
0.017987
0.028780
0.032304
0.031704
0.035330
0.031439
0.032227
0.032022
0.032262
0.046252
0.031968
0.032108
0.030442
0.033483
0.033740
0.032300
0.031539
0.031799
0.031956
0.034320
0.032471
0.018644
0.024746
0.031595
0.034417
0.032562
0.032918
0.031974
0.033747
0.034290
0.033692
0.020130
0.018826
0.018866
0.022670
0.028817
0.033021
0.032892
0.032142
0.033692
0.032282
0.032643
0.032256
0.016775
0.026397
0.032110
0.031542
0.032028
0.032238
0.033600
0.031651
0.030520
0.031191
0.032145
0.022106
0.028437
0.032130
0.033484
0.033710
0.035498
0.038552
0.033199
0.033051
0.032900
0.022816
0.030690
0.023756
0.119170
0.030550
0.033782
0.031515
0.030127
0.028967
0.031996
0.017958
0.027422
0.030143
0.031730
0.031789
0.033444
0.028825
0.031485
0.030446
0.028350
0.033552
0.027477
0.023857
0.028277
0.032265
0.033356
0.031523
0.030912
0.031632
0.031157
0.032368
0.027899
0.032093
0.028345
0.026099
0.030952
0.032256
0.030039
0.032526
0.031688
0.033158
0.031370
0.018128
0.028759
0.030890
0.034090
0.031685
0.031572
0.026469
0.027164
0.028637
0.023877
0.027898
0.017897
0.020772
0.031073
0.027955
0.031925
0.031127
0.031488
0.032187
0.031068
0.031550
0.030962
0.018708
0.032253
0.031048
0.031304
0.033148
0.031389
0.033056
0.032170
0.031640
0.031823
0.018980
0.018266
0.020582
0.028493
0.031826
0.032537
0.033104
0.033379
0.033043
0.032304
0.032470
0.033880
0.033006
0.030328
0.033043
0.033695
0.034544
0.032367
0.032106
0.031673
0.031571
0.034410
0.019409
0.028204
0.032495
0.032389
0.034890
0.032090
0.031977
0.031716
0.033132
0.034745
0.030685
0.033062
0.031073
0.032812
0.033704
0.031480
0.032279
0.031461
0.031390
0.032929
0.031793
0.018557
0.030753
0.032592
0.034304
0.031895
0.033333
0.026647
0.028884
0.033557
0.032316
0.031967
0.031921
0.029827
0.029250
0.027431
0.032482
0.032109
0.027975
0.028574
0.030549
0.030805
0.024358
0.032111
0.028608
0.031779
0.032530
0.032049
0.030774
0.033227
0.031891
0.029145
0.026499
0.018297
0.029295
0.033075
0.031949
0.032310
0.032185
0.034023
0.034622
0.033091
0.031654
0.031804
0.020751
0.030561
0.031639
0.031343
0.033736
0.033653
0.031740
0.031806
0.030968
0.031171
0.033472
0.027923
0.030787
0.030561
0.028440
0.034853
0.032527
0.032172
0.031552
0.031272
0.030524
0.021180
0.026834
0.028436
0.028150
0.034222
0.032449
0.030488
0.031333
0.030988
0.033579
0.032258
0.016530
0.027380
0.028770
0.034192
0.040122
0.034696
0.031452
0.031969
0.033361
0.031483
0.032764
0.027414
0.029441
0.032822
0.028455
0.032480
0.030946
0.031168
0.033957
0.031464
0.029923
0.027620
0.031308
0.033270
0.031733
0.031988
0.031189
0.031475
0.033202
0.031449
0.030809
0.031097
0.017060
0.027999
0.020495
0.020171
0.035032
0.041723
0.031376
0.031636
0.031480
0.032442
0.030112
0.019285
0.028599
0.029516
0.031443
0.031711
0.032347
0.032369
0.031868
0.031226
0.032418
0.034999
0.017671
0.029248
0.032505
0.033270
0.033670
0.032027
0.031876
0.029473
0.031461
0.033199
0.031731
0.017713
0.030990
0.030382
0.035504
0.031778
0.031245
0.031234
0.032305
0.033097
0.031334
0.030965
0.031169
0.031339
0.033726
0.031876
0.030513
0.029950
0.032468
0.033716
0.030721
0.031285
0.017726
0.026974
0.033052
0.031316
0.031102
0.030257
0.030406
0.033582
0.030674
0.031280
0.125315
0.024069
0.032989
0.031166
0.032429
0.030780
0.031047
0.032732
0.035670
0.031565
0.033794
0.024881
0.028079
0.031054
0.030899
0.030816
0.030357
0.032305
0.030631
0.030446
0.031153
0.026720
0.032976
0.024047
0.028727
0.029226
0.028538
0.028606
0.031076
0.030589
0.030255
0.030501
0.021098
0.029070
0.031564
0.030914
0.033133
0.032975
0.030963
0.030679
0.031307
0.031661
0.032614
0.016999
0.026538
0.027818
0.031796
0.033391
0.031779
0.029072
0.031977
0.031443
0.033051
0.031299
0.032305
0.026415
0.030818
0.031138
0.029786
0.029094
0.033659
0.030910
0.033768
0.031597
0.021405
0.027008
0.030672
0.033011
0.032870
0.031259
0.030919
0.032143
0.033644
0.031055
0.031718
0.016992
0.027874
0.032943
0.031449
0.031761
0.032237
0.032533
0.033637
0.030424
0.030875
0.038117
0.030214
0.032487
0.031456
0.031089
0.032074
0.031395
0.032413
0.031156
0.031232
0.031870
0.018191
0.028201
0.025843
0.031536
0.033265
0.030864
0.031093
0.033063
0.032340
0.030974
0.021398
0.022922
0.024138
0.030332
0.032451
0.031671
0.031521
0.029485
0.028411
0.030524
0.031085
0.028814
0.032520
0.031777
0.032056
0.025419
0.027658
0.034325
0.031429
0.032757
0.031567
0.031387
0.033529
0.016684
0.024683
0.024767
0.026069
0.032064
0.029955
0.028053
0.031924
0.032327
0.033911
0.032233
0.017078
0.029689
0.027198
0.034519
0.032947
0.032509
0.031467
0.032367
0.033960
0.031321
0.031461
0.025811
0.025538
0.025538
0.032131
0.031160
0.032358
0.027802
0.032793
0.030937
0.031290
0.032118
0.031916
0.029609
0.035367
0.031738
0.032124
0.032212
0.033181
0.032659
0.034046
0.032225
0.026929
0.033052
1.764640
0.019726
0.035392
0.030262
0.037083
0.032916
0.031950
0.031633
0.037160
0.033606
0.039565
0.025318
0.034044
0.030258
0.031987
0.029723
0.035904
0.032242
0.034228
0.033468
0.037535
0.018013
0.022268
0.017655
0.023894
0.032399
0.035942
0.033436
0.036230
0.034223
0.038982
0.026844
0.030242
0.021344
0.036069
0.030841
0.036555
0.032829
0.038440
0.033834
0.036617
0.032815
0.036087
0.018244
0.038802
0.029854
0.034915
0.032433
0.038413
0.035126
0.036537
0.032546
0.035343
0.034394
0.032220
0.030087
0.036937
0.033360
0.037847
0.035115
0.035128
0.032742
0.036289
0.032965
0.019632
0.029974
0.034760
0.024277
0.026217
0.018135
0.035127
0.032643
0.035147
0.033402
0.036001
0.018388
0.032392
0.033207
0.037102
0.034354
0.035767
0.032195
0.035261
0.031339
0.047033
0.029953
0.035417
0.028699
0.038926
0.034875
0.035651
0.031975
0.034256
0.031917
0.035195
0.032852
0.025175
0.027011
0.036627
0.032061
0.030908
0.031082
0.034373
0.031400
0.034409
0.033160
0.025911
0.030734
0.036663
0.034798
0.034538
0.032792
0.035002
0.031497
0.033764
0.032331
0.034512
0.026439
0.033497
0.032060
0.035370
0.033247
0.035547
0.032231
0.033898
0.031927
0.030355
0.021075
0.030821
0.028497
0.033980
0.032265
0.036082
0.032688
0.039230
0.033050
0.034485
0.031885
0.029631
0.029783
0.026601
0.031434
0.033629
0.032249
0.036001
0.031948
0.032399
0.029088
0.037356
0.034034
0.033644
0.032317
0.034458
0.032011
0.034203
0.033135
0.036389
0.033811
0.035501
0.019576
0.026347
0.028583
0.034962
0.032886
0.034642
0.033385
0.035397
0.032680
0.034857
0.033556
0.036866
0.030200
0.035564
0.032069
0.034682
0.032745
0.034722
0.033680
0.037772
0.035194
0.020728
0.027341
0.035486
0.032763
0.033746
0.032300
0.034097
0.032370
0.043606
0.034464
0.034909
0.032437
0.032586
0.033097
0.033364
0.031797
0.032884
0.031533
0.047619
0.035461
0.035500
0.027775
0.029127
0.032842
0.033245
0.032664
0.032980
0.032392
0.035861
0.034257
0.033539
0.018491
0.029937
0.032438
0.036191
0.032374
0.034399
0.032692
0.036183
0.033864
0.035421
0.032511
0.035339
0.028570
0.032948
0.033167
0.034232
0.033502
0.038059
0.034818
0.033518
0.030756
0.022046
0.021874
0.035390
0.033578
0.033500
0.031966
0.037082
0.035809
0.033166
0.031940
0.032423
0.021262
0.021413
0.025604
0.032099
0.033044
0.036213
0.036722
0.034467
0.033714
0.032841
0.032382
0.033481
0.033250
0.031862
0.032390
0.035291
0.034415
0.033435
0.032831
0.034712
0.032274
0.034231
0.018006
0.032373
0.031755
0.035361
0.030104
0.033432
0.032115
0.033874
0.032518
0.035825
0.033025
0.026076
0.029055
0.038706
0.034405
0.033945
0.033064
0.032662
0.033145
0.034033
0.032311
0.026322
0.031542
0.035808
0.034595
0.033537
0.032536
0.032322
0.031670
0.034297
0.032752
0.036086
0.023032
0.030882
0.035754
0.035425
0.032988
0.034266
0.033171
0.033399
0.032896
0.032093
0.030508
0.035302
0.033210
0.036520
0.033707
0.035407
0.033983
0.042749
0.032248
0.035227
0.034133
0.037833
0.034528
0.033829
0.031355
0.034881
0.033727
0.032645
0.032080
0.033197
0.032566
0.022126
0.031956
0.034428
0.033078
0.033984
0.033947
0.039359
0.032868
0.033568
0.031859
0.024231
0.019642
0.025421
0.032582
0.035311
0.032525
0.034003
0.032831
0.032955
0.031587
0.037670
0.020880
0.032045
0.031167
0.033493
0.031359
0.035381
0.032825
0.031927
0.032575
0.037624
0.035170
0.032349
0.029274
0.034751
0.032389
0.037008
0.034271
0.033737
0.032347
0.034976
0.028461
0.020522
0.029395
0.034280
0.032836
0.035742
0.033438
0.038443
0.032604
0.034010
0.033491
0.024446
0.030268
0.032389
0.033312
0.033508
0.033011
0.025723
0.023511
0.037484
0.035801
0.035202
0.018636
0.027614
0.029302
0.033239
0.031836
0.035082
0.032965
0.037589
0.036004
0.034732
0.032402
0.035301
0.031415
0.034520
0.033000
0.037056
0.032863
0.035024
0.033863
0.033264
0.031964
0.018412
0.027830
0.030408
0.031152
0.034380
0.031356
0.034604
0.034398
0.033381
0.031422
0.034931
0.025048
0.032793
0.034227
0.034658
0.032586
0.037934
0.035187
0.033770
0.033078
0.033707
0.021888
0.034786
0.029871
0.033053
0.032518
0.039145
0.034266
0.034880
0.032861
0.034226
0.018330
0.022476
0.021048
0.026890
0.027828
0.032970
0.034956
0.031628
0.032363
0.033774
0.031255
0.033760
0.017870
0.027632
0.027907
0.034871
0.033341
0.033567
0.032757
0.033943
0.033857
0.034163
0.032837
0.033649
0.029725
0.035360
0.034048
0.035834
0.040614
0.033709
0.031592
0.034648
0.033013
0.020013
0.029603
0.036489
0.033637
0.032632
0.033108
0.033197
0.032406
0.033520
0.032791
0.033169
0.034047
0.033830
0.033843
0.033815
0.033350
0.035705
0.033197
0.034335
0.033200
0.033399
0.018421
0.034263
0.034326
0.034107
0.032772
0.034879
0.033178
0.033729
0.032005
0.033396
0.032633
0.033643
0.031503
0.034681
0.033774
0.035037
0.032039
0.034080
0.031778
0.033773
0.031830
0.020349
0.027753
0.034661
0.033414
0.033122
0.529543
0.031951
0.031177
0.034199
0.032833
0.035321
0.033383
0.033227
0.032273
0.032998
0.032715
0.035358
0.028751
0.033519
0.029404
0.037445
0.034737
0.032045
0.029826
0.028208
0.030416
0.021270
0.131786
0.033564
0.033475
0.034837
0.032773
0.034211
0.032843
0.032799
0.032487
0.034133
0.031195
0.033511
0.032747
0.035607
0.033821
0.036198
0.032511
0.033656
0.032280
0.020491
0.026691
0.035159
0.032204
0.034700
0.033696
0.032707
0.032126
0.032675
0.032754
0.033616
0.031820
0.027211
0.032372
0.033593
0.034544
0.033502
0.032048
0.032200
0.032018
0.032800
0.018273
0.028820
0.027131
0.034150
0.033907
0.033657
0.032435
0.031894
0.032406
0.035065
0.032868
0.018800
0.027242
0.033361
0.035030
0.033401
0.032937
0.032415
0.033471
0.033323
0.033258
0.033817
0.021934
0.031326
0.033426
0.041324
0.034191
0.034130
0.031766
0.033407
0.032253
0.033317
0.031357
0.034889
0.030581
0.034747
0.032292
0.034084
0.030356
0.031416
0.033477
0.033173
0.032775
0.020686
0.027460
0.033374
0.030950
0.030542
0.032753
0.038608
0.032478
0.034103
0.032813
0.032334
0.034283
0.032503
0.032758
0.033517
0.032199
0.034534
0.031702
0.032864
0.031732
0.025404
0.021135
0.019489
0.028810
0.028509
0.028992
0.030235
0.030726
0.033495
0.032665
0.034745
0.032623
0.020387
0.029487
0.035332
0.033117
0.034437
0.033113
0.035055
0.032298
0.034743
0.034227
0.034202
0.023479
0.030797
0.030756
0.032141
0.031938
0.033050
0.032897
0.033043
0.034436
0.032868
0.033185
0.033730
0.030211
0.031987
0.032046
0.032164
0.032317
0.030793
0.033274
0.033020
0.032894
0.017484
0.029494
0.028552
0.032505
0.032725
0.032333
0.036712
0.034424
0.023433
0.024499
0.031574
0.019249
0.028744
0.028856
0.035193
0.032319
0.034496
0.034031
0.031964
0.032242
0.033257
0.031589
0.018550
0.025758
0.119164
0.031885
0.034591
0.033352
0.033243
0.032206
0.032208
0.032242
0.024615
0.030208
0.034525
0.032767
0.033559
0.034038
0.032530
0.031879
0.032350
0.031121
0.034924
0.030103
0.030117
0.032543
0.035631
0.032941
0.033092
0.032831
0.032584
0.032342
0.032518
0.021279
0.030586
0.028973
0.036940
0.026641
0.032031
0.027980
0.025868
0.027626
0.034945
0.025329
0.020152
0.019099
0.026050
0.029524
0.033249
0.032496
0.032293
0.030942
0.033357
0.032097
0.032834
0.018027
0.031245
0.034625
0.033381
0.032812
0.032449
0.031276
0.032543
0.032243
0.033059
0.032344
0.026421
0.032866
0.032687
0.032437
0.033210
0.032418
0.032219
0.031924
0.034665
0.033147
0.030748
0.034104
0.034444
0.032732
0.032834
0.032008
0.034486
0.033327
0.033050
0.032862
0.036880
0.021515
0.029845
0.030643
0.032271
0.033150
0.032925
0.033534
0.032672
0.029347
0.034154
0.034053
0.028874
0.030432
0.031817
0.031914
0.031729
0.032453
0.031683
0.031873
0.036960
0.035143
0.026127
0.030006
0.033599
0.032537
0.032165
0.027704
0.028927
0.032342
0.036474
0.035032
0.034213
0.020269
0.028915
0.032972
0.041536
0.034905
0.034831
0.029411
0.034595
0.034449
0.032307
0.030155
0.031306
0.033195
0.031972
0.033109
0.033677
0.033793
0.033898
0.033511
0.034014
0.033211
0.020247
0.027908
0.036554
0.032853
0.033620
0.033239
0.035581
0.034426
0.033617
0.032805
0.019732
0.019363
0.023048
0.032924
0.029993
0.029844
0.031704
0.034757
0.031944
0.031936
0.034462
0.028850
0.032904
0.032477
0.032911
0.032356
0.034271
0.033655
0.033517
0.031823
0.034522
0.033160
0.018681
0.028145
0.028252
0.036546
0.033818
0.034348
0.034107
0.034484
0.031405
0.034811
0.032394
0.027091
0.028115
0.037617
0.031357
0.029844
0.034719
0.033794
0.032331
0.034326
0.032265
0.032366
0.024426
0.029679
0.031979
0.029739
0.034259
0.033054
0.028167
0.032697
0.033365
0.032985
0.032907
0.034223
0.030620
0.032469
0.033796
0.032866
0.032521
0.033399
0.032202
0.032235
0.032852
0.019820
0.030419
0.032371
0.035548
0.032595
0.032005
0.033308
0.037400
0.029378
0.032046
0.033805
0.021077
0.029053
0.034238
0.032673
0.034856
0.032487
0.032211
0.032629
0.032121
0.035644
0.032168
0.032404
0.030419
0.033103
0.033221
0.032568
0.032820
0.032289
0.032830
0.033974
0.032667
0.019573
0.028233
0.031189
0.032706
0.032393
0.032520
0.032475
0.032354
0.034221
0.032855
0.023137
0.021135
0.024968
0.028231
0.032920
0.031974
0.032393
0.032763
0.034854
0.032582
0.032473
0.035023
0.017385
0.030711
0.031296
0.032015
0.032063
0.033022
0.033680
0.031801
0.034312
0.034669
0.032422
0.032708
0.029380
0.033183
0.034679
0.033113
0.035749
0.034304
0.033219
0.034912
0.032234
0.018176
0.027104
0.032494
0.033454
0.032203
0.033876
0.033079
0.032713
0.034131
0.032038
0.040100
0.028899
0.031870
0.029733
0.032583
0.034734
0.032578
0.029194
0.033606
0.032267
0.025189
0.023980
0.021865
0.030145
0.033801
0.034093
0.032509
0.034521
0.034539
0.032891
0.033909
0.032908
0.021347
0.029550
0.042800
0.034974
0.033402
0.033456
0.036673
0.034006
0.033152
0.032630
0.031975
0.031995
0.031898
0.035592
0.032886
0.033313
0.035207
0.032591
0.032739
0.032950
0.031571
0.019345
0.029062
0.033924
0.033019
0.032797
0.033573
0.032938
0.033581
0.032978
0.032788
0.029350
0.019116
0.025405
0.025684
0.032610
0.034649
0.032889
0.034092
0.031737
0.032880
0.032819
0.023250
0.022004
0.021545
0.029384
0.034629
0.033255
0.031797
0.032253
0.032168
0.033485
0.031879
0.034558
0.019094
0.025739
0.033159
0.033015
0.032092
0.031883
0.032124
0.032413
0.031871
0.034708
0.028399
0.032016
0.030541
0.030299
0.029868
0.033320
0.032863
0.032792
0.031790
0.033763
0.032539
0.022266
0.032445
0.032412
0.032078
0.033220
0.032834
0.032290
0.031885
0.034397
0.032731
0.026747
0.032449
0.032093
0.032893
0.032273
0.031837
0.032439
0.034172
0.033896
0.032713
0.033644
0.022929
0.029928
0.032463
0.032898
0.039129
0.033539
0.032004
0.033960
0.031627
0.032900
0.033533
0.033961
0.031279
0.033085
0.032921
0.032772
0.033016
0.035053
0.028458
0.033207
0.034045
0.026165
0.029830
0.032921
0.033344
0.033607
0.032696
0.035075
0.032732
0.032539
0.034177
0.023855
0.030630
0.031567
0.032899
0.033417
0.031693
0.034628
0.032032
0.032961
0.034414
0.032725
0.018387
0.026885
0.031702
0.032422
0.032580
0.034650
0.033033
0.032105
0.044979
0.033284
0.021059
0.018972
0.018485
0.030796
0.032250
0.034142
0.032796
0.032327
0.033672
0.032584
0.028109
0.028027
0.029265
0.027810
0.028213
0.030003
0.027664
0.029205
0.029676
0.030587
0.031755
0.033041
0.022126
0.030451
0.035662
0.035850
0.032596
0.031696
0.027653
0.032862
0.033047
0.032770
0.032543
0.017816
0.027508
0.034181
0.032371
0.033471
0.034093
0.033967
0.033011
0.033580
0.032228
0.032591
0.023072
0.028397
0.033796
0.032829
0.033948
0.032355
0.029483
0.032544
0.038841
0.033615
0.032720
0.035235
0.032636
0.032683
0.035085
0.032262
0.032102
0.033012
0.033255
0.033164
0.031895
0.019283
0.028916
0.033283
0.034585
0.033817
0.032584
0.034165
0.032393
0.032761
0.032771
0.035600
0.028520
0.030692
0.033819
0.033999
0.032637
0.033872
0.032870
0.033265
0.030057
0.036847
0.019911
0.026451
0.035419
0.033159
0.032561
0.032328
0.031471
0.032738
0.034195
0.034750
0.032165
0.024631
0.031151
0.034201
0.032007
0.032331
0.032526
0.033889
0.033000
0.034980
0.032310
0.020140
0.019926
0.023615
0.029251
0.029478
0.032097
0.032780
0.032531
0.034928
0.032054
0.032761
0.033711
0.033068
0.030463
0.032761
0.032686
0.031741
0.033490
0.034390
0.032153
0.032607
0.034786
0.017415
0.029306
0.032173
0.032003
0.032087
0.031998
0.033894
0.032049
0.032669
0.034319
0.033592
0.019512
0.030942
0.027914
0.032670
0.032027
0.033445
0.032866
0.032082
0.034416
0.032054
0.032210
0.029583
0.030397
0.032959
0.033318
0.034431
0.032715
0.032246
0.034461
0.033224
0.032604
0.017389
0.027473
0.020936
0.023181
0.031507
0.026016
0.032948
0.035776
0.032977
0.032935
0.032147
0.019042
0.028045
0.031902
0.034122
0.032406
0.032503
0.034230
0.032433
0.032362
0.032978
0.032601
0.022030
0.029881
0.034515
0.033596
0.032965
0.034889
0.033358
0.032581
0.033268
0.032492
0.033490
0.033210
0.031343
0.032969
0.032768
0.034448
0.032780
0.032507
0.032026
0.032761
0.032679
0.020156
0.029599
0.030178
0.029626
0.034380
0.032618
0.034334
0.032522
0.032183
0.033033
0.020229
0.021118
0.023121
0.027267
0.033406
0.032260
0.032570
0.032599
0.033282
0.033165
0.032348
0.034667
0.019214
0.029837
0.034720
0.032675
0.032510
0.032160
0.026963
0.030469
0.031345
0.035026
0.033791
0.032977
0.031795
0.032970
0.031961
0.032645
0.032232
0.032802
0.032194
0.034311
0.032386
0.018960
0.028146
0.052749
0.033238
0.032046
0.037032
0.032207
0.032323
0.034464
0.031796
0.023522
0.032519
0.031970
0.032483
0.032813
0.031813
0.032903
0.032289
0.033789
0.032064
0.032231
0.020871
0.028685
0.034200
0.032773
0.031872
0.034238
0.033482
0.034058
0.032278
0.032486
0.032621
0.029886
0.031244
0.035630
0.033950
0.031695
0.032249
0.034118
0.032059
0.032120
0.033894
0.023164
0.031934
0.034274
0.033679
0.033426
0.032528
0.035273
0.032994
0.032997
0.034691
0.031144
0.035436
0.028735
0.033548
0.032075
0.033195
0.035450
0.032389
0.033411
0.034167
0.032164
0.017987
0.029173
0.031244
0.032086
0.032210
0.033998
0.032591
0.033432
0.033873
0.032943
0.022097
0.018307
0.024949
0.033059
0.032064
0.034423
0.032387
0.032610
0.034543
0.032568
0.032926
0.032191
0.032761
0.030066
0.033943
0.034207
0.031945
0.032169
0.035713
0.033139
0.031296
0.033265
0.018231
0.028186
0.030750
0.035775
0.032077
0.032343
0.033851
0.032855
0.032504
0.033234
0.033948
0.027820
0.028158
0.034556
0.030019
0.032682
0.033835
0.032561
0.032856
0.033084
0.030011
0.029218
0.032745
0.031104
0.033083
0.031938
0.034808
0.034157
0.032685
0.032488
0.032915
0.031988
0.022139
0.032230
0.031908
0.032701
0.029133
0.034310
0.028247
0.027851
0.034599
0.033140
0.033053
0.036927
0.031050
0.032330
0.034159
0.032118
0.137096
0.033136
0.031451
0.032576
0.032771
0.032702
0.032493
0.028163
0.035307
0.032462
0.033727
0.032829
0.032977
0.032681
0.019297
0.031306
0.033570
0.032996
0.034120
0.032563
0.033883
0.033337
0.032387
0.032816
0.031748
0.043481
0.027659
0.032943
0.032443
0.032397
0.032662
0.032435
0.032637
0.032140
0.028861
0.027429
0.020274
0.030293
0.030993
0.029234
0.029322
0.026758
0.027025
0.025189
0.030079
0.035079
0.031922
0.033314
0.034028
0.032555
0.031737
0.032283
0.032455
0.034348
0.031776
0.033680
0.034185
0.017072
0.032006
0.033499
0.032200
0.032092
0.031708
0.032131
0.032298
0.039843
0.032911
0.032652
0.019556
0.027765
0.032132
0.032986
0.032720
0.029937
0.031464
0.033738
0.032280
0.032229
0.035447
0.027065
0.028756
0.033064
0.031489
0.032536
0.033157
0.035665
0.031752
0.030151
0.034284
0.029260
0.031492
0.028351
0.031657
0.033348
0.024279
0.024013
0.024355
0.032574
0.034623
0.032902
0.032555
0.028079
0.028664
0.030487
0.031393
0.033432
0.032489
0.033120
0.033236
0.065458
0.033877
0.019195
0.023966
0.033500
0.034661
0.033465
0.031729
0.032755
0.033137
0.031976
0.032567
0.032369
0.032655
0.031336
0.032723
0.034742
0.031137
0.027508
0.034319
0.032586
0.032077
0.031762
0.019500
0.030148
0.028575
0.034898
0.031472
0.032119
0.033758
0.032754
0.031444
0.029222
0.025144
0.017611
0.018921
0.031702
0.032926
0.032954
0.034175
0.034453
0.032163
0.033340
0.032292
0.031998
0.032921
0.029162
0.032267
0.031853
0.034278
0.032068
0.031781
0.031836
0.031784
0.031737
0.021970
0.034595
0.030527
0.031739
0.033362
0.031428
0.032555
0.033818
0.031667
0.031933
0.032864
0.031357
0.030043
0.032365
0.033877
0.032085
0.031732
0.032926
0.032445
0.032088
0.032109
0.026089
0.030887
0.033186
0.033634
0.032005
0.031743
0.032381
0.031732
0.033448
0.032246
0.034256
0.019938
0.030139
0.033552
0.031551
0.031896
0.032241
0.032502
0.031574
0.032372
0.033498
0.031686
0.032739
0.032639
0.032420
0.032029
0.032034
0.032061
0.034098
0.032093
0.034181
0.032099
0.024055
0.030388
0.031873
0.031981
0.031236
0.032118
0.033284
0.032202
0.033631
0.032400
0.023687
0.124984
0.033669
0.032265
0.031258
0.031723
0.032175
0.031761
0.032950
0.032764
0.019733
0.030598
0.032424
0.031463
0.031745
0.031559
0.032322
0.031568
0.035422
0.031402
0.020780
0.018827
0.020229
0.021566
0.027365
0.030437
0.031767
0.031913
0.033508
0.033177
0.032778
0.035041
0.028122
0.027780
0.032679
0.031931
0.032260
0.031897
0.039312
0.033933
0.033198
0.033951
0.022607
0.029683
0.026340
0.032767
0.031873
0.031835
0.034457
0.032324
0.034583
0.033425
0.032957
0.023509
0.030743
0.031744
0.032056
0.033654
0.033186
0.030901
0.031653
0.034410
0.032094
0.024622
0.030764
0.029480
0.033279
0.032970
0.033105
0.033105
0.031806
0.034636
0.031753
0.031842
0.018118
0.027818
0.032430
0.033129
0.033884
0.032704
0.032223
0.034091
0.034161
0.032605
0.032594
0.030121
0.030936
0.040024
0.035329
0.032902
0.031518
0.033987
0.032260
0.032683
0.032076
0.018274
0.028907
0.030834
0.034672
0.032634
0.031289
0.035569
0.032148
0.032433
0.032810
0.032494
0.031813
0.025504
0.033775
0.033510
0.031943
0.033386
0.031641
0.032543
0.033973
0.030996
0.021454
0.030448
0.032969
0.031391
0.032624
0.033377
0.031841
0.030745
0.032592
0.032411
0.023558
0.020481
0.021201
0.028153
0.035053
0.034451
0.032848
0.031477
0.032562
0.031674
0.031742
0.031901
0.025495
0.028139
0.032278
0.034121
0.033101
0.031696
0.032429
0.032624
0.040613
0.032781
0.033979
0.033185
0.027207
0.034654
0.032246
0.032332
0.032287
0.032193
0.032027
0.032991
0.033731
0.026123
0.031089
0.033848
0.032667
0.033211
0.032766
0.032191
0.033025
0.031504
0.033012
0.032110
0.018637
0.028285
0.119951
0.032574
0.032669
0.026111
0.031871
0.032067
0.036388
0.032254
0.032278
0.030353
0.034531
0.032586
0.032001
0.032298
0.033312
0.022944
0.025546
0.031478
0.022514
0.031183
0.032794
0.033761
0.032219
0.038665
0.033409
0.033030
0.035618
0.032785
0.030564
0.027383
0.027238
0.032751
0.032652
0.033504
0.031197
0.033211
0.033716
0.032446
0.033712
0.019012
0.030789
0.030269
0.032486
0.032604
0.032380
0.032505
0.033379
0.032395
0.031689
0.032445
0.022147
0.027650
0.031715
0.031865
0.033661
0.033952
0.103181
0.034442
0.032467
0.023169
0.019300
0.021323
0.032116
0.032198
0.031786
0.032376
0.040957
0.033563
0.032825
0.034658
0.033975
0.033160
0.029209
0.032147
0.033266
0.031767
0.032930
0.032431
0.033125
0.033616
0.031825
0.018082
0.029510
0.032518
0.032204
0.031840
0.033805
0.031994
0.032593
0.033261
0.032057
0.032776
0.028749
0.025910
0.027392
0.030009
0.028164
0.028952
0.030650
0.033676
0.031042
0.031767
0.028885
0.031892
0.029084
0.030972
0.034110
0.031518
0.031689
0.033651
0.032228
0.031473
0.031787
0.018032
0.028892
0.031390
0.034279
0.032859
0.032153
0.033694
0.032929
0.032828
0.029348
0.033400
0.027183
0.027894
0.030803
0.031136
0.031818
0.034311
0.032116
0.032277
0.031997
0.028193
0.024662
0.029572
0.035247
0.032599
0.032006
0.033914
0.031923
0.032562
0.032868
0.031608
0.031947
0.020310
0.028730
0.032894
0.032936
0.033581
0.032424
0.031660
0.032608
0.032164
0.031785
0.031600
0.031542
0.024151
0.031602
0.032567
0.031506
0.032231
0.031566
0.031884
0.030402
0.031397
0.023711
0.018581
0.023535
0.030448
0.030978
0.028954
0.030289
0.027696
0.028847
0.028443
0.033318
0.029280
0.017925
0.028943
0.026478
0.032014
0.032117
0.032197
0.031538
0.031880
0.035831
0.032613
0.032212
0.018648
0.028331
0.032143
0.031495
0.033103
0.031542
0.032403
0.031049
0.042589
0.034873
0.036381
0.019600
0.026909
0.032462
0.032350
0.032288
0.032790
0.033780
0.039937
0.033723
0.034192
0.024837
0.029934
0.030490
0.032950
0.029082
0.028767
0.033457
0.027803
0.032940
0.035013
0.032107
0.018495
0.028209
0.030651
0.032353
0.031905
0.046474
0.032768
0.032657
0.033044
0.034865
0.032215
0.032916
0.030396
0.032496
0.031957
0.033668
0.032539
0.032580
0.034851
0.031804
0.032944
0.018161
0.026402
0.032599
0.032749
0.034372
0.032153
0.033599
0.034694
0.030600
0.031363
0.032354
0.035681
0.033434
0.032621
0.034606
0.032461
0.033452
0.034480
0.032946
0.032028
0.031779
0.017997
0.029369
0.031611
0.042541
0.032062
0.034050
0.035145
0.032302
0.032541
0.032467
0.024252
0.022048
0.021261
0.029798
0.031436
0.033756
0.034871
0.031088
0.032466
0.032559
0.031426
0.031471
0.028047
0.153403
0.030665
0.032633
0.034028
0.032351
0.031356
0.031479
0.032584
0.033934
0.033063
0.032313
0.032505
0.045098
0.035514
0.033518
0.032717
0.032889
0.032215
0.033769
0.027959
0.029929
0.032539
0.031754
0.034960
0.033044
0.032553
0.031913
0.032522
0.032578
0.024107
0.031528
0.029126
0.031907
0.034106
0.032532
0.034668
0.031838
0.031440
0.033083
0.032859
0.026910
0.029672
0.031219
0.032571
0.031283
0.029984
0.030803
0.031903
0.031860
0.026994
0.024319
0.035176
0.027414
0.034387
0.032700
0.032250
0.031813
0.031541
0.032474
0.030852
0.032658
0.020319
0.029456
0.031500
0.030871
0.030540
0.032909
0.031913
0.032052
0.033493
0.034402
0.032260
0.028451
0.032946
0.032023
0.032407
0.031966
0.033006
0.031228
0.032658
0.040452
0.032393
0.018665
0.031434
0.030731
0.033034
0.031984
0.032978
0.032173
0.032661
0.034062
0.032356
0.022749
0.021780
0.020542
0.029508
0.029723
0.028401
0.030802
0.032628
0.034261
0.033060
0.032035
0.035092
0.016722
0.032219
0.029807
0.028647
0.030279
0.031523
0.034021
0.032589
0.032147
0.034992
0.031713
0.026185
0.029382
0.032166
0.031616
0.032322
0.034601
0.030419
0.032934
0.034111
0.033366
0.023816
0.032458
0.027297
0.031776
0.031202
0.030872
0.032095
0.033231
0.034215
0.036616
0.033424
0.018846
0.033389
0.031416
0.032430
0.034364
0.025169
0.026874
0.019591
0.020464
0.019199
0.018475
0.018209
0.020578
0.021212
0.025293
0.026090
0.030044
0.033998
0.032863
0.032496
0.032276
0.033070
0.028282
0.118441
0.036132
0.033460
0.032712
0.034521
0.034348
0.032658
0.032801
0.032866
0.027172
0.134239
0.038478
0.037765
0.530886
0.034291
0.029625
0.032998
0.033273
0.032171
0.032518
0.032945
0.033687
0.032548
0.033156
0.022972
0.030408
0.030757
0.032735
0.034055
0.032745
0.032519
0.034680
0.032243
0.032572
0.030324
0.022542
0.019378
0.026939
0.032407
0.031705
0.033418
0.034732
0.032990
0.031846
0.035452
0.032245
0.032065
0.035136
0.030104
0.032825
0.031519
0.034342
0.028999
0.032077
0.034381
0.031041
0.032211
0.022183
0.049655
0.030477
0.030019
0.032225
0.034418
0.034341
0.033466
0.031750
0.033651
0.032031
0.018212
0.029663
0.029504
0.027378
0.031929
0.029825
0.028789
0.028055
0.032804
0.032678
0.033354
0.019779
0.029858
0.031605
0.030801
0.035124
0.032583
0.031739
0.032116
0.032578
0.031395
0.032971
0.017177
0.029676
0.029045
0.034638
0.032363
0.031982
0.032579
0.031414
0.032504
0.033328
0.033430
0.020332
0.028651
0.035829
0.033404
0.032142
0.033776
0.032992
0.033245
0.036029
0.032533
0.027913
0.033003
0.031036
0.032655
0.031777
0.031484
0.033309
0.032392
0.033791
0.032716
0.033185
0.029224
0.030516
0.033337
0.037212
0.032908
0.032836
0.032132
0.032751
0.032266
0.032142
0.033154
0.035359
0.030925
0.033042
0.033372
0.031941
0.033145
0.032345
0.034086
0.033843
0.033911
0.020546
0.019027
0.020789
0.022968
0.032861
0.031832
0.033108
0.032058
0.031608
0.034340
0.034316
0.032808
0.017614
0.024326
0.031548
0.031216
0.032947
0.032824
0.032337
0.033483
0.034503
0.033469
0.031855
0.028424
0.029568
0.032669
0.031744
0.032185
0.032592
0.033833
0.036372
0.135044
0.018291
0.026363
0.032563
0.031721
0.032527
0.031865
0.031850
0.034767
0.034292
0.031944
0.032167
0.031490
0.025832
0.032609
0.032694
0.031558
0.032120
0.033915
0.034251
0.031902
0.033120
0.021560
0.028064
0.033529
0.033357
0.033224
0.032037
0.034416
0.033908
0.032046
0.034652
0.033240
0.020473
0.021285
0.028296
0.026525
0.032876
0.034353
0.034268
0.034095
0.032447
0.031353
0.032399
0.028837
0.029117
0.033608
0.032631
0.035103
0.036411
0.033033
0.039990
0.032716
0.032690
0.018744
0.028494
0.031853
0.032347
0.027974
0.027778
0.033078
0.031199
0.032820
0.033417
0.031701
0.019192
0.030135
0.028842
0.033790
0.033944
0.032942
0.033500
0.032589
0.032745
0.033680
0.023542
0.020183
0.023555
0.027568
0.034679
0.032885
0.032241
0.031707
0.032673
0.032300
0.032351
0.032866
0.027333
0.030508
0.030177
0.031776
0.032095
0.033302
0.032533
0.032515
0.032433
0.033159
0.019650
0.029630
0.035314
0.032407
0.033810
0.032481
0.031465
0.032772
0.032714
0.033310
0.034619
0.034546
0.031789
0.033533
0.033096
0.033409
0.033211
0.033246
0.032545
0.032373
0.032823
0.020441
0.030004
0.031762
0.032699
0.033194
0.032226
0.030946
0.032939
0.032471
0.034156
0.034737
0.034994
0.032047
0.032716
0.032504
0.031924
0.033015
0.031827
0.041823
0.032933
0.035865
0.028644
0.032761
0.033600
0.032264
0.033433
0.031475
0.034177
0.032640
0.033043
0.034911
0.021201
0.028604
0.038340
0.032315
0.032510
0.033339
0.031815
0.032990
0.032150
0.034801
0.037401
0.034103
0.030075
0.032410
0.032783
0.040480
0.035001
0.033076
0.033374
0.035612
0.132370
0.031427
0.032828
0.033654
0.033352
0.033476
0.030161
0.034029
0.034025
0.031723
0.021334
0.021512
0.024783
0.032689
0.032229
0.031877
0.032326
0.033067
0.032507
0.034238
0.034824
0.016962
0.029002
0.032394
0.032481
0.032361
0.032459
0.032087
0.032443
0.033908
0.034647
0.032965
0.028488
0.029389
0.032514
0.032664
0.032988
0.032957
0.032739
0.034074
0.033229
0.033442
0.026465
0.031668
0.033044
0.033412
0.032689
0.031802
0.032998
0.035203
0.034475
0.033045
0.032421
0.019093
0.031920
0.031921
0.034321
0.031877
0.033015
0.029723
0.035184
0.032928
0.032925
0.033273
0.033339
0.030086
0.033591
0.032602
0.031880
0.032555
0.034540
0.032803
0.032075
0.031744
0.018465
0.030616
0.030760
0.032720
0.031874
0.034779
0.034106
0.033764
0.039315
0.034255
0.032716
0.023439
0.031381
0.032235
0.032863
0.035271
0.035497
0.032853
0.032371
0.032536
0.032200
0.030227
0.033563
0.031276
0.033544
0.034288
0.034299
0.032105
0.032471
0.031489
0.032569
0.032144
0.018042
0.030784
0.030259
0.035217
0.043784
0.034054
0.033289
0.033947
0.032092
0.028378
0.021859
0.018654
0.021438
0.020448
0.026526
0.024120
0.024104
0.029031
0.028095
0.028913
0.028097
0.025455
0.027771
0.028341
0.029658
0.032966
0.032555
0.032394
0.032049
0.032457
0.031560
0.031701
0.033022
0.032791
0.034822
0.028434
0.032157
0.032086
0.032202
0.032032
0.031554
0.034335
0.033486
0.035629
0.020918
0.029117
0.030254
0.033628
0.032551
0.032550
0.032322
0.032525
0.033127
0.034451
0.035315
0.019096
0.029207
0.030205
0.032577
0.033434
0.032679
0.027782
0.033042
0.034345
0.034710
0.033875
0.030632
0.031357
0.032235
0.033556
0.032626
0.033161
0.031762
0.034523
0.034663
0.034749
0.025029
0.025827
0.023865
0.024370
0.027524
0.028352
0.032788
0.032927
0.035340
0.032781
0.032652
0.029367
0.027449
0.033224
0.032277
0.031766
0.031749
0.033375
0.034407
0.032245
0.032746
0.023870
0.029910
0.030381
0.032263
0.031575
0.033295
0.033707
0.034769
0.031998
0.032179
0.034048
0.017096
0.027874
0.030702
0.031624
0.032258
0.033631
0.034108
0.032839
0.032383
0.032727
0.019528
0.019869
0.025607
0.031458
0.032241
0.034070
0.034260
0.031826
0.032528
0.031655
0.032364
0.032991
0.032870
0.034670
0.036748
0.033229
0.033198
0.034818
0.032414
0.032229
0.032020
0.034440
0.030077
0.028971
0.034392
0.035629
0.032832
0.035379
0.032727
0.033969
0.032633
0.029715
0.018993
0.026517
0.034785
0.032804
0.032871
0.031754
0.033226
0.030565
0.033675
0.032638
0.031896
0.027504
0.028581
0.030693
0.031256
0.033537
0.033004
0.030245
0.032309
0.031966
0.031916
0.027564
0.032777
0.028318
0.028798
0.030773
0.036986
0.032845
0.032787
0.032593
0.032320
0.031682
0.020253
0.028266
0.032895
0.034361
0.032477
0.032374
0.031837
0.032213
0.031811
0.033277
0.033807
0.028154
0.028118
0.035768
0.032132
0.032503
0.032028
0.033545
0.033476
0.031135
0.033323
0.024463
0.029077
0.029162
0.033359
0.033482
0.032930
0.032431
0.031498
0.032791
0.034634
0.032414
0.019230
0.030719
0.031779
0.031212
0.031393
0.032327
0.031793
0.032608
0.033248
0.032864
0.018650
0.021439
0.020731
0.023952
0.028596
0.032250
0.032713
0.032433
0.033657
0.032489
0.032194
0.037280
0.018585
0.030193
0.034705
0.033018
0.031912
0.032183
0.034238
0.031646
0.033731
0.034073
0.032245
0.019357
0.029904
0.033393
0.030871
0.032131
0.034057
0.033313
0.031503
0.034172
0.032130
0.033893
0.033796
0.032967
0.032875
0.033348
0.033805
0.032505
0.032150
0.034159
0.031947
0.034106
0.019952
0.025711
0.032841
0.032520
0.033518
0.032067
0.030460
0.035389
0.039710
0.033353
0.033319
0.031682
0.028030
0.031635
0.034550
0.031619
0.040850
0.035077
0.032930
0.031514
0.033555
0.019141
0.030697
0.033018
0.035052
0.031754
0.031743
0.034741
0.032993
0.032294
0.032323
0.033413
0.032324
0.025889
0.034378
0.031882
0.033239
0.034242
0.033367
0.032800
0.031702
0.031502
0.021773
0.028459
0.034049
0.030941
0.031816
0.031662
0.033721
0.032149
0.032224
0.031568
0.033223
0.017469
0.027804
0.033472
0.032644
0.033756
0.031439
0.032177
0.032626
0.032692
0.032393
0.027806
0.022609
0.018800
0.031844
0.036117
0.033452
0.032409
0.032677
0.032328
0.033531
0.032846
0.035433
0.020458
0.029104
0.035795
0.032683
0.032544
0.033904
0.031511
0.032303
0.032152
0.034553
0.034028
0.018880
0.029283
0.031589
0.032432
0.031472
0.033077
0.031867
0.032637
0.033774
0.033813
0.032762
0.035347
0.033189
0.032481
0.032364
0.032577
0.031023
0.032174
0.034332
0.033072
0.032062
0.019531
0.030464
0.033626
0.032867
0.032550
0.032920
0.030642
0.035077
0.031806
0.034190
0.034150
0.026213
0.027440
0.032347
0.032952
0.032084
0.032513
0.035904
0.032172
0.025907
0.033680
0.026693
0.030204
0.032569
0.033708
0.023061
0.025997
0.032797
0.033438
0.032802
0.033696
0.032229
0.019811
0.026956
0.033005
0.032923
0.031174
0.032498
0.032364
0.033183
0.034276
0.032150
0.032592
0.021181
0.030550
0.032125
0.031600
0.033657
0.032520
0.031468
0.044156
0.033299
0.035348
0.029423
0.028597
0.028168
0.032131
0.034208
0.032046
0.032040
0.034766
0.032375
0.032703
0.026032
0.020260
0.021380
0.029483
0.034485
0.031909
0.032339
0.034224
0.032427
0.031606
0.032649
0.032093
0.016200
0.024397
0.034134
0.033169
0.033687
0.033679
0.032385
0.032277
0.032434
0.033263
0.032434
0.029205
0.029002
0.028453
0.029551
0.029768
0.029968
0.033094
0.042906
0.032245
0.031630
0.030158
0.034936
0.030881
0.032046
0.034731
0.038171
0.032343
0.032500
0.032706
0.031966
0.032751
0.018626
0.029558
0.031308
0.034513
0.031904
0.032227
0.032389
0.031268
0.031734
0.034298
0.034314
0.017944
0.029330
0.033578
0.030973
0.031405
0.032461
0.032955
0.032568
0.032397
0.034430
0.032388
0.020214
0.033592
0.033541
0.033088
0.033318
0.032301
0.033328
0.032686
0.034438
0.029743
0.029417
0.034791
0.030328
0.033942
0.032685
0.032592
0.032730
0.032596
0.033749
0.032707
0.032603
0.021032
0.029417
0.031622
0.032864
0.031795
0.032869
0.031991
0.034920
0.032511
0.032335
0.035037
0.021097
0.028236
0.032708
0.032078
0.031928
0.032508
0.033616
0.033600
0.032812
0.034380
0.021042
0.020709
0.019768
0.025025
0.031251
0.031747
0.033964
0.032793
0.031991
0.034516
0.034336
0.032333
0.017526
0.026942
0.033796
0.032366
0.034240
0.033775
0.031962
0.034301
0.032142
0.041368
0.029320
0.030995
0.031037
0.032169
0.035326
0.033048
0.032417
0.029884
0.028716
0.037723
0.033076
0.018919
0.028947
0.027789
0.032414
0.040320
0.031985
0.034635
0.032727
0.032809
0.034231
0.023263
0.019452
0.029017
0.032009
0.030299
0.032826
0.036164
0.026032
0.032701
0.032463
0.031971
0.032937
0.033029
0.029885
0.032601
0.032179
0.030984
0.028973
0.033702
0.032170
0.032877
0.030344
0.019140
0.029814
0.030416
0.026362
0.034300
0.032208
0.032645
0.031969
0.032319
0.034700
0.033020
0.027336
0.031091
0.032804
0.034429
0.032758
0.033066
0.032344
0.032182
0.032118
0.033000
0.023324
0.031229
0.033341
0.034489
0.032946
0.033921
0.032502
0.032943
0.032917
0.032504
0.033995
0.032391
0.030952
0.034586
0.032975
0.031661
0.032427
0.032044
0.031085
0.032750
0.028335
0.020265
0.023767
0.035132
0.032141
0.032319
0.033394
0.032142
0.033018
0.032297
0.034751
0.033073
0.032169
0.031908
0.033234
0.033285
0.033170
0.032842
0.031846
0.033254
0.034763
