9.172595
0.030116
0.019583
0.015100
0.014993
0.020340
0.014263
0.013841
0.013304
0.016267
0.017675
0.019435
0.019064
0.012808
0.016397
0.014860
0.020582
0.012888
0.015124
0.017749
0.011962
0.014549
0.013048
0.012464
0.020132
0.025248
0.017590
0.016699
0.013158
0.017279
0.016394
0.018790
0.018714
0.020067
0.020298
0.016061
0.015049
0.019253
0.019471
0.019231
0.019604
0.017479
0.014376
0.015275
0.018568
0.014643
0.018228
0.023274
0.018081
0.013894
0.012638
0.015187
0.017345
0.021625
0.019703
0.015204
0.016958
0.018428
0.014585
0.018191
0.005945
0.005831
0.005141
0.005948
0.005590
0.005433
0.005293
0.005668
0.005807
0.005938
0.005910
0.005743
0.005831
0.005608
0.005781
0.005791
0.005553
0.005485
0.005567
0.005531
0.005686
0.005752
0.005812
0.005409
0.005552
0.005878
0.006105
0.006073
0.006642
0.005133
0.003454
0.003916
0.003664
0.006138
0.005812
0.005759
0.005511
0.005449
0.005335
0.005279
0.005416
0.005301
0.005797
0.005908
0.005498
0.005728
0.005689
0.005774
0.005359
0.005409
0.005474
0.005850
0.005737
0.006200
0.005787
0.006124
0.005736
0.005824
0.005924
0.006006
0.005892
0.006045
0.005677
0.005626
0.005636
0.005658
0.005954
0.005509
0.005756
0.005403
0.005926
0.005950
0.005650
0.005517
0.005821
0.005513
0.005535
0.005383
0.005580
0.005634
0.005454
0.005555
0.005754
0.005482
0.005482
0.005229
0.005782
0.005704
0.005542
0.005738
0.006313
0.005583
0.005392
0.005516
0.005401
0.005628
0.005137
0.005145
0.005485
0.005318
0.005312
0.005436
0.005243
0.005182
0.005355
0.005150
0.005556
0.005454
0.005501
0.005383
0.005365
0.005560
0.005453
0.005367
0.005625
0.005245
0.005242
0.004699
0.005323
0.005735
0.005707
0.005778
0.005490
0.005301
0.005410
0.005434
0.005639
0.005548
0.005512
0.005428
0.005602
0.004956
0.005472
0.005285
0.005505
0.005258
0.005347
0.005858
0.005689
0.005593
0.005128
0.005290
0.004858
0.005209
0.005365
0.005650
0.005695
0.005427
0.005582
0.005791
0.005849
0.006259
0.005608
0.005522
0.005648
0.005526
0.005338
0.005356
0.005348
0.005180
0.005092
0.005318
0.005232
0.005878
0.005461
0.005242
0.005352
0.005322
0.005256
0.005292
0.005430
0.005136
0.005213
0.005746
0.005505
0.005506
0.005383
0.005072
0.005254
0.005303
0.005233
0.005583
0.005904
0.004121
0.005280
0.005140
0.005336
0.005124
0.005331
0.005398
0.005346
0.005761
0.005670
0.005486
0.005191
0.005330
0.005241
0.005032
0.004813
0.005506
0.005529
0.005345
0.005537
0.005061
0.005196
0.005383
0.005410
0.005475
0.005315
0.005629
0.005543
0.005686
0.005764
0.005789
0.005793
0.005328
0.004857
0.005864
0.005367
0.005609
0.005523
0.005118
0.005271
0.005087
0.005432
0.005792
0.005438
0.005532
0.005297
0.004836
0.005268
0.004870
0.005576
0.005193
0.005298
0.005250
0.005468
0.005482
0.005233
0.005131
0.005353
0.005353
0.005775
0.005435
0.005718
0.005699
0.005580
0.005632
0.005340
0.005405
0.005348
0.005325
0.005348
0.005582
0.005636
0.005750
0.005390
0.004946
0.005527
0.005619
0.005426
0.005478
0.005568
0.005170
0.005262
0.005298
0.005025
0.004960
0.005044
0.005331
0.005831
0.005151
0.005001
0.005391
0.005306
0.004898
0.005470
0.005368
0.004984
0.005141
0.005434
0.005253
0.005168
0.005576
0.005288
0.005503
0.005231
0.005086
0.005611
0.005378
0.005153
0.005384
0.005389
0.005467
0.005541
0.005673
0.005301
0.005540
0.006328
0.005561
0.005420
0.005590
0.006043
0.005986
0.005698
0.005712
0.005304
0.005443
0.005515
0.005288
0.005322
0.005169
0.005375
0.005406
0.005554
0.005269
0.005427
0.005518
0.005544
0.005236
0.004809
0.005045
0.004963
0.004995
0.005459
0.005391
0.005516
0.005686
0.005973
0.005487
0.005380
0.005495
0.005866
0.005758
0.005941
0.005904
0.005850
0.005175
0.005042
0.005496
0.005542
0.005688
0.005678
0.005780
0.005437
0.005356
0.005432
0.005422
0.005470
0.005236
0.005554
0.005381
0.005560
0.005122
0.005277
0.005549
0.005523
0.005802
0.003763
0.005002
0.005331
0.005510
0.005427
0.005735
0.005565
0.005462
0.005185
0.005174
0.004957
0.005297
0.005240
0.005509
0.005152
0.005105
0.005233
0.005611
0.005599
0.005494
0.005360
0.005848
0.005400
0.005432
0.005460
0.005666
0.005571
0.005126
0.005522
0.005567
0.005829
0.005644
0.005571
0.004930
0.005185
0.005250
0.005579
0.005703
0.005652
0.005516
0.004949
0.004927
0.005701
0.005558
0.005542
0.005788
0.005542
0.005430
0.005640
0.005199
0.005465
0.005001
0.005039
0.005339
0.004970
0.005144
0.005029
0.005199
0.005307
0.005441
0.005497
0.005331
0.005652
0.005501
0.005093
0.005410
0.006047
0.005987
0.005530
0.005742
0.005184
0.005407
0.005525
0.005129
0.005601
0.005366
0.005309
0.004382
0.005538
0.005196
0.005294
0.005585
0.005022
0.005534
0.005611
0.005329
0.005162
0.005356
0.005379
0.005342
0.005147
0.004966
0.005187
0.005214
0.005082
0.005138
0.004977
0.005620
0.005397
0.005186
0.005302
0.005232
0.005450
0.005718
0.005511
0.005447
0.005323
0.005200
0.005404
0.005564
0.005653
0.005506
0.005814
0.005324
0.005612
0.005672
0.005707
0.004948
0.005205
0.004967
0.004826
0.005180
0.005264
0.005510
0.005334
0.005288
0.005148
0.005253
0.005404
0.005419
0.005565
0.005158
0.005420
0.005395
0.005477
0.005434
0.118819
0.017566
0.013606
0.011206
0.014466
0.018679
0.013341
0.014778
0.016317
0.017725
0.013315
0.015162
0.013523
0.017566
0.013680
0.012592
0.019245
0.015696
0.018956
0.017613
0.014643
0.015640
0.017845
0.020023
0.019700
0.014801
0.015978
0.013483
0.014675
0.015797
0.014734
0.017211
0.019009
0.019354
0.017383
0.018773
0.013739
0.014161
0.019158
0.018138
0.012458
0.016141
0.014692
0.015526
0.016096
0.012265
0.015722
0.019460
0.018458
0.016133
0.014289
0.015537
0.014741
0.019307
0.014740
0.018724
0.018077
0.016872
0.014548
0.015213
0.004090
0.005707
0.005583
0.005605
0.005574
0.005688
0.005423
0.005069
0.005178
0.005012
0.005180
0.005202
0.005147
0.005465
0.005300
0.005338
0.005299
0.005315
0.005236
0.005167
0.005566
0.005436
0.005427
0.005401
0.005465
0.005536
0.005311
0.005359
0.005026
0.005609
0.005022
0.005537
0.005499
0.005559
0.005472
0.005682
0.005411
0.005304
0.005532
0.005528
0.004940
0.005171
0.005412
0.005323
0.005577
0.005293
0.005706
0.005328
0.005601
0.005246
0.005572
0.005658
0.005596
0.006116
0.005688
0.005783
0.005547
0.005624
0.005687
0.005491
0.005281
0.006001
0.005468
0.005527
0.005412
0.005277
0.005770
0.005540
0.005520
0.005598
0.005072
0.004977
0.005346
0.005098
0.004880
0.005052
0.005185
0.005123
0.005107
0.004916
0.005217
0.004978
0.005637
0.005510
0.005341
0.005800
0.005459
0.005289
0.005599
0.005230
0.005046
0.005206
0.005284
0.005086
0.004851
0.005040
0.005460
0.005314
0.005417
0.005058
0.005270
0.005530
0.005467
0.005089
0.005205
0.005325
0.004978
0.005520
0.005768
0.005517
0.005476
0.005222
0.005476
0.003761
0.006229
0.005833
0.006036
0.005571
0.005534
0.005438
0.005509
0.005289
0.005390
0.005288
0.005314
0.005196
0.005038
0.005179
0.004856
0.005326
0.005137
0.005059
0.005065
0.005216
0.005397
0.005381
0.005611
0.005277
0.005637
0.005531
0.005643
0.005245
0.005417
0.005527
0.005442
0.005922
0.005532
0.005451
0.005349
0.005087
0.005376
0.005376
0.005223
0.004958
0.005601
0.005406
0.004903
0.005340
0.004984
0.005549
0.004351
0.005404
0.005491
0.005336
0.005138
0.005056
0.005186
0.005022
0.005073
0.005024
0.005498
0.005250
0.005455
0.005208
0.005356
0.005430
0.005476
0.005605
0.005758
0.004174
0.005449
0.005289
0.005376
0.004764
0.004932
0.005297
0.005718
0.005473
0.005104
0.005418
0.005679
0.005089
0.005369
0.005398
0.004914
0.005289
0.005496
0.005307
0.005366
0.005466
0.005484
0.005437
0.005625
0.005450
0.005584
0.005317
0.005795
0.005884
0.005584
0.005286
0.005205
0.005341
0.005269
0.005249
0.005184
0.005507
0.005425
0.005522
0.005408
0.005229
0.004992
0.005282
0.005162
0.005346
0.005434
0.005194
0.005289
0.005222
0.005200
0.005308
0.005320
0.005409
0.005281
0.005668
0.005507
0.005384
0.005513
0.005747
0.005768
0.005580
0.005586
0.005544
0.005598
0.005433
0.005077
0.005176
0.005282
0.005162
0.005243
0.005321
0.005395
0.005228
0.005268
0.005433
0.005640
0.005870
0.005359
0.005144
0.005536
0.005335
0.005440
0.005707
0.005283
0.005029
0.005104
0.005578
0.005182
0.005727
0.005813
0.005703
0.005569
0.006029
0.005597
0.005506
0.005554
0.005277
0.005057
0.005079
0.005141
0.005376
0.005323
0.004994
0.005114
0.005051
0.004861
0.004952
0.004859
0.004993
0.005012
0.005460
0.005524
0.005250
0.005445
0.005427
0.005349
0.005105
0.005444
0.005713
0.005453
0.005617
0.005517
0.005215
0.005625
0.005629
0.005351
0.005318
0.005389
0.005382
0.005702
0.005613
0.005542
0.005572
0.005264
0.005468
0.005884
0.005186
0.005525
0.005633
0.005773
0.005575
0.005738
0.005694
0.005530
0.005645
0.005362
0.005811
0.005739
0.005614
0.006302
0.005791
0.005427
0.005557
0.005703
0.005086
0.005571
0.005234
0.005086
0.005303
0.005507
0.005470
0.005403
0.005832
0.005529
0.005368
0.005536
0.005134
0.004971
0.005058
0.005094
0.005362
0.005215
0.005399
0.005062
0.005296
0.005029
0.005584
0.005404
0.005296
0.005744
0.005878
0.005776
0.005632
0.005062
0.005213
0.005470
0.005287
0.005320
0.005480
0.005452
0.005560
0.005306
0.005539
0.005166
0.005485
0.005132
0.005512
0.005349
0.005363
0.005394
0.005297
0.005414
0.005591
0.005292
0.005104
0.005463
0.005253
0.005185
0.005745
0.005668
0.005654
0.005927
0.005519
0.005519
0.005592
0.005030
0.005421
0.005643
0.005158
0.005195
0.005258
0.005322
0.005382
0.005438
0.005744
0.005480
0.005294
0.004984
0.005311
0.005264
0.005109
0.005237
0.005177
0.005301
0.005591
0.005351
0.005302
0.005387
0.005298
0.005252
0.005467
0.005640
0.005441
0.005861
0.005623
0.005044
0.005257
0.005340
0.005510
0.005483
0.005361
0.005532
0.005379
0.005682
0.005881
0.005320
0.005884
0.005343
0.005289
0.005368
0.005541
0.005771
0.005841
0.005682
0.005635
0.005593
0.005982
0.010207
0.005482
0.005898
0.005579
0.006271
0.005900
0.005646
0.005673
0.005719
0.005403
0.005725
0.005534
0.005530
0.005819
0.005286
0.005594
0.005596
0.005661
0.005591
0.005426
0.005404
0.005192
0.005239
0.005404
0.005207
0.005152
0.005255
0.005311
0.005371
0.005637
0.005647
0.005542
0.005748
0.005668
0.005784
0.006023
0.005501
0.005622
0.005342
0.005428
0.005215
0.005234
0.005278
0.005205
0.005393
0.005579
0.005675
0.005630
0.005544
0.005352
0.005244
0.005577
0.005476
0.005389
0.005619
0.005658
0.005641
0.005872
0.005488
0.005585
0.005456
0.005527
0.005564
0.005348
0.005585
0.005437
0.005448
0.005035
0.005218
0.005151
0.005473
0.005137
0.005207
0.005163
0.005285
0.005592
0.005644
0.005498
0.005835
0.005282
0.005522
0.005938
0.005731
0.005601
0.005701
0.005482
0.005588
0.005261
0.005480
0.005558
0.005533
0.005641
0.005436
0.005536
0.005482
0.005499
0.005632
0.005518
0.005696
0.005649
0.005848
0.005486
0.005445
0.005514
0.005726
0.005389
0.005508
0.005917
0.005595
0.005771
0.005488
0.005451
0.005414
0.005660
0.005632
0.005655
0.005781
0.005713
0.005640
0.005441
0.005467
0.005272
0.005265
0.005420
0.005983
0.005552
0.006152
0.005716
0.005608
0.005232
0.005449
0.005524
0.005443
0.005104
0.005678
0.005435
0.005500
0.005271
0.005380
0.005173
0.004809
0.005149
0.005583
0.005458
0.005589
0.005698
0.005502
0.005448
0.005122
0.005502
0.005543
0.005123
0.004909
0.005479
0.005337
0.005490
0.005474
0.005789
0.005493
0.005769
0.005250
0.005376
0.005206
0.005203
0.005145
0.005270
0.005397
0.005482
0.005503
0.005479
0.005655
0.005389
0.005349
0.005435
0.005551
0.005263
0.005190
0.005516
0.005046
0.005258
0.005427
0.005425
0.005542
0.005482
0.005368
0.005505
0.005256
0.005807
0.005625
0.005464
0.005188
0.005212
0.005370
0.005276
0.005412
0.005526
0.005194
0.005396
0.005489
0.005215
0.005670
0.005312
0.005122
0.005349
0.005320
0.005429
0.005161
0.005055
0.005201
0.005074
0.005090
0.005345
0.005159
0.005448
0.005687
0.005637
0.005829
0.005892
0.006119
0.005889
0.005727
0.005505
0.005425
0.005331
0.005295
0.005322
0.005453
0.005388
0.005373
0.005416
0.005033
0.005434
0.005599
0.005637
0.005568
0.005324
0.005492
0.005515
0.005268
0.005368
0.005328
0.005399
0.005526
0.005273
0.005679
0.005618
0.005647
0.005510
0.005726
0.005886
0.005661
0.005379
0.005366
0.005412
0.004704
0.005295
0.005667
0.005751
0.005882
0.005652
0.005107
0.005388
0.005102
0.005171
0.005923
0.005561
0.005619
0.005451
0.005509
0.005129
0.005605
0.005776
0.005574
0.005125
0.005224
0.005502
0.005060
0.005174
0.005829
0.006138
0.005767
0.005705
0.005663
0.005943
0.005827
0.005533
0.005588
0.005589
0.005787
0.005189
0.005493
0.005367
0.005532
0.005463
0.005540
0.005378
0.004832
0.005412
0.005212
0.005283
0.005469
0.005414
0.005234
0.005404
0.005463
0.005077
0.005033
0.005341
0.005310
0.005733
0.006006
0.005768
0.005472
0.005519
0.005403
0.005644
0.005735
0.005578
0.005458
0.005518
0.005323
0.005460
0.005234
0.005255
0.005326
0.005025
0.004919
0.005253
0.005551
0.004999
0.005678
0.005761
0.005582
0.005454
0.005481
0.005377
0.005442
0.005483
0.005541
0.006093
0.006023
0.005771
0.005379
0.005475
0.005378
0.005269
0.005618
0.005144
0.005133
0.005145
0.005244
0.005547
0.005032
0.005401
0.005406
0.005107
0.005202
0.005405
0.005418
0.005450
0.005540
0.005277
0.005932
0.005696
0.005019
0.005249
0.005320
0.005350
0.005563
0.005567
0.005864
0.005929
0.005521
0.004923
0.005359
0.005077
0.005438
0.005183
0.005657
0.005819
0.005489
0.005383
0.005471
0.005280
0.005453
0.005600
0.005717
0.005242
0.005352
0.005125
0.005351
0.005488
0.005472
0.005187
0.005233
0.005229
0.005316
0.005120
0.005389
0.005521
0.005538
0.005677
0.005139
0.005395
0.005224
0.005162
0.005156
0.005330
0.005304
0.005562
0.004924
0.005753
0.005327
0.005199
0.005442
0.005492
0.005195
0.005123
0.005229
0.005382
0.004936
0.004991
0.005153
0.005302
0.005548
0.005527
0.005152
0.005262
0.005412
0.005179
0.005442
0.005532
0.005330
0.005338
0.004997
0.005205
0.003312
0.005198
0.004957
0.004971
0.004953
0.005091
0.005472
0.004970
0.005142
0.005075
0.005102
0.005316
0.005631
0.005385
0.005347
0.005116
0.005327
0.005604
0.005338
0.005458
0.005488
0.005380
0.005123
0.005487
0.005450
0.005628
0.005962
0.005618
0.005695
0.005651
0.005481
0.005423
0.005598
0.005659
0.005781
0.005383
0.005432
0.005581
0.005548
0.005476
0.005714
0.005397
0.005325
0.005196
0.005145
0.005439
0.005408
0.005346
0.005457
0.005253
0.005116
0.005594
0.005613
0.005437
0.005442
0.005741
0.005859
0.006183
0.005779
0.005652
0.005630
0.005508
0.005376
0.005409
0.005265
0.005493
0.005266
0.005207
0.005232
0.005264
0.005415
0.005129
0.005428
0.005230
0.005269
0.005467
0.005465
0.005672
0.005502
0.005808
0.005117
0.005684
0.005171
0.005504
0.005003
0.005554
0.005439
0.005871
0.005512
0.005282
0.005476
0.004976
0.004846
0.004950
0.005154
0.005426
0.003938
0.005073
0.005275
0.005670
0.004992
0.005340
0.005740
0.005121
0.005499
0.005525
0.005814
0.005273
0.005477
0.005432
0.005377
0.110436
0.016837
0.013646
0.012489
0.015310
0.011418
0.011602
0.012830
0.012190
0.014203
0.018741
0.018575
0.013495
0.017536
0.014826
0.012505
0.019794
0.013680
0.017341
0.013960
0.014562
0.017682
0.015362
0.017826
0.016593
0.017562
0.016281
0.014200
0.013876
0.017095
0.011399
0.019434
0.018880
0.016813
0.017557
0.019208
0.016795
0.014202
0.018377
0.017931
0.014740
0.012194
0.012508
0.009922
0.011384
0.011175
0.015559
0.015589
0.015110
0.017303
0.016678
0.012171
0.015410
0.015191
0.014058
0.016752
0.016952
0.014269
0.013431
0.012644
0.005041
0.005300
0.005013
0.005202
0.005591
0.005602
0.005516
0.005355
0.005578
0.005400
0.005531
0.005614
0.005583
0.005203
0.005300
0.005232
0.005567
0.005666
0.005261
0.005477
0.005480
0.005388
0.005722
0.005615
0.005520
0.005468
0.004431
0.005497
0.005640
0.005556
0.005198
0.005202
0.004961
0.005254
0.005262
0.005108
0.005254
0.005391
0.005498
0.005448
0.005263
0.005552
0.005503
0.005611
0.005027
0.004991
0.004917
0.005420
0.005642
0.005417
0.005273
0.005382
0.005425
0.005550
0.005405
0.005453
0.005365
0.005326
0.005641
0.004972
0.005399
0.005832
0.005689
0.005459
0.005596
0.005297
0.005324
0.005402
0.005798
0.005969
0.005528
0.005137
0.005372
0.005643
0.005132
0.005194
0.005445
0.005184
0.005401
0.005562
0.005715
0.005392
0.005707
0.005566
0.005569
0.005324
0.005201
0.005648
0.005290
0.005407
0.005079
0.005192
0.005552
0.005577
0.005190
0.005331
0.005240
0.005678
0.005886
0.006006
0.005665
0.005723
0.005410
0.005179
0.005411
0.005181
0.004842
0.005111
0.005002
0.005148
0.004903
0.005224
0.005172
0.005061
0.005574
0.005465
0.005374
0.005216
0.005053
0.005189
0.005146
0.005343
0.005356
0.005239
0.005217
0.004613
0.005159
0.005388
0.005042
0.005475
0.005440
0.005374
0.005462
0.004984
0.005039
0.004956
0.005448
0.005466
0.005492
0.005499
0.005484
0.005960
0.005619
0.005416
0.005409
0.005472
0.005160
0.004939
0.005246
0.004898
0.005220
0.005644
0.005681
0.005498
0.005391
0.005195
0.005387
0.005244
0.005638
0.005454
0.006013
0.005664
0.005642
0.005578
0.005259
0.005094
0.005414
0.005339
0.005613
0.005221
0.005550
0.005531
0.005293
0.005474
0.005250
0.005562
0.005338
0.005392
0.005211
0.005380
0.004323
0.005215
0.005471
0.005608
0.005438
0.005569
0.005710
0.005905
0.005833
0.005757
0.005792
0.005800
0.006099
0.005762
0.005806
0.005430
0.005189
0.005025
0.005625
0.005066
0.005376
0.005451
0.005590
0.005463
0.005790
0.005441
0.005560
0.005260
0.005621
0.005731
0.005434
0.005290
0.005133
0.005671
0.005464
0.005527
0.005705
0.005655
0.006120
0.005945
0.005718
0.005228
0.005314
0.005687
0.005678
0.005458
0.005494
0.005254
0.005269
0.005545
0.005477
0.005497
0.005590
0.005534
0.005626
0.005510
0.005466
0.005502
0.005541
0.005537
0.005520
0.005503
0.005278
0.005289
0.005394
0.005370
0.005642
0.005383
0.005738
0.005840
0.005839
0.006145
0.005880
0.006034
0.005627
0.005760
0.005587
0.005792
0.005469
0.005407
0.005511
0.005737
0.005570
0.005536
0.005810
0.005914
0.006042
0.005962
0.005779
0.005772
0.006254
0.005507
0.005332
0.005878
0.005563
0.005456
0.005823
0.005891
0.005849
0.005657
0.005877
0.006009
0.006414
0.005717
0.005806
0.005852
0.005489
0.005641
0.005768
0.005248
0.005929
0.005616
0.005937
0.005904
0.005827
0.005656
0.005624
0.005781
0.005710
0.005753
0.005551
0.005584
0.005306
0.005649
0.005393
0.006135
0.005640
0.005766
0.005580
0.005509
0.005800
0.005810
0.006196
0.006167
0.005543
0.005972
0.005607
0.005388
0.005417
0.005717
0.005511
0.005799
0.005461
0.005229
0.005595
0.005691
0.005180
0.005616
0.005565
0.005540
0.005459
0.005545
0.005466
0.005661
0.005324
0.005468
0.005450
0.005665
0.005383
0.005576
0.005476
0.005476
0.006069
0.005725
0.005676
0.005920
0.005505
0.005738
0.005370
0.005268
0.005408
0.005368
0.005434
0.005580
0.005380
0.005557
0.005545
0.005210
0.005803
0.005452
0.005480
0.005933
0.005586
0.005275
0.005751
0.005547
0.005509
0.005418
0.005490
0.005618
0.005680
0.005644
0.005840
0.005966
0.006270
0.005773
0.005857
0.005841
0.005804
0.005914
0.006061
0.005607
0.005406
0.005794
0.005843
0.005415
0.005614
0.005540
0.005499
0.005654
0.005551
0.005685
0.005379
0.005490
0.005701
0.005564
0.005528
0.005927
0.005820
0.005633
0.005602
0.005575
0.005124
0.005641
0.005627
0.005767
0.005696
0.005684
0.005333
0.005503
0.005703
0.005606
0.005454
0.005298
0.005498
0.005576
0.005130
0.005454
0.005391
0.005792
0.005721
0.005628
0.005429
0.005629
0.005524
0.006232
0.005425
0.005329
0.005662
0.005890
0.005754
0.005854
0.005887
0.005512
0.005966
0.005810
0.005662
0.005412
0.005575
0.005237
0.005376
0.005380
0.005471
0.005717
0.005893
0.005704
0.005738
0.005862
0.005139
0.005183
0.005449
0.005751
0.005913
0.005693
0.005427
0.005223
0.005225
0.004913
0.005034
0.005766
0.005610
0.005953
0.005570
0.006085
0.005987
0.015171
0.005965
0.005625
0.005284
0.005306
0.005049
0.005131
0.005312
0.005130
0.005247
0.005048
0.005005
0.004867
0.005156
0.004924
0.004983
0.005031
0.005405
0.004908
0.005060
0.004785
0.005061
0.005287
0.005227
0.005123
0.005336
0.005605
0.005336
0.005401
0.005622
0.005852
0.005918
0.005553
0.005236
0.005044
0.005037
0.005131
0.004863
0.005573
0.005575
0.005371
0.005112
0.005260
0.005474
0.005213
0.005276
0.005238
0.005813
0.005706
0.005658
0.005327
0.005544
0.005553
0.005764
0.005576
0.005482
0.005786
0.005627
0.005599
0.005468
0.005732
0.005354
0.005609
0.005540
0.005723
0.005325
0.005248
0.005315
0.005391
0.005235
0.004956
0.005170
0.005489
0.005375
0.005400
0.005327
0.005263
0.005336
0.005246
0.005415
0.005113
0.005219
0.005259
0.005214
0.005149
0.005085
0.005281
0.005033
0.004957
0.005393
0.005468
0.005563
0.005644
0.005534
0.005211
0.005522
0.005216
0.005057
0.005297
0.005130
0.005377
0.005549
0.005746
0.004846
0.005370
0.005068
0.005269
0.005265
0.005102
0.005025
0.005259
0.005211
0.005293
0.005352
0.005286
0.004969
0.005543
0.005090
0.005485
0.005344
0.005377
0.005730
0.005405
0.005732
0.005575
0.004807
0.005239
0.005547
0.005357
0.005331
0.005608
0.005284
0.005026
0.005194
0.005343
0.005346
0.005594
0.005407
0.005327
0.004967
0.005179
0.005044
0.004691
0.005358
0.005274
0.005277
0.004934
0.005204
0.005121
0.005242
0.004979
0.005008
0.005305
0.005442
0.005610
0.005279
0.005487
0.005281
0.005362
0.004896
0.005264
0.005222
0.005639
0.005403
0.005230
0.005604
0.005420
0.005416
0.005602
0.005520
0.005154
0.005498
0.004905
0.005038
0.005381
0.005038
0.005279
0.005268
0.005297
0.005173
0.005194
0.005656
0.005795
0.005544
0.005626
0.005840
0.005752
0.005655
0.005329
0.005693
0.005307
0.004938
0.005266
0.005293
0.005336
0.005258
0.005036
0.005204
0.005466
0.005365
0.005566
0.005832
0.005606
0.005223
0.005221
0.005444
0.005323
0.005306
0.005445
0.005202
0.005305
0.005341
0.005462
0.005524
0.005296
0.005204
0.005224
0.005185
0.005122
0.005302
0.005707
0.005422
0.005526
0.005416
0.005401
0.005328
0.005355
0.005050
0.005424
0.005425
0.005750
0.005372
0.005339
0.005279
0.005368
0.005540
0.005269
0.005598
0.005415
0.005495
0.005452
0.005251
0.005253
0.005303
0.005624
0.005224
0.005521
0.005105
0.005617
0.005267
0.005258
0.004793
0.005374
0.005740
0.005314
0.005310
0.005024
0.005113
0.005566
0.005445
0.005329
0.005292
0.005181
0.005124
0.005257
0.005107
0.005222
0.005224
0.005361
0.005052
0.005376
0.005483
0.005458
0.005569
0.005636
0.005614
0.005709
0.005129
0.005132
0.005282
0.005379
0.005097
0.004895
0.005414
0.005725
0.005573
0.005388
0.005541
0.005258
0.005304
0.005335
0.005058
0.005345
0.005202
0.005224
0.005284
0.005490
0.005606
0.005556
0.005210
0.005419
0.004856
0.005244
0.005167
0.004922
0.005270
0.005134
0.005230
0.005392
0.005355
0.005493
0.005260
0.005319
0.005226
0.005149
0.005279
0.005145
0.005330
0.004931
0.004719
0.004939
0.005124
0.005055
0.005113
0.005219
0.005206
0.005288
0.005225
0.005425
0.005232
0.005043
0.005027
0.005067
0.005348
0.005461
0.005624
0.005712
0.005571
0.005472
0.005178
0.005183
0.004915
0.005275
0.005427
0.004772
0.005291
0.005488
0.005248
0.005627
0.005338
0.004988
0.005131
0.005005
0.005195
0.005030
0.005289
0.005194
0.005337
0.005476
0.005260
0.005339
0.004863
0.005246
0.005401
0.005541
0.005717
0.005814
0.005476
0.005470
0.005241
0.005241
0.004967
0.005110
0.004905
0.005070
0.004928
0.005390
0.005106
0.005534
0.005368
0.005192
0.003303
0.005773
0.005167
0.005452
0.005250
0.004724
0.002897
0.005348
0.005505
0.005336
0.005407
0.005671
0.005225
0.005085
0.005130
0.005844
0.005193
0.004850
0.005050
0.005096
0.005445
0.005180
0.005316
0.005167
0.005058
0.005051
0.005431
0.005324
0.005357
0.005025
0.005024
0.004910
0.004796
0.005351
0.004903
0.005672
0.005625
0.005584
0.005164
0.005128
0.004777
0.005269
0.005064
0.005545
0.005538
0.004542
0.006078
0.005707
0.005321
0.005141
0.005209
0.005060
0.005163
0.005239
0.005337
0.005086
0.004978
0.004939
0.004836
0.004995
0.005092
0.005498
0.005256
0.005070
0.005138
0.004675
0.005138
0.005094
0.004995
0.005033
0.005169
0.004822
0.005176
0.004974
0.005088
0.005024
0.005248
0.005192
0.005241
0.004951
0.005187
0.005091
0.004931
0.004654
0.004912
0.005021
0.005007
0.004731
0.005336
0.005350
0.005483
0.005110
0.004930
0.004886
0.005091
0.004870
0.004838
0.005118
0.004907
0.005098
0.005274
0.004950
0.004343
0.005440
0.005037
0.005427
0.005549
0.005729
0.005686
0.005528
0.005302
0.005179
0.005303
0.005187
0.005263
0.005437
0.005092
0.004980
0.004922
0.005197
0.004799
0.005342
0.005229
0.005362
0.005589
0.005460
0.005584
0.005166
0.005170
0.004980
0.005253
0.005110
0.005504
0.005500
0.005633
0.005469
0.005440
0.005767
0.005634
0.005503
0.005336
0.005369
0.005235
0.005465
0.005227
0.005451
0.005430
0.004960
0.005450
0.005000
0.005173
0.004644
0.005046
0.005261
0.004694
0.004897
0.005088
0.114960
0.013967
0.013597
0.015100
0.013738
0.016045
0.014096
0.012230
0.015869
0.017645
0.016919
0.017369
0.013585
0.011651
0.011430
0.015764
0.012557
0.018003
0.015134
0.014991
0.014445
0.011331
0.011017
0.011002
0.018403
0.013020
0.016631
0.013186
0.016426
0.014952
0.015553
0.014460
0.018603
0.022170
0.014322
0.017431
0.016887
0.017709
0.011058
0.010571
0.017273
0.013461
0.012888
0.015280
0.018559
0.017262
0.019154
0.014130
0.011635
0.012766
0.011476
0.014224
0.014096
0.014983
0.019457
0.020393
0.019324
0.016934
0.016039
0.012657
0.004454
0.004054
0.005307
0.005278
0.005206
0.004943
0.004757
0.005077
0.005247
0.005017
0.005304
0.005370
0.005633
0.005460
0.005176
0.004949
0.005408
0.005144
0.005263
0.005342
0.005146
0.005217
0.005325
0.005299
0.005450
0.005656
0.005337
0.005350
0.005597
0.005587
0.005576
0.005260
0.005527
0.005182
0.004918
0.004913
0.005427
0.005256
0.004835
0.005342
0.005249
0.005358
0.005340
0.005437
0.005413
0.005456
0.005293
0.004932
0.005478
0.005620
0.005473
0.005259
0.005295
0.005009
0.005106
0.005169
0.005091
0.005221
0.005453
0.005459
0.005140
0.005254
0.004781
0.005088
0.005052
0.004845
0.006188
0.005287
0.004886
0.005207
0.005242
0.005332
0.005546
0.005507
0.005271
0.003595
0.004439
0.005126
0.005106
0.005478
0.005272
0.005495
0.005206
0.005217
0.005352
0.005185
0.005244
0.005287
0.005440
0.005456
0.005391
0.005278
0.005647
0.005401
0.005557
0.005528
0.005236
0.005439
0.005354
0.005430
0.005421
0.005291
0.005400
0.005597
0.005332
0.005383
0.005187
0.005101
0.005209
0.004976
0.005176
0.005537
0.005607
0.005541
0.005689
0.005255
0.005222
0.005127
0.005396
0.005204
0.005083
0.004803
0.005243
0.005190
0.004962
0.004948
0.005304
0.004913
0.005318
0.003505
0.005063
0.005044
0.005599
0.005568
0.005795
0.005383
0.005500
0.005260
0.005858
0.005524
0.005226
0.005207
0.005058
0.004986
0.005314
0.005277
0.005367
0.005524
0.005369
0.005415
0.005215
0.005175
0.005364
0.005052
0.005361
0.005460
0.005299
0.005149
0.005225
0.005116
0.005120
0.005226
0.005363
0.005026
0.005848
0.006146
0.005560
0.005350
0.005235
0.005270
0.005428
0.005201
0.005131
0.005065
0.005228
0.005289
0.005200
0.005209
0.005126
0.005271
0.004944
0.004208
0.004186
0.005102
0.005443
0.005518
0.005512
0.005419
0.005307
0.005375
0.005289
0.005582
0.005528
0.005598
0.005588
0.005864
0.005694
0.005460
0.005596
0.005669
0.005440
0.005536
0.005583
0.005536
0.005477
0.005214
0.005497
0.005464
0.005395
0.004958
0.005015
0.005648
0.005488
0.005376
0.005684
0.005216
0.005211
0.005444
0.005593
0.005708
0.005478
0.005570
0.005602
0.005641
0.005425
0.005185
0.005443
0.005277
0.004961
0.005021
0.004991
0.005012
0.005289
0.005200
0.005104
0.004846
0.004983
0.004955
0.004761
0.004983
0.004952
0.004824
0.004833
0.005061
0.005124
0.005174
0.005193
0.005323
0.005058
0.004985
0.005291
0.005405
0.005172
0.005385
0.005283
0.005345
0.005882
0.005465
0.005717
0.005201
0.005425
0.005138
0.005053
0.004828
0.005240
0.004888
0.004776
0.004732
0.004998
0.004584
0.004970
0.005088
0.004907
0.005001
0.005239
0.005539
0.005314
0.005086
0.005157
0.005301
0.005094
0.005293
0.005342
0.005069
0.005262
0.005311
0.005399
0.005859
0.005604
0.005214
0.005564
0.005087
0.005531
0.005460
0.005334
0.005450
0.005500
0.005528
0.005177
0.005240
0.005449
0.005395
0.005643
0.005438
0.005184
0.005238
0.005582
0.005319
0.004714
0.005430
0.005393
0.005168
0.005174
0.004887
0.005008
0.005092
0.005293
0.005488
0.005360
0.005390
0.004932
0.005141
0.004882
0.005352
0.005257
0.005215
0.005280
0.005391
0.005200
0.005546
0.005329
0.005169
0.005318
0.005285
0.005204
0.005367
0.005312
0.005417
0.005386
0.005140
0.005302
0.005132
0.005152
0.004957
0.005317
0.005422
0.005333
0.005727
0.005861
0.005594
0.005523
0.005109
0.005498
0.005255
0.005266
0.005217
0.005276
0.005216
0.005229
0.005127
0.004840
0.005181
0.005282
0.005215
0.005307
0.005238
0.005317
0.005215
0.005399
0.005271
0.005598
0.005334
0.005268
0.005170
0.005067
0.005157
0.005416
0.005365
0.005725
0.005292
0.005620
0.005594
0.005625
0.005371
0.005039
0.005365
0.005144
0.005341
0.005094
0.005477
0.005139
0.005082
0.005024
0.005057
0.005126
0.005376
0.005062
0.004924
0.005170
0.005086
0.005159
0.005074
0.005115
0.005301
0.005037
0.005099
0.005251
0.005378
0.005440
0.005612
0.005362
0.005161
0.005202
0.004824
0.004940
0.004965
0.005447
0.005068
0.004972
0.005087
0.004940
0.004966
0.004964
0.005428
0.005005
0.005440
0.005466
0.005509
0.005258
0.005015
0.005075
0.004780
0.004872
0.004937
0.005389
0.005300
0.005235
0.005095
0.005491
0.005496
0.005189
0.005290
0.005076
0.004864
0.005135
0.005084
0.005095
0.004952
0.005344
0.005245
0.005339
0.005245
0.005298
0.005072
0.005184
0.005023
0.005098
0.004863
0.005038
0.004975
0.005518
0.005429
0.005352
0.005198
0.005319
0.005204
0.005599
0.005495
0.005510
0.005511
0.005724
0.005631
0.005039
0.004647
0.004923
0.004858
0.004786
0.004935
0.004979
0.004935
0.003248
0.004754
0.004955
0.004850
0.005177
0.004790
0.005310
0.005010
0.004895
0.005289
0.005120
0.004871
0.005410
0.005338
0.005128
0.004953
0.005547
0.005689
0.005510
0.005529
0.005617
0.005355
0.005236
0.005254
0.005213
0.004866
0.004925
0.004545
0.005364
0.005250
0.005421
0.005170
0.005291
0.005354
0.005372
0.005197
0.004693
0.005262
0.005120
0.005171
0.005172
0.004998
0.005198
0.005130
0.005303
0.005313
0.005269
0.005182
0.005285
0.005179
0.005033
0.005273
0.005285
0.005572
0.005400
0.005094
0.005438
0.005145
0.005040
0.005152
0.005076
0.005111
0.005056
0.005183
0.005156
0.005134
0.004973
0.005086
0.004931
0.005119
0.005031
0.005003
0.004970
0.005196
0.005152
0.005210
0.005318
0.005568
0.005402
0.005527
0.005256
0.006047
0.005663
0.005508
0.005368
0.005195
0.004981
0.005478
0.005358
0.005723
0.005512
0.005351
0.005306
0.005079
0.005360
0.005196
0.004930
0.004868
0.005195
0.005223
0.005076
0.005097
0.004960
0.004830
0.004941
0.004759
0.004867
0.004907
0.005110
0.005435
0.005836
0.005416
0.005604
0.005393
0.005172
0.004982
0.005117
0.005327
0.005243
0.005157
0.005159
0.004955
0.005052
0.005243
0.005112
0.004808
0.005066
0.005067
0.005400
0.005660
0.005285
0.005743
0.005456
0.005390
0.005419
0.005279
0.005351
0.005492
0.005435
0.005531
0.005689
0.005903
0.005953
0.005537
0.005741
0.005347
0.005615
0.005457
0.005096
0.005397
0.005245
0.005519
0.005449
0.005568
0.005227
0.005181
0.005018
0.005144
0.005074
0.005526
0.005281
0.005187
0.005268
0.005184
0.004938
0.005067
0.005078
0.004639
0.005154
0.005630
0.005674
0.005607
0.005854
0.005615
0.005592
0.005303
0.005570
0.005617
0.005684
0.005529
0.005539
0.005234
0.005305
0.005223
0.005631
0.005368
0.005315
0.005431
0.005273
0.005349
0.004794
0.005491
0.005359
0.005447
0.005399
0.005433
0.005388
0.005544
0.005777
0.005694
0.005773
0.005752
0.005751
0.005964
0.005640
0.005511
0.005693
0.005405
0.005317
0.005430
0.005429
0.005334
0.005100
0.005040
0.005118
0.005005
0.004809
0.004755
0.004722
0.004878
0.005032
0.005013
0.004848
0.005037
0.005186
0.005038
0.005316
0.005339
0.005207
0.005252
0.005228
0.005272
0.005406
0.005664
0.005571
0.005216
0.005344
0.005326
0.005313
0.005305
0.005208
0.005335
0.005205
0.005171
0.005327
0.005346
0.005092
0.005587
0.005513
0.005306
0.004773
0.005029
0.005129
0.004869
0.004846
0.004840
0.004891
0.004730
0.005157
0.005062
0.005354
0.005207
0.005280
0.005814
0.005456
0.005562
0.005580
0.005154
0.004965
0.005438
0.005049
0.005261
0.004818
0.005096
0.005074
0.005266
0.005261
0.005324
0.005648
0.005547
0.005486
0.005285
0.005262
0.005138
0.005223
0.005374
0.005366
0.005400
0.005389
0.005306
0.005358
0.005115
0.005465
0.005482
0.005550
0.005327
0.005521
0.004708
0.005234
0.005237
0.005125
0.005161
0.005427
0.005378
0.005041
0.005520
0.005169
0.005112
0.005225
0.005100
0.005274
0.004797
0.005262
0.005102
0.005317
0.005159
0.005468
0.005482
0.005029
0.005217
0.005527
0.005691
0.005196
0.005444
0.005841
0.005754
0.005575
0.005607
0.005133
0.005659
0.005443
0.005295
0.005294
0.005575
0.005312
0.005573
0.005321
0.005238
0.005205
0.005162
0.004988
0.005203
0.005408
0.005328
0.005162
0.005179
0.005343
0.004993
0.004830
0.004926
0.005021
0.005357
0.005444
0.005707
0.005579
0.005779
0.005827
0.005233
0.005185
0.005134
0.005040
0.005226
0.005141
0.005410
0.005562
0.005445
0.005311
0.005674
0.005077
0.005232
0.005131
0.005382
0.005069
0.005203
0.005210
0.005262
0.005295
0.005139
0.005280
0.005271
0.005395
0.005247
0.004781
0.005358
0.005186
0.005362
0.005740
0.005696
0.005397
0.005487
0.005217
0.004888
0.004816
0.004779
0.004719
0.004730
0.005346
0.005107
0.004629
0.004533
0.004963
0.004887
0.004576
0.004709
0.004939
0.004832
0.005141
0.005244
0.005095
0.005230
0.004924
0.005028
0.005325
0.005458
0.005537
0.005549
0.005712
0.005886
0.005643
0.005428
0.005424
0.005528
0.005303
0.005209
0.005306
0.004987
0.005352
0.005591
0.005489
0.005316
0.005612
0.005365
0.005239
0.005487
0.005053
0.005408
0.005091
0.005616
0.005189
0.005483
0.005155
0.004956
0.005276
0.005205
0.005092
0.004894
0.005204
0.005262
0.005264
0.005062
0.005028
0.004764
0.005377
0.005109
0.005212
0.005117
0.005215
0.005035
0.005263
0.004886
0.005245
0.005236
0.005077
0.004894
0.004825
0.004980
0.004733
0.004834
0.004904
0.005382
0.005055
0.004798
0.005162
0.004622
0.004961
0.005079
0.005121
0.005283
0.005243
0.005498
0.005054
0.005105
0.004930
0.005169
0.004952
0.005074
0.004956
0.005126
0.005022
0.005134
0.004819
0.005134
0.004873
0.005185
0.005238
0.005331
0.005205
0.005437
0.005215
0.005304
0.005299
0.005213
0.005359
0.005169
0.005270
0.005097
0.005496
0.005389
0.005995
0.005312
0.005021
0.004964
0.004982
0.005209
0.005072
0.005502
0.005112
0.005078
0.005075
0.005131
0.005377
0.005352
0.005243
0.005042
0.005109
0.004929
0.005257
0.005225
0.004913
0.005344
0.005233
0.004962
0.105652
0.015458
0.013444
0.012482
0.011356
0.012303
0.013079
0.012337
0.012532
0.016119
0.017238
0.015371
0.015817
0.017073
0.014593
0.012675
0.020868
0.021247
0.018448
0.018414
0.017835
0.015721
0.014633
0.019962
0.019856
0.019174
0.042419
0.015052
0.013590
0.012907
0.019405
0.071607
1.455178
60.026140
8.863944
0.011832
0.010606
0.010225
0.009832
0.010355
0.010533
0.013098
0.013415
0.013524
0.011415
0.013274
0.011804
0.011135
0.012746
0.018664
0.015436
0.014042
0.012445
0.011118
0.011882
0.012598
0.013726
0.018273
0.013251
0.010735
0.014071
0.017299
0.012389
0.013179
0.020535
0.016285
0.011867
0.011916
0.014972
0.012294
0.010253
0.011051
0.014879
0.015912
0.016976
0.013163
0.012551
0.009987
0.011977
0.010574
0.010237
0.015951
0.014598
0.014033
0.013011
0.012863
0.010840
0.014576
0.016318
0.018625
0.011566
0.014622
0.015029
0.012344
0.003993
0.005747
0.005752
0.005167
0.005320
0.005126
0.005177
0.005312
0.005325
0.005617
0.005154
0.005298
0.005158
0.005210
0.005122
0.004166
0.003033
0.003110
0.005062
0.005082
0.005321
0.005195
0.005355
0.005271
0.005171
0.005080
0.005008
0.005428
0.004994
0.005148
0.005688
0.005832
0.005480
0.005518
0.005700
0.005401
0.004991
0.005026
0.005417
0.005330
0.005126
0.005297
0.005354
0.005222
0.005138
0.005431
0.005199
0.005243
0.005481
0.005584
0.005602
0.005226
0.005501
0.005670
0.005757
0.005534
0.005563
0.005590
0.005621
0.004507
0.005821
0.005616
0.005646
0.005950
0.005804
0.005542
0.005059
0.005060
0.005270
0.005319
0.005432
0.005337
0.005054
0.005431
0.005125
0.005260
0.005405
0.005283
0.005430
0.005116
0.004998
0.005503
0.005550
0.005243
0.005590
0.005311
0.005490
0.005498
0.005563
0.005256
0.005436
0.005551
0.005235
0.005790
0.005951
0.005372
0.005273
0.005255
0.005127
0.005132
0.005321
0.005260
0.005110
0.005488
0.005106
0.005352
0.005159
0.005398
0.005388
0.005180
0.005151
0.005072
0.004921
0.004883
0.004794
0.004827
0.005043
0.005354
0.005261
0.005404
0.005392
0.005456
0.005245
0.005608
0.005645
0.005616
0.005342
0.005115
0.005230
0.005297
0.005636
0.005247
0.005423
0.004890
0.005025
0.005523
0.005260
0.005020
0.005186
0.005039
0.005128
0.005021
0.005210
0.005145
0.005039
0.004892
0.005638
0.005546
0.005345
0.005434
0.005230
0.004919
0.005134
0.005334
0.005360
0.005549
0.005494
0.005355
0.005201
0.005277
0.005019
0.004873
0.004963
0.005000
0.004969
0.005208
0.005104
0.004881
0.004925
0.005204
0.004796
0.005018
0.005174
0.005196
0.005457
0.005348
0.005197
0.005006
0.004949
0.005106
0.005284
0.004983
0.005550
0.005775
0.005765
0.005758
0.005591
0.005174
0.005319
0.005203
0.005103
0.005136
0.005341
0.005227
0.005277
0.005369
0.004974
0.005082
0.005126
0.004541
0.005092
0.005064
0.005060
0.004940
0.005119
0.005159
0.005046
0.005494
0.005304
0.004872
0.004925
0.005008
0.005069
0.004980
0.004933
0.005221
0.005661
0.005700
0.005289
0.005371
0.005393
0.005481
0.005345
0.005344
0.005139
0.005336
0.005135
0.005580
0.005440
0.005169
0.005610
0.005472
0.005367
0.005399
0.005436
0.005486
0.005520
0.005295
0.004780
0.004958
0.004894
0.004565
0.004766
0.004749
0.005164
0.005598
0.005481
0.004867
0.004978
0.004875
0.004823
0.004950
0.004983
0.005223
0.004915
0.004868
0.005075
0.005404
0.004817
0.004791
0.004786
0.005195
0.005537
0.005433
0.005076
0.004969
0.005191
0.005227
0.005156
0.004894
0.004988
0.005084
0.004859
0.004922
0.005025
0.004999
0.005173
0.005243
0.005378
0.005030
0.005197
0.005340
0.005082
0.005014
0.004933
0.004793
0.004899
0.005297
0.004966
0.005643
0.005550
0.005126
0.005080
0.004827
0.005145
0.005028
0.005227
0.005316
0.005121
0.005228
0.005190
0.004944
0.004736
0.005203
0.004972
0.005111
0.004944
0.005519
0.005543
0.005371
0.005137
0.005114
0.005359
0.004933
0.005040
0.005015
0.005014
0.004977
0.005087
0.005200
0.005066
0.005396
0.005060
0.004901
0.004966
0.005431
0.004909
0.005400
0.005446
0.005062
0.005424
0.005112
0.005376
0.005267
0.005103
0.005361
0.005548
0.005416
0.005715
0.005445
0.005393
0.005221
0.005149
0.004930
0.005237
0.005354
0.005501
0.005089
0.005245
0.005056
0.005370
0.005345
0.005502
0.005603
0.005474
0.005607
0.005639
0.005381
0.005208
0.005120
0.005054
0.005206
0.005234
0.005444
0.005236
0.005405
0.005704
0.005499
0.005583
0.005377
0.005106
0.005028
0.005488
0.005182
0.005201
0.005299
0.005275
0.005116
0.005015
0.005105
0.005024
0.005420
0.005106
0.005014
0.005084
0.004987
0.005151
0.005062
0.005141
0.005087
0.005014
0.005340
0.005176
0.005332
0.005248
0.005285
0.005344
0.005422
0.005780
0.005663
0.005751
0.005459
0.005539
0.005438
0.004811
0.005089
0.005578
0.005446
0.005673
0.005338
0.005698
0.005625
0.005154
0.005362
0.005667
0.005496
0.005573
0.005588
0.005637
0.005345
0.005364
0.005257
0.004839
0.004981
0.004939
0.005467
0.005378
0.005614
0.005372
0.005566
0.005472
0.005186
0.005519
0.005148
0.005045
0.005031
0.004971
0.005268
0.005390
0.005096
0.003626
0.005077
0.005101
0.005313
0.004978
0.005340
0.005348
0.005563
0.005245
0.005331
0.005467
0.005516
0.005345
0.005433
0.005301
0.005621
0.005304
0.005729
0.005859
0.005938
0.005589
0.005578
0.005449
0.005384
0.005345
0.005303
0.005425
0.005332
0.005348
0.005543
0.005279
0.005034
0.005027
0.004966
0.004888
0.004925
0.005036
0.005281
0.005069
0.005008
0.005099
0.005384
0.005176
0.005288
0.005580
0.005258
0.005059
0.005360
0.005755
0.005538
0.005673
0.005426
0.005259
0.005507
0.005328
0.005456
0.005506
0.005166
0.005145
0.005210
0.005046
0.005068
0.005207
0.005336
0.005151
0.005181
0.004956
0.005219
0.003598
0.004332
0.003230
0.004005
0.003355
0.005405
0.005195
0.005170
0.005094
0.004984
0.004514
0.004777
0.005516
0.005455
0.005315
0.005273
0.005526
0.005319
0.005300
0.004913
0.004952
0.004654
0.004985
0.004309
0.004794
0.005175
0.005055
0.005000
0.004040
0.004169
0.004247
0.005056
0.005221
0.005462
0.005453
0.005788
0.005665
0.005277
0.005774
0.004097
0.003567
0.005438
0.005631
0.005846
0.005606
0.005252
0.005029
0.012915
0.012671
0.005258
0.003841
0.005869
0.005668
0.005113
0.005459
0.005437
0.005269
0.005063
0.005270
0.005290
0.005373
0.004135
0.003847
0.005621
0.004390
0.003795
0.004220
0.003383
0.004390
0.004085
0.005683
0.005348
0.005472
0.005442
0.005699
0.005863
0.005294
0.005693
0.005455
0.005550
0.005130
0.005049
0.005248
0.005240
0.004983
0.004933
0.005252
0.005329
0.005410
0.005105
0.005353
0.003013
0.005274
0.004998
0.004680
0.005316
0.005125
0.004907
0.004736
0.005375
0.005079
0.005298
0.005249
0.005178
0.005308
0.005396
0.005760
0.005227
0.005705
0.005241
0.005241
0.005139
0.005247
0.005135
0.005102
0.005162
0.005203
0.005064
0.005301
0.005065
0.005031
0.005288
0.005327
0.005204
0.005302
0.005158
0.005219
0.005122
0.005336
0.004893
0.005584
0.005676
0.005397
0.005619
0.005532
0.005489
0.005844
0.005576
0.005542
0.005034
0.005168
0.005018
0.004671
0.005036
0.004999
0.004896
0.004907
0.004805
0.005207
0.005354
0.005335
0.005214
0.005305
0.005317
0.005161
0.005184
0.005167
0.005223
0.005428
0.005482
0.005132
0.005492
0.004991
0.004987
0.004981
0.005376
0.005460
0.005747
0.005427
0.005404
0.005232
0.005138
0.005150
0.004952
0.005026
0.004849
0.005555
0.005620
0.005271
0.005069
0.005136
0.005317
0.005313
0.005231
0.005460
0.005551
0.005450
0.005259
0.005659
0.005122
0.005253
0.005155
0.005220
0.005142
0.004946
0.005540
0.005593
0.005646
0.005707
0.005483
0.005294
0.005570
0.005517
0.005336
0.005317
0.005125
0.005141
0.005035
0.005301
0.004949
0.005030
0.005034
0.004814
0.005186
0.005396
0.005336
0.005521
0.005378
0.005378
0.005278
0.005159
0.004982
0.005480
0.005619
0.005518
0.005265
0.005592
0.005248
0.005431
0.005121
0.005220
0.005181
0.004868
0.005111
0.005063
0.003361
0.005397
0.005073
0.005055
0.005046
0.005169
0.005390
0.005222
0.005354
0.005190
0.004757
0.005339
0.004951
0.005187
0.005209
0.004861
0.004907
0.005175
0.005479
0.005035
0.005395
0.004932
0.005241
0.005015
0.005182
0.005091
0.005085
0.005281
0.004772
0.004944
0.004758
0.004858
0.005367
0.005141
0.004978
0.004991
0.004773
0.004746
0.005117
0.105073
0.012480
0.013589
0.012809
0.011419
0.011653
0.015325
0.013513
0.012740
0.017005
0.015682
0.015081
0.014789
0.012079
0.011620
0.016622
0.011406
0.017997
0.016601
0.017362
0.014387
0.016539
0.014063
0.013470
0.019007
0.018013
0.017085
0.016104
0.015359
0.012918
0.011969
0.012946
0.016703
0.015822
0.017501
0.014955
0.015022
0.017887
0.015678
0.017064
0.018025
0.014572
0.014054
0.014873
0.012641
0.016276
0.016264
0.014120
0.016281
0.017878
0.016119
0.016865
0.019045
0.014987
0.016317
0.026686
0.019828
0.017377
0.014293
0.012108
0.003730
0.003960
0.004247
0.004832
0.005119
0.005617
0.004965
0.005151
0.005019
0.004872
0.004930
0.004790
0.005078
0.005083
0.005230
0.005109
0.005414
0.004538
0.004927
0.004888
0.004928
0.004742
0.005261
0.005668
0.005230
0.005140
0.005128
0.004955
0.005237
0.004933
0.004830
0.004850
0.005199
0.005189
0.005164
0.005273
0.005337
0.005138
0.005587
0.005227
0.005610
0.005406
0.005866
0.004947
0.005384
0.005236
0.005455
0.005442
0.005173
0.005240
0.005200
0.005417
0.005308
0.005646
0.005169
0.004965
0.005138
0.005058
0.005181
0.005045
0.004970
0.004891
0.005170
0.005145
0.005536
0.004974
0.005141
0.005653
0.005453
0.005179
0.004881
0.005016
0.005310
0.004974
0.005401
0.004939
0.005313
0.005746
0.005797
0.005399
0.005269
0.005066
0.005012
0.005522
0.005284
0.005244
0.005011
0.004869
0.005040
0.004970
0.005241
0.004968
0.005157
0.005401
0.005243
0.005126
0.005015
0.004950
0.004848
0.004997
0.005160
0.005057
0.005189
0.005149
0.005014
0.005410
0.005241
0.005369
0.005805
0.005174
0.005175
0.005402
0.005528
0.005263
0.005393
0.004931
0.005167
0.004902
0.004924
0.004965
0.005315
0.005313
0.005469
0.005207
0.005491
0.005135
0.004976
0.005324
0.005360
0.005499
0.005465
0.005612
0.005188
0.005310
0.005257
0.005089
0.005157
0.005070
0.005334
0.005261
0.005441
0.005147
0.005486
0.005314
0.005121
0.005278
0.005183
0.005325
0.005500
0.005204
0.004933
0.004801
0.005052
0.005092
0.004969
0.005259
0.005348
0.005279
0.004765
0.004633
0.004918
0.004984
0.005267
0.005009
0.004868
0.005039
0.005777
0.005384
0.005810
0.005864
0.005564
0.005190
0.005601
0.005504
0.004994
0.005360
0.005445
0.005280
0.004858
0.005381
0.004366
0.004758
0.004055
0.005111
0.005298
0.005109
0.005349
0.005132
0.005147
0.005210
0.005177
0.004983
0.004816
0.005072
0.004875
0.005084
0.005160
0.004908
0.005318
0.005595
0.005364
0.005206
0.005327
0.005155
0.004916
0.005123
0.005075
0.005060
0.004954
0.005033
0.005279
0.004959
0.004894
0.005165
0.004949
0.005393
0.005297
0.005476
0.005422
0.005571
0.005458
0.005347
0.005387
0.005124
0.004994
0.005297
0.005629
0.005599
0.005741
0.005953
0.005962
0.005769
0.005643
0.005550
0.005180
0.005501
0.005670
0.005557
0.004136
0.005472
0.005705
0.005281
0.005506
0.005517
0.005548
0.004610
0.005139
0.005447
0.005171
0.005097
0.005096
0.005048
0.005620
0.005927
0.005523
0.005399
0.005002
0.004905
0.005349
0.005292
0.005532
0.005000
0.005345
0.005504
0.005299
0.005332
0.005137
0.005015
0.004877
0.004888
0.004851
0.005139
0.005323
0.005101
0.004906
0.005362
0.005287
0.005226
0.004854
0.005179
0.005652
0.005158
0.005544
0.005121
0.005417
0.005133
0.005129
0.005180
0.004926
0.005293
0.006033
0.005536
0.005171
0.005204
0.005215
0.005440
0.005395
0.005290
0.005212
0.005510
0.005502
0.005436
0.005309
0.005312
0.005387
0.005227
0.005019
0.005025
0.005659
0.005540
0.005472
0.005447
0.005528
0.005375
0.005318
0.005428
0.005747
0.005730
0.005609
0.005729
0.005587
0.005628
