1109696
2040960
2960168
3879376
4798584
5717792
6637000
7556208
8475416
9394624
10313832
11233056
12152280
13071504
13990728
14909952
15829176
16748400
17667624
18586848
19506072
20425296
21344520
22263744
23183256
24102480
25021704
25940928
26860152
27779664
28698888
29618112
30537624
31456848
32376072
33295296
34214520
35133744
36052968
36972192
37891416
38810640
39729864
40649088
41568312
42487536
43406760
44326272
45245496
46164720
47083944
48003168
48922392
49841904
50761128
51680352
52599576
53518800
54438024
55357248














































































































































































































































































































































































































































































































56276472
57195696
58114920
59034144
59953368
60872592
61791816
62711040
63630264
64549488
65468712
66387936
67307160
68226384
69145608
70064832
70984056
71903280
72822504
73741728
74660952
75580176
76499688
77418912
78338424
79257648
80176872
81096096
82015320
82934544
83853768
84772992
85692216
86611440
87530664
88449888
89369112
90288336
91207560
92126784
93046008
93965232
94884456
95803968
96723192
97642416
98561640
99480864
100400376
101319600
102238824
103158336
104077560
104996784
105916008
106835232
107754456
108673680
109592904
110512128

































































































































































































































































































































































































































































































































































































































































































































































































































































































































































































































111431368
112350608
113269848
114189088
115108328
116027568
116946808
117866048
118785288
119704528
120623768
121543008
122462248
123381488
124300728
125219968
126139208
127058448
127977688
128896928
129816168
130735408
131654648
132573888
133493128
134412368
135331896
136251136
137170376
138089616
139008856
139928096
140847336
141766576
142685816
143605056
144524584
145444112
146363352
147282592
148201832
149121072
150040312
150959552
151878792
152798032
153717272
154636512
155555752
156474992
157394232
158313472
159232712
160151952
161071192
161990432
162909672
163828912
164748152
165667392











































































































































































































































































































































































































































































































































































































































































































































































































































































































































































































































166586632
167505872
168425112
169344352
170263592
171182832
172102072
173021312
173940552
174859792
175779032
176698272
177617512
178536752
179456280
180375520
181294760
182214000
183133240
184052480
184971720
185890960
186810200
187729440
188648680
189567920
190487448
191406688
192325928
193245168
194164408
195083648
196002888
196922416
197841656
198760896
199680136
200599376
201518616
202437856
203357096
204276336
205195576
206114816
207034056
207953296
208872536
209791776
210711016
211630256
212549496
213468736
214387976
215307216
216226456
217145696
218064936
218984176
219903416
220822656




















































































































































































































































































































































































































































































































































































































































































































































































































































































































































































































































221741896
222661136
223580376
224499904
225419144
226338384
227257624
228176864
229096104
230015344
230934584
231853824
232773064
233692304
234611544
235530784
236450024
237369264
238288504
239207744
240126984
241046224
241965464
242884704
243803944
244723184
245642424
246561664
247480904
248400144
249319384
250238624
251157864

1109712
2040784
2960008
3879232
4798456
5717680
6636904
7556128
8475352
9394576
10313800
11233328
12152856
13072096
13991336
14910576
15829816
16749344
17668584
18587824
19507064
20426304
21345544
22264784
23184024
24103264
25022504
25941744
26860984
27780224
28699752
29618992
30538232
31457760
32377000
33296240
34215480
35134720
36053960
36973488
37892728
38811968
39731208
40650448
41569688
42488928
43408168
44327696
45246936
46166176
47085416
48004656
48923896
49843136
50762376
51681904
52601144
53520384
54439624
55358864














































































































































































































































































































































































































































































































































































































































































































































































































56278104
57197344
58116584
59036112
59955352
60874592
61793832
62713072
63632312
64551552
65470792
66390032
67309272
68228512
69147752
70066992
70986232
71905472
72824712
73743952
74663192
75582432
76501672
77420912
78340152
79259392
80178632
81097872
82017112
82936352
83855592
84774832
85694072
86613312
87532552
88451792
89371032
90290272
91209512
92128752
93047992
93967232
94886472
95805712
96724952
97644192
98563432
99482672
100401912
101321152
102240680
103159920
104079160
104998400
105917640
106836880
107756120
108675360
109594600
110513840


































































































































































































































































































































