2424
5048
3187
4410
2433
3314
692
1120
762
945
809
623
640
1454
949
1174
610
675
626
617
637
637
631
627
611
611
620
616
616
616
614
619
614
609
621
609
619
619
607
612
620
620
616
613
638
618
615
611
632
612
604
640
644
619
622
617
640
617
612
619
643
617
614
617
645
618
613
613
611
603
619
620
606
614
613
615
611
614
620
624
624
621
651
605
631
615
612
609
615
617
609
613
616
622
620
613
626
625
627
618
611
614
634
613
614
632
645
620
608
609
602
439
615
596
611
605
614
593
621
613
616
618
612
621
620
622
616
612
619
617
615
615
626
621
618
610
614
623
617
616
608
617
799
616
610
611
626
620
616
603
613
609
618
617
617
617
617
615
608
644
626
623
687
620
614
622
623
607
615
615
617
608
607
617
615
612
609
613
613
612
618
618
616
622
601
609
612
614
613
616
614
611
610
618
620
747
531
609
612
615
619
606
601
610
610
613
615
622
623
613
774
616
619
618
619
617
617
612
614
602
616
617
615
609
609
620
631
622
610
617
618
625
618
618
621
616
615
630
618
616
620
612
609
617
617
613
797
622
620
618
621
614
636
634
615
619
615
614
615
637
615
618
617
608
608
616
612
612
610
613
610
616
614
620
619
617
620
604
614
614
619
610
634
617
621
607
606
614
615
620
611
609
621
617
621
613
616
616
615
609
607
617
609
608
602
621
617
614
618
619
617
615
615
609
618
624
649
609
610
610
609
632
602
619
621
615
613
616
619
621
615
638
615
614
620
606
603
608
610
608
607
614
624
615
614
616
616
612
618
652
620
645
620
603
601
611
612
636
610
646
623
620
615
619
617
611
611
649
619
640
607
610
610
631
616
606
608
620
619
617
610
611
613
613
624
628
614
606
607
619
620
604
607
612
617
606
611
613
621
615
606
614
609
613
620
612
614
612
614
604
604
617
613
599
612
606
607
619
610
616
615
615
611
610
617
613
613
636
610
609
613
609
607
617
610
625
611
618
619
611
613
611
617
625
617
615
607
611
614
606
600
619
612
612
691
614
616
617
617
609
617
615
614
601
622
610
612
686
601
616
613
614
613
619
613
612
609
617
616
617
618
603
620
608
608
614
607
616
614
617
608
625
617
612
610
614
618
617
619
603
612
615
611
610
618
620
811
617
841
620
624
616
611
616
614
609
612
599
613
627
610
606
615
616
612
615
608
618
620
613
605
614
618
607
607
617
610
679
612
609
616
613
611
606
614
616
622
615
611
614
617
609
608
607
610
616
614
606
615
619
618
613
607
624
622
619
611
609
608
613
607
607
620
617
614
605
614
619
612
615
632
616
614
612
613
619
629
615
601
611
616
613
609
617
615
834
616
613
613
605
620
612
604
611
613
615
614
617
613
616
610
614
612
611
615
615
605
602
615
622
612
606
608
617
612
611
619
621
612
612
614
617
613
612
610
599
608
618
612
612
619
615
611
612
612
627
807
623
616
612
614
608
603
620
613
616
606
613
614
617
617
606
613
615
612
610
614
613
843
609
603
616
609
618
611
613
615
614
610
608
618
620
610
607
614
613
612
618
604
615
615
614
607
631
622
616
609
605
615
613
610
606
613
611
605
613
608
617
661
612
607
616
619
614
609
611
615
608
612
602
608
620
612
613
615
614
615
676
608
619
617
627
605
625
624
617
667
769
274
616
606
607
618
614
613
614
606
614
625
644
681
620
613
615
604
609
609
620
614
607
614
650
528
632
621
632
612
625
615
611
616
614
602
615
607
619
617
776
614
623
609
620
619
623
612
619
624
623
622
608
607
625
614
622
612
615
616
620
612
614
606
622
616
607
612
617
607
642
605
621
615
625
619
613
623
621
614
612
603
618
612
604
605
623
810
619
692
613
364
622
328
627
343
621
614
688
606
608
612
602
817
624
608
622
610
628
620
617
610
619
615
619
613
615
622
610
609
601
605
629
630
611
610
620
613
618
608
621
613
616
608
609
618
613
607
607
614
614
617
613
617
616
612
608
604
615
617
622
610
611
607
603
603
620
621
615
618
623
612
620
617
609
622
614
621
606
619
612
608
612
605
616
612
615
610
620
614
615
608
608
618
616
610
601
608
608
611
612
614
621
612
614
613
624
622
613
606
615
614
603
610
608
608
618
612
610
618
619
614
606
614
619
617
617
610
615
615
607
598
614
610
618
612
616
616
618
640
610
617
615
616
634
614
606
614
610
610
612
607
613
616
619
606
616
615
617
607
612
639
634
612
600
608
613
612
577
613
616
613
615
621
618
615
613
607
616
615
617
609
609
610
615
611
609
617
618
611
612
624
615
801
612
616
617
613
611
606
610
615
618
606
641
615
615
611
613
617
612
612
608
616
610
638
610
614
617
614
614
603
621
614
617
608
617
615
619
608
608
615
608
605
600
619
624
622
621
619
616
613
621
615
617
615
615
607
615
615
608
602
625
632
610
616
592
611
619
612
602
614
610
616
611
608
621
610
614
603
620
615
627
612
619
627
608
615
601
617
617
622
610
615
617
608
617
608
619
619
618
613
617
618
635
610
609
614
622
613
610
611
616
610
605
616
620
612
612
615
608
615
610
606
616
613
618
609
616
609
621
613
617
627
615
615
635
609
611
615
663
606
619
612
610
605
617
616
612
611
621
620
613
620
609
611
616
613
615
604
614
609
607
606
615
615
606
617
615
621
616
611
611
631
611
618
624
607
616
608
614
607
613
614
609
608
623
618
605
610
609
614
612
620
620
608
614
608
616
606
613
616
620
604
613
615
608
610
617
616
608
610
616
613
609
612
615
616
611
610
619
615
606
613
609
602
612
615
614
607
619
606
609
604
618
618
609
611
610
614
608
614
616
615
612
606
615
597
621
615
614
616
617
625
621
617
610
606
610
616
627
610
616
609
609
606
616
618
610
617
615
615
606
614
614
617
612
613
615
599
611
612
616
605
616
618
608
609
619
615
600
612
608
619
616
626
612
626
613
609
614
604
615
619
618
605
611
613
605
621
627
615
608
606
618
612
608
610
615
610
611
616
621
612
597
569
289
278
282
246
277
261
268
251
610
612
614
606
610
645
625
610
613
617
613
607
610
614
600
611
613
610
605
607
615
618
608
610
616
619
615
695
613
617
607
613
611
607
611
613
601
646
612
611
620
623
615
626
621
612
616
611
606
615
614
608
614
608
614
609
613
615
610
603
617
616
611
606
598
616
609
610
603
611
605
608
608
614
603
617
605
612
607
611
601
615
606
618
600
600
606
611
601
615
614
611
612
614
614
617
607
611
609
619
635
613
612
612
609
612
642
606
614
617
663
605
617
612
603
608
607
617
612
605
617
608
610
613
614
621
616
613
627
607
617
614
626
605
616
632
614
599
617
612
614
610
614
617
611
612
618
614
609
615
607
612
612
612
615
600
611
617
609
608
617
612
611
614
609
613
606
612
616
614
615
609
618
615
615
613
607
606
619
418
615
619
611
621
607
611
613
610
616
606
617
617
613
615
617
626
612
614
600
606
612
614
607
610
616
609
610
621
618
626
609
618
612
613
617
611
608
609
607
615
603
602
616
610
610
609
613
617
621
611
616
616
605
612
612
614
613
614
607
622
612
614
620
614
612
621
614
614
615
610
604
615
608
615
616
601
612
613
611
607
602
614
616
609
607
621
606
615
609
614
2776
639
507
611
613
613
611
601
617
612
612
607
608
617
606
609
600
613
614
605
609
626
619
611
610
612
611
610
615
612
613
617
612
606
602
610
618
602
607
615
611
611
616
613
615
607
611
618
612
617
612
611
614
607
611
629
610
614
614
604
607
617
617
611
606
614
608
610
607
608
614
607
613
614
614
617
621
611
607
611
614
611
597
612
611
658
607
612
614
610
613
611
613
610
609
616
617
612
612
613
617
619
605
602
610
617
614
605
607
618
615
606
606
612
614
616
602
614
607
608
613
613
612
614
617
615
607
614
610
610
610
613
610
631
599
622
610
603
614
610
612
615
616
615
614
609
610
613
614
617
610
614
603
609
612
603
604
612
615
606
612
616
617
609
608
613
616
611
604
615
608
611
618
629
619
616
612
606
639
619
616
605
609
618
607
606
609
608
614
613
613
635
615
612
614
620
606
617
619
613
618
610
613
604
603
608
614
607
612
2096
613
605
617
612
613
614
615
614
601
611
607
605
606
610
613
612
608
613
613
609
609
622
616
607
615
611
608
599
605
608
614
609
613
616
603
623
616
612
611
615
616
614
610
621
608
602
611
613
613
606
617
611
614
615
614
615
616
611
612
627
598
614
617
606
608
617
612
609
610
610
617
606
612
616
612
609
611
612
633
607
619
608
612
612
612
610
605
613
613
615
615
610
610
608
607
607
618
610
616
614
613
614
610
611
606
610
613
624
605
666
612
614
605
612
615
601
619
622
615
613
614
626
613
620
619
624
601
625
608
612
609
609
616
621
614
843
616
607
611
611
614
823
609
621
613
612
607
612
611
607
615
611
605
614
617
610
605
610
612
603
606
616
607
599
629
619
613
609
612
612
616
613
617
609
608
613
610
610
608
604
608
609
608
611
614
606
610
613
612
614
620
614
608
610
609
615
597
608
617
611
605
615
614
611
613
611
611
605
614
622
615
607
607
608
601
609
611
611
607
611
611
618
603
611
614
625
613
618
608
771
604
609
609
600
611
616
610
606
612
611
604
607
609
615
604
616
609
608
607
610
608
613
614
613
610
609
613
613
612
607
611
617
595
614
611
610
606
608
613
619
608
612
609
615
610
617
616
605
605
626
608
599
614
608
612
610
611
611
600
620
614
615
605
611
613
617
607
612
609
602
611
614
611
609
613
613
604
604
610
615
607
610
607
618
608
615
626
611
611
615
611
610
610
616
613
768
609
612
614
610
605
613
603
608
611
618
605
617
629
613
612
610
613
610
614
613
606
606
606
610
612
603
614
612
601
606
617
613
610
609
612
614
609
617
604
608
622
605
611
616
611
614
615
613
615
614
605
619
616
612
600
606
607
612
608
603
616
611
609
610
612
611
620
616
614
620
613
618
600
607
607
606
605
606
610
616
613
606
614
610
609
612
619
615
609
613
601
613
612
607
607
616
613
615
608
615
615
612
611
609
617
625
610
604
620
609
612
610
602
613
616
607
604
614
614
612
616
612
613
610
606
610
614
609
611
605
603
615
610
605
610
611
612
607
603
612
613
610
604
627
611
614
608
614
612
610
612
608
612
611
615
604
601
612
606
607
612
608
611
610
610
616
613
609
616
613
612
615
611
614
606
639
609
604
610
615
620
596
606
612
610
610
604
613
617
620
604
615
608
606
615
621
617
633
611
603
616
609
612
605
606
613
612
610
605
611
615
605
611
616
620
616
609
612
621
610
612
604
627
616
607
599
600
609
616
614
605
613
617
616
614
618
613
612
610
616
606
628
622
604
605
609
611
606
611
617
612
609
614
611
611
606
613
611
606
607
609
607
614
615
610
611
600
613
613
612
612
612
611
625
606
630
613
631
611
606
621
609
615
613
604
612
612
605
606
609
612
609
602
611
606
605
612
605
610
612
607
618
615
611
608
614
616
616
603
607
601
611
609
599
602
612
623
610
611
613
611
633
320
612
612
639
604
613
606
610
612
600
378
701
610
609
608
614
611
605
604
614
609
612
608
612
613
606
609
609
613
613
609
617
607
610
612
607
602
614
611
611
609
605
610
603
607
615
612
609
612
612
605
614
617
611
600
613
609
602
608
609
616
603
611
611
616
626
616
612
613
613
612
618
623
612
607
610
610
611
610
609
608
611
610
604
608
625
615
609
606
613
608
613
609
608
601
613
609
611
603
613
617
610
605
644
613
608
608
612
603
611
612
600
609
618
613
606
617
614
613
615
612
629
607
611
607
616
601
607
612
611
613
619
616
610
611
614
614
602
611
616
609
608
610
608
605
604
611
613
606
612
622
615
606
614
613
629
615
612
609
663
607
607
624
605
616
612
606
612
615
617
610
610
612
618
598
612
612
600
613
612
612
607
607
612
611
606
612
623
614
610
616
613
599
609
614
606
608
567
614
293
603
617
613
565
613
287
612
609
606
613
610
606
611
611
604
613
617
611
607
612
613
607
607
612
621
767
606
612
611
601
613
614
612
615
609
613
616
610
612
612
607
615
612
613
604
611
612
605
609
612
615
605
609
616
610
691
608
613
607
611
608
616
605
606
615
613
604
617
611
606
613
614
611
605
609
612
606
606
611
611
609
608
616
610
607
612
611
615
608
641
616
611
605
611
608
600
605
611
620
563
611
617
606
612
611
612
605
616
613
621
600
612
610
607
610
614
618
606
615
610
611
610
626
625
605
611
615
604
601
606
613
601
612
611
614
619
608
611
613
608
610
614
609
612
604
607
604
604
612
613
818
609
615
607
606
614
612
605
607
613
609
608
606
608
611
604
613
609
612
614
615
617
613
613
611
616
606
612
607
601
608
611
611
615
611
613
616
608
609
619
616
609
617
614
600
614
607
610
604
607
614
605
602
609
610
601
610
610
617
614
606
617
608
604
604
610
603
609
619
612
608
610
613
604
606
611
619
609
606
616
607
604
610
608
603
611
611
613
605
610
614
610
606
614
610
718
612
609
611
603
610
613
609
606
610
617
615
608
610
612
614
608
612
617
604
607
612
608
608
613
297
611
292
837
612
609
612
613
612
604
604
604
826
608
610
611
822
611
611
615
609
608
610
612
608
615
611
623
604
629
613
606
609
620
610
605
611
611
601
613
616
612
599
610
607
611
609
606
613
617
610
612
610
624
628
612
614
606
613
617
626
603
609
609
607
610
617
619
610
612
613
613
608
615
616
614
605
613
609
605
614
607
607
606
610
616
605
613
609
613
609
611
613
617
608
607
607
608
610
618
616
605
611
615
608
610
612
617
606
608
609
612
603
610
616
607
607
612
611
615
615
610
617
611
612
613
610
614
613
609
602
603
613
619
613
612
613
614
610
610
616
619
614
611
612
614
604
610
609
603
609
614
606
771
616
613
609
607
612
615
613
612
609
609
606
692
613
616
615
625
607
608
612
616
666
607
612
613
605
597
606
614
614
609
611
612
611
613
617
614
613
613
605
616
619
613
604
631
613
610
607
669
617
614
610
605
611
615
616
612
613
615
607
604
600
614
612
612
603
626
609
616
608
605
611
613
608
611
612
612
602
605
611
613
613
612
607
612
585
613
603
616
617
609
606
612
608
612
608
600
613
617
613
609
611
630
616
609
606
610
611
612
604
611
608
607
604
599
617
610
611
604
612
623
609
616
614
610
611
612
607
610
611
607
602
613
612
610
607
608
611
611
606
605
610
616
607
610
607
608
610
610
614
615
612
611
603
618
612
615
601
605
612
611
600
604
610
607
608
610
612
616
612
608
612
614
615
607
611
615
609
612
599
600
612
616
613
617
614
612
608
601
619
616
614
610
613
612
606
610
603
607
610
613
603
637
614
614
610
606
611
609
611
608
607
610
605
604
610
615
616
607
647
610
610
614
605
614
610
611
601
609
605
610
610
603
610
612
607
614
612
614
609
611
830
617
613
837
677
604
610
605
611
609
613
613
608
606
611
640
614
608
615
613
607
609
611
614
617
606
606
605
611
616
607
819
612
610
608
612
616
612
604
605
607
606
613
615
828
612
612
611
820
617
617
611
605
607
605
613
608
601
611
608
613
615
624
631
617
610
602
612
618
635
608
615
607
608
602
600
617
611
607
609
611
614
610
614
618
614
612
609
610
618
610
606
605
613
612
611
602
615
615
614
611
606
611
618
612
606
609
608
607
610
639
614
612
613
604
616
615
643
613
614
612
612
605
607
615
609
608
606
612
616
615
612
605
614
615
616
602
619
616
611
600
609
612
611
614
606
610
612
611
605
617
631
617
610
613
614
607
609
604
610
612
610
606
617
613
613
609
612
617
609
609
608
612
613
609
599
613
612
616
612
605
614
612
616
610
613
614
612
610
611
611
614
608
600
613
626
611
615
630
614
614
612
766
615
616
637
600
611
612
606
609
605
615
613
610
604
613
615
616
606
613
613
611
609
599
609
616
611
606
616
611
612
615
614
613
610
612
610
628
575
614
308
566
250
403
247
274
264
267
257
248
650
255
636
311
612
606
612
598
610
605
573
605
588
629
592
611
572
608
594
607
588
614
577
606
564
605
584
607
593
610
587
611
603
609
620
613
605
613
611
640
607
610
608
603
601
608
615
611
604
613
617
612
602
603
617
615
610
601
607
607
609
607
641
611
610
602
617
612
615
604
612
614
610
598
615
610
651
603
601
613
614
607
603
610
608
603
610
615
613
611
610
608
612
603
605
614
609
609
601
610
607
614
609
613
621
612
607
607
609
607
664
630
612
613
611
610
605
610
610
604
611
611
606
616
613
605
614
605
608
613
607
606
606
607
605
609
610
609
612
602
611
611
613
599
704
611
611
603
606
611
609
605
611
611
610
608
609
608
613
605
619
614
607
610
614
606
608
608
601
615
613
610
604
611
611
608
679
609
622
613
605
615
609
610
608
612
612
610
607
624
614
611
610
600
611
399
650
608
618
610
604
605
604
611
614
607
616
613
610
602
615
610
610
608
631
633
613
607
606
611
612
611
616
611
618
607
625
605
612
609
607
612
612
613
605
610
604
609
607
614
613
612
603
607
615
608
820
613
614
650
600
615
638
601
608
612
614
604
612
610
611
601
610
612
615
610
604
610
607
601
612
620
613
604
607
611
613
603
613
615
614
607
631
473
610
611
606
612
636
611
636
615
640
602
612
606
603
453
613
614
600
607
606
612
603
611
611
616
612
610
616
611
616
609
614
610
612
610
658
629
609
607
612
624
607
617
618
602
608
605
610
603
624
610
609
605
604
607
615
608
614
609
609
600
629
610
614
604
611
609
599
601
610
608
608
602
644
612
605
609
612
603
616
766
612
612
634
605
630
607
600
601
617
608
605
607
614
604
611
608
613
613
614
608
607
614
609
609
706
610
610
607
615
607
610
605
614
611
612
619
616
608
606
342
612
342
613
610
613
611
611
615
629
609
835
613
619
609
616
616
602
615
613
608
604
608
613
610
606
524
610
609
609
612
605
610
662
611
615
609
608
607
627
610
604
614
615
608
606
606
612
608
605
611
608
610
610
604
627
608
610
609
612
601
608
610
617
603
606
610
607
598
613
611
615
605
611
610
614
606
611
609
611
609
611
613
608
609
604
606
607
606
621
611
605
612
621
611
601
614
611
612
598
610
609
610
609
606
613
612
610
613
615
614
608
610
613
608
607
616
608
608
610
604
611
610
613
610
616
617
620
609
621
612
608
608
609
604
603
607
613
598
611
607
612
602
613
616
617
603
610
610
611
608
606
606
605
605
610
615
603
609
608
610
602
612
616
613
608
608
606
610
603
610
607
607
606
609
635
614
605
607
612
613
610
608
610
611
603
604
612
605
607
612
610
611
606
607
613
609
631
607
615
609
602
606
616
600
613
605
611
601
613
611
611
602
614
628
630
606
612
616
604
600
606
607
607
611
603
609
613
611
630
619
610
610
630
615
606
614
604
607
610
608
605
608
609
607
603
609
614
612
611
604
604
608
609
607
614
605
610
608
608
608
615
603
611
613
616
606
612
618
612
599
611
602
619
613
610
610
612
609
611
608
617
609
630
607
607
617
603
612
613
602
611
614
614
612
614
609
614
607
602
607
612
685
600
606
614
606
609
614
615
641
608
612
619
614
610
610
610
609
605
609
613
607
607
611
610
612
614
609
618
610
608
602
615
614
603
603
608
604
609
598
617
613
611
604
612
607
620
605
613
611
606
603
621
609
611
598
628
612
607
606
608
613
609
606
611
615
614
612
601
611
605
606
602
609
610
608
663
612
609
605
608
612
614
613
600
610
610
608
603
607
609
607
606
614
610
609
610
606
610
610
614
612
608
610
606
540
617
609
610
604
612
610
609
604
613
624
612
605
690
609
617
602
608
606
613
604
603
612
613
602
605
610
610
602
615
608
606
599
608
608
616
613
607
608
611
608
606
615
613
610
610
610
607
607
609
606
618
608
607
610
615
614
609
607
611
637
609
612
608
609
604
606
635
604
618
607
607
611
612
601
609
614
610
605
607
611
605
608
601
604
612
599
606
612
617
604
604
609
609
818
614
614
606
603
606
604
610
602
614
610
610
607
613
609
612
611
610
610
609
607
608
614
609
605
609
612
635
612
612
611
616
610
636
610
616
613
605
611
606
605
617
606
611
608
610
605
603
611
618
608
606
608
613
766
605
607
613
599
604
609
614
609
605
608
611
607
602
617
614
608
601
608
608
605
612
608
614
607
605
608
616
612
609
610
612
613
607
613
611
608
610
607
613
611
612
614
612
611
611
604
615
615
610
605
611
616
605
597
710
605
611
604
603
609
637
589
621
628
612
605
600
614
610
604
604
603
612
603
612
614
611
603
611
608
616
608
610
611
612
606
609
610
612
602
617
614
612
606
613
609
610
604
614
613
608
608
605
606
629
612
615
610
622
608
614
615
606
609
608
609
600
606
608
610
603
606
611
615
612
612
609
640
605
610
614
604
604
612
606
606
626
604
615
765
605
609
616
607
611
613
612
605
611
609
610
608
606
605
612
602
612
611
612
613
615
621
639
607
616
610
610
608
604
611
609
604
610
605
609
610
638
606
616
616
610
609
609
611
610
614
600
605
612
605
605
609
612
604
601
612
609
613
611
613
613
605
600
612
615
602
604
611
612
601
601
608
613
606
604
610
618
601
607
614
608
603
609
606
616
610
611
611
612
607
607
609
612
611
609
615
606
603
615
608
614
610
611
609
618
613
612
609
612
609
609
608
608
616
605
598
606
606
614
610
605
609
609
606
625
609
609
606
602
612
605
628
608
609
610
632
607
611
615
608
610
608
609
606
614
607
603
612
606
608
615
603
616
614
611
609
611
607
639
612
614
609
607
607
610
603
613
609
617
613
609
608
616
610
606
607
612
608
604
611
607
609
606
603
615
607
609
617
613
610
603
609
615
612
604
610
606
611
820
608
612
604
606
611
614
612
605
612
608
610
610
610
631
614
604
606
612
643
611
615
609
604
611
614
623
601
612
614
614
604
605
609
611
603
595
606
614
603
610
613
626
602
663
612
603
604
608
613
600
598
615
605
605
611
610
612
607
607
609
615
611
612
609
612
656
607
635
610
604
602
613
612
601
614
610
612
613
606
613
619
601
609
612
607
610
603
608
616
609
608
613
609
612
612
608
611
610
613
611
607
613
605
618
623
612
609
612
609
610
609
615
605
613
612
608
606
613
604
604
601
612
608
602
604
612
623
630
606
611
608
610
602
606
610
616
608
611
611
3632
606
610
611
610
609
615
609
613
613
632
612
610
605
611
614
610
610
607
611
605
608
608
609
604
607
607
608
600
603
614
624
666
612
612
612
638
611
613
609
605
609
610
623
605
614
604
599
609
611
612
612
615
609
613
604
609
612
610
606
613
607
607
597
699
609
610
603
611
611
629
610
609
610
614
612
611
613
606
605
611
606
611
609
608
615
609
610
618
613
609
614
636
617
622
612
608
610
608
633
613
611
623
637
609
611
612
612
616
609
603
613
607
640
602
606
612
602
708
611
616
603
607
609
611
611
608
610
615
602
601
609
608
598
614
608
614
600
612
610
614
600
610
612
618
607
605
609
611
600
611
615
613
601
615
609
610
601
612
611
615
606
616
610
609
606
607
611
607
608
609
614
606
607
613
611
605
606
612
610
603
607
606
602
606
613
612
612
608
624
612
613
609
607
617
625
606
604
612
605
610
610
616
603
609
610
611
604
612
607
615
607
613
610
614
599
605
606
611
604
651
608
602
605
608
613
603
610
614
608
601
608
605
605
609
609
615
609
606
613
610
610
613
609
609
613
611
608
608
604
604
613
612
610
647
612
612
608
611
611
610
608
615
606
608
609
607
602
615
611
612
612
617
611
615
608
610
608
609
612
605
598
609
606
613
607
613
610
609
603
611
619
603
605
615
609
604
604
607
610
599
600
615
611
605
609
609
610
632
612
617
616
605
609
611
607
603
602
613
615
608
609
614
611
608
613
613
611
619
614
615
615
604
605
612
762
612
608
605
611
614
539
608
282
610
441
611
614
610
603
603
603
608
612
605
608
609
610
604
612
609
610
635
607
615
618
601
606
617
610
606
610
608
614
604
609
609
612
606
613
608
610
631
609
608
608
607
611
613
610
619
625
610
612
603
610
610
607
599
613
607
607
613
611
612
611
605
614
615
607
603
610
612
613
604
604
608
605
620
597
616
612
610
603
612
607
609
771
615
610
611
603
606
608
611
600
613
609
614
605
609
610
614
608
699
610
612
615
617
610
604
605
611
609
610
609
613
617
613
611
609
610
614
614
610
608
607
603
607
604
615
613
609
604
611
611
618
607
609
610
614
603
611
616
608
599
612
607
610
602
616
613
611
601
616
609
615
608
705
610
608
598
610
609
609
608
611
610
610
637
614
614
614
611
610
612
612
613
606
605
610
608
613
615
612
608
609
610
609
609
615
619
612
610
607
606
615
608
611
613
610
606
613
615
610
608
609
612
611
612
614
609
636
605
606
610
614
611
602
610
615
611
604
602
614
610
601
616
611
605
608
606
643
610
605
602
616
612
613
604
612
609
603
603
606
603
610
604
611
609
613
612
632
611
609
611
614
613
610
611
606
608
596
606
647
832
608
609
612
601
616
614
609
607
609
612
615
601
606
605
610
600
614
611
634
605
610
608
612
604
630
613
611
608
604
608
611
598
612
611
611
611
620
608
610
609
609
609
609
604
610
613
609
603
611
606
613
605
610
611
616
610
601
612
613
611
605
609
607
605
602
610
611
610
604
612
616
607
617
638
610
611
613
605
607
615
620
601
708
604
608
609
612
609
603
604
615
611
606
604
614
610
598
601
611
607
604
611
611
610
605
613
613
609
606
611
648
609
600
612
606
605
602
602
611
612
605
610
612
609
609
614
610
612
603
607
611
607
606
610
613
610
627
614
612
614
603
611
609
623
629
614
610
603
606
605
616
604
612
613
611
602
614
611
610
604
610
609
608
604
612
612
623
599
616
611
615
603
608
614
611
605
614
611
611
611
607
606
610
604
619
614
612
622
623
607
615
605
612
611
640
609
611
610
606
608
612
609
615
610
613
612
612
612
612
612
618
607
608
612
607
607
614
600
612
614
612
603
611
610
614
600
610
611
611
604
611
610
607
608
610
614
614
608
614
626
612
605
611
611
616
607
608
611
606
604
616
605
612
613
609
608
615
613
613
613
614
609
612
611
609
601
614
604
612
609
614
604
701
610
615
614
616
610
611
606
607
614
606
600
612
605
609
605
614
613
608
606
612
611
617
615
607
612
604
606
614
607
611
607
608
610
610
608
615
619
609
607
615
611
609
614
608
605
609
604
615
613
609
610
609
608
637
607
614
613
603
613
606
599
612
608
609
605
606
608
614
601
605
610
611
604
625
608
609
604
609
606
612
605
609
613
608
604
607
611
614
607
607
612
606
604
600
608
620
607
603
611
611
609
609
614
609
608
604
612
637
607
601
608
610
602
608
609
614
627
611
610
605
610
616
614
606
609
605
612
597
602
610
606
610
612
609
608
611
613
611
610
663
608
610
640
597
603
610
599
604
608
610
611
605
612
609
604
609
614
612
767
601
609
614
605
606
611
609
606
599
611
612
604
606
610
610
605
604
615
605
599
607
605
614
609
608
608
607
613
635
609
609
618
607
609
605
606
616
608
610
609
606
609
613
611
612
609
613
613
615
607
606
612
602
606
607
604
609
612
609
608
620
553
639
365
609
613
606
611
601
599
837
610
605
604
609
610
607
609
839
616
632
607
616
620
607
604
835
606
630
602
609
614
627
606
608
612
615
611
610
612
608
611
610
609
607
604
615
611
611
606
607
611
619
609
612
609
612
613
605
607
614
603
607
613
610
610
616
609
613
608
611
613
617
611
610
612
608
607
633
610
613
611
613
614
611
606
614
612
612
609
611
613
611
604
605
607
612
617
624
622
610
607
607
607
612
613
614
608
609
610
603
608
616
603
608
611
616
611
607
608
623
607
611
610
610
612
610
603
609
603
610
612
614
611
624
610
612
612
608
610
613
602
606
609
605
602
613
607
611
604
660
612
620
602
610
611
610
819
607
610
609
598
604
605
613
623
616
616
613
608
612
619
622
610
608
609
606
609
610
606
614
607
609
611
611
614
613
610
615
616
614
613
612
608
607
605
611
603
612
610
615
608
607
613
615
612
615
616
613
607
605
597
615
604
640
604
610
609
609
606
615
609
610
603
617
615
612
607
613
607
608
602
618
613
609
611
614
610
606
617
616
617
605
610
612
608
613
608
613
610
608
626
612
613
608
606
611
610
603
610
567
616
607
611
616
609
611
610
581
607
602
607
613
615
606
609
607
610
605
604
616
613
609
608
610
609
610
613
610
608
605
610
611
613
599
607
611
606
604
609
635
612
605
609
612
608
609
611
612
608
600
610
615
602
608
609
613
608
607
611
613
611
602
609
610
605
602
614
607
602
605
606
623
602
682
611
610
608
602
610
617
610
600
609
608
603
604
610
611
603
607
612
615
605
604
627
616
610
604
497
613
612
601
606
617
607
614
616
613
609
605
611
614
609
825
614
606
606
595
611
614
606
604
611
611
607
606
614
609
603
602
614
617
605
601
617
611
602
559
604
614
612
601
609
611
605
607
617
610
608
602
616
611
603
605
609
609
613
601
612
615
608
605
610
613
614
602
612
607
612
609
605
614
608
604
611
611
613
602
614
616
609
603
611
609
610
603
617
620
610
607
618
615
613
601
610
611
602
627
608
608
607
599
610
612
615
611
610
611
608
603
614
612
609
603
606
609
604
597
615
614
606
603
626
613
613
608
612
612
607
605
607
614
603
600
610
608
608
603
612
615
623
618
613
612
612
608
606
613
605
600
614
639
622
603
611
612
609
603
611
617
613
610
610
614
607
608
603
605
610
598
612
615
611
605
609
608
609
602
616
616
602
603
604
605
614
610
610
612
608
625
613
613
609
603
608
610
611
608
609
614
607
599
611
611
612
660
612
611
606
605
612
616
608
603
608
616
608
598
614
612
608
606
607
612
624
608
609
613
608
606
608
613
603
620
624
609
607
606
624
613
607
624
608
612
611
612
607
611
604
606
608
609
612
603
610
611
606
604
610
613
606
611
610
611
608
614
605
607
609
607
616
615
609
611
608
617
613
610
609
611
610
611
604
615
608
607
621
700
607
618
615
610
609
608
610
615
621
612
604
613
604
603
608
610
611
610
607
611
613
614
610
611
608
610
605
614
606
607
610
606
607
607
609
613
611
613
615
613
608
635
331
609
603
609
603
608
612
611
610
608
614
640
627
629
609
613
609
610
598
613
609
605
605
604
609
611
608
613
617
613
607
609
608
620
604
610
607
610
610
608
623
608
602
610
607
609
608
612
608
611
604
614
607
615
603
607
606
608
616
613
612
613
606
607
611
637
635
613
604
613
603
615
606
609
602
611
608
612
658
612
611
611
602
618
607
615
602
613
609
566
771
290
577
650
307
610
611
609
603
615
614
610
600
609
607
604
613
613
612
610
614
606
606
614
610
604
607
610
609
609
608
611
610
599
608
607
630
612
605
612
605
611
765
615
610
609
599
609
615
608
629
606
608
610
620
609
613
609
610
607
611
610
607
606
605
606
610
600
607
614
614
602
610
615
612
600
609
610
608
612
600
609
610
608
618
603
609
610
607
613
617
616
610
610
619
612
610
605
606
604
608
599
612
614
609
602
608
609
609
620
612
698
607
610
598
612
613
606
661
607
611
610
607
606
624
610
847
611
612
615
605
614
605
603
608
611
611
608
615
610
609
607
612
613
610
604
610
615
601
603
611
603
608
606
610
613
613
606
610
610
609
609
616
614
601
643
610
606
602
611
609
609
603
613
609
614
609
611
609
608
643
610
613
613
607
605
613
602
614
614
610
602
610
609
607
608
610
609
603
598
612
622
614
604
625
613
605
608
614
613
607
609
610
610
601
615
609
607
603
605
615
611
607
610
608
605
603
611
613
610
598
612
604
603
564
612
555
661
562
616
610
605
607
609
617
606
609
610
606
614
608
606
611
610
609
611
611
618
609
610
603
616
607
610
607
612
604
597
605
610
610
605
605
614
613
621
603
834
613
604
603
612
609
609
607
606
601
614
613
611
607
612
610
615
617
610
610
610
608
614
610
630
605
607
611
679
603
615
614
604
603
611
615
623
609
613
610
606
600
610
612
611
604
611
609
625
623
615
612
615
827
611
610
608
600
604
604
610
605
613
609
611
610
609
609
610
610
604
618
613
605
598
606
609
614
634
609
613
609
608
602
610
609
605
602
610
608
627
651
604
606
614
611
612
612
609
612
611
606
616
615
611
608
610
606
604
606
612
613
609
609
608
608
624
605
614
610
606
603
615
615
600
597
605
614
608
601
611
612
632
603
610
610
613
614
608
610
606
604
608
609
609
615
614
610
615
610
608
611
613
609
610
606
616
608
600
601
606
608
608
606
616
615
662
605
615
609
605
604
612
610
596
600
614
606
605
612
613
608
615
619
615
611
610
609
617
608
605
605
605
604
609
610
613
614
608
610
608
610
619
615
608
606
611
605
602
595
606
612
604
605
703
611
602
628
608
614
636
610
615
614
606
606
608
603
615
615
612
608
611
609
608
608
610
613
616
608
609
607
610
609
609
610
606
604
612
614
619
604
611
611
820
603
611
616
599
602
607
609
615
606
609
609
610
604
642
613
612
610
610
609
607
608
608
607
611
611
606
609
611
612
611
609
610
611
613
613
612
605
600
607
614
608
604
613
611
609
606
604
614
612
608
599
611
604
606
600
606
594
615
602
614
612
612
605
611
604
611
601
614
611
606
604
603
614
616
607
614
615
610
613
615
610
610
606
608
603
611
612
607
608
605
611
602
611
615
614
607
607
608
602
607
608
611
610
598
609
606
613
610
602
612
609
610
611
619
615
610
599
609
603
615
603
605
611
613
604
606
609
610
615
610
613
614
610
607
608
610
609
601
611
608
609
604
606
609
608
603
606
654
609
614
604
611
605
610
604
604
613
611
604
613
609
610
604
607
611
615
608
606
608
612
605
606
611
606
611
606
607
608
610
631
607
608
609
604
608
612
607
606
602
605
609
609
606
836
612
604
618
625
607
609
604
611
613
631
611
613
604
612
615
608
609
613
612
610
607
610
616
606
608
610
606
606
606
609
609
608
612
612
609
605
609
615
609
767
604
610
607
762
601
607
605
604
608
610
612
608
609
639
609
626
609
617
614
610
609
603
603
642
610
611
611
614
608
609
606
614
609
611
603
612
608
608
613
606
607
611
600
614
610
612
771
611
608
607
602
614
608
764
605
605
604
608
630
611
611
606
613
619
607
612
617
609
609
610
613
609
608
607
608
609
605
647
609
609
611
613
613
614
609
612
614
608
606
606
604
613
597
608
611
604
602
611
607
607
611
614
610
605
604
606
614
616
557
609
607
608
603
613
608
611
604
613
614
617
616
606
609
612
608
610
621
618
596
616
609
615
614
609
608
612
619
611
608
604
608
607
601
614
610
604
607
635
342
603
606
608
612
612
605
610
609
613
597
640
607
612
604
610
623
624
616
608
607
612
612
604
612
607
610
609
603
614
610
609
613
611
610
607
606
610
614
601
602
608
604
615
606
615
612
604
604
611
608
603
608
609
609
609
608
608
613
606
607
612
605
613
614
641
610
609
607
613
608
611
610
605
609
608
605
608
603
608
611
611
605
613
615
609
603
608
610
598
602
607
609
603
600
613
608
610
627
616
612
616
610
614
612
613
610
603
610
606
607
608
605
612
609
610
605
608
618
609
633
616
611
817
607
606
605
602
600
614
612
603
605
611
609
612
614
615
611
611
612
635
609
610
611
611
605
614
610
610
612
612
607
606
614
619
610
605
615
606
604
607
599
612
614
602
603
616
610
606
772
611
608
603
608
611
604
605
598
613
610
616
622
613
615
613
606
613
611
611
611
605
652
614
606
615
602
611
611
607
609
611
607
608
612
610
611
604
608
605
608
610
599
612
611
602
603
610
624
620
604
613
612
608
620
606
611
615
613
619
611
607
619
615
613
609
606
612
607
607
609
609
610
602
610
611
602
610
615
610
607
607
609
614
607
697
608
608
602
599
603
613
600
610
611
612
608
618
613
611
604
612
610
613
613
608
608
603
606
609
601
605
613
611
612
608
609
616
612
604
613
604
608
603
611
613
600
604
609
609
606
604
613
616
605
611
607
607
615
633
604
613
606
615
611
607
611
611
606
607
619
616
608
610
613
606
603
604
629
610
599
606
610
614
605
606
608
612
602
607
618
606
603
611
605
609
599
615
613
610
610
612
608
611
615
612
609
609
615
615
641
610
606
640
611
603
607
612
611
769
610
611
607
611
615
648
607
625
605
614
604
608
610
611
602
609
608
615
603
609
609
602
610
610
612
612
606
613
639
612
612
611
609
609
610
613
607
603
610
609
606
600
605
618
610
607
611
612
608
610
628
611
606
624
609
604
601
606
605
609
600
612
614
615
682
609
609
611
605
615
614
606
603
605
605
637
595
612
613
612
607
615
607
619
833
612
607
609
613
609
612
601
606
614
601
602
614
611
611
610
608
609
605
607
612
607
610
604
605
614
603
612
610
610
603
613
614
616
676
611
614
609
602
611
613
608
600
612
610
639
614
611
609
607
609
614
627
609
609
611
608
598
605
615
609
603
608
613
608
606
614
612
605
606
613
615
609
618
605
610
600
609
607
613
603
657
632
609
610
615
613
608
614
612
609
610
609
612
603
608
609
611
606
644
607
611
610
611
606
610
615
607
604
611
602
614
614
610
602
604
611
610
602
607
609
605
612
762
602
615
613
604
610
613
611
609
613
609
610
612
607
608
614
608
609
603
606
615
603
617
615
612
605
610
608
612
607
610
609
606
602
603
610
610
605
609
613
613
609
10646
472
398
472
389
478
441
618
605
605
839
615
612
610
606
609
613
615
610
613
612
608
608
603
615
616
609
609
612
611
607
606
607
608
606
604
613
608
611
602
611
611
606
604
615
616
600
601
609
611
616
615
609
611
612
610
620
605
609
614
609
609
611
610
602
613
612
612
607
606
636
609
604
601
611
799
603
605
610
616
611
611
610
609
615
615
610
605
608
606
608
613
617
615
610
610
616
605
604
604
613
606
600
586
615
617
599
602
643
609
613
607
616
614
617
824
615
606
615
614
608
609
607
611
610
611
608
610
610
614
616
609
603
606
613
607
603
610
608
615
605
603
613
611
611
609
610
616
620
601
610
606
611
611
616
611
604
609
610
610
607
608
605
611
612
610
636
609
619
611
606
606
649
610
610
604
613
606
638
609
609
608
613
600
607
610
624
627
611
610
608
608
609
614
617
611
604
611
613
602
603
605
607
605
606
613
606
610
606
607
613
615
611
614
612
611
610
603
615
613
613
609
612
608
608
613
611
614
612
605
613
618
613
599
605
605
612
603
602
614
609
610
604
611
615
612
611
610
609
605
617
610
610
612
611
641
563
620
282
554
259
293
255
251
254
254
269
246
247
257
247
254
239
249
253
245
252
254
248
254
249
254
261
252
249
249
256
245
253
259
249
246
249
249
253
262
256
249
244
257
250
254
258
242
255
247
248
248
267
255
244
271
243
246
268
254
254
248
252
249
252
276
253
252
253
251
255
254
260
249
272
256
256
250
267
260
256
254
258
256
239
247
244
255
245
257
246
240
249
248
262
250
257
250
256
252
247
249
271
256
251
252
248
236
244
261
255
254
233
251
256
249
269
262
256
278
251
244
251
279
248
255
253
262
261
251
264
248
266
252
637
238
646
255
640
244
649
257
645
251
640
257
645
254
651
254
652
256
644
258
651
258
614
612
612
614
609
632
610
602
607
617
611
608
615
609
606
611
608
610
600
611
611
619
606
614
604
601
613
611
613
612
615
612
607
610
610
603
616
614
611
600
608
610
604
609
611
610
605
609
608
604
615
616
612
610
614
608
603
610
606
637
616
610
612
603
611
621
608
611
611
609
604
610
604
611
606
605
613
604
609
609
604
615
615
614
604
610
610
611
616
611
604
599
690
438
379
530
449
747
464
448
434
501
406
484
426
526
402
459
392
467
447
824
519
821
522
811
525
824
525
804
524
816
519
822
750
811
520
824
525
809
521
829
520
809
581
851
520
823
523
818
522
838
521
809
529
824
565
808
524
838
520
840
524
816
525
833
524
814
524
824
520
809
525
819
519
824
522
817
525
819
524
814
527
992
520
824
530
845
519
831
526
823
522
818
522
829
522
814
522
817
528
818
523
820
524
822
522
820
519
814
554
824
520
817
524
818
525
820
521
819
523
831
520
816
522
985
522
829
524
841
527
822
605
813
530
830
528
816
529
826
527
834
524
830
530
827
526
814
531
823
526
813
532
826
531
846
529
826
530
843
528
828
528
814
528
821
527
1079
530
824
524
823
523
826
527
820
521
825
525
825
522
824
523
824
520
827
520
819
523
1036
518
824
524
837
741
824
533
822
518
805
523
815
523
825
542
609
621
608
622
616
631
611
617
607
623
606
626
607
620
606
609
610
601
612
625
608
616
601
626
640
625
610
620
602
621
609
643
608
608
608
620
603
632
612
625
611
649
612
621
618
628
619
602
610
617
609
623
613
619
608
615
607
614
610
618
609
615
604
613
608
607
614
608
605
615
609
618
607
615
609
610
606
613
614
618
606
636
602
607
605
643
600
617
608
609
608
615
609
616
608
646
601
622
612
602
622
613
609
606
611
618
610
615
604
613
599
617
612
607
609
604
636
606
613
615
682
618
611
611
597
613
609
607
610
612
610
605
612
608
608
618
609
616
602
613
608
608
606
616
641
607
611
612
608
607
610
615
614
618
612
606
607
616
771
609
607
612
601
612
608
610
614
608
608
608
614
611
604
604
612
610
643
610
607
612
612
606
610
597
611
616
610
604
610
609
629
614
609
611
607
615
607
601
612
610
603
602
611
607
609
612
614
609
614
622
600
614
603
614
604
607
611
614
608
617
613
612
610
632
605
606
613
617
600
603
609
638
620
604
613
611
603
615
611
608
611
611
609
611
607
617
600
607
643
603
604
610
610
605
609
618
2261
622
610
610
604
610
604
610
660
606
610
612
610
617
607
611
610
609
605
628
417
606
608
614
605
606
612
620
606
630
608
607
604
615
608
604
613
613
602
618
603
605
601
608
614
610
604
617
621
612
610
610
609
617
620
605
597
615
619
618
613
609
614
617
620
610
606
615
607
606
606
611
606
609
609
607
607
609
604
607
604
617
608
619
609
610
606
618
609
610
606
609
606
603
596
612
616
613
610
617
611
623
607
607
603
613
610
613
605
608
606
610
607
610
685
613
614
605
607
638
610
625
434
609
611
605
610
600
599
611
613
611
603
614
607
615
610
611
617
615
610
603
602
607
608
615
617
629
619
610
609
671
601
630
606
616
612
610
608
611
606
606
606
612
622
627
608
610
607
614
611
615
609
611
634
602
614
605
599
607
604
612
614
609
609
614
608
611
607
607
620
617
609
628
611
611
602
616
612
609
610
610
603
605
617
615
605
611
608
608
615
631
608
604
602
609
602
607
612
640
609
610
607
608
622
607
607
601
609
614
559
616
553
610
560
614
551
609
552
614
553
609
553
611
554
615
555
611
589
611
558
604
566
614
610
618
566
616
574
618
589
607
603
617
601
606
601
621
591
615
606
612
605
638
602
599
609
615
616
612
612
612
611
617
687
610
608
611
601
607
603
607
610
605
612
607
620
610
600
604
611
609
614
621
608
611
605
608
607
605
610
609
613
603
610
615
608
611
606
610
606
610
640
607
604
639
603
615
608
613
614
613
614
607
610
615
607
606
609
632
602
612
602
604
614
612
609
613
610
603
604
612
622
604
608
616
826
599
607
611
609
615
607
611
609
610
600
604
608
611
611
606
604
605
603
628
430
616
609
612
603
614
618
613
611
612
606
616
607
612
603
604
605
605
610
611
637
612
610
611
603
627
607
614
833
608
605
612
616
631
612
611
610
617
608
622
605
612
609
606
609
616
609
607
606
605
606
614
603
607
624
611
615
614
606
614
608
611
601
608
603
607
602
602
612
610
608
614
607
608
619
618
605
614
609
611
608
601
608
611
609
613
602
643
613
609
609
614
610
615
625
604
604
610
606
606
596
610
614
612
608
637
607
614
614
602
602
611
612
620
640
604
603
623
610
611
608
623
611
612
618
613
607
611
829
610
613
610
605
601
601
612
609
616
602
612
607
610
613
609
610
611
605
622
608
630
603
612
612
613
605
667
607
614
826
607
608
614
607
617
620
606
604
606
608
672
609
612
613
606
716
549
821
526
811
523
1054
523
823
519
811
524
833
520
807
523
818
529
819
523
817
521
823
518
821
520
816
522
829
551
819
523
823
551
824
524
819
517
811
523
820
523
834
523
838
