1361525788
1491399510
1445623
1621876
1261216
1415160
1166644
1352978
1258775
1236906
1177301
1289659
1097455
1186501
1178800
1269916
1014676
1140731
1181397
1204480
997317
1268703
1011300
1068996
1127558
1244876
1168377
1162791
1109918
1214477
1164244
1050173
1059052
1018266
1183004
1073012
1127661
1175540
1003810
1029460
1138691
1063666
1125425
990207
1093085
1059016
1173271
926504
1092861
1161921
1107012
1159340
1129212
1206367
1105119
1134195
1096328
1142784
1064992
1163477
1158778
1161184
1052956
1039253
1157211
1187480
1242966
1172080
1135561
1108995
1113871
1168004
1087332
1157804
1130315
1135894
1112618
1181787
1203643
1146515
1112842
1164307
1122641
1159137
1126855
1152851
1152668
1139042
1101521
1135171
1224266
1150288
1140494
1152297
1105952
1128061
1092776
1165937
1160874
1168431
1157207
1183534
1134452
1171450
1086532
1127108
1223724
1189400
1157874
1125545
1189447
1093395
1127141
1208110
1149598
1088669
1023606
1174277
1183964
1108325
1120558
1200720
1159647
1130445
1107255
1110005
1161401
1067686
1040890
1157547
1089548
1105359
1139231
1147915
1171058
1190600
1145638
1143205
1157348
1148024
1148614
1165524
1088469
1250486
1101915
1228213
1192973
1144191
1099285
1132655
1102966
1093878
1067992
1126605
1117105
1065205
1069018
1306275
1141684
1185667
1116559
1125725
1247015
1194583
1057746
1067333
1072872
1125645
1028182
1140588
1043722
1145754
1111098
1144837
1091016
1163888
1134575
1095625
1116131
1146657
1033470
1064623
1019143
1229437
1887965
1254699
1271819
1159381
1118671
1071339
1039769
1057292
1133281
962961
1109588
1086941
1056816
1031606
1051453
1043686
1026130
967631
1015370
1004720
1079938
1105802
1052456
1049036
994970
1002064
1038336
1056783
1158631
1141078
1098238
1085972
1133424
1063479
1044579
1018890
1114382
1115301
1125098
1150054
1138301
1062323
1143431
1132315
1094741
1080955
1102225
1204063
1049763
1153788
1063209
1223187
1013244
1091161
984690
1104125
1019466
1096705
1007890
1076515
1037736
1041039
1021587
1008130
1070952
1010193
1006253
992674
1073706
1093382
1119408
1047363
1066123
1016150
1130758
1042186
1097375
974357
1098849
1051029
1075815
1131264
990697
998353
1132682
1092625
1065642
1053606
1043100
1025183
1036999
982954
1171717
1039700
1104615
1028910
1030883
1001587
1063709
980254
1146614
1019636
1054526
1038242
1084468
1135645
1045819
1071946
1031373
1078839
1086471
1047562
1043819
1129011
1049709
1147761
1080785
1065475
1056179
1115318
1051696
1070752
1146411
1112308
1095925
1139275
1168734
977094
1079705
1209530
1131525
1110355
1100685
1105372
1114085
1212383
1166164
1151388
1132484
1131882
1106725
1152458
1083895
1165204
1112811
1112251
1078529
1130355
1068269
1229603
1172527
1114725
1100585
1174604
1073476
1146201
1109875
1140735
1121338
1007763
1049779
1045496
1137661
1122625
1132875
1069969
1129162
1060662
1094632
1057173
1118611
1064433
1157840
1073969
1157324
1050563
1057096
1006313
1040130
1093642
1119375
1090639
1120385
1073265
1049189
1036796
1152880
1064329
1014687
1104508
1061046
1113528
968798
1073256
1081355
1091135
998137
1054983
988280
1066229
1071366
1145424
1043619
1091242
977377
1149314
1058965
1079506
1075686
1156997
1051569
1132458
1077472
1114945
995344
1113801
1023426
1065522
1005440
1099451
1074052
1075009
1055939
1092309
1019580
1115648
1120008
1084658
987644
1117568
1023283
1090505
1041833
1099099
1011797
1135758
1105265
1102108
1025070
1120905
1015967
1106255
1055866
1113939
1092695
1120415
1137648
1027920
1063892
1030926
1087659
1047619
1119641
1073772
1054272
1014600
1061589
1065732
1108412
1029920
1085711
1039486
1067562
1005140
1067242
1000114
1082992
1084335
1090685
1040457
1057206
1019017
1048152
1033570
1110688
1084676
1087831
1061662
1116844
1034966
1018743
1100155
816157
909528
887362
877109
852462
826580
817680
891499
841259
826883
1116665
1162141
1086242
1147134
1100388
885922
811670
783567
800713
1041916
1078952
1050740
1013350
1096898
1068256
1200593
1141507
1149058
1105388
1153847
1173478
1111208
1058552
1097148
1143175
1155564
1096865
1093178
1140425
1092302
1105255
1083106
1078906
1100112
1052456
1068165
1043930
1119718
1015793
1066196
1085192
1088206
1085389
1060479
1088595
909105
1126121
1104708
1033693
1091129
1000714
1032439
1016286
1072652
978687
1019147
955154
995363
975210
1052575
1034052
1034853
1025063
1018436
975627
1023723
1089349
1186371
1135705
1228236
1162104
1211279
1128538
1059806
1122311
1054789
980297
1141167
1195090
1069586
1016563
1038022
1000750
1104845
1131048
1047459
1013180
1009893
998943
1055239
1160044
1038809
1061052
1117512
1025850
1040773
966424
1008940
1021766
1137894
1041219
983950
1008050
1020017
1026523
1002373
1069986
1919319
1117336
1056309
1127927
1092601
1243794
1043583
1054716
1227234
1143640
1095040
1253879
2180874
1264738
1190831
1225365
1050275
1117906
1251115
1143248
1048267
1207600
1099524
1057644
1087108
1115451
1012243
1174723
1134211
1201253
1040318
1125950
1178858
1106916
1077887
1149379
1073741
1097713
1000986
1194539
1062541
1050199
1151373
1105179
1016553
1181018
1169064
1052488
1116818
1113074
1122710
1128903
1080213
1095108
1207143
1039090
1143177
1122420
1043336
1049155
1101408
1054522
1110345
1117923
1033310
1105187
1182585
1130406
1070062
1160730
1121572
1049680
1128529
1072617
1016017
1103029
1109778
1018096
1065194
1117278
1102945
1110249
1028017
1124199
1094730
1070219
1078741
1104240
1039047
1021633
1119543
1064344
1086522
1138277
1088074
1205053
1131107
1089067
1194333
1162411
1112219
1123851
1080717
1060143
1078690
1098195
1085599
1090074
1030285
1148065
1041961
1049844
1099152
1111027
1077342
1211047
1071816
1147105
1146568
1055896
1132290
1112066
1072309
1155892
1111305
1069835
1103628
1145067
1029676
1120064
1027106
1212989
1066909
1085698
1066656
1028374
1102471
1055313
1056405
1124931
1032688
1071001
1080576
1110087
1083521
1128519
1057399
1047046
1078611
1092205
1026430
1136715
1122462
1204037
1217797
1124512
1122358
1175841
1211153
1175788
1197371
1120483
1165473
1144339
1170400
1082967
1211683
1103404
1144908
1159407
1110863
1101118
1192772
1188805
1177414
1174089
1218433
1152356
1137257
1107383
1116325
1273586
1119392
1188953
1278958
1201143
1158254
1269667
1150238
981511
1202455
1131202
1082716
1086024
1183265
1274804
1195654
1123458
1131815
1127921
1181811
1108422
1117238
1089132
1124911
1080062
1115468
1159558
1134408
1061599
1088949
1149034
1134768
1073332
1099255
1056579
1087088
1157720
1133031
1142785
1172927
1069869
1078249
1108198
1139661
1047429
1037366
1098751
1106991
1070199
1044762
1158234
1096555
1030546
1068553
1068119
1082469
1185133
1085918
1120694
1227099
1168511
1055522
1247473
1183713
1061456
1147194
1187907
1139921
1093552
1055305
1059249
1092828
1030536
1096335
975634
989907
962964
1042432
1080925
1033409
1018727
815230
824959
918955
1096509
1178540
1100642
1156681
1186690
1047809
1148421
1158861
1151301
1156014
1132868
1147208
1131961
1121331
1105145
1151557
1117175
1168817
1122531
1143378
1158728
1151027
1145888
1168141
1181357
1168114
1147584
1104482
1138368
1087832
1128238
1131888
1157061
1138044
1168694
1124828
1133278
1090762
1217179
1135391
1180424
1152357
1170344
1242362
1113371
1140661
1170587
1107038
1128668
1097365
1112525
1220807
1245560
1117842
1154995
1212343
1193363
1139875
1187110
1219546
1158251
1205000
1238933
1161631
1192803
1210653
1114352
1103905
1077612
1060416
1098455
1099322
1094312
1104898
1072182
1047679
1092082
1048873
1092425
1045263
1106921
1112295
1170124
1203743
1131062
1118205
1089145
1105045
1078135
1152808
1155141
1159338
1022736
1150761
1026276
1096412
1086409
1058455
1144724
1147848
1190257
1093705
1104725
1190057
1121428
1015416
1122055
1125168
1133035
1113641
1136081
1134474
1168227
1050703
1134365
1176201
1145844
1131251
1122451
1149734
1121168
1088878
1215650
1159958
1171994
1180394
1847916
1161900
1179364
1150514
1126584
1131241
1228713
1177837
1207654
1152347
1178004
1148824
1136421
1149408
1094885
1088202
1082575
1124775
1106431
1063872
1132965
1123298
1100345
1140074
1059405
1092175
