37.493
36.257
85.990
65.293
71.169
68.024
71.506
54.620
79.114
67.528
71.343
47.850
58.958
67.286
59.473
68.427
67.436
68.851
69.567
60.291
64.498
68.007
69.893
66.755
66.856
68.236
70.474
65.659
53.612
65.389
66.558
67.257
50.449
68.487
70.157
67.828
56.063
70.855
47.194
50.963
66.827
61.785
45.564
31.288
37.454
37.798
61.505
36.618
34.217
44.848
36.978
33.484
32.639
53.100
69.392
61.860
65.990
61.190
70.841
65.204
66.951
68.096
69.163
67.126
38.150
67.952
70.012
67.682
66.799
56.207
67.394
67.430
66.722
68.020
68.701
67.189
67.325
66.107
63.855
67.557
67.401
51.223
70.799
67.854
66.457
67.433
69.832
67.571
66.668
68.954
70.050
67.613
67.434
67.001
70.784
67.084
67.264
67.500
71.088
66.565
