240
265
268
268
268
268
267
267
267
267
267
267
267
267
267
267
267
267
267
267
267
267
267
267
267
267
267
267
267
267
267
267
267
267
267
267
270
270
270
270
270
270
270
270
270
270
270
270
270
270
270
270
270
270
271
271
271
271
271
271
271
271
271
271
271
271
271
271
271
271
271
271
271
271
271
271
271
271
271
271
271
271
271
271
271
271
271
271
271
271
271
271
271
271
271
271
272
272
272
272
273
273
273
273
273
273
273
273
273
273
273
273
273
273
273
273
273
273
273
273
273
273
273
273
273
273
273
274
274
274
274
274
274
274
274
274
274
274
274
274
274
274
274
274
274
274
275
275
275
275
275
275
275
275
275
275
275
275
275
275
275
275
275
275
275
275
275
275
275
276
276
276
276
276
276
276
276
276
276
276
276
276
276
276
276
276
276
276
276
276
277
277
277
277
277
277
277
277
277
277
277
277
277
277
277
277
277
277
277
277
277
277
277
277
277
277
277
277
277
277
278
278
278
278
278
278
278
278
278
278
278
278
278
278
278
278
278
278
278
278
278
278
278
278
278
278
278
278
278
278
278
278
278
279
279
279
279
279
279
279
279
279
279
279
279
279
279
279
279
279
279
279
279
279
279
279
279
279
279
279
279
279
279
279
279
279
279
279
279
279
279
279
279
279
279
279
279
279
279
279
279
279
279
279
279
279
279
279
279
279
279
279
279
279
279
279
279
279
279
279
279
279
279
279
279
279
279
279
279
279
279
279
279
279
279
280
280
280
280
280
280
280
280
280
280
280
280
280
280
280
280
280
280
280
280
280
280
280
280
280
280
280
280
280
281
281
281
281
281
281
282
282
282
282
282
282
282
282
282
282
282
282
282
282
283
283
283
284
284
284
284
284
284
284
284
284
284
284
284
284
284
284
284
285
285
285
286
286
286
286
286
286
286
286
287
287
287
287
287
287
287
287
287
287
287
287
287
287
287
287
287
287
287
287
287
287
287
287
287
287
287
287
287
287
287
287
287
287
288
288
288
288
288
288
288
288
288
288
288
288
288
288
288
288
288
288
288
288
288
288
288
288
288
288
288
288
288
288
288
288
288
288
288
288
288
288
288
288
288
288
288
288
288
288
288
288
288
288
288
288
288
288
288
288
288
288
288
288
288
288
288
288
288
288
288
288
288
288
288
288
288
288
288
288
288
288
288
288
288
288
288
288
288
288
288
288
288
288
288
288
288
288
288
288
288
288
288
288
288
288
288
288
288
288
288
288
288
288
288
288
288
288
288
288
288
291
291
291
291
291
291
291
291
291
291
291
292
293
293
293
293
293
293
293
293
293
293
293
293
293
293
293
293
293
293
293
293
293
293
293
293
293
293
293
293
293
293
293
293
293
293
293
293
293
293
293
293
293
293
293
293
293
293
293
293
293
293
293
293
293
293
293
293
293
293
293
293
293
294
294
294
294
294
294
294
294
294
294
294
294
294
294
294
294
294
294
294
294
294
294
294
294
294
294
294
294
294
294
294
294
294
294
294
294
294
294
294
294
294
294
294
294
294
294
294
294
294
294
294
294
294
294
295
295
295
296
296
296
296
296
296
296
296
296
296
296
296
296
297
297
297
297
297
297
297
297
298
298
298
298
298
298
299
299
299
299
299
299
299
299
299
299
299
299
299
299
299
299
299
299
299
299
299
299
299
299
299
299
299
299
299
300
300
300
300
300
300
300
300
300
300
300
300
300
300
300
300
300
300
300
300
300
300
300
301
301
301
302
302
302
302
302
302
302
302
302
303
303
303
303
303
303
303
303
304
304
304
304
304
304
304
304
304
305
305
305
305
305
305
305
305
305
305
305
305
305
305
305
305
305
306
306
306
307
307
307
307
307
307
307
307
307
307
307
307
307
307
307
307
307
307
307
307
307
307
307
307
307
307
307
307
307
307
307
307
307
308
308
309
309
309
309
309
309
309
309
309
309
309
309
309
309
309
309
309
309
309
309
309
309
309
309
309
309
309
309
309
309
309
309
309
309
309
309
309
309
309
309
309
309
309
309
309
309
309
309
309
309
309
309
309
309
309
309
309
309
309
309
309
309
310
310
310
310
310
310
310
310
310
310
310
310
310
310
310
310
310
310
310
310
310
310
310
310
310
310
310
310
311
311
311
311
311
311
311
311
311
311
311
311
311
311
311
311
311
311
311
311
311
311
311
311
311
311
311
311
311
311
311
311
311
311
311
311
311
311
311
311
311
311
312
312
312
312
312
312
312
312
312
312
312
312
312
312
312
312
312
312
312
312
312
312
312
312
312
312
312
312
312
312
312
312
312
312
312
312
312
312
312
312
312
312
312
312
312
312
312
312
312
312
312
312
312
312
312
312
312
312
312
312
312
312
312
312
312
312
312
312
312
312
312
312
312
312
312
312
312
312
312
312
312
313
314
314
314
315
315
315
315
315
315
315
315
315
315
315
315
315
315
315
315
315
315
315
315
315
315
315
315
316
316
316
316
316
316
316
316
316
316
316
317
317
317
317
317
317
317
317
317
317
317
317
317
317
317
317
317
317
318
318
319
319
319
319
319
319
319
319
319
319
319
319
319
319
319
319
319
319
319
319
319
319
319
320
320
320
320
320
320
320
320
320
320
320
320
320
320
320
320
321
321
321
321
321
321
321
321
321
321
321
321
321
321
323
323
323
323
323
323
323
323
323
323
323
323
323
323
323
323
323
323
323
323
324
324
324
324
324
324
324
324
324
324
324
324
324
324
324
324
324
324
324
324
324
324
324
324
324
324
324
324
324
324
324
324
324
324
324
324
324
324
324
324
324
324
324
324
324
324
324
324
324
324
324
324
324
324
324
324
325
325
325
325
325
325
325
325
325
325
325
325
326
326
326
326
326
326
326
326
326
326
326
326
326
326
326
326
326
326
326
326
326
326
326
326
326
326
326
326
326
326
326
326
326
326
326
326
326
326
326
326
327
327
327
327
327
327
327
327
327
327
327
327
327
327
327
327
327
327
327
328
328
328
328
328
328
328
328
328
328
328
328
328
328
328
329
329
329
329
329
329
329
329
329
330
330
330
330
330
330
330
330
330
330
330
330
330
330
331
331
331
331
331
331
331
331
331
331
331
331
331
331
331
331
331
331
331
331
331
331
331
331
331
331
331
331
331
331
331
331
331
331
331
331
331
331
331
332
332
332
332
332
332
332
332
332
333
333
333
333
333
333
333
333
333
333
333
333
333
333
333
333
333
333
333
333
333
333
333
333
334
334
334
334
334
334
334
334
334
334
334
334
334
334
334
334
334
334
334
334
334
334
334
334
334
335
335
335
335
335
335
335
335
335
335
335
335
335
335
335
335
335
335
335
335
335
335
335
335
335
335
335
335
335
338
340
340
341
341
341
342
342
342
341
342
342
342
343
343
343
343
343
343
343
343
343
343
343
343
344
344
344
344
344
344
344
344
344
343
344
343
344
343
344
345
344
344
344
344
344
343
343
344
343
343
344
344
345
346
344
345
344
345
345
345
345
345
345
345
345
345
345
344
345
345
345
345
345
345
345
344
348
348
348
348
348
348
349
349
349
350
349
349
349
348
349
348
348
349
349
350
350
351
350
350
349
350
349
350
349
350
349
349
349
350
349
350
349
350
349
350
349
351
350
351
350
350
350
351
350
351
350
351
350
351
350
351
350
351
350
350
350
351
350
351
350
351
351
352
351
352
351
352
351
351
352
352
352
353
352
352
352
353
352
352
352
353
352
353
352
353
352
353
352
353
352
353
352
353
352
353
352
353
352
353
352
353
352
353
352
352
352
353
352
352
352
353
353
353
353
353
353
353
353
353
353
353
353
353
353
354
353
353
354
354
355
355
355
355
355
355
355
355
355
355
355
355
355
355
355
355
355
355
356
356
356
356
356
356
356
356
356
356
356
356
356
356
356
356
356
356
356
356
356
356
356
356
356
356
356
356
357
357
357
357
357
357
357
357
357
357
358
358
358
358
358
358
358
358
358
358
358
358
358
359
360
360
360
360
360
360
360
360
360
360
360
360
360
360
360
360
360
360
360
360
360
360
360
360
360
361
361
361
361
361
361
361
361
361
361
361
362
362
362
362
362
362
362
362
362
362
362
362
362
362
362
362
362
362
362
362
362
362
362
362
362
363
363
363
363
363
363
363
363
363
363
363
363
363
363
363
363
363
363
363
363
363
363
363
363
363
363
363
363
363
363
363
363
363
363
363
363
363
363
363
363
363
363
363
363
363
363
363
363
363
363
364
363
363
363
363
363
364
363
363
363
363
363
364
363
363
364
363
363
364
363
364
363
364
363
363
363
364
363
364
363
365
364
364
363
363
363
364
364
366
365
366
365
366
366
367
366
367
367
368
367
368
368
369
368
369
368
369
368
369
368
369
368
369
368
369
372
372
372
373
372
373
372
373
372
373
372
373
372
373
372
373
372
373
372
373
372
373
372
372
372
373
372
373
372
373
373
372
373
374
373
374
373
373
373
374
374
375
374
374
374
375
375
375
374
374
374
374
374
375
374
375
374
375
374
374
374
374
374
375
374
375
374
375
374
375
374
375
375
375
374
375
374
375
374
375
374
374
374
374
374
374
374
374
374
374
374
374
374
374
374
374
374
374
374
374
374
375
375
375
375
375
375
375
375
375
375
375
375
375
375
375
375
375
375
375
375
375
375
375
375
375
375
375
375
375
375
375
375
375
375
375
375
375
376
376
376
376
376
376
376
376
376
376
376
376
376
376
376
376
376
376
376
376
376
376
376
376
376
376
376
376
376
376
376
376
376
376
376
376
376
376
376
376
376
376
376
376
376
376
376
376
376
376
376
376
376
376
376
376
376
376
376
376
376
376
376
376
376
376
376
376
376
376
376
376
376
376
378
378
378
378
378
378
378
378
378
378
378
378
378
378
378
378
378
378
378
378
378
378
378
378
378
378
378
378
378
378
378
378
378
378
378
378
378
378
379
379
379
379
379
379
379
379
379
379
379
379
379
379
379
379
379
379
379
379
379
379
379
379
379
379
379
379
379
379
379
379
379
379
379
379
379
379
379
379
379
379
379
379
379
379
379
379
379
379
379
379
379
379
379
379
379
379
379
379
379
379
379
379
379
379
379
379
379
379
379
379
379
379
379
379
379
380
380
380
380
380
380
380
380
380
380
380
380
380
380
381
381
381
381
381
381
381
381
381
381
381
381
381
381
381
381
381
381
381
381
381
381
381
381
381
381
381
381
381
381
382
382
382
382
382
382
382
382
382
382
382
382
382
382
382
382
382
383
383
383
383
383
383
383
383
383
383
383
383
384
384
384
385
385
385
385
385
385
385
385
385
385
385
385
385
385
385
385
385
385
385
385
385
385
385
385
385
385
385
385
385
385
385
385
385
385
385
385
385
385
385
385
385
385
385
385
385
385
386
386
386
386
386
386
386
386
386
387
387
387
387
387
387
387
387
387
387
387
387
387
387
387
387
387
387
387
387
387
387
387
387
387
387
387
387
387
388
388
388
388
388
388
388
388
388
389
389
389
389
389
389
389
389
389
389
389
389
389
389
389
389
389
389
389
390
390
390
390
390
390
390
390
390
390
391
391
391
391
392
392
392
392
392
392
392
392
392
392
392
392
392
392
392
392
392
392
392
392
392
392
392
392
392
392
392
392
392
392
392
392
392
392
392
392
392
392
392
392
392
392
392
392
392
392
392
392
392
392
392
392
392
392
392
392
392
392
392
392
392
392
393
393
393
393
393
394
394
394
394
395
395
395
395
395
395
395
395
395
395
395
395
395
395
396
396
396
396
396
396
396
396
396
396
396
396
396
396
396
397
397
397
397
398
398
398
398
398
398
398
399
399
399
399
399
399
399
399
400
400
400
400
401
401
401
401
401
401
401
401
401
401
401
401
401
401
401
401
402
402
402
402
402
402
402
403
403
403
403
403
403
404
404
404
404
404
404
404
404
404
405
405
405
405
405
405
405
405
405
405
405
405
405
405
405
405
405
405
405
405
405
405
405
405
405
405
405
405
405
405
405
405
405
405
405
405
405
405
405
405
405
405
405
405
406
406
406
406
406
407
407
407
407
407
407
407
407
407
407
407
407
407
407
407
407
407
407
407
407
407
407
407
407
407
407
407
407
407
407
407
407
407
407
407
407
407
407
407
408
408
408
408
408
408
408
408
408
408
408
408
408
408
408
408
408
408
408
408
408
408
408
408
408
408
408
408
408
408
408
408
408
408
408
408
408
408
408
408
408
408
408
408
408
409
409
409
409
409
409
409
409
409
410
410
410
410
410
410
410
410
410
410
410
411
411
411
411
411
411
411
411
412
412
412
412
412
412
412
412
412
412
412
412
412
412
412
412
412
412
412
412
412
412
412
412
412
412
412
412
413
413
413
413
413
413
413
413
413
413
414
414
414
414
414
414
414
414
414
414
414
414
414
414
414
414
414
414
414
414
414
414
414
414
414
414
414
414
414
414
414
414
414
414
414
414
414
414
414
414
414
414
414
414
414
414
414
414
414
414
414
414
414
414
414
414
414
414
414
414
414
414
414
414
414
414
414
414
416
416
416
416
416
416
416
416
416
416
416
416
416
416
416
416
416
416
416
416
416
416
416
416
416
416
416
417
417
417
417
417
417
417
417
417
417
417
417
417
417
417
417
417
417
417
417
417
417
417
417
417
417
417
417
417
417
417
418
418
418
418
418
418
418
418
418
418
418
418
418
418
418
418
418
419
419
419
419
419
419
419
419
419
419
419
419
419
419
419
419
419
419
419
419
419
419
419
419
419
419
420
420
420
420
420
420
420
420
420
420
420
421
421
421
421
421
421
421
421
421
421
421
421
421
421
421
421
421
421
421
421
422
422
422
422
422
422
422
422
422
422
423
423
423
423
423
423
423
423
423
423
423
423
423
423
423
423
423
423
423
423
423
423
423
423
423
423
423
423
423
423
423
423
423
423
423
423
423
423
423
423
423
423
423
423
423
423
423
423
423
423
424
424
424
424
424
424
424
424
424
424
424
424
424
424
424
424
425
425
425
425
425
425
425
425
425
426
426
426
426
426
426
426
426
426
426
427
427
427
427
427
427
427
427
427
427
427
427
427
427
427
427
427
427
427
427
427
427
427
427
427
427
427
427
427
427
427
427
427
427
427
427
428
428
428
428
428
428
428
428
428
428
428
428
428
428
428
428
428
428
428
428
428
428
429
429
429
429
429
429
429
429
429
429
429
429
430
430
430
430
430
430
430
430
431
431
431
431
431
431
431
431
431
431
431
431
431
431
432
432
432
432
432
432
432
432
433
433
433
433
433
433
433
433
433
433
433
433
433
433
434
434
434
434
434
434
434
434
434
434
434
434
434
434
434
434
434
434
434
434
434
434
434
434
434
434
434
434
434
434
434
434
434
434
434
434
434
434
434
434
434
434
434
434
434
434
434
434
434
434
434
435
435
435
435
435
435
435
435
435
435
435
435
435
435
435
435
435
436
436
436
436
436
436
436
436
436
436
437
437
437
437
437
437
437
437
437
437
437
437
437
437
437
437
437
437
437
437
437
437
437
437
437
437
437
437
437
437
438
438
438
438
438
438
438
438
439
439
439
439
439
439
439
439
439
439
439
439
439
439
439
439
439
439
439
439
439
439
439
439
439
439
439
439
439
439
439
439
439
439
440
440
440
440
440
440
440
440
440
440
440
440
440
440
440
440
440
440
440
440
440
440
440
440
440
440
440
440
440
440
440
440
440
440
440
440
440
440
440
440
440
440
440
440
440
440
440
440
440
241
440
266
440
266
440
266
440
266
440
266
440
265
440
265
440
265
440
265
441
269
441
269
441
269
442
269
442
269
442
269
442
269
442
269
442
269
442
269
442
269
442
269
442
269
442
269
442
270
442
270
442
270
442
270
442
270
443
270
443
270
443
270
444
270
444
270
444
270
444
270
444
270
444
270
444
270
444
271
444
271
444
271
444
271
444
271
444
271
444
271
444
271
444
271
444
271
444
274
444
274
444
274
445
274
445
274
445
274
445
274
445
274
445
274
445
274
445
274
445
274
445
274
445
274
445
274
445
274
445
275
445
275
445
275
445
275
445
275
445
275
445
275
445
275
445
275
445
275
445
275
445
275
445
275
445
275
445
275
445
276
445
276
445
276
445
277
445
277
445
277
445
277
445
277
445
277
445
277
445
277
445
277
445
277
445
277
446
277
446
277
446
278
447
278
447
278
447
278
447
278
448
278
448
278
448
278
448
278
448
278
448
278
448
278
448
278
449
278
449
278
449
278
449
278
450
278
450
278
450
278
450
278
450
278
450
278
450
278
450
278
450
278
450
278
450
278
450
278
450
278
450
278
450
278
450
278
450
278
450
278
450
278
450
278
450
278
450
278
450
278
450
278
450
278
450
278
450
278
450
278
450
278
450
278
450
278
450
278
450
278
450
278
450
278
450
278
450
278
450
278
450
278
450
278
450
278
450
278
451
278
451
278
451
278
451
278
451
278
451
278
451
278
451
278
451
278
451
278
451
278
451
278
451
278
451
278
451
278
451
278
452
278
452
278
452
278
452
278
452
278
452
278
452
278
452
278
452
278
452
278
452
278
452
278
452
278
452
278
452
278
453
278
453
278
453
278
453
278
453
278
453
278
453
278
453
278
453
278
453
278
453
278
453
279
453
279
453
279
453
279
453
279
453
279
453
279
453
279
453
279
453
279
453
279
453
279
453
279
453
279
453
279
453
279
453
279
453
279
454
279
454
279
454
279
454
279
454
279
454
279
454
279
454
279
454
279
454
279
454
279
454
279
454
279
454
279
454
279
454
279
454
279
454
279
454
279
454
279
454
279
454
279
454
279
454
279
454
279
454
279
455
279
455
279
455
279
455
279
455
279
455
279
455
279
455
279
455
279
455
280
455
281
455
281
455
281
455
281
455
281
455
281
455
281
455
281
455
281
455
281
455
281
455
281
455
281
455
281
455
281
455
281
455
281
455
281
455
281
456
281
456
281
456
281
456
281
456
281
456
281
457
281
393
281
393
281
393
281
393
281
393
281
393
281
393
281
393
281
393
281
393
281
393
281
393
281
393
281
393
281
393
281
393
281
393
281
393
281
393
281
393
281
393
281
393
281
393
281
393
281
393
281
393
281
393
281
393
281
393
281
393
281
393
281
393
281
393
281
393
281
393
281
393
281
393
281
393
281
393
281
393
281
393
281
394
281
394
281
394
281
394
281
394
281
394
281
395
281
395
281
395
281
395
281
395
281
395
281
395
281
395
281
395
281
395
281
395
281
396
281
396
281
396
281
396
281
396
281
396
281
396
281
396
281
396
281
396
281
396
281
396
281
396
281
396
281
396
281
396
281
396
281
396
281
396
281
396
281
396
281
396
281
396
281
396
281
396
281
396
281
396
281
396
281
396
281
396
281
396
281
396
281
396
281
396
281
396
281
396
281
396
281
396
281
396
281
396
281
396
281
396
281
396
281
396
281
397
285
397
285
397
285
397
285
397
285
397
285
397
285
397
285
397
285
397
285
397
285
397
285
397
285
397
285
397
285
397
285
397
285
397
285
397
286
397
286
397
286
397
286
397
286
397
286
398
286
398
287
398
287
399
287
399
287
399
287
399
287
399
287
399
287
399
287
399
287
399
287
399
287
399
287
399
287
399
287
400
287
400
287
400
290
400
290
400
290
400
290
400
290
400
290
400
290
400
290
400
290
400
290
400
290
400
290
400
290
400
290
400
290
400
290
400
290
400
290
400
290
400
290
401
290
401
291
401
291
401
291
401
291
401
291
401
291
401
292
401
292
401
292
401
292
401
292
402
293
402
294
402
294
402
294
402
294
403
294
404
294
404
294
404
294
404
294
405
294
405
294
405
294
405
294
405
295
405
295
405
295
405
295
405
295
405
295
405
295
405
295
405
295
405
295
405
295
405
295
405
295
405
295
405
295
405
295
405
295
405
295
405
295
405
295
405
295
405
295
405
295
405
295
405
295
405
295
405
295
405
295
405
295
405
295
405
295
405
295
405
295
405
295
406
295
406
295
406
295
406
295
406
295
406
295
406
296
406
297
406
297
406
297
406
297
406
297
406
297
406
297
406
297
406
298
406
298
406
298
406
298
406
298
406
298
406
298
406
298
406
299
406
299
406
299
406
299
406
299
406
299
406
299
406
299
406
299
406
299
406
299
406
299
406
299
407
299
407
299
407
299
407
299
407
299
407
299
407
299
407
299
407
299
408
299
408
299
408
299
408
299
408
299
408
299
408
299
408
299
408
299
408
299
408
299
408
299
408
299
408
299
408
299
408
299
408
299
409
299
409
299
409
299
409
299
409
299
409
299
409
299
409
299
409
299
409
299
409
299
409
299
409
299
409
299
409
299
409
299
409
299
409
299
409
299
409
299
409
299
410
299
410
299
410
299
410
299
410
299
410
299
411
299
411
299
411
299
411
299
411
299
411
299
411
299
411
299
411
300
411
300
411
300
411
300
411
300
411
300
411
300
411
300
411
300
411
300
411
300
411
301
411
301
411
301
411
301
411
301
411
301
411
301
411
302
411
302
411
302
411
303
411
303
411
303
411
303
411
303
411
303
411
303
411
304
411
304
411
304
411
305
411
305
411
305
411
305
411
306
411
306
411
307
411
307
411
307
411
307
411
307
412
307
412
307
412
307
412
307
412
307
412
307
412
307
412
307
412
307
412
307
412
308
412
308
412
308
412
308
412
308
412
308
412
308
412
308
412
308
412
308
412
308
412
308
412
308
412
308
412
308
414
308
414
308
414
308
414
308
414
308
415
308
415
309
415
309
415
309
415
309
415
309
415
309
415
309
415
309
415
309
415
309
415
309
415
309
415
309
415
309
415
309
415
309
416
309
416
309
416
309
416
309
416
310
416
310
416
310
416
310
416
310
416
310
416
310
416
310
416
310
416
310
416
310
416
310
416
310
416
310
416
310
416
310
416
310
416
310
416
310
416
310
416
310
416
310
416
310
416
310
416
310
416
310
416
310
416
310
416
310
416
310
416
310
416
310
416
310
416
310
416
310
416
310
416
310
416
310
416
310
416
310
416
310
416
310
416
310
416
310
416
310
416
310
416
310
417
310
417
310
417
310
417
310
417
310
417
310
417
310
417
310
417
310
417
310
417
310
417
310
417
310
417
310
417
310
417
310
417
310
417
310
417
310
417
310
417
310
417
310
417
310
417
310
417
310
417
310
417
310
417
310
417
310
417
310
417
310
417
310
417
310
417
310
417
310
417
310
417
310
417
310
417
