2480196
6965
47931
8137
47892
5521
46446
5622
46352
3961
44164
4301
47551
4055
47939
6288
49744
6458
45516
5331
46691
5806
45990
4669
47392
4941
46981
4155
43900
4861
47075
6154
45926
4367
47606
3875
44041
3907
48057
4200
47859
4239
47715
4892
47093
3675
44370
3706
44165
3721
44268
3790
44167
3741
44265
3687
44288
3692
44268
3831
48139
4009
43984
3434
44588
3546
44443
3594
44341
3518
44455
3404
44644
3425
44551
3465
44517
3449
44508
3585
44397
3686
44280
3486
44465
3549
44430
3396
44616
3350
44651
3353
44827
3573
44338
3532
44338
3615
48306
3522
