3336
3407
2420
4867
2618
1117
715
1063
783
804
754
1105
841
672
604
1203
836
1006
425
626
610
621
622
552
603
612
643
615
615
616
619
613
622
610
618
613
616
607
607
613
618
607
611
618
612
611
674
619
619
614
616
645
665
629
621
605
619
606
615
620
611
613
617
614
610
614
622
617
612
603
621
613
613
603
615
613
608
771
606
615
624
633
614
615
622
611
616
616
615
606
615
599
614
622
617
612
623
621
619
609
614
499
364
606
543
628
628
611
594
600
612
615
614
617
612
629
616
651
670
625
620
624
609
628
632
624
621
603
626
608
623
615
630
624
627
609
613
621
617
612
609
612
616
611
614
610
619
610
615
604
617
621
622
605
612
613
615
613
614
617
619
607
773
622
620
619
622
609
622
613
615
614
607
610
617
610
771
610
617
605
614
604
623
625
607
611
611
614
609
612
618
610
614
606
624
566
533
627
616
614
612
608
619
612
609
610
591
619
630
611
609
608
621
637
612
613
615
617
617
608
611
623
614
607
607
616
621
608
617
609
619
617
619
616
618
614
624
616
613
621
610
608
613
615
689
613
774
618
625
626
624
618
623
621
609
607
617
616
617
617
612
615
620
613
609
608
615
614
624
617
617
611
617
612
611
619
617
607
614
618
617
609
616
612
620
615
620
620
618
615
611
616
615
616
617
610
611
617
620
599
610
619
618
610
613
625
649
606
608
616
608
613
619
615
613
620
608
600
614
622
616
608
619
621
617
606
615
615
607
619
614
616
612
609
618
603
618
621
613
617
614
616
620
651
618
625
614
617
617
610
606
620
624
611
612
618
620
613
609
620
626
616
618
616
651
618
614
613
613
618
616
609
612
622
621
601
613
618
625
620
623
619
617
617
631
630
611
605
613
616
620
615
612
615
614
608
614
621
613
619
614
614
602
611
618
606
613
618
616
609
613
614
609
610
618
619
606
614
615
610
602
623
614
607
614
618
615
685
617
614
616
615
616
618
607
618
613
609
611
615
614
837
612
613
620
600
606
611
617
613
612
619
606
611
612
615
609
610
619
617
614
619
611
605
615
616
616
606
617
623
604
608
629
614
606
616
613
614
617
610
616
608
619
613
616
611
613
609
614
610
619
618
611
619
619
616
601
618
623
619
613
617
621
608
612
617
619
614
622
646
685
611
625
617
609
609
612
611
606
612
617
602
616
612
616
601
616
614
619
607
619
612
607
614
611
612
606
616
617
605
615
609
619
596
616
615
623
621
617
618
607
612
610
598
619
612
618
603
614
605
615
606
615
612
612
615
615
615
600
609
613
603
611
611
616
597
618
635
618
607
612
610
614
611
612
663
626
623
619
599
618
609
626
603
614
614
621
611
617
611
642
615
611
610
606
611
615
599
614
611
618
605
611
614
618
603
614
611
602
638
626
612
615
603
615
605
615
612
620
602
607
617
614
605
613
619
618
616
623
607
605
605
617
610
613
799
615
626
606
608
623
598
615
615
615
602
623
614
611
601
616
614
606
611
609
611
613
614
615
604
615
610
616
601
612
610
617
601
614
613
644
613
616
611
613
606
617
612
609
609
620
597
612
609
619
605
612
608
612
612
616
613
821
608
615
611
607
614
613
599
615
609
622
603
610
612
613
606
612
620
621
613
611
610
609
601
615
607
608
610
618
605
604
613
619
559
499
370
372
609
612
616
604
604
617
606
605
610
613
609
609
611
617
603
611
616
618
606
398
605
616
500
715
635
836
619
612
831
612
618
617
600
613
610
614
613
617
604
613
604
624
615
602
608
612
831
612
625
623
605
616
610
614
603
613
607
625
610
610
611
601
616
616
601
616
611
610
614
610
609
616
600
612
608
615
606
607
609
603
610
613
603
610
610
618
560
528
286
290
275
277
285
268
611
608
609
606
603
619
609
606
615
617
685
629
641
621
604
618
610
609
601
619
609
617
602
614
609
610
615
614
610
818
606
614
614
603
610
615
603
612
606
618
601
618
609
608
608
613
613
619
606
614
612
680
607
613
604
610
605
615
610
612
614
612
830
609
609
615
608
618
610
613
606
613
635
607
607
619
610
603
608
607
614
621
612
616
604
613
614
617
597
613
605
610
600
614
617
603
607
608
610
608
617
621
612
613
609
617
819
612
603
617
604
608
609
608
607
618
610
606
612
619
615
612
605
617
605
607
609
613
602
610
608
609
631
615
617
618
620
621
782
621
610
621
605
613
610
602
610
610
607
611
613
616
603
611
612
641
616
642
606
615
608
615
608
632
614
609
610
608
613
616
602
606
609
616
607
619
619
614
615
608
609
609
613
619
612
615
610
614
609
607
605
615
602
613
614
617
609
611
611
619
607
606
615
617
609
614
613
619
603
613
617
619
614
619
611
606
608
609
633
606
617
617
603
613
607
614
606
616
611
621
605
614
613
600
611
609
611
610
609
615
603
610
605
615
602
608
613
622
606
613
609
610
606
608
611
614
608
615
604
607
608
619
625
609
611
615
611
612
611
611
607
611
608
620
609
617
606
628
610
613
616
610
614
611
671
611
612
615
605
612
613
612
606
612
617
615
618
614
616
639
609
611
611
610
614
615
612
619
614
610
606
617
613
614
610
618
611
608
611
614
613
609
611
612
604
608
609
612
609
607
625
618
611
611
605
617
612
612
620
617
619
613
611
608
613
617
606
605
615
615
600
599
618
614
607
613
612
626
614
611
614
616
618
614
611
616
612
611
605
615
614
615
609
607
615
615
609
610
611
616
610
611
616
613
605
612
613
648
610
618
615
607
616
608
601
610
613
610
604
616
614
606
609
613
613
610
612
612
612
610
605
613
615
611
616
610
608
607
608
611
606
612
614
614
609
611
612
609
611
613
615
604
613
616
615
613
612
616
614
619
611
606
615
618
608
608
614
615
604
609
617
618
603
610
610
2149
612
614
615
614
609
609
614
618
610
621
614
666
617
611
599
608
614
619
604
609
617
609
605
610
617
615
610
615
612
616
604
614
614
609
616
613
607
609
605
608
607
612
612
612
615
612
612
611
608
644
614
618
602
531
281
276
280
266
284
265
274
276
612
681
613
613
611
608
622
612
616
616
604
600
617
612
606
610
616
612
608
611
614
615
607
610
620
615
616
607
609
609
621
615
626
607
612
606
604
609
612
616
624
621
624
623
600
611
619
606
609
616
611
608
605
613
613
611
614
655
606
611
623
609
603
614
611
613
608
612
551
599
610
611
611
609
610
614
617
617
610
613
623
614
609
618
769
613
628
610
605
613
616
610
611
618
609
602
610
612
619
616
618
612
617
610
606
614
612
644
613
614
609
608
609
613
606
615
631
618
611
614
612
607
612
618
616
611
611
615
609
609
618
770
614
616
626
610
629
613
607
610
609
613
609
615
610
610
606
616
610
613
615
610
612
605
613
608
610
610
607
611
616
610
599
606
614
613
604
616
618
616
605
608
614
614
619
606
613
617
615
607
604
621
613
610
610
615
616
618
605
614
617
620
608
613
618
613
606
602
623
614
615
609
605
614
613
605
607
610
621
616
606
623
613
607
609
610
613
611
611
606
610
611
608
607
604
612
611
608
613
614
607
611
607
614
611
615
610
613
611
608
619
610
627
615
610
620
616
613
611
612
625
618
609
613
604
607
607
616
607
607
616
614
608
606
609
616
614
610
2264
640
613
611
602
608
613
616
603
611
615
613
601
600
620
618
609
610
612
613
616
605
607
610
615
610
609
615
611
608
599
613
617
617
610
612
614
616
605
601
610
618
611
606
615
616
608
609
611
615
610
621
771
614
615
607
600
619
615
615
607
617
613
607
609
608
614
613
622
608
642
618
608
602
610
612
613
609
619
617
610
612
609
611
608
614
610
648
621
612
607
612
603
611
609
608
605
608
612
610
604
617
609
610
609
617
612
612
616
616
612
610
610
607
607
610
611
606
685
613
611
606
601
609
610
619
609
612
615
611
609
607
611
611
611
607
611
618
621
601
600
613
614
616
609
623
612
612
601
605
613
614
617
611
612
616
607
601
599
614
612
607
611
617
617
604
606
614
611
614
608
611
620
611
608
635
606
611
611
609
609
620
612
602
605
614
613
604
613
620
608
607
616
615
611
611
643
614
617
618
614
617
604
615
613
606
610
611
609
611
611
611
610
616
611
613
615
612
617
616
623
615
611
623
635
608
616
614
605
608
611
634
599
614
613
606
618
615
614
608
613
607
608
620
616
614
618
614
612
608
608
613
614
610
608
624
618
607
608
611
615
612
615
617
613
612
606
609
625
618
610
627
609
617
611
657
604
615
612
612
611
615
610
608
604
611
618
611
612
617
613
618
607
600
604
614
614
606
605
618
607
602
611
618
612
612
615
613
615
610
616
612
603
618
613
604
612
607
609
606
605
613
611
616
611
609
612
610
615
612
618
611
611
611
608
609
615
607
600
638
616
608
599
617
611
613
609
619
614
611
614
608
608
616
614
607
611
616
611
599
637
615
612
615
612
620
611
616
599
607
615
613
610
617
613
615
622
614
614
611
613
