1302
758
947
981
951
1135
1176
899
995
1007
1000
950
1187
1137
1167
1338
1298
1150
1245
1295
1168
1010
1287
1190
1350
1580
1523
1215
1583
1502
1676
1496
1673
1645
1605
1706
1580
1591
1646
1360
1723
1537
1522
1622
1518
1474
1487
1341
1340
1438
1456
1511
1365
1299
1530
1317
1156
1522
1465
1269
1403
1565
1630
1533
1606
1629
1553
1654
1394
1696
1609
1201
1434
1575
1507
1660
1514
1642
1734
1518
1543
1518
1588
1553
1563
1593
1558
1470
1639
1536
1608
1510
1694
1634
1593
1668
1518
1575
1532
1558
1644
1403
1709
1651
1636
1673
1553
1726
1632
1584
1767
1501
1606
1585
1474
1660
1510
1630
1670
1452
1682
1598
1571
1664
1538
1664
1596
1611
1602
1423
1645
1568
1569
1688
1541
1712
1492
1591
1647
1511
1598
1604
1655
1662
1476
1665
1565
1626
1604
1436
1678
1542
1513
1679
1590
1672
1561
1558
1740
1483
1643
1535
1556
1635
1551
1523
1563
1498
1619
1569
1714
1546
1568
1648
1571
1639
1613
1614
1709
1585
1732
1678
1650
1492
1757
1641
1564
1755
1547
1678
1717
1459
1624
1636
1624
1678
1478
1659
1594
1572
1638
1471
1683
1564
1583
1663
1490
1691
1514
1416
1686
1578
1662
1606
1470
1696
1676
1618
1614
1604
1684
1454
1785
1653
1642
1582
1421
1670
1639
1577
1569
1510
1699
1687
1659
1504
1606
1622
1604
1735
1567
1697
1679
1564
1613
1625
1567
1667
1519
1646
1656
1527
1649
1477
1624
1550
1445
1625
1520
1690
1481
1726
1704
1413
1614
1463
1666
1653
1601
1686
1603
1593
1608
1499
1679
1586
1528
1615
1550
1688
1539
1480
1649
1307
1552
1530
1669
1661
1562
1677
1499
1481
1660
1537
1698
1542
1741
1636
1484
1700
1531
1652
1630
1582
1636
1514
1680
1682
1547
1615
1604
1565
1674
1461
1693
1658
1477
1402
1581
1709
1501
1734
1690
1417
1689
1648
1600
1674
1491
1593
1418
1713
1681
1481
1725
1616
1354
1678
1573
1670
1604
1611
1696
1469
1658
1565
1273
1428
1508
1523
1484
1530
1633
1557
1609
1630
1445
1659
1598
1570
1720
1387
1702
1584
1515
1724
1487
1632
1488
1600
1618
1632
1411
1460
1508
1419
1352
3411
1443
1408
1261
1443
1470
1391
1288
1440
1439
1550
1630
1504
1661
1646
1391
1700
1531
1614
1546
1659
1642
1383
1743
1578
1495
1677
1509
1659
1595
1525
1655
1584
1613
1596
1611
1704
1489
1641
1523
1610
1658
1461
1669
1561
1516
1709
1524
1659
1556
1555
1631
1582
1644
1485
1585
1605
1570
1658
1611
1549
1544
1582
1745
1592
1486
1713
1429
1658
1553
1556
1619
1622
1634
1520
1558
1621
1617
1651
1499
1621
1586
1568
1647
1518
1639
1678
1515
1638
1554
1554
1631
1599
1633
1538
1595
1631
1568
1677
1487
1467
1679
1528
1669
1573
1571
1674
1538
1638
1625
1549
1585
1563
1457
1514
1619
1649
1535
1638
1492
1632
1691
1567
1599
1551
1710
1553
1312
1565
1492
1631
1553
1368
1280
1454
1395
1595
1503
1425
1636
1520
1587
1635
1619
1645
1520
1520
1606
1545
1704
1471
1512
1593
1546
1606
1545
1437
1604
1517
1536
1479
1472
1605
1409
1578
1579
1457
1685
1566
1448
1608
1550
1688
1513
1666
1641
1281
1365
1664
1429
1650
1662
1467
1606
1502
1726
1533
1590
1537
1296
1590
1440
1378
1431
1588
1675
1630
1597
1615
1596
1511
1648
1526
1675
1541
1518
1611
1586
1655
1559
1571
1508
1481
1500
1478
1599
1388
1296
1394
1560
1448
1662
1492
1303
1694
1517
1556
1600
1534
1462
1488
1526
1656
1529
1600
1546
1668
1592
1498
1644
1528
1668
1656
1448
1672
1534
1610
1636
1521
1602
1624
1569
1649
1587
1597
1571
1649
1655
1550
1643
1443
1475
1538
1922
1424
1361
1314
1365
1269
1298
1549
1379
1499
1570
1453
1430
1626
1485
1458
1475
1562
1617
1560
1596
1568
1660
1616
1557
1629
1569
1638
1617
1559
1697
1494
1644
1647
1541
1701
1630
1467
1565
1557
1605
1528
1688
1578
1576
1637
1524
1746
1582
1500
1692
1605
1583
1699
1434
1596
1585
1609
1615
1595
1616
1521
1614
1542
1564
1651
1527
1647
1625
1557
1638
1531
1563
1608
1499
1625
1559
1622
1661
1578
1608
1461
1663
1604
1555
1643
1571
1642
1714
1457
1643
1476
1658
1683
1469
1650
1566
1498
1527
1534
1620
1537
1650
1454
1400
1558
1420
1528
1650
1600
1591
1696
1441
1633
1569
1539
1634
1329
1427
1336
1357
1401
1534
1457
1607
1541
1571
1506
1458
1650
1396
1632
1608
1506
1653
1564
1606
1621
1566
1644
1490
1651
1668
1560
1619
1602
1412
1585
1562
1651
1543
1728
1657
1440
1686
1576
1562
1670
1576
1720
1615
1496
1975
1627
1664
1586
1573
1559
1708
1602
1565
1650
1488
1721
1731
1727
1680
1648
1657
1597
1637
1621
1593
1612
1614
1652
1678
1317
1511
1450
1415
1561
1569
1548
1660
1599
1652
1624
1627
1613
1466
1655
1583
1614
1619
1527
1716
1619
1543
1379
1312
1550
1514
1351
1627
1473
1293
1592
1314
1288
1582
1570
1721
1591
1570
1615
1560
1636
1565
1493
1561
1591
1589
1588
1649
1561
1472
1676
1514
1615
1589
1482
1607
1561
1456
1443
1452
1428
1644
1587
1657
1591
1512
1616
3547
1626
1405
1550
1363
1375
1575
1438
1441
1534
1219
1339
1474
1189
1445
1545
1698
1498
1649
1632
1542
1687
1531
1637
1659
1530
1672
1495
1697
1677
1476
1627
1525
1426
1441
1317
1397
1422
1515
1606
1599
1584
1639
1478
1615
1510
1543
1643
1564
1517
1589
1522
1719
1658
1597
1612
1411
1688
1614
1435
1656
1432
1569
1581
1630
1608
1485
1669
1582
1617
1609
1527
1611
1570
1517
1691
1546
1656
1593
1597
1611
1468
1633
1544
1529
1664
1474
1549
1498
1600
1574
1537
1677
1550
1619
1612
1560
1617
1544
1627
1650
1516
1515
1412
1320
1633
1511
1672
1490
1550
1621
1451
1446
1657
1548
1605
1544
1666
1648
1541
1638
1574
1575
1639
1547
1637
1504
1689
1630
1534
1664
1503
1636
1630
1473
1609
1564
1583
1562
1488
1558
1530
1382
1614
1597
1585
1604
1569
1642
1558
1520
1610
1499
1631
1491
1579
1634
1518
1612
1581
1535
1697
1543
1624
1592
1586
1658
1522
1623
1497
1660
1629
1558
1634
1435
1612
1605
1514
1622
1520
1622
1632
1512
1638
1548
1597
1576
1502
1622
1535
1449
1608
1413
1578
1577
1573
1671
1503
1636
1642
1502
1643
1575
1601
1644
1434
1651
1493
1462
1407
1330
1275
1376
1298
1303
1342
1340
1362
1426
1442
1581
1522
1455
1400
1526
1679
1626
1559
1670
1433
1670
1581
1440
1627
1532
1601
1589
1485
1612
1588
1634
1608
1510
1578
1556
1675
1605
1494
1619
1518
1535
1636
1431
1449
1541
1518
1649
1543
1648
1685
1501
1624
1606
1535
1500
1304
1407
1419
1411
1496
1384
1291
1396
1453
1510
1397
1443
1582
1579
1580
1653
1451
1671
1596
1481
1673
1515
1686
1566
1188
1399
1517
1480
1569
1525
1507
1524
1517
1596
1604
1558
1605
1542
1643
1452
1497
1637
1607
1650
1524
1412
1630
1534
1463
1619
1560
1643
1578
1608
1608
1580
1639
1603
1521
1606
1583
1604
1561
1613
1628
1559
1620
1459
1885
1540
1458
1633
1550
1611
1624
1610
1600
1523
1528
1623
1610
1656
1424
1614
1588
1486
1676
1512
1584
1640
1522
1628
1554
1474
1604
1530
1662
1552
1644
1610
1528
1647
1534
1617
1623
1551
1680
1533
1605
1632
1695
1612
1581
1681
1629
1559
1665
1533
1689
1646
1444
1630
1495
1691
1643
1493
1559
1510
1646
1622
1483
1611
1604
1610
1638
1537
1600
1567
1685
1594
1567
1608
1466
1567
1657
1482
1643
1548
1615
1640
1512
1607
1562
1589
1620
1575
1602
1528
1636
1590
1498
1651
1540
1626
1578
1486
1624
1449
1427
1653
1572
1553
1636
1338
1543
1564
1632
1647
1509
1603
1552
1644
1671
1546
1614
1520
1554
1617
1520
1525
1554
1630
1616
1565
1611
1577
1656
1628
1554
1493
1524
1433
1591
1290
1671
1633
1528
1653
1549
1444
1655
1528
1606
1536
1651
1601
1523
1531
1452
1296
1387
1400
1450
1408
1349
1384
1398
1349
1358
1421
1467
1498
1544
1430
1642
1543
1644
1591
1497
1653
1549
1653
1666
1322
1612
1529
1571
1622
1449
1602
1529
1640
1651
1512
1650
1507
1630
1548
1508
1585
1511
1405
1656
1531
1595
1551
1542
1678
1495
1436
1636
1516
1633
1551
1577
1563
1478
1575
1560
1509
1588
1644
1489
1607
1445
1658
1521
1440
1626
1469
1660
1541
1675
1615
1555
1587
1552
1637
1682
1590
1633
1491
1614
1623
1497
1633
1562
1604
1630
1486
1696
1542
1622
1604
1579
1630
1567
1600
1579
1539
1622
1511
1657
1637
1568
1614
1542
1659
1626
1505
1653
1538
1609
1662
1488
1568
1545
1626
1635
1563
1616
1495
1636
1630
1559
1640
1517
1636
1653
1508
1546
1562
1644
1662
1507
1593
1560
1540
1597
1550
1556
1395
1485
1613
1561
1438
1622
1490
1665
1567
1631
1654
1565
1613
1573
1592
1642
1562
1634
1572
1612
1647
1443
1608
1577
1602
1630
1560
1650
1521
1613
1621
1391
1647
1522
1575
1642
1528
1650
1523
1575
1611
1531
1620
1576
1573
1617
1528
1686
1446
1605
1548
1351
1458
1626
1508
1681
1562
1567
1581
1494
1601
1554
1675
1607
1602
1650
1505
1687
1621
1556
1656
1560
1571
1649
1415
1632
1560
1592
1625
1551
1657
1514
1608
1627
1552
1624
1546
1644
1632
1542
1632
1578
1639
1677
1408
1643
1523
1673
1627
1568
1666
1523
1622
1534
1545
1622
1487
1661
1632
1477
1648
1500
1548
1714
1450
1658
1577
1567
1628
1554
1643
1517
1555
1640
1487
1695
1507
1641
1624
1464
1574
1468
1405
1984
1517
1594
1555
1434
1620
1546
1338
1656
1544
1614
1544
1618
1578
1559
1638
1552
1566
1569
1496
1607
1549
1562
1632
1525
1599
1528
1574
1638
1544
1619
1479
1450
1630
1523
1473
1593
1471
1657
1578
1667
1607
1548
1638
1549
1643
1683
1404
1653
1543
1699
1621
1582
1668
1543
1455
1611
1578
1667
1535
1649
1629
1547
1610
1516
1594
1629
1548
1626
1562
1660
1589
1569
1634
1558
1630
1588
1541
1619
1525
1576
1620
1540
1608
1531
1643
1630
1543
1656
1572
1643
1618
1566
1643
1505
1602
1530
1549
1593
1546
1564
1631
1557
1637
1566
1559
1654
1507
1586
1544
1619
1612
1494
1680
1531
1604
1579
1569
1638
1532
1625
1693
1434
1610
1602
1631
1562
1537
1580
1416
1442
1665
1517
1527
1646
1457
3118
1381
1683
1551
1612
1617
1668
1598
1547
1659
1500
1710
1560
1470
1659
1532
1715
1635
1562
1646
1580
1599
1640
1488
1634
1559
1633
1621
1494
1640
1523
1619
1736
1469
1716
1512
1628
1631
1533
1635
1578
1508
1666
1591
1692
1546
1599
1648
1471
1615
1543
1649
1596
1560
1728
1658
1516
1607
1438
1658
1582
1490
1646
1587
1671
1560
1565
1480
1521
1671
1538
1553
1625
1521
1683
1580
1658
1635
1545
1612
1628
1567
1628
1512
1612
1614
1610
1617
1560
1584
1535
1622
1582
1470
1664
1506
1723
1631
1577
1634
1585
1616
1578
1545
1603
1544
1610
1624
1573
1693
1570
1524
1707
1453
1611
1573
1619
1655
1497
1518
1563
1604
1480
1532
1646
1510
1652
1611
1563
1660
1418
1551
1653
1533
1638
1576
1593
1636
1521
1591
1525
1595
1613
1561
1632
1490
1517
1623
1633
1616
1518
1411
1649
1556
1418
1637
1491
1627
1552
1648
1658
1579
1651
1548
1576
1608
1557
1595
1555
1623
1604
1540
1631
1519
1587
1636
1552
1649
1523
1547
1594
1520
3898
1183
1159
1247
1165
1348
1192
1313
1521
1395
1289
1549
1477
1585
1445
1355
1616
1469
1475
1583
1457
1567
1489
1583
1592
1508
1369
1522
1467
1570
1487
1455
1582
1495
1246
1568
1552
1559
1464
1486
1614
1470
1410
1473
1340
1624
1484
1570
1581
1475
1371
1354
1479
1593
1512
1479
1690
1496
1621
1521
1333
1553
1471
1595
1523
1306
1204
1414
1440
1418
1345
1421
1539
1561
1506
1604
1575
1636
1579
1664
1553
1528
1643
1523
1616
1643
1498
1587
1578
1601
1663
1555
1601
1552
1600
1620
1580
1630
1425
1274
1436
1436
1559
1593
1514
1607
1498
2050
1567
1488
1613
1576
1599
1657
1548
1656
1489
1724
1630
1547
1549
1460
1570
1404
1373
1359
1433
1301
1356
1437
1281
1568
1554
1464
1677
1541
1450
1641
1573
1604
1580
1516
1642
1563
1631
1579
1544
1606
1629
1665
1566
1453
1630
1563
1685
1532
1612
1523
1511
1637
1565
1646
1664
1576
1639
1547
1597
1613
1597
1636
1536
1664
1561
1480
1634
1555
1638
1625
1571
1639
1584
1584
1601
1573
1651
1556
1618
1591
1544
1611
1583
1613
1605
1585
1662
1534
1567
1671
1468
1645
1583
1542
1649
1561
1644
1468
1649
1638
1472
1622
1403
1428
1433
1496
1203
1392
1331
1362
1559
1420
1579
1412
1374
1665
1508
1564
1597
1576
1596
1574
1647
1614
1590
1604
1613
1518
1632
1572
1653
1559
1507
1477
1506
1661
1515
1541
1641
1528
1591
1559
1680
1610
1570
1664
1549
1714
1619
1562
1686
1520
1696
1745
1445
1702
1569
1535
1677
1416
1655
1455
1660
1632
1557
1602
1532
1634
1637
1585
1649
1554
1596
1597
1569
1719
1401
1622
1701
1510
1674
1594
1459
1672
1574
1646
1566
1650
1627
1457
1586
1455
1539
1447
1321
1376
1529
1242
1450
1435
1295
1574
1454
1616
1676
1539
1696
1597
1592
1621
1524
1686
1573
1616
1641
1536
1644
1511
1651
1613
1587
1546
1579
1612
1669
1542
1660
1534
1581
1649
1543
1586
1533
1653
1652
1523
1678
1518
1634
1663
1566
1673
1536
1687
1644
1448
1629
1635
1604
1602
1628
1667
1544
1400
1685
1514
1549
1507
1673
1682
1564
1654
1570
1645
1691
1468
1623
1564
1616
1619
1603
1584
1494
1639
1621
1563
1650
1545
1602
1668
1448
1653
1572
1557
1621
1565
1644
1591
1576
1619
1563
1691
1574
1560
1647
1499
1685
1586
1530
1656
1514
1632
1541
1585
1603
1570
1677
1538
1601
1626
1596
1644
1518
1581
1600
1571
1711
1544
1538
1713
1448
1564
1563
1609
1642
1562
1612
1551
1647
1576
1582
1680
1469
1666
1663
1561
1638
1572
1456
1668
1544
1615
1570
1598
1498
1563
1652
1429
1720
1602
1461
1676
1568
1590
1661
1567
1672
1502
1666
1616
1541
1612
1581
1565
1570
1447
1648
1535
1530
1627
1537
1651
1521
1616
1637
1541
1713
1525
1617
1650
1554
1610
1566
1574
1651
1512
1632
1586
1583
1585
1500
1626
1501
1632
1636
1551
1670
1514
1606
1622
1549
1520
1562
1676
1645
1573
1394
1399
1464
1545
1465
1551
1486
1282
1412
1427
1456
1628
1540
1636
1650
1530
1621
1562
1871
1477
1481
1633
1510
1593
1650
1543
1621
1478
1664
1610
1530
1659
1542
1646
1544
1510
1614
1560
1551
1627
1608
1399
1629
1441
1647
1598
1590
1401
1413
1557
1521
1657
1621
1550
1673
1508
1653
1635
1509
1567
1549
1630
1654
1544
1606
1573
1596
1558
1587
1635
1509
1687
1646
1517
1637
1557
1553
1641
1547
1676
1574
1509
1641
1559
1666
1494
2914
1784
1625
1537
1606
1612
1492
1575
1515
1392
1661
1553
1560
1554
1546
1632
1566
1641
1595
1571
1628
1548
1542
1618
1547
1683
1511
1601
1686
1456
1620
1575
1632
1640
1559
1598
1530
1632
1642
1529
1612
1530
1563
1644
1449
1644
1560
1601
1695
1540
1627
1569
1621
1636
1557
1611
1552
1542
1619
1504
1627
1548
1549
1664
1555
1610
1563
1549
1619
1551
1624
1551
1650
1631
1537
1620
1528
1628
1622
1543
1687
1383
1653
1653
1494
1566
1516
1405
1378
1553
1618
1636
1541
1612
1583
1606
1581
1505
1634
1514
1640
1593
1510
1657
1497
1589
1652
1474
1627
1559
1624
1620
1568
1520
1521
1693
1527
1542
1170
1425
1437
1356
1441
1399
1529
1389
1449
1660
1601
1460
1667
1426
1609
1513
1654
1616
1558
1623
1595
1520
1648
1504
1635
1534
1698
1602
1615
1641
1508
1562
1620
1516
1649
1498
1593
1624
1553
1572
1459
1617
1632
1512
1631
1562
1596
1655
1526
1610
1565
1657
1599
1517
1545
1496
1622
1608
1498
1554
1559
1398
1637
1579
1426
1678
1567
1625
1540
1624
1476
1545
1596
1495
1595
1600
1521
1681
1563
1594
1624
1535
1445
1466
1339
1523
1450
1417
1424
1432
1466
1631
1553
1633
1537
1608
1625
1522
1636
1534
1657
1633
1556
1659
1504
1660
1627
1471
1641
1535
1675
1622
1299
1506
1447
1366
1426
1482
1609
1668
1526
1584
1526
1651
1629
1451
1683
1481
1570
1615
1542
1577
1526
1655
1617
1565
1578
1463
1553
1579
1460
1544
1583
1554
1668
1574
1607
1580
1488
1641
1563
1575
1645
1538
1603
1559
1648
1487
1515
1614
1563
1683
1677
1574
1642
1531
1649
1579
1544
1643
1536
1628
1637
1556
1605
1559
1573
1616
1556
1555
1518
1609
1657
1585
1629
1513
1694
1633
1529
1707
1596
1585
1661
1434
1587
1551
1626
1560
1565
1621
1532
1609
1643
1452
1582
1538
1695
1614
1477
1676
1485
1677
1617
1538
1676
1567
1621
1581
1556
1602
1520
1547
1609
1481
1574
1427
1424
1651
1574
1565
1592
1549
1656
1442
1364
1487
1350
1431
1609
1752
1430
1472
1326
1492
1334
1207
1513
1548
1551
1498
1452
1542
1545
1680
1613
1524
1634
1487
1686
1525
1485
1595
1524
1609
1617
1541
1604
1555
1587
1618
1556
1679
1548
1612
1702
1550
1632
1501
1595
1636
1467
1642
1541
1564
1659
1448
1595
1573
1625
1529
1538
1587
1466
1422
1630
1513
1590
1611
1581
1637
1538
1605
1641
1573
1628
1573
1537
1613
1562
1597
1563
1645
1620
1544
1538
1526
1556
1643
1522
1623
1475
1662
1607
1499
1698
1505
1568
1633
1488
1609
1432
1411
1674
1574
1342
1630
1547
1616
1573
1664
1640
1516
1682
1475
1640
1622
1547
1641
1555
1562
1593
1519
1641
1568
1676
1587
1565
1660
1539
1671
1564
1474
1666
1432
1668
1638
1568
1601
1541
1648
1641
1533
1578
1603
1651
1630
1553
1621
1527
1646
1646
1548
1680
1513
1571
1610
1500
1609
1487
1591
1580
1428
1656
1567
1649
1600
1521
1608
1551
1585
1593
1454
1594
1510
1442
1656
1540
1486
1636
1547
1700
1566
1505
1606
1527
1583
1589
1403
1593
1543
1641
1495
1613
1666
1533
1611
1527
1583
1608
1506
1531
1558
1400
1619
1567
1475
1603
1546
1654
1557
1667
1651
1600
1661
1589
1474
1540
1534
1605
1496
2067
1669
1651
1550
1540
1651
1524
1291
1604
1561
1614
1586
1543
1596
1302
1244
1365
1082
1437
1599
1543
1569
1589
1483
1650
1470
1635
1629
1462
1665
1567
1625
1641
1546
1623
1546
1605
1645
1580
1626
1405
1652
1689
1474
1662
1546
1650
1664
1564
1597
1449
1591
1591
1441
1586
1549
1641
1575
1577
1555
1532
1438
1659
1551
1470
1536
1494
1624
1504
1501
1264
1217
1225
1297
1369
1329
1322
1309
1377
1351
1368
1288
1187
1225
1214
1185
1205
1258
1210
1180
1282
1157
1314
1386
1391
1577
1521
1611
1543
1580
1589
1556
1609
1573
1652
1698
1553
1662
1536
1548
1661
1496
1592
1554
1606
1662
1546
1676
1514
1591
1651
1482
1639
1519
1612
1634
1541
1654
1549
1643
1653
1542
1673
1570
1563
1626
1527
1661
1575
1626
1597
1548
1630
1578
1603
1615
1540
1720
1526
1591
1671
1507
1629
1569
1653
1635
1569
1567
1502
1674
1653
1556
1660
1538
1682
2934
2320
1717
1607
1586
1710
1663
1421
1676
1497
1615
1657
1554
1635
1536
1634
1659
1551
1565
1582
1670
1693
1425
1658
1524
1655
1625
1571
1624
1521
1616
1651
1506
1631
1570
1636
1627
1617
1528
1533
1673
1640
1556
1648
1558
1575
1636
1583
1661
1582
2221
1621
1574
1602
1557
1644
1497
1661
1664
1541
1723
1559
1525
1520
1508
1583
1554
1635
1601
1518
1570
1501
1605
1584
1579
1655
1521
1695
1634
1525
1706
1530
1615
1669
1561
1523
1563
1536
1669
1527
1640
1526
1675
1628
1549
1638
1507
1601
1653
1530
1645
1481
1551
1518
1275
1282
1548
1324
1219
1431
1370
1665
1551
1637
1631
1540
1627
1557
1687
1570
1533
1590
1524
1482
1470
1470
1585
1568
1491
1671
1417
1683
1693
1565
1631
1552
1608
1640
1589
1655
1468
1694
1599
1562
1617
1450
1386
1497
1411
1434
1543
1511
1661
1483
1601
1625
1552
1635
1558
1573
1444
1476
1442
1529
1435
1657
1570
1566
1633
1506
1640
1551
1597
1634
1578
1633
1590
1547
1624
1544
1584
1571
1580
1664
1544
1660
1598
1590
1653
1486
1537
1529
1697
1471
1285
1562
1482
1402
1328
1443
1563
1551
1326
1189
1546
1308
1188
1531
1548
1600
1541
1641
1645
1564
1592
1577
1558
1623
1541
1652
1479
1663
1644
1515
1688
1511
1609
1531
1547
1653
1545
1645
1607
1583
1696
1526
1617
1632
1569
1645
1486
1599
1662
1565
1624
1502
1603
1655
1481
1591
1569
1628
1617
1556
1590
1569
1714
1617
1566
1599
1531
1644
1638
1480
1642
1488
1609
1684
1471
1630
1546
1646
1649
1538
1630
1560
1694
1630
1547
1494
1480
1674
1638
1474
1548
1522
1397
1658
1506
1499
1682
1549
1653
1572
1601
1471
1513
1623
1507
1621
1592
1537
1675
1406
1710
1644
1376
1637
1510
1595
1634
1607
1622
1543
1634
1635
1538
1588
1481
1376
1559
1554
1605
1668
1451
1612
1493
1670
1624
1564
1642
1537
1647
1628
1506
1575
1585
1622
1595
1575
1641
1584
1628
1607
1508
1624
1536
1643
1660
1500
1659
1486
1629
1645
1563
1651
1531
1616
1540
1563
1592
1515
1657
1640
1487
1628
1574
1615
1657
1544
1603
1561
1673
1666
1483
1525
1549
1663
1489
1523
1653
1538
1565
1540
1303
1345
1430
1371
1236
1476
1487
1621
1542
1628
1652
1498
1626
1539
1598
1644
1545
1616
1533
1699
1637
1552
1576
1471
1601
1609
1484
1647
1526
1442
1649
1617
1606
1545
1389
1660
1531
1542
1684
1386
1596
1616
1664
1627
1531
1623
1542
1648
1597
1499
1631
1536
1648
1676
1530
1634
1572
1530
1628
1566
1634
1516
1669
1626
1547
1654
1566
1590
1580
1467
1626
1528
1646
1664
1546
1446
1558
1646
1659
1516
1648
1593
1648
1636
1527
1619
1553
1727
1642
1550
1714
1977
1555
1596
1548
1628
1548
1647
1487
1658
1580
1552
1640
1462
1662
1648
1528
1672
1470
1640
1678
1543
1614
1509
1697
1644
1548
1564
1500
1672
1613
1489
1674
1531
1606
1651
1554
1643
1583
1597
1617
1507
1647
1537
1606
1646
1520
1655
1409
1455
2137
1634
1663
1460
1666
1666
1467
1695
1546
1559
1647
1562
1640
1572
1547
1627
1609
1598
1526
1705
1643
1451
1651
1526
1673
1677
1457
1645
1581
1523
1615
1549
1572
1579
1611
1664
1563
1630
1533
1710
1613
1486
1615
1494
1578
1593
1554
1564
1522
1624
1632
1532
1670
1562
1611
1684
1550
1510
1559
1627
1669
1474
1628
1552
1598
1628
1460
1669
1625
1593
1593
1570
1631
1515
1644
1658
1577
1648
1557
1511
1569
1491
1644
1525
1600
1633
1519
1647
1522
1633
1600
1570
1628
1527
1642
1603
1570
1584
1470
1626
1658
1483
1574
1552
1379
1635
1552
1535
1606
1469
1598
1565
1547
1583
1515
1625
1504
3697
1787
2026
1521
1580
1496
1609
1590
1534
1618
1557
1646
1604
1488
1649
1557
1620
1637
1542
1648
1543
1545
1686
1516
1646
1544
1589
1582
1531
1654
1562
1599
1634
1544
1630
1553
1604
1679
1458
1561
1573
1643
1662
1536
1625
1538
1673
1623
1528
1689
1584
1703
1659
1378
1686
1429
1539
1650
1491
1611
1547
1624
1611
1531
1700
1540
1650
1662
1558
1683
1500
1519
1592
1579
1420
1442
1337
1552
1462
1508
1451
1382
1551
1626
1471
1648
1571
1631
1537
1540
1620
1541
1701
1638
1545
1626
1582
1476
1613
1450
1678
1521
1601
1633
1520
1659
1564
1576
1605
1558
1644
1545
1641
1630
1536
1691
1547
1595
1643
1469
1682
1555
1656
1601
1454
1632
1582
1627
1593
1532
1644
1505
1604
1627
1544
1655
1568
1629
1692
1525
1649
1579
1582
1546
1553
1643
1545
1531
1677
1538
1632
1486
1605
1561
1450
1604
1531
1672
1643
1524
1630
1521
1673
1607
1569
1579
1527
1627
1637
1541
1602
1468
1430
1641
1558
1502
1660
1477
1517
1508
1604
1655
1491
1611
1576
1615
1635
1534
1615
1527
1642
1603
1555
1637
1509
1680
1655
1480
1661
1551
1569
1651
1517
1622
1579
1626
1589
1427
1652
1498
1604
1609
1455
1647
1387
1413
1604
1521
1693
1572
1550
1625
1562
1575
1679
1553
1629
1559
1542
1591
1565
1629
1557
1691
1586
1588
1645
1409
1617
1609
1563
1641
1541
1597
1590
1469
1512
1566
1567
1629
1578
1621
1514
1601
1554
1486
1669
1491
1428
1867
1519
1654
1543
1395
1739
1612
1575
1586
1408
1612
1555
1519
1650
1575
1710
1537
1528
1518
1525
1656
1457
1540
1559
1321
1411
1629
1462
1632
1578
1583
1651
1539
1686
1522
1558
1624
1558
1591
1475
1638
1696
1412
1653
1552
1620
1650
1540
1673
1568
1527
1683
1473
1645
1582
1517
1650
1366
1304
1540
1384
1553
1453
1507
1430
1336
1558
1588
1501
1698
1574
1606
1590
1496
1652
1448
1676
1693
1538
1533
1452
1405
1387
1442
1517
1644
1566
1635
1465
1626
1634
1496
1641
1555
1679
1656
1555
1692
1580
1447
1685
1486
1668
1554
1579
1585
1567
1629
1504
1672
1653
1560
1626
1580
1593
1580
1300
1449
1458
1315
1454
1433
1516
1541
1391
1260
1446
1555
1574
1549
1687
1630
1556
1598
1524
1719
1629
1550
1642
1469
1634
1624
1480
1654
1457
1651
1648
1467
1556
1579
1435
1609
1578
1424
1617
1551
1657
1513
1595
1678
1507
1650
1492
1631
1581
1523
1586
1515
1543
1591
1226
1465
1608
1516
1589
1522
1563
1647
1558
1611
1499
1642
1607
1541
1639
1539
1633
1624
1557
1651
1513
1596
1683
1522
1572
1590
1567
1619
1545
1609
1527
1644
1591
1523
1658
1435
1651
1652
1527
1667
1543
1558
1598
1514
1554
1589
1616
1594
1524
1595
1477
1450
1667
1518
1583
1632
1413
1636
1546
1572
1626
1498
1649
1519
1596
1585
1445
1648
1554
1627
1655
1583
1638
1536
1534
1617
1602
1669
1539
1627
1618
1483
1641
1578
1519
1660
1480
1654
1508
1624
1544
1536
1644
1432
1335
1475
1433
1547
1547
1358
1370
1447
1405
1538
1430
1342
1665
1524
1638
1610
1517
1697
1561
1384
1474
1325
1314
1438
1476
1633
1549
1663
1623
1592
1609
1570
1666
1617
1477
1629
1568
1609
1545
1476
1670
1586
1569
1664
1496
1654
1569
1544
1628
1578
1625
1535
1654
1607
1548
1662
1516
1669
1439
1425
1279
1345
1371
1404
1427
1308
1551
1432
1335
1550
2731
2227
1757
1585
1577
1443
1585
1469
1641
1508
1582
1620
1465
1662
1572
1597
1658
1544
1587
1567
1666
1595
1577
1601
1509
1664
1593
1459
1651
1531
1441
1655
1520
1619
1539
1623
1541
1539
1620
1543
1510
1594
1456
1418
1587
1575
1629
1488
1668
1615
1534
1697
1545
1594
1611
1487
1674
1570
1633
1682
1394
1647
1556
1576
1518
1527
1617
1519
1591
1585
1547
1597
1459
1556
1637
1488
1489
1570
1572
1635
1516
1584
1640
1522
1584
1539
1643
1630
1565
1591
1549
1818
1455
1478
1643
1554
1633
1656
1475
1651
1544
1606
1621
1543
1651
1548
1595
1588
1547
1493
1537
1606
1628
1503
1641
1546
1565
1640
1541
1636
1629
1609
1664
1516
1655
1363
1635
1620
1563
1631
1580
1658
1651
1546
1648
1525
1496
1654
1492
1659
1638
1607
1640
1514
1482
1522
1433
1677
1617
1548
1506
1454
1618
1511
1647
1629
1485
1679
1548
1551
1671
1568
1626
1548
1629
1595
1550
1634
1560
1583
1635
1568
1624
1550
1592
1403
1413
1566
1454
1318
1542
1418
1549
1427
1317
1447
1504
1525
1610
1572
1615
1624
1531
1663
1518
1662
1617
1508
1610
1541
1603
1596
1496
1614
1541
1675
1643
1544
1600
1539
1614
1633
1543
1634
1349
1344
1540
1466
1457
1394
1336
1272
1360
1456
1389
1562
1543
1649
1527
1688
1596
1262
1567
1454
1304
1550
1433
1546
1619
1535
1654
1612
1524
1664
1492
1655
1555
1533
1608
1528
1621
1480
1679
1580
1444
1498
1503
1531
1602
1538
1613
1606
1526
1637
1561
1664
1634
1399
1634
1455
1454
1393
1572
1504
1589
1471
1622
1520
1592
1623
1513
1648
1506
1660
1652
1480
1640
1523
1663
1658
1557
1624
1542
1606
1625
1563
1609
1575
1501
1627
1482
1596
1521
1550
1638
1480
1617
1557
1665
1619
1551
1640
1578
1579
1592
1534
1603
1506
1679
1604
1527
1434
1529
1441
1636
1552
1587
1631
1260
1476
1445
1325
1518
1515
1593
1677
1412
1680
1606
1699
1633
1536
1612
1548
1674
1639
1429
1642
1502
1478
1619
1473
1599
1585
1610
1599
1561
1607
1591
1615
1614
1429
1626
1517
1429
1643
1504
1505
1619
1466
1636
1554
1623
1651
1462
1613
1570
1557
1621
1527
1649
1548
1645
1587
1513
1579
1478
1635
1606
1540
1622
1545
1637
1625
1566
1623
1550
1569
1658
1509
1589
1495
1643
1672
1532
1602
1505
1597
1626
1560
1627
1513
1429
1670
1614
1406
1648
1444
1604
1542
1614
1608
1547
1657
1543
1656
1543
1588
1629
1496
1638
1588
1451
1610
1552
1584
1640
1508
1403
1523
1326
1586
1554
1623
1628
1537
1669
1521
1614
1577
1526
1651
1517
1643
1557
1471
1648
1556
1614
1673
1528
1634
1597
1508
1627
1569
1528
1523
1573
1629
1541
1676
1564
1643
1598
1540
1609
1494
1618
1665
1491
1648
1571
1683
1624
1551
1607
1532
1706
1622
1468
1658
1470
1592
1649
1430
1682
1570
1547
1642
1513
1497
1558
1394
1619
1468
1692
1650
1457
1506
1563
1638
1514
1542
1635
1545
1578
1913
1550
1623
1537
1629
1639
1466
1632
1596
1546
1617
1491
1678
1536
1697
1607
1529
1642
1540
3381
2136
1529
1454
1618
1562
1689
1624
1537
1667
1509
1549
1629
1539
1605
1563
1627
1626
1325
1304
1426
1460
1415
1488
1423
1592
1517
1624
1588
1564
1592
1486
1672
1612
1545
1732
1600
1467
1648
1520
1522
1585
1622
1596
1547
1678
1526
1674
1605
1502
1647
1542
1646
1623
1510
1668
1554
1638
1607
1510
1638
1535
1648
1633
1556
1667
1504
1658
1583
1575
1666
1528
1593
1594
1299
1571
1405
1398
1693
1507
1432
1660
1550
1644
1521
1384
1409
1430
1164
1415
1453
1258
1574
1559
1611
1517
1688
1648
1518
1532
1399
1575
1627
1388
1481
1570
1460
1653
1561
1485
1653
1527
1597
1554
1657
1597
1528
1631
1524
1690
1618
1606
1575
1537
1638
1637
1546
1619
1586
1620
1641
1540
1644
1559
1505
1641
1527
1648
1503
1689
1597
1558
1628
1554
1642
1586
1535
1630
1445
1584
1531
1279
1284
1547
1289
1622
1544
1665
1515
1535
1625
1543
1440
1410
1564
1607
1602
1573
1665
1526
1410
1413
1481
1478
1523
1490
1613
1531
1594
1660
1559
1640
1566
1541
1615
1582
1635
1517
1619
1625
1567
1683
1505
1628
1584
1535
1636
1433
1537
1555
1408
1368
1540
1347
1516
1463
1562
1395
1345
1507
1603
1539
1595
1574
1615
1636
1591
1485
1532
1649
1527
1478
1667
1529
1641
1650
1403
1621
1558
1366
1668
1572
1427
1688
1471
1657
1556
1626
1533
1512
1597
1540
1546
1630
1494
1680
1479
1588
1651
1524
1578
1578
1654
1626
1550
1632
1570
1621
1654
1547
1609
1485
1679
1641
1527
1717
1561
1527
1656
1550
1525
1522
1676
1504
1538
1633
1543
1631
1612
1571
1645
1547
1636
1642
1484
1664
1479
1654
1651
1545
1643
1606
1535
1644
1560
1641
1491
1652
1597
1536
1623
1536
1614
1624
1499
1675
1533
1639
1644
1391
1611
1544
1421
1628
1577
1453
1611
1560
1586
1580
1657
1601
1481
1643
1498
1666
1654
1480
1636
1549
1650
1667
1499
1659
1522
1626
1616
1546
1690
1523
1609
1592
1532
1634
1516
1615
1595
1596
1634
1553
1662
1683
1462
1638
1563
1466
1587
1534
1649
1494
1601
1631
1553
1683
1514
1615
1639
1487
1632
1542
1472
1621
1489
1551
1553
1451
1676
1571
1451
1638
1547
1648
1492
1590
1637
1471
1637
1519
1602
1645
1521
1667
1530
1679
1624
1563
1629
1573
1596
1636
1557
1576
1556
1604
1450
1429
1800
1559
1416
1643
1613
1638
1545
1548
1633
1313
1330
1394
1432
1499
1431
1302
1655
1562
1597
1660
1528
1653
1532
1617
1608
1527
1696
1527
1674
1667
1402
1637
1561
1652
1587
1540
1583
1557
1585
1628
1543
1698
1402
1645
2262
1730
2316
1374
1417
1517
1503
1488
1556
1699
1582
1723
1627
1429
1666
1462
1567
1402
1425
1241
1494
1438
1443
1497
1410
1686
1532
1500
1636
1564
1598
1548
1592
1638
1563
1664
1567
1573
1676
1483
1608
1561
1608
1432
1395
1557
1453
1354
1543
1416
1456
1542
1291
1451
1550
1294
1439
1562
1450
1639
1557
1473
1647
1540
1636
1555
1549
1691
1544
1635
1543
1599
1632
1443
1634
1505
1602
1650
1538
1617
1580
1704
1638
1538
1598
1570
1549
1630
1559
1552
1409
1528
1440
1306
1541
1561
1298
1501
1503
1422
1556
1535
1518
1651
1454
1645
1558
1652
1644
1549
1628
1549
1611
1600
1568
1594
1500
1679
1586
1540
1651
1509
1605
1702
1538
1670
1561
1679
1643
1410
1602
1584
1626
1637
1521
1628
1523
1664
1661
1510
1548
1535
1629
1626
1572
1616
1560
1556
1624
1546
1658
1594
1683
1649
1565
1643
1528
1568
1611
1542
1631
1523
1627
1686
1560
1655
1550
1677
1675
1445
1645
1537
1589
1628
1495
1657
1498
1637
1621
1558
1707
1542
1605
1685
1420
1667
1556
1363
1380
1354
1301
1419
1532
1634
1521
1655
1614
1541
1669
1512
1695
1631
1381
1636
1535
1652
1647
1552
1645
1573
1622
1513
1531
1581
1536
1423
1619
1545
1446
1587
1466
1483
1570
1677
1579
1541
1648
1557
1644
1621
1503
1695
1529
1614
1612
1558
1673
1513
1574
1625
1556
1665
1480
1643
1637
1509
1640
1506
1628
1660
1466
1641
1585
1651
1628
1547
1600
1474
1667
1619
1483
1673
1503
1641
1654
1549
1652
1363
1382
1658
1542
1434
1665
1481
1624
1522
1651
1625
1470
1619
1543
1686
1608
1461
1657
1545
1704
1627
1542
1619
1541
1656
1697
1404
1649
1569
1565
1653
1528
1699
1506
1653
1605
1540
1651
1550
1661
1628
1551
1602
1459
1602
1645
1544
1639
1557
1593
1594
1549
1670
1506
1715
1626
1557
1638
1515
1540
1633
1489
1571
1534
1632
1623
1531
1624
1465
1597
1582
1539
1560
1562
1482
1635
1581
1523
1646
1384
1687
1550
1511
1658
1575
1593
1550
1556
1618
1554
1598
1509
1663
1589
1558
1597
1534
1609
1618
1527
1612
1505
1580
1627
1501
1585
1496
1531
1636
1523
1628
1533
1471
1658
1799
1520
1504
1459
1581
1496
1454
1540
1485
1632
1489
1574
1657
1479
1666
1497
1646
1646
1544
1643
1272
1432
1596
1527
1649
1606
1564
1554
1549
1637
1647
1546
1573
1533
1585
1664
1544
1610
1529
1640
1528
1502
1702
1545
1659
1615
1501
1646
1565
1622
1632
1547
1648
1571
1567
1695
1501
1684
1525
1631
1658
1556
1677
1489
1605
1609
1292
1592
1430
2810
1566
1610
1657
1504
1624
1586
1632
1598
1568
1613
1535
1647
1615
1576
1648
1508
1576
1618
1468
1668
1540
1621
1661
1533
1640
1524
1619
1649
1576
1652
1505
1636
1637
1561
1683
1519
1645
1645
1450
1685
1558
1575
1580
1576
1618
1619
1551
1599
1545
1598
1541
1613
1640
1589
1697
1542
1503
1628
1520
1628
1558
1629
1597
1533
1644
1493
1611
1611
1570
1673
1577
1634
1621
1545
1631
1565
1582
1570
1534
1620
1452
1583
1644
1562
1638
1540
1603
1583
1538
1691
1489
1690
1640
1478
1654
1566
1613
1617
1545
1656
1546
1623
1647
1435
1423
1399
1376
1527
1452
1706
1607
1541
1688
1528
1651
1630
1533
1646
1594
1574
1665
1585
1648
1556
1544
1670
1480
1601
1533
1656
1693
1486
1651
1542
1614
1644
1428
1555
1361
1429
1559
1381
1366
1450
1548
1661
1541
1675
1616
1574
1623
1490
1629
1520
1508
1645
1546
1627
1492
1318
1502
1565
1470
1643
1566
1637
1639
1550
1647
1491
3175
2441
1680
2011
1523
1511
1430
1544
1522
1487
1595
1667
1629
1563
1636
1544
1647
1656
1541
1606
1305
1553
1673
1516
1673
1546
1557
1671
1513
1697
1494
1628
1646
1549
1692
1545
1583
1646
1520
1697
1541
1591
1679
1461
1638
1594
1634
1647
1601
1550
1494
1558
1571
1511
1670
1563
1641
1624
1531
1630
1554
1591
1685
1543
1610
1571
1556
1621
1527
1640
1526
1649
1638
1499
1663
1483
1600
1613
1515
1554
1569
1669
1583
1570
1613
1553
1634
1644
1513
1592
1587
1657
1619
1481
1623
1524
1403
1673
1545
1426
1655
1540
1618
1557
1577
1626
1508
1616
1603
1629
1605
1534
1659
1526
1700
1618
1546
1636
1541
1603
1640
1382
1674
1558
1564
1623
1577
1615
1495
1616
1666
1550
1677
1511
1670
1601
1483
1676
1510
1622
1701
1545
1578
1524
1638
1602
1573
1626
1487
1602
1634
1513
1606
1511
1632
1623
1537
1640
1484
1571
1703
1622
1612
1509
1594
1481
1540
1653
1568
1643
1622
1536
1658
1524
1654
1645
1457
1696
1541
1608
1697
1542
1647
1587
1428
1796
1427
1616
1548
1660
1585
1518
1639
1519
1423
1576
1326
1382
1472
1402
1373
1434
1429
1652
1414
1661
1639
1530
1617
1606
1583
1617
1506
1622
1504
1630
1657
1501
1628
1381
1458
1627
1534
1563
1428
1430
1433
1450
1366
1527
1425
1530
1453
1309
1559
1632
1567
1574
1533
1641
1656
1578
1643
1527
1570
1642
1535
1596
1495
1647
1627
1481
1683
1493
1649
1618
1479
1634
1552
1635
1632
1529
1653
1545
1647
1631
1531
1649
1531
1599
1542
1476
1681
1500
1577
1599
1448
1630
1580
1636
1556
1527
1634
1497
1420
1662
1531
1447
1615
1532
1584
1554
1661
1612
1530
1637
1589
1622
1631
1559
1627
1574
1582
1652
1537
1631
1553
1566
1616
1512
1641
1515
1657
1644
1557
1582
1540
1659
1678
1479
1608
1503
1626
1615
1515
1649
1512
1615
1624
1496
1636
1459
1585
1626
1472
1605
1534
1610
1526
1308
1308
1390
1343
1209
1405
1311
1321
1430
1433
1510
1545
1401
1636
1562
1576
1598
1560
1648
1537
1656
1615
1529
1553
1417
1545
1385
1339
1428
1392
1445
1282
1396
1387
1662
1527
1624
1641
1489
1663
1539
1587
1626
1503
1587
1598
1425
1666
1645
1590
1536
1423
1601
1490
1618
1566
1553
1681
1494
1684
1604
1540
1589
1453
1592
1637
1453
1617
1554
1565
1650
1576
1532
1553
1636
1626
1461
1705
1509
1591
1637
1506
1623
1450
1568
1632
1472
1470
1606
1539
1637
1564
1553
1618
1575
1652
1505
1637
1646
1537
1663
1545
1604
1626
1553
1629
1544
1567
1640
1534
1635
1555
1620
1630
1526
1658
1535
1603
1614
1557
1686
1542
1597
1659
1462
1557
1553
1617
1614
1560
1604
1520
1652
1572
1535
1461
1429
1452
1427
1465
1543
1435
1412
1513
1408
1479
1651
1514
1623
1631
1470
1586
1585
1626
1396
1477
1586
1457
1448
1667
1550
1402
1674
1556
1530
1451
1616
1658
1476
1675
1531
1644
1627
1554
1649
1566
1641
1627
1563
1622
1481
1632
1617
1528
1654
1540
1646
1571
1486
1677
1518
1634
1649
1563
1660
1466
1550
1612
1561
1661
1486
1632
1606
1541
1642
1498
1589
1618
1571
1675
1543
1562
1681
1544
1624
1531
1654
1633
1442
1626
1531
1639
1621
1490
1645
1543
1661
1666
1534
1610
1619
1704
1634
1477
1655
1552
1561
1623
1542
1633
1524
1571
1596
1531
1635
1515
1631
1601
1498
1581
1528
1374
1654
1457
1548
1667
1519
1680
1555
1604
1552
1579
1622
1528
1627
1663
1528
1676
1509
1618
1647
1474
1929
1647
1505
1641
1428
1451
1521
1612
1575
1557
1720
1446
1474
1424
1336
1424
1604
1487
1615
1489
1549
1732
1472
1625
1446
1474
1620
1592
1606
1631
1655
1633
1492
1653
1581
1617
1592
1549
1675
1625
1578
1668
1527
1645
1540
1632
1606
1564
1530
1461
1566
1428
1435
1565
1664
1452
1672
1596
1578
1422
1331
1619
1484
1471
1659
1474
3711
2041
1746
2306
1608
1667
1630
1586
1648
1579
1596
1614
1518
1638
1479
1686
1662
1474
1663
1476
1558
1651
1537
1665
1529
1572
1607
1530
1613
1621
1597
1620
1564
1645
1596
1612
1642
1531
1645
1366
1503
1632
1600
1597
1467
1351
1636
1520
1684
1614
1569
1638
1601
1594
1628
1511
1614
1428
1675
1613
1521
1697
1520
1647
1686
1469
1627
1542
1597
1623
1575
1664
1563
1625
1659
1480
1543
1538
1607
1613
1497
1667
1550
1614
1626
1561
1634
1586
1647
1676
1550
1613
1529
1556
1604
1517
1650
1564
1629
1615
1454
1606
1472
1652
1625
1542
1642
1561
1638
1567
1555
1624
1552
1627
1612
1562
1627
1561
1508
1467
1389
1522
1449
1391
1585
1423
1479
1533
1323
1511
1663
1476
1632
1513
1578
1627
1549
1631
1564
1418
1421
1353
1525
1479
1437
1643
1556
1647
1638
1515
1670
1539
1404
1684
1500
1589
1556
1338
1515
1476
1578
1625
1557
1620
1475
1675
1655
1581
1600
1539
1604
1626
1557
1697
1570
1669
1624
1561
1632
1539
1592
1619
1536
1651
1553
1520
1643
1564
1669
1538
1609
1614
1405
1642
1520
1562
1638
1486
1626
1609
1650
1629
1551
1587
1541
1615
1585
1543
1655
1514
1649
1655
1489
1684
1523
1645
1633
1475
1622
1549
1569
1572
1488
1619
1507
1451
1619
1482
1494
1630
1502
1665
1527
1633
1638
1513
1690
1532
1610
1655
1485
1636
1547
1673
1567
1556
1659
1547
1655
1648
1428
1663
1553
1654
1610
1468
1696
1560
1536
1630
1562
1658
1526
1523
1634
1577
1636
1548
1676
1571
1540
1655
1548
1607
1622
1488
1640
1519
1598
1667
1514
1628
1544
1576
1580
1545
1622
1485
1680
1615
1507
1617
1553
1632
1647
1525
1618
1558
1570
1611
1550
1638
1512
1621
1733
1535
1676
1498
1601
1665
1534
1656
1525
1660
1625
1548
1604
1512
1585
1629
1535
1611
1426
1498
1652
1637
1587
1513
1450
1659
1586
1473
1662
1470
1573
1510
1647
1634
1549
1535
1538
1670
1631
1434
1584
1522
1560
1588
1516
1658
1555
1697
1642
1495
1594
1542
1666
1670
1535
1940
1645
1341
1593
1558
1655
1540
1660
1615
1410
1670
1497
1606
1626
1565
1499
1394
1454
1417
1449
1560
1653
1479
1651
1499
1616
1615
1531
1651
1526
1616
1613
1562
1609
1570
1563
1643
1538
1653
1518
1441
1477
1292
1480
1526
1179
1233
1428
1356
1334
1347
1400
1561
1554
1410
1631
1542
1529
1627
1556
1618
1515
1657
1392
1467
1405
1445
1436
1609
1527
1653
1662
1487
1636
1464
1569
1642
1553
1670
1551
1601
1604
1557
1571
1558
1580
1618
1561
1660
1413
1586
1630
1466
1631
1319
1410
1669
1520
1527
1630
1556
1655
1538
1550
1663
1558
1661
1563
1597
1637
1531
1605
1527
1560
1433
1400
1558
1492
1417
1650
1514
1556
1635
1471
1725
1553
1602
1587
1558
1611
1546
1608
1628
1585
1610
1427
1484
1391
1233
1525
1441
1397
1539
1443
1409
1570
1523
1606
1617
1557
1648
1576
1610
1650
1520
1614
1438
1545
1395
1340
1414
1515
1321
1420
1415
1564
1506
1521
1620
1605
1531
1634
1531
1563
1652
1458
1654
1476
1629
1655
1480
1664
1570
1611
1574
1562
1398
1434
1442
1582
1419
1566
1433
1331
1438
1415
1438
1553
1409
1357
1623
1517
1632
1612
1487
1660
1556
1611
1636
1517
1654
1533
1658
1599
1555
1644
1535
1686
1631
1529
1697
1535
1600
1592
1549
1626
1544
1531
1670
1535
1668
1527
1626
1630
1539
1640
1532
1599
1644
1528
1655
1504
1604
1599
1569
1662
1532
1571
1640
1271
1435
1574
1350
1423
1428
1424
1458
1439
1394
1395
1427
1235
1473
1504
1640
1534
1632
1592
1576
1618
1375
1660
1644
1496
1683
1547
1620
1629
1501
1623
1550
1621
1597
1488
1208
1458
1465
1437
1507
1345
1542
1520
1536
1515
1431
1391
1473
1427
1658
1532
1708
1583
1617
1647
1533
1651
1618
1417
1633
1539
1612
1639
1554
1635
1616
1577
1657
1534
1540
1593
1633
1650
1516
1687
1505
1604
1622
1532
1637
1564
1587
1626
1550
1622
1580
1618
4077
1963
1741
2555
1375
1521
1549
1600
1516
1619
1672
1556
1599
1588
1602
1651
1580
1578
1485
1568
1662
1516
1640
1610
1593
1629
1476
1721
1534
1670
1653
1495
1697
1542
1646
1599
1573
1635
1509
1603
1678
1555
1525
1480
1533
1647
1527
1673
1613
1638
1638
1515
1693
1585
1610
1557
1540
1630
1546
1696
1611
1503
1672
1565
1708
1648
1433
1620
1561
1687
1648
1482
1658
1568
1608
1652
1560
1662
1540
1675
1644
1388
1643
1550
1602
1596
1559
1635
1566
1811
1505
1461
1673
1429
1609
1607
1571
1647
1492
1632
1629
1573
1632
1494
1613
1611
1543
1608
1506
1627
1635
1535
1646
1568
1691
1654
1551
1630
1576
1636
1606
1489
1669
1502
1699
1620
1537
1601
1596
1583
1526
1561
1651
1532
1633
1575
1567
1662
1566
1642
1587
1298
1543
1417
1324
1687
1534
1574
1621
1562
1581
1581
1585
1589
1524
1617
1483
1679
1623
1470
1691
1480
1621
1612
1547
1639
1510
1568
1621
1539
1610
1612
1546
1601
1556
1494
1448
1428
1632
1487
1567
1604
1560
1662
1536
1683
1622
1419
1675
1496
1632
1655
1561
1651
1529
1579
1624
1561
1630
1548
1663
1613
1559
1674
1519
1580
1625
1501
1587
1539
1627
1624
1547
1567
1567
1569
1628
1541
1645
1548
1600
1595
1496
1637
1529
1677
1630
1528
1642
1535
1673
1640
1561
1646
1563
1635
1629
1541
1649
1553
1680
1640
1436
1655
1566
1633
1596
1556
1495
1573
1644
1528
1549
1618
1488
1574
1668
1548
1530
1548
1719
1414
1531
1496
1511
1413
1683
1500
1666
1636
1423
1600
1557
1622
1641
1581
1614
1639
1530
1624
1563
1659
1537
1672
1633
1410
1676
1529
1639
1626
1576
1581
1462
1533
1388
1366
1358
1427
1552
1664
1580
1582
1630
1534
1571
1368
1331
1595
1536
1626
1659
1534
1636
1528
1613
1648
1521
1617
1553
1593
1665
1560
1538
1421
1487
1401
1214
1534
1644
1545
1621
1496
1637
1680
1497
1667
1524
1589
1624
1478
1638
1560
1678
1600
1546
1640
1534
1650
1604
1559
1637
1489
1665
1639
1476
1657
1532
1596
1629
1473
1649
1540
1692
1600
1566
1656
1517
1628
1625
1582
1642
1524
1620
1603
1523
1642
1548
1528
1603
1483
1647
1551
1638
1634
1561
1610
1516
1578
1571
1538
1650
1521
1680
1607
1532
1608
1513
1480
1685
1472
1501
1591
1435
1659
1545
1581
1613
1523
1496
1488
1586
1597
1552
1629
1543
1636
1630
1488
1705
1542
1616
1757
1386
1588
1546
1609
1652
1537
1633
1493
1680
1618
1549
1604
1571
1610
1646
1553
1642
1537
1579
1618
1549
1649
1539
1615
1665
1433
1664
1468
1565
1610
1528
1478
1580
1483
1625
1552
1584
1625
1355
1656
1480
1528
1663
1535
1666
1543
1642
1633
1574
1575
1498
1644
1605
1558
1664
1511
1563
1644
1549
1670
1534
1555
1678
1495
1638
1537
1498
1609
1526
1586
1529
1448
1632
1530
1493
1580
1493
1669
1508
1503
1484
1464
1370
1456
1386
1646
1524
1584
1553
1521
1649
1541
1823
1504
1548
1547
1551
1539
1494
1311
1404
1381
1412
1459
1553
1499
1667
1535
1620
1610
1457
1700
1491
1612
1616
1449
1599
1546
1621
1364
1461
1229
1554
1548
1487
1555
1630
1610
1527
1641
1557
1669
1605
1382
1642
1505
1379
1693
1548
1425
1661
1553
1626
1546
1640
1504
1572
1646
1578
1612
1417
1488
1661
1487
1649
1557
1540
1620
1517
1669
1574
1528
1643
1539
1610
1623
1536
1651
1523
1595
1624
1499
2838
1653
1714
1969
1554
1470
1310
1385
1476
1543
1583
1550
1624
1495
1662
1610
1547
1621
1412
1318
1553
1403
1572
1546
1289
1324
1643
1485
1683
1536
1666
1636
1550
1602
1577
1540
1579
1555
1420
1435
1635
1627
1517
1613
1552
1660
1631
1533
1639
1579
1626
1641
1529
1650
1563
1607
1678
1539
1653
1549
1498
1409
1323
1453
1428
1410
1308
1440
1431
1445
1432
1345
1449
1533
1669
1616
1558
1652
1568
1603
1652
1479
1600
1536
1556
1572
1548
1630
1534
1661
1596
1473
1687
1495
1680
1669
1494
1651
1539
1588
1607
1550
1601
1544
1645
1595
1544
1627
1515
1638
1650
1432
1521
1566
1386
1679
1528
1587
1611
1551
1641
1496
1638
1604
1559
1621
1486
1613
1638
1572
1650
1569
1595
1624
1534
1701
1515
1564
1616
1514
1701
1552
1604
1553
1334
1399
1547
1324
1448
1437
1430
1560
1238
1379
1629
1531
1627
1516
1683
1608
1556
1629
1528
1650
1625
1545
1646
1504
1579
1635
1493
1634
1600
1568
1596
1515
1618
1510
1661
1619
1487
1629
1497
1373
1652
1545
1544
1597
1523
1499
1447
1541
1417
1326
1522
1641
1519
1644
1515
1588
1622
1575
1673
1502
1669
1560
1545
1676
1473
1617
1630
1391
1663
1529
1659
1624
1478
1632
1585
1603
1662
1546
1660
1560
1695
1594
1526
1635
1569
1662
1649
1523
1641
1542
1616
1624
1605
1646
1565
1593
1596
1580
1594
1571
1597
1632
1506
1637
1549
1634
1635
1565
1659
1462
1681
1607
1566
1673
1532
1613
1611
1515
1591
1536
1624
1594
1487
1605
1507
1495
1604
1506
1629
1522
1581
1616
1554
1623
1533
1427
1625
1550
1413
1548
1597
1644
1577
1605
1627
1509
1680
1528
1633
1627
1550
1648
1544
1519
1615
1552
1614
1500
1645
1615
1617
1630
1459
1615
1623
1523
1685
1533
1657
1685
1534
1644
1511
1670
1612
1553
1536
1536
1660
1507
1548
1647
1407
1592
1634
1545
1627
1541
1634
1653
1536
1640
1588
1610
1620
1534
1638
1503
1643
1604
1536
1623
1901
1570
1550
1545
1674
1528
1558
1636
1544
1619
1565
1574
1633
1539
1656
1527
1661
1622
1572
1671
1501
1608
1638
1458
1612
1578
1617
1653
1571
1579
1569
1573
1551
1491
1608
1475
1582
1453
1492
1474
1478
1511
1724
1585
1517
1662
1572
1666
1544
1557
1644
1512
1653
1575
1627
1603
1574
1675
1528
1554
1619
1534
1653
1555
1555
1610
1536
1633
1576
1616
1643
1570
1626
1583
1569
1629
1555
1584
1543
1666
1628
1568
1553
1504
1654
1538
1503
1610
1572
1576
1622
1535
1631
1553
1585
1625
1538
1623
1463
1648
1683
1435
1662
1487
1651
1610
1538
1600
1606
1648
1619
1559
1611
1551
1655
1625
1524
1649
1589
1552
1618
1485
1635
1547
1650
1481
1525
1569
1562
1415
1652
1521
1545
1624
1548
1612
1527
1647
1668
1401
1649
1490
1667
1599
1552
1647
1539
1624
1706
1482
1641
1538
1633
1612
1469
1401
1484
1639
1605
1482
1588
1531
1419
1656
1533
1537
1626
1478
1623
1420
1399
1434
1323
1584
1638
1543
1622
1534
1707
1616
1569
1615
1499
1629
1594
1548
1589
1400
1656
1612
1474
1705
1416
1486
1476
1391
1564
1636
1466
1598
1565
1653
1556
1526
1644
1538
1602
1590
1537
1655
1536
1622
1641
1553
1689
1362
1674
1670
1465
1640
1514
1539
1615
1552
1614
1487
1619
1607
1547
1540
1528
1409
1602
1501
1648
1618
1398
1684
1522
1628
1647
1537
1666
1518
1679
1620
1587
1654
1504
1562
1628
1544
1678
1508
1588
1640
1884
1645
1656
1649
1601
1663
1621
1536
1704
1516
1637
1622
1552
1692
1566
1658
1656
1595
1677
1551
1587
1641
1441
1611
1582
1572
1618
1573
1577
1467
1698
1518
1572
1632
1467
1573
1666
1533
1615
1565
1638
1651
1697
1615
1552
1701
1651
1443
1695
1508
1706
1630
1422
1688
1513
1606
1679
1543
1504
1531
1749
1598
1591
1645
1500
1591
1639
1562
1680
1549
1673
1673
1321
1650
1544
1655
1692
1425
1688
1537
1626
1628
1572
1606
1557
1613
1653
1585
1738
1682
1628
1556
1392
1684
1661
1407
1629
1456
1734
1577
1503
1611
1595
1638
1599
1526
1630
1533
1684
1509
1514
1682
1574
1633
1549
1556
1651
1599
1680
1523
1541
1599
1598
1625
1506
1563
1613
1466
1614
1472
1597
1598
1496
1585
1533
1564
1569
1484
1395
1462
1485
1573
1521
1703
1611
1578
1645
1565
1692
1632
1459
1678
1603
1560
1705
1396
1672
1622
1474
1614
1568
1678
1545
1597
1632
1571
1695
1502
1597
2343
1637
1639
1466
1613
1589
1622
1602
1555
1626
1551
1668
1593
1581
1704
1519
1567
1685
1381
1689
1591
1649
1697
1439
1620
1554
1583
1630
1608
1649
1530
1541
1631
1511
1711
1376
1623
1659
1555
1669
1566
1636
1637
1529
1619
1643
1559
1658
1449
1676
1535
1650
1602
1580
1692
1554
1449
1676
1598
1542
1555
1668
1697
1469
1647
1540
1479
1673
1651
1689
1586
1471
1612
1544
1680
1522
1522
1749
1393
1726
1600
1544
1664
1553
1597
1602
1571
1616
1559
1650
1568
1622
1635
4244
1869
1736
1687
2496
1507
1571
1428
1609
1608
1587
1713
1512
1566
1642
1555
1693
1545
1514
1432
1458
1548
1463
1498
1459
1294
1397
1549
1477
1501
1586
1430
1734
1574
1531
1660
1461
1625
1597
1573
1668
1584
1669
1569
1515
1689
1444
1680
1554
1452
1647
1524
1698
1558
1478
1424
1352
1396
1491
1492
1568
1447
1480
1414
1384
1489
1383
1454
1614
1494
1451
1636
1436
1605
1667
1420
1686
1529
1341
1583
1424
1625
1577
1689
1646
1496
1651
1571
1656
1541
1563
1633
1539
1589
1663
1573
1664
1569
1612
1660
1481
1671
1592
1651
1632
1585
1671
1547
1644
1657
1467
1675
1548
1627
1619
1611
1688
1494
1594
1609
1562
1616
1576
1512
1629
1566
1654
1492
1643
1652
1575
1673
1518
1602
1598
1498
1693
1556
1573
1579
1600
1598
1561
1604
1672
1578
1657
1593
1567
1626
1419
1651
1494
1654
1635
1561
1461
1402
1583
1468
1216
1599
1613
1513
1633
1552
1664
1626
1542
1638
1473
1656
1636
1584
1670
1542
1657
1602
1434
1648
1475
1565
1653
1468
1644
1578
1684
1422
1454
1404
1447
1350
1406
1398
1355
1422
1558
1633
1636
1546
1671
1547
1664
1672
1588
1709
1533
1484
1658
1317
1423
1448
1297
1612
1546
1623
1625
1564
1665
1477
1694
1618
1586
1659
1527
1587
1598
1557
1729
1524
1569
1647
1443
1647
1536
1596
1643
1561
1656
1541
1648
1634
1433
1675
1529
1608
1595
1473
1635
1535
1645
1651
1553
1622
1547
1614
1654
1596
1607
1562
1655
1610
1483
1664
1501
1580
1643
1540
1689
1475
1649
1642
1543
1612
1551
1626
1642
1558
1568
1484
1646
1615
1496
1653
1566
1653
1650
1511
1661
1526
1634
1631
1563
1672
1582
1536
1608
1577
1639
1536
1637
1618
1563
1665
1541
1516
1666
1509
1664
1559
1582
1651
1573
1648
1555
1509
1676
1557
1679
1528
1571
1622
1560
1549
1498
1663
1637
1561
1664
1535
1604
1637
1885
1511
1631
1457
1634
1426
1677
1489
1613
1579
1534
1659
1518
1575
1693
1517
1670
1541
1582
1531
1582
1679
1523
1661
1643
1507
1667
1508
1632
1619
1530
1598
1569
1609
1682
1528
1654
1543
1585
1638
1581
1651
1555
1558
1636
1506
1644
1499
1666
1524
1582
1648
1479
1656
1616
1542
1633
1608
1581
1613
1565
1605
1523
1652
1662
1495
1659
1499
1649
1708
1519
1640
1507
1492
1515
1422
1639
1536
1669
1634
1551
1675
1552
1630
1381
1278
1327
1391
1383
1530
1589
1456
1669
1518
1600
1639
1571
1663
1539
1547
1615
1497
1625
1552
1636
1614
1588
1675
1494
1671
1623
1549
1672
1552
1591
1612
1544
1636
1528
1315
1529
1490
1611
1571
1409
1702
1615
1442
1648
1418
1640
1488
1604
1565
1513
1666
1515
1593
1647
1507
1640
1546
1633
1691
1440
1407
1447
1331
1574
1409
1488
1439
1363
1290
1401
1435
1516
1463
1532
1637
1463
1650
1665
1411
1669
1520
1679
1542
1517
1625
1561
1639
1596
1520
1645
1535
1656
1598
1563
1517
1609
1625
1581
1547
1647
1493
1503
1635
1554
1661
1548
1542
1666
1486
1620
1585
1591
1646
1566
1430
1411
1343
1396
1425
1347
1409
1429
1419
1663
1526
1661
1502
1492
1588
1587
1563
1543
1496
1680
1522
1579
1639
1467
1662
1565
1495
1625
1566
1626
1467
1663
1616
1539
1640
1538
1608
1639
1578
1692
1486
1603
1599
1533
1575
1527
1564
1649
1543
1626
1534
1580
1584
1391
1348
1367
1490
1634
1466
1632
1591
1598
1601
1451
1462
1540
1308
1637
1668
1451
1640
1536
1547
1599
1536
1658
1524
1612
1588
1536
1681
1514
1606
1640
1513
1514
1574
1633
1674
1586
1665
1580
1519
1602
1562
1606
1548
1599
1539
1524
1618
1525
1404
1655
1504
1479
1614
1535
1628
1523
1654
1651
1535
1644
1546
1584
1578
1583
1617
1524
1653
1652
1516
1615
1581
1572
1579
1530
1570
1403
1500
1505
1309
1538
1629
1490
1600
1522
1583
1638
1571
1639
1439
1638
1625
1551
1655
1482
1525
1634
1555
1647
1531
1613
1627
1559
1609
1580
1583
1612
1574
1618
1501
1645
1622
1527
1658
1537
1597
1654
1476
1634
1556
1586
1406
1337
1530
1552
1532
1647
1539
1634
1658
1512
1487
1546
1665
1634
1495
1678
1490
1631
1647
1523
1691
1524
1619
1679
1502
1599
1554
1676
1625
1586
1637
1548
1674
1555
1559
1675
1476
1675
1646
1480
1653
1527
1633
1646
1516
1625
1532
1669
1649
1575
1603
1468
1799
1565
1506
1671
1525
1576
1637
1587
1616
1455
1674
1672
1528
1615
1507
1660
1602
1586
1614
1532
1597
1623
1551
1605
1530
1610
1600
1476
1609
1499
1583
1666
1450
1635
1508
1643
1612
1545
1667
1555
1660
1643
1534
1675
1537
1641
1695
1498
1692
1507
1524
1618
1514
1630
1540
1654
1589
1483
1681
1614
1609
1672
1502
1744
1557
1621
1640
1542
1663
1596
1586
1649
1505
1647
1504
1624
1620
1562
1545
1449
1568
1542
1265
1070
1299
1165
1272
1387
1129
1172
1222
1326
1040
1058
1278
1279
1193
1614
1249
1483
1673
1452
1579
1480
1566
1706
1470
1672
1458
1640
1600
1559
1656
1534
1596
1681
1424
1661
1545
1418
1625
1485
1418
1711
1459
1646
1464
1556
1683
1555
1650
1517
1705
1627
1438
1643
1562
1709
1708
1454
1626
1590
1558
1611
1887
4285
2359
2601
1708
1296
1481
1591
1599
1647
1658
1523
1408
1689
1569
1641
1577
1556
1616
1562
1637
1514
1544
1623
1464
1441
1642
1505
1441
1620
1548
1650
1558
1635
1640
1512
1635
1581
1577
1642
1575
1675
1538
1539
1599
1528
1655
1534
1584
1698
1543
1653
1554
1533
1653
1590
1674
1594
1524
1600
1567
1597
1537
1617
1680
1508
1641
1465
1560
1634
1503
1621
1535
1588
1615
1548
1680
1477
1644
1634
1535
1674
1488
1623
1659
1508
1731
1581
1518
1697
1468
1658
1545
1737
1620
1459
1650
1571
1621
1625
1566
1632
1485
1670
1633
1563
1650
1583
1469
1650
1531
1652
1617
1533
1545
1559
1677
1363
1667
1596
1476
1706
1575
1586
