27
49
18
16
16
16
16
16
18
19
17
18
18
17
16
30
37
32
26
45
23
18
21
30
21
16
30
24
32
15
18
38
18
36
29
16
24
33
30
45
17
36
18
37
21
49
18
32
18
18
38
17
17
17
21
24
37
39
17
37
15
41
21
22
15
17
36
16
18
39
17
31
40
22
18
16
18
37
41
30
24
22
17
29
36
18
17
17
15
30
49
54
37
18
17
18
15
28
51
21
30
17
37
17
39
17
18
18
26
54
37
18
19
18
18
17
20
20
18
37
18
36
17
36
17
18
26
43
18
37
17
37
18
18
50
24
37
18
36
32
18
37
17
18
26
43
17
18
18
17
17
36
20
24
37
31
17
36
17
18
36
36
23
53
17
36
17
36
18
18
24
24
37
17
18
17
36
17
17
36
46
42
18
17
38
37
37
36
25
55
38
36
18
41
18
36
18
39
26
48
17
36
18
37
39
36
21
55
18
36
18
37
17
36
36
36
22
42
18
37
36
37
18
36
48
38
20
42
37
39
18
40
38
37
26
37
17
36
18
38
17
36
21
42
17
36
18
39
17
38
17
36
26
52
17
36
17
36
17
37
25
54
17
37
18
37
44
40
18
36
22
49
17
36
37
36
32
59
23
50
17
41
18
38
32
37
39
37
53
58
36
36
19
37
17
36
24
50
17
41
18
38
18
36
36
36
58
56
19
37
17
36
17
38
60
45
18
37
17
37
18
39
36
40
23
57
18
36
18
38
37
38
58
50
19
36
18
36
17
36
17
36
21
54
18
35
17
37
17
17
41
20
37
17
18
17
18
17
17
17
25
26
36
17
18
18
18
18
62
51
20
18
18
17
18
18
18
18
54
45
17
19
37
36
18
17
23
25
17
17
18
18
17
17
18
36
56
45
18
36
18
48
18
38
25
46
43
37
19
37
18
42
18
37
26
27
17
38
17
18
36
38
38
42
37
36
19
36
36
39
17
19
54
29
18
18
17
52
18
19
44
21
37
17
18
17
18
48
17
19
59
60
38
19
19
18
36
18
21
45
17
41
18
19
17
37
18
18
45
22
38
47
19
40
17
19
21
54
18
18
37
40
18
18
18
40
37
26
18
41
17
41
18
19
27
50
18
19
36
49
17
20
17
43
73
49
18
19
17
42
18
36
51
55
18
19
17
41
17
18
17
37
25
47
18
19
17
17
17
40
24
25
17
40
17
36
36
18
17
40
28
23
36
39
17
40
18
36
20
54
18
36
18
41
36
18
18
36
28
63
17
36
37
41
18
37
22
59
37
19
18
40
17
38
17
36
25
26
38
17
19
41
18
42
24
25
17
40
17
19
18
37
17
41
43
26
17
44
18
19
40
42
43
23
18
41
37
38
18
37
17
42
25
60
18
36
39
41
39
18
20
52
18
41
37
19
18
40
17
40
60
48
18
41
18
18
37
17
21
58
17
39
18
18
18
37
18
40
26
30
17
40
17
40
17
18
24
50
18
40
18
40
48
39
19
39
25
51
17
42
38
41
19
41
50
51
17
41
17
39
17
41
18
20
28
22
17
17
36
18
18
40
43
25
18
41
18
18
17
41
17
19
54
22
18
41
18
41
18
38
24
25
17
41
38
18
18
17
18
17
23
26
18
17
17
17
18
18
43
42
18
38
17
37
17
36
37
19
44
22
34
39
17
40
17
18
51
45
19
41
18
38
17
40
17
36
62
56
19
19
18
17
37
37
21
53
17
41
17
18
18
37
38
18
26
22
18
17
18
18
36
18
20
50
17
17
36
38
18
36
37
36
23
63
18
37
18
20
18
42
51
51
17
36
18
37
17
38
18
38
55
53
18
41
17
18
18
17
20
48
18
38
18
37
39
37
37
37
27
53
18
19
17
37
17
38
20
26
17
17
17
37
18
17
18
17
26
26
18
17
18
36
17
38
21
43
17
37
17
36
18
37
39
18
54
54
19
20
17
38
17
37
51
48
18
19
17
37
17
36
17
37
26
43
37
36
18
36
18
18
51
50
18
35
17
36
18
37
18
36
28
29
38
17
19
17
17
18
25
24
18
37
17
36
18
36
18
36
21
54
37
19
18
17
38
18
25
44
17
37
17
37
18
37
38
37
52
26
20
17
38
39
36
39
46
51
20
37
37
20
18
38
18
17
54
29
18
38
17
37
17
37
37
50
17
37
36
38
38
19
36
38
23
21
17
17
18
17
17
18
25
27
17
36
17
39
37
37
18
37
33
44
37
36
38
36
37
18
22
43
18
36
17
36
17
37
32
18
57
49
19
37
18
37
37
39
21
52
17
17
37
38
17
38
18
39
22
27
36
18
17
37
17
18
50
52
37
18
18
18
37
18
17
39
30
54
17
41
37
37
19
38
42
25
17
17
17
37
36
37
18
36
28
58
17
36
17
41
39
37
50
54
20
37
17
36
33
41
18
36
20
58
38
36
19
36
18
36
21
46
17
36
17
36
37
36
37
37
44
57
18
40
18
41
18
38
24
49
17
40
37
37
36
39
36
36
26
53
17
36
18
36
20
41
21
54
17
37
18
39
36
48
18
18
26
198
21
20
20
19
20
19
27
27
18
20
37
19
22
19
21
18
20
29
25
20
17
19
23
19
18
22
18
18
18
17
25
44
18
17
50
25
17
36
21
50
18
20
17
50
18
36
17
18
26
32
18
17
18
41
17
51
24
37
18
18
31
17
17
18
49
17
29
29
45
17
17
18
17
29
24
37
17
37
18
36
37
36
18
36
22
36
18
37
17
27
18
17
24
17
45
17
17
51
17
36
18
36
22
36
17
18
17
40
18
36
20
36
17
41
17
38
18
41
17
36
22
37
17
40
18
57
18
36
37
36
18
36
17
55
17
36
17
39
19
40
37
18
17
40
17
39
50
19
17
36
18
41
18
18
17
37
25
37
18
19
18
54
17
41
50
18
18
36
17
58
37
18
17
36
23
42
18
37
17
57
36
37
24
38
17
37
18
23
37
17
17
39
19
18
37
40
17
47
17
41
37
19
18
38
17
26
37
18
17
17
26
44
37
37
18
22
18
17
24
39
17
41
17
50
36
42
17
41
25
36
18
36
17
52
17
41
24
37
36
36
18
61
17
37
36
18
19
17
18
38
36
44
17
36
17
36
36
36
17
37
17
41
18
18
22
37
17
42
17
55
18
41
20
37
18
18
17
27
17
17
36
17
19
42
18
37
17
40
18
42
17
41
18
19
17
17
17
17
37
17
19
42
18
18
37
25
18
35
18
18
17
42
17
49
17
36
17
36
19
37
18
39
18
44
18
18
17
37
17
18
18
25
18
18
36
18
24
49
17
37
36
40
18
41
25
38
37
39
18
37
17
40
17
37
18
18
18
17
17
21
17
43
18
18
37
17
18
55
17
18
17
18
18
37
18
40
37
44
18
41
18
41
18
36
17
41
18
18
18
17
26
46
17
17
37
26
17
50
24
41
36
19
18
59
17
40
18
18
22
18
31
18
17
19
17
44
49
40
17
41
17
36
18
41
18
18
26
37
17
40
17
37
17
36
24
36
17
37
17
19
18
17
17
18
18
40
18
18
37
19
18
40
17
42
18
19
17
40
18
39
36
37
18
37
17
36
17
20
18
17
18
17
18
18
18
46
18
41
37
41
18
36
37
36
18
43
18
40
18
37
18
36
17
36
17
36
36
36
19
36
18
42
18
39
18
37
17
36
17
40
18
40
17
38
17
37
19
41
17
41
17
40
18
41
17
41
17
41
18
39
18
37
36
39
19
36
18
36
18
41
37
39
17
39
17
37
37
41
17
40
17
40
37
39
18
36
17
39
17
37
17
41
18
36
18
36
18
36
17
40
19
41
17
40
18
42
18
36
20
36
18
37
17
36
17
36
17
36
18
36
18
36
17
39
17
42
36
41
17
41
18
40
36
40
17
41
19
41
37
39
18
42
18
36
37
37
18
37
17
38
17
36
17
36
17
36
18
40
17
43
17
42
36
47
18
40
17
41
18
40
37
40
18
41
17
40
36
43
18
41
17
41
17
43
17
37
18
36
17
38
18
36
33
37
18
44
18
36
37
36
18
35
18
41
17
41
17
18
19
17
18
18
17
46
18
39
18
41
17
41
18
36
37
36
18
36
19
18
17
17
37
19
17
42
17
41
18
40
18
36
18
39
17
39
19
44
17
18
37
19
17
47
18
18
18
17
17
17
17
18
17
18
38
17
18
48
17
19
37
18
18
17
18
17
17
34
18
18
37
18
19
42
17
40
17
20
18
41
17
36
18
36
18
37
18
37
37
41
39
41
18
36
18
44
18
36
18
46
18
18
17
18
17
42
17
39
19
41
18
36
17
44
18
50
17
40
18
36
17
18
18
18
17
18
18
17
17
47
18
41
17
39
17
36
18
18
17
17
18
38
40
48
19
18
18
43
18
19
36
40
18
38
17
42
17
18
17
18
18
18
19
37
17
17
18
50
18
38
18
18
18
17
37
17
17
49
18
41
18
36
17
18
17
19
