2434749
2369
44848
2538
45499
2556
45521
2803
45227
2795
45174
2846
45097
2795
45271
2895
45115
2926
45029
2919
44951
2751
45259
2806
45333
2848
45115
2881
45120
3023
44965
2920
45060
2915
45056
2864
45136
2961
45031
2847
45141
2828
45145
3175
44842
2794
45256
2769
45105
2746
45308
2759
45159
2796
45239
2675
45284
2684
45287
3427
44580
2917
45071
2769
45099
2578
45499
2925
45029
2754
45285
2718
45247
2606
45373
2529
45457
2633
45386
2693
45243
2784
45216
2679
45312
2490
45507
2513
45640
2859
44967
2601
45351
2576
45465
2579
45369
3018
44954
2656
45380
2607
45378
2656
45309
2590
45387
2750
45192
2522
45506
2510
45433
2551
45518
2745
45166
2515
45516
2676
45253
2561
45458
2718
45253
2824
45186
2548
45311
2260
45610
1656
42523
2494
45555
2676
45281
2469
45490
2458
45610
2410
45585
2523
45392
2491
45402
2328
49658
2433
45697
2520
45431
2435
45513
2404
45596
2476
45522
2495
45419
2356
45665
2470
45523
3222
44760
2699
45283
2583
45412
2375
45569
2283
45777
2492
45456
2365
45601
2419
45549
2496
45457
2417
45630
2382
45597
2479
45523
2489
45500
2334
45643
2404
45560
2369
45597
2371
45657
2411
45542
2355
45635
2426
45550
2320
45698
2471
45468
2345
45662
2319
45670
2432
45576
2395
45566
2508
45535
2360
45546
2393
45651
2272
45685
2356
45629
2497
45487
2392
45607
2459
45494
2328
45684
2318
45656
2330
45722
2388
45568
2385
45578
2492
45468
2471
45537
2571
45383
2659
45363
3518
48452
2500
45510
2452
45503
2322
45638
2303
45675
2317
45705
2372
45580
2282
45759
2434
45580
2297
45623
2238
45745
2431
45546
2360
45587
2252
45764
2315
45646
2283
45716
2286
45771
2356
45626
2331
45562
2349
45639
2295
45676
2319
45696
2295
45673
2350
45618
2365
45605
2559
45434
2601
45373
2395
45576
2350
45560
2333
45716
2407
45605
2465
45444
2352
45613
2328
45691
2413
45532
2292
45699
2284
45675
2372
45653
2348
45615
2337
45658
2293
45685
2260
45730
2329
45638
2316
45653
2243
45794
2262
45651
2300
45721
2307
45693
2298
45684
2355
45668
2357
45634
2352
45546
2286
45689
2355
45744
2421
45517
2324
45683
2340
45608
2391
45645
2404
45551
2449
45530
2441
45513
2543
45491
2349
45647
2486
45469
2431
45553
6110
49905
2279
45637
2280
45723
2308
45639
2107
45986
2387
45534
2246
45621
2448
45671
2231
45652
2237
45832
2275
45719
2273
45697
2321
45723
2276
45719
2238
45696
2292
45529
2101
46082
2209
45749
2285
45702
2257
45743
2292
45721
2090
45855
2202
45699
2285
45805
2336
45671
2253
45739
2315
45631
2231
45762
2256
45729
2222
45745
2270
45741
2262
45732
2315
45665
2199
45766
2253
45736
2211
45761
2232
45861
2164
45723
2279
45719
2307
45657
2191
45917
2361
45452
2142
45933
2244
45858
2272
45446
2120
45957
2275
45751
2277
45730
2108
45790
2249
45776
2237
45763
2289
45690
2237
45715
2195
45797
2246
45738
2300
45612
2221
45832
2253
45727
2329
45642
2295
45735
2366
45619
2462
45492
2405
45582
2643
45362
2512
45456
2119
45844
2199
45759
2158
45821
2162
45821
2180
45831
2185
45746
2170
45823
2168
45710
1981
42088
2162
45846
2154
45823
2156
45717
1988
42095
2168
45828
2188
45807
2157
45840
2177
45807
2203
45777
2252
45765
2123
45841
2249
45689
2150
45868
2222
45652
2159
45959
2127
45803
2139
45860
2121
45747
2118
45947
2206
45750
2181
45807
2156
45810
2173
45822
2173
45820
2100
45884
2194
45761
2135
45861
2233
45744
2231
45733
2200
45801
2169
45841
2201
45721
2065
45907
2187
45865
2145
45861
2106
45847
2286
45734
2169
45871
2200
45670
2120
45889
2132
45846
2159
45779
2237
45761
2172
45858
2211
45804
2164
45787
2173
45838
2182
45781
2086
45904
2199
45808
2248
45730
2298
45712
2141
45824
2221
45761
2226
45775
2290
45589
2223
45870
2187
45783
2170
45829
2218
45769
2298
45693
2215
45787
2225
45753
2213
45759
2161
45842
2161
45824
2179
45802
2156
45810
2171
45815
2167
45816
2152
45875
2057
45887
2192
45800
2176
45820
2174
45822
2159
45813
2195
45792
2143
45840
2139
45864
2193
45636
2113
46011
2190
45792
2180
45832
2178
45783
2116
45895
2143
45818
2154
45870
2246
45750
2173
45744
2165
45833
2149
45855
2126
45838
2131
45848
2070
45941
2131
45866
2133
45829
2162
45833
2116
45901
2151
45804
2144
45857
2142
45855
2092
45868
2193
45797
2104
45609
1381
42837
2238
45816
2160
45816
2122
45896
2200
45742
2217
45752
2152
45864
2108
45825
2106
45851
2223
45793
2191
45811
2117
45898
2371
45595
2617
45333
3263
44729
2136
45854
2160
45828
2109
45882
2101
45800
2072
45993
2061
45916
2098
45892
2067
45949
2090
45874
2139
45875
2079
45887
2076
45939
2215
45720
2083
45923
2070
45914
2150
45836
2112
45873
2077
45903
2030
45970
2054
45923
2077
45904
2070
45917
1995
45988
2117
45878
2081
45893
2089
45993
2138
45762
2084
45901
2011
45981
2107
45874
2143
45853
2074
45920
2125
45842
2075
45897
2071
45943
2235
45743
2061
45912
2068
45907
2134
45880
2156
45862
2239
45676
2153
45771
2072
45958
2062
45897
2053
45961
2119
45829
2136
45862
2161
45828
2122
45873
2100
45867
2059
45964
2081
45897
2116
45768
1993
42063
2082
45908
2093
45899
2090
45902
2072
45921
2159
45744
2060
46030
2076
45884
2080
45893
2078
45820
2041
46074
2159
45782
2072
45920
2074
45941
2061
45905
2077
45894
3118
44816
1998
42011
1987
45972
2026
45967
2019
46002
2046
45918
2021
45952
2010
45767
1427
42805
2085
45866
2004
46103
2753
45147
2143
45851
1528
46505
2183
45780
2112
45868
2186
45801
2163
45851
2095
45868
2101
45873
2110
45901
2120
45844
2091
45918
2209
45762
2031
46018
2101
45822
2172
45838
2099
45874
2106
45909
2108
45853
2113
45871
2272
45738
2196
45760
2120
45870
2083
45892
2227
45773
2134
45872
2136
45833
2082
45922
2133
45833
2129
45857
2120
45861
2121
45854
2093
45909
2081
45899
2107
45890
2293
45637
1908
42138
2061
45923
2059
45916
2071
45930
2064
45908
2058
45947
1976
45984
2100
45897
2074
45914
2155
45834
2194
45811
2283
45692
2248
45731
2052
45918
2012
42000
2022
45962
2032
45978
2067
45902
2035
45956
2011
45969
2028
45958
2049
45936
2040
45940
2025
45974
2032
45983
2044
45919
2038
45941
2057
45934
2007
45982
2025
45823
2016
42106
2017
45971
2282
45708
2093
45882
2024
45968
2131
45840
2102
45901
2029
45963
2017
45930
2023
45965
2038
45958
2029
45953
2032
45953
2016
45975
1988
45996
2030
45959
2077
45906
2023
45953
2025
45983
2042
45951
2013
45965
2059
45922
2022
45966
2188
45812
2221
45766
2090
45888
2010
45984
2032
45951
2024
45962
2022
45971
2024
45920
2035
45993
2022
45959
2028
45871
1912
42165
2022
45969
2012
45975
2026
45965
2028
45887
2039
42050
2044
45922
2057
45906
2026
45977
2029
45961
2038
45935
2031
45933
2034
45987
2025
45956
2024
45950
2017
45986
2072
45912
2079
45812
2034
42040
2027
45947
2030
45953
2038
45946
2014
45967
2024
45974
2016
45959
2062
45933
2019
45973
2032
45965
2038
45945
1974
42018
2016
45952
2088
45917
2069
45924
2047
45924
2032
45954
2013
45970
2023
41968
2019
45957
1996
46003
2035
45965
2043
45938
2017
45982
2014
45964
2036
45954
2066
45911
2013
45979
2039
45945
2023
45961
1990
42001
2033
45947
2009
45972
2023
45991
2108
45859
2047
45938
2023
45940
2021
45965
2028
45984
2056
45907
2032
45972
2023
45937
2021
42009
2033
45926
2009
41972
2018
45973
2026
45985
2033
45961
1962
46017
2032
45950
2041
45945
2032
45965
2129
45849
2097
45889
2142
45853
2107
45869
2085
45903
2105
45889
2028
45965
2033
45943
2027
45951
2014
45956
2007
45993
2044
45939
2023
45959
2024
45967
2012
46032
2068
45861
2020
45965
2029
45965
2027
45886
1905
42165
2031
45953
2013
41969
1984
41997
2023
45981
2001
45968
2019
45979
2032
45957
2047
45935
2016
45914
2013
42026
2025
45963
2023
45974
2031
45942
2033
45950
2044
45958
2019
45963
2251
45816
2143
45542
1358
42622
1315
42771
1490
42491
1481
42509
1378
42603
1510
42461
1479
42677
2142
45834
2019
45953
2016
45834
1968
42265
2031
45859
1994
42002
2003
45976
2025
45959
2021
45970
2016
45971
2003
41988
1997
41991
2001
41845
1840
42291
2015
41963
1935
42052
2012
45978
2007
42002
2001
45841
1973
42129
1982
42013
2010
45883
2013
42074
2041
45949
2009
45922
2003
42039
2013
45969
2002
41985
1989
42022
2011
45964
2020
45955
2624
45365
2000
41991
1946
42032
2037
41955
2005
41978
2005
41985
2002
46064
2015
45882
1995
42001
1996
41994
1993
41991
1997
41923
1938
42120
1982
42003
1982
41978
2013
41967
2000
42002
1996
45984
2022
45968
2003
41977
1994
41991
1994
42003
1910
42072
2003
45995
1996
46005
2001
45970
2011
45965
2025
45965
2018
45957
2001
45998
2004
41988
2013
45978
1945
42035
1990
42003
2005
45995
2011
45948
2019
45979
1998
45982
1996
42002
1998
45983
2005
46038
2028
45904
2005
41982
1996
45994
2036
45947
2004
41973
2045
45953
2086
45901
2039
45946
1996
42008
1993
45973
2049
45922
2004
45979
1992
45999
2012
45985
2058
45939
2199
45762
2169
45829
2158
45840
2094
45881
1996
41978
2004
41994
1997
41993
1989
41992
2002
41964
2000
46015
2011
45970
1989
45976
2001
41946
2017
41953
1993
42010
1995
41981
1993
42007
1983
41995
1999
41981
2146
45904
1941
41808
1336
46526
1222
42763
1243
42886
1304
43046
2173
45753
2189
45789
2156
45708
2078
45944
2002
45983
1971
42018
1983
42001
2025
41969
2122
45861
2030
45957
1974
42009
2002
41970
1992
42010
1986
42013
1996
42008
1981
41967
1995
42007
1987
41992
2005
41985
1886
42086
1987
42023
1918
42062
1990
42011
1978
41992
1990
42004
1929
42249
1973
45827
1991
41985
2066
45897
1989
42022
1992
42001
2000
42042
1847
42090
1971
41980
1860
42165
1906
42087
1980
41994
1985
41995
1978
42012
1995
41996
1903
42088
1968
42004
1997
42023
1972
41987
1988
42001
1986
41866
1827
42300
1990
42006
1985
46004
1994
45995
2169
45808
2033
45960
2023
45958
1972
42014
2112
45878
2043
45945
1960
42034
1986
42002
1973
42018
1969
42031
1980
41974
1975
42026
2066
45923
1973
42007
1991
42002
1994
41984
1971
42017
1895
42087
1965
42032
1969
42009
1993
42005
1989
41983
1993
42011
1968
41921
1976
42118
1992
41813
1955
42201
1988
41993
2000
41990
1991
41990
1978
42060
1985
45964
1976
42000
1970
42016
1958
42036
1988
41989
1996
41987
1979
42015
2044
41942
2018
45977
1977
46001
1993
42006
1969
42013
2000
41981
2000
41989
1959
42023
2035
41951
1973
42017
1983
42000
1966
42027
1931
42053
1972
42019
1980
42006
1997
41976
1970
42025
1959
42034
2005
45890
1982
42015
1990
42006
1994
45967
2005
45990
1978
41989
1954
42019
2862
45156
1976
42004
1977
42006
1976
42041
1989
41984
1959
42051
1967
45969
1966
42046
2085
45898
2249
45709
2038
45959
1974
42011
1992
42021
1992
41973
1969
42010
1962
42044
2078
45893
2009
42039
2014
45913
1972
42009
2002
41997
1983
41996
1981
42003
1992
42008
2026
45962
1966
42025
2596
45395
1971
41988
2007
46024
1978
41986
1975
42009
2050
45955
2135
45815
2041
45942
1993
46025
1960
45986
1992
42029
1991
45975
1996
42005
1980
42002
2043
45934
1969
42017
1972
42033
2010
41965
2022
45945
1985
41997
2027
41964
1960
42026
2027
45965
2002
41968
2003
42046
1980
42060
2094
45783
1983
42001
1965
42041
1968
46015
1997
41980
1976
42008
1963
41961
1971
42004
2006
42073
1986
41982
1983
41998
1995
42023
2072
45899
1982
41954
1997
41996
1968
42015
1987
41993
1983
41871
1795
42344
1971
42025
1994
41985
1973
42007
1984
42011
1973
42007
1973
42013
1972
42022
1969
42004
1968
42078
17074
42776
1777
42212
1786
42206
1786
42163
1899
42219
1996
46028
2014
45919
1980
42008
1980
42010
1990
41993
1971
42010
1979
42012
1982
41998
1992
42005
1981
41997
1973
42011
1987
41995
1957
42051
1992
41976
1982
41998
2010
41977
1996
42006
1968
42011
1970
42028
1991
41989
1975
42022
1984
42020
1888
42090
1992
41980
1996
41989
1977
42004
1977
42026
1973
42008
1981
42008
1968
42020
1966
42024
1993
41984
1978
42016
1978
42000
1979
42037
2042
45905
1972
42032
1967
42022
1977
41932
1873
42188
1981
42001
1983
42017
1985
42010
2016
45958
1972
42009
1990
41996
1971
41725
1337
42930
1991
42005
1988
42005
1966
42020
1986
42008
1974
42010
1966
42007
1973
42022
1975
42008
1975
41847
1807
42349
1942
41993
1995
42037
1976
42010
1989
42004
1997
41986
1986
42012
1981
42009
1968
42003
1972
42040
2000
41980
1972
42041
2151
45813
2159
45815
2038
45954
1986
41995
1983
41964
1989
42054
1958
42065
2005
49950
1985
41951
1975
42046
1983
41999
1966
42023
1971
42023
1997
41984
2172
45706
1994
42088
2075
45921
2057
45940
2017
45974
1968
42038
1953
41998
1976
42021
2029
45960
2046
45931
2003
45984
1966
42033
1994
41992
1974
42020
1989
41986
1985
42020
1979
41989
1987
42009
1977
41988
1950
42049
2036
45952
1974
42007
1989
41893
1863
42280
1859
42059
1980
41934
1958
42119
1981
42025
1980
42012
1955
42015
1987
41988
1981
42019
1978
41999
1964
42028
1979
42011
2006
45999
1972
46009
1980
41991
2002
41982
1991
42008
2004
41978
1986
41997
1921
42067
1987
41992
1975
42033
1997
45982
1988
41983
1905
42099
1979
41877
1807
42300
1998
41997
1988
41992
1972
42026
1986
42001
2023
41978
1974
42001
1980
42021
1974
41993
1996
41996
1985
41986
1965
42052
1980
41987
1973
42026
1986
41998
1990
41990
1978
41911
1976
42109
1980
42005
2028
45961
1959
42035
1968
42024
1983
41998
1971
42020
1980
42014
1894
42069
1955
42034
1993
42002
1978
42012
1984
41928
1894
42172
1964
42006
1982
42021
1978
41995
1988
42000
1988
42020
1976
41999
1982
41991
1984
42021
1991
42039
1995
45934
1971
42017
1964
42028
1962
42032
1962
42017
1967
42017
1968
42057
1971
41984
1967
42012
1979
42007
1973
42017
1972
42012
1979
42017
1986
41995
1999
41983
2007
41979
1980
42013
1993
42005
1980
41991
1976
42014
1977
42008
1980
42017
1972
41882
1817
42305
1976
41956
1867
42109
1974
41949
1791
42316
1976
42018
1967
42003
1942
42116
1995
41950
1973
41856
1853
42319
1958
41997
1972
41928
1982
42094
1909
42071
1993
42002
1982
42003
1968
42031
1990
45999
1984
41989
1969
42034
1971
42006
1954
41959
1975
42086
1904
42084
1966
42042
1824
42126
1967
42029
1959
42055
1896
42070
2040
45928
2069
45955
2006
45967
1963
42028
1974
42004
1967
42018
1982
42020
1959
41994
1962
42055
1962
42029
1978
41984
1975
42009
1969
42025
1977
42005
1972
42098
1986
45931
1960
42022
1960
42042
1977
42012
1964
42008
1977
42019
1978
42000
1992
41954
1977
42047
1975
42005
1967
42028
1974
42008
1962
42033
1977
41996
1970
42032
1971
41999
1981
42007
1968
42017
1959
42039
1965
42021
1962
42022
1964
41958
1971
42080
1966
42009
1985
41999
1901
42097
1968
42030
1985
42004
1992
41986
1970
42001
1985
42018
1979
42001
1979
42025
1991
42058
2017
45912
1973
42006
1966
42023
1916
42070
1964
42011
1951
42038
1958
42037
1982
42013
1967
42023
1973
42004
1985
41999
1980
41999
1997
41988
1894
42111
1983
42001
1926
42067
1895
42094
1975
42042
1996
45864
1956
42038
1955
42029
1985
42018
1971
42001
1990
41998
1965
42040
1977
41978
1974
42031
2125
45868
1974
42012
1906
42070
1971
42022
1965
42018
1971
42016
1991
42000
2028
41962
1969
42011
1977
42038
1978
41991
1970
42033
1978
41905
1981
42021
1985
42014
1951
42016
1977
42026
1954
42037
1974
42008
1971
42011
1985
41993
1962
42034
3368
44684
1993
41993
1982
41999
1960
42030
1969
42003
1978
42024
1958
42019
1984
42015
1991
41974
2011
41942
1899
42112
1740
42230
1913
42075
1904
42079
1906
42082
1938
42062
1915
42064
1908
42058
1904
42097
1960
42071
1975
42022
1958
42012
1959
42047
2054
45925
1983
42007
2220
45760
2028
41962
1969
41757
1335
42690
1362
42436
1251
43159
1977
41992
1983
41996
1907
42084
1978
42022
1974
41945
2007
42051
2300
45689
1968
42005
1978
42028
1991
41981
1992
41926
1967
42088
1994
42002
1974
42013
1976
42000
1995
41992
1969
42034
1977
41990
1995
41990
1984
42011
1973
42025
1985
41988
2059
45947
1961
42008
1958
42032
1975
42027
1957
42018
1979
42011
1965
42005
1985
42002
2017
41980
2024
41963
1978
42024
1986
41993
1980
41996
1977
42006
1971
42030
1969
42017
2003
41948
1985
42041
1969
42029
1973
42016
1968
42012
1973
42022
1973
41987
1969
42027
1983
42007
1962
42024
1969
42032
1980
41997
1970
42004
1955
42038
1969
41977
1978
42091
1965
41972
1977
42018
2038
41946
1981
41999
1960
42024
1988
41987
1976
42041
1998
41978
2006
41973
2063
45953
2020
45953
1988
41996
1962
42041
1956
42022
1967
42016
1966
42028
1973
42011
1981
42006
1976
42022
1978
42022
1960
41998
1972
42019
1987
41988
1970
42035
1986
41987
1990
42002
1979
42040
1978
41973
1978
42019
1972
42014
1982
42013
1955
42024
1969
42010
1975
42025
1977
42023
1981
41999
1956
42092
1993
45923
1978
42043
1819
42126
2011
41980
1978
42002
1990
42067
2030
45906
1964
42002
1988
42014
1968
41996
1978
42009
1961
42024
1970
42038
2002
41980
1986
42090
2292
45615
1982
41996
1975
42020
1970
42000
1988
42011
1968
42012
1990
42011
1973
42011
1984
41997
1921
42069
1967
42020
1976
42025
1972
41996
1979
41988
1992
42035
1991
41978
1981
41989
1978
42048
1956
42100
1999
45906
1970
42007
1979
42034
1968
42000
1992
42012
1989
41970
1978
42024
1974
42008
1958
41891
1812
42334
1977
42011
1987
41990
1983
41925
1973
42112
1966
41992
1981
42024
1966
42022
1979
41916
1971
42054
1985
42048
1970
42028
1996
41987
1970
41943
1961
42084
1962
42022
1971
42016
1971
42016
1985
42016
1972
42002
1993
41999
1988
42000
1970
42022
1962
42034
1981
42108
2050
45802
1984
42017
1985
42002
1967
42013
1979
42011
1985
41999
1981
42017
1964
42015
1969
42016
1994
41998
1909
42076
1976
42002
1953
42031
1973
42019
1980
42004
1971
42015
1990
42010
2000
41975
1968
42024
1980
42015
1952
42025
1970
42012
1977
42003
1983
42008
1942
42037
1986
42016
1971
42018
1982
41998
1981
41998
1984
42005
1978
42016
1981
42000
1990
41985
1986
42019
2027
41977
1970
41988
1986
42011
1978
42005
1971
42021
1971
42011
1981
42011
1981
41982
1972
41905
1806
42319
1977
41999
1972
41914
1884
42203
1984
42030
1947
42022
1991
41996
1989
41864
1804
42285
1974
41901
1777
42365
1968
42015
1985
42004
1896
42065
1993
42010
1970
42018
1990
42008
1965
42012
1970
42015
1986
42013
1981
41984
1969
42011
2001
42020
1995
41991
1966
42021
2016
41966
1968
42015
1972
42035
1972
42004
2000
41996
2012
41957
1985
42001
1978
42029
1973
42004
1980
42007
1906
42075
1984
42008
1985
41998
1983
41998
1996
41998
1979
42010
1960
42020
1979
42000
1982
42019
1960
41963
1983
42072
1917
42053
2008
41933
1867
42187
1979
41989
1979
42013
1958
42032
1980
42000
1969
42027
1969
42011
1982
42011
1986
42003
1987
41915
1982
42080
2027
41963
1986
42023
1980
41983
1997
41998
1903
42079
1984
42003
2005
41975
1982
41957
1859
42186
1983
42012
1987
41994
1989
41982
1975
41996
1950
42059
1975
42065
1966
41976
1984
42015
1993
41981
1994
41983
1981
42010
1972
42027
1912
42078
1980
41986
1941
42062
1996
41993
1981
41987
1983
42030
1986
41992
1985
41998
2016
41961
2005
41990
1978
42008
1998
41996
2000
41984
2053
45955
1977
42026
1987
41956
1996
42000
1983
42011
1965
42038
1988
41907
1973
41999
1982
42022
1962
42020
1981
41992
1986
42012
1977
42003
1996
42003
1968
42008
1983
41994
1998
42004
1981
42004
1984
42076
2000
41742
1350
42866
1998
41974
1982
42052
2002
45971
1977
42027
1988
41996
1974
42049
1988
45945
1962
42040
1995
41989
1971
42023
1983
41985
1987
42014
1973
41892
1957
42197
2017
45909
1976
42010
1903
41851
1817
42405
1987
41986
1978
41987
1963
42054
2014
41935
1978
41979
1862
42141
1942
42083
1950
42010
1992
43464
3188
43331
1993
42000
1978
42009
1983
41989
1991
42001
2022
45955
1980
42003
1995
41987
2041
45955
2495
45475
2042
45954
2048
45943
1989
45997
1973
42017
1963
42022
1965
42005
1978
42035
1992
41987
1970
42004
1985
41984
1976
42068
1998
45945
1988
41995
1956
42015
1900
42086
1984
42006
1971
42032
1996
41817
1790
42363
1985
41994
1987
42007
1964
42028
1993
41981
1991
41989
2003
41994
1965
42037
2009
41978
1995
41973
1965
42006
1974
41927
1825
42272
2007
41980
1987
41911
1981
42117
1993
41968
1957
42051
1977
42003
1967
41996
2008
41986
1994
41999
1988
41863
1914
42225
1971
42013
1984
41980
1976
42079
2045
45914
1964
42003
1989
41994
1986
41994
1974
42026
1964
42007
1976
42032
1963
42012
1981
42020
1985
41976
1972
42016
1959
41982
1956
42106
1972
42010
1989
41870
1801
42249
2215
45856
2029
45933
2018
45978
1971
42005
1967
42018
1983
42009
1971
42006
1990
42012
1980
42028
1979
41975
1992
41992
1964
42034
1988
42003
1926
42063
1980
42007
1972
41992
1965
42045
1869
42185
1986
45927
1969
42061
1790
42145
2021
41984
2033
45944
1962
42016
1985
42014
1983
42005
1992
42005
1977
41973
1974
42041
1978
42000
1978
42014
1979
42000
2004
42024
2124
45751
2113
45958
1986
45740
1349
42630
1272
42606
1306
42649
1211
43036
1327
42670
1342
42633
1372
42858
2359
45544
2017
45967
1945
42035
1959
42018
1948
42039
1971
42034
1983
41984
1963
42023
1983
42006
2051
41931
1968
42023
1957
42017
1961
42031
1967
42049
1961
42004
1965
42028
1955
42026
1943
41864
1927
42169
1956
42101
1977
42019
1968
42012
1967
42007
1964
42023
1962
42024
1953
42039
1950
42017
1959
41997
1955
42070
1980
42036
1975
42016
1974
42009
1944
41951
1809
42245
1961
42016
1975
42010
1957
42020
1964
42053
1948
42017
1953
42061
1960
42013
1876
42098
1956
42038
2020
41969
1956
42020
1966
42055
1959
41900
1958
42062
1947
42110
1960
42005
1960
42023
1968
42021
1962
42035
1971
42019
1964
42027
1964
42011
2006
41971
1950
42070
1959
42000
1974
42034
1966
42023
1978
41997
1977
41999
1970
42018
1978
42000
1961
42028
1968
42023
1968
42012
1964
42036
1963
42036
1964
42001
1961
42042
1957
42022
1968
42024
1959
42018
1960
42029
1967
42013
2015
41981
1958
42040
1956
42006
1952
42038
1954
41909
1748
42371
1970
42017
1957
42033
1973
42023
1966
42025
1969
42022
1961
42011
1951
42036
1970
42028
1827
42193
1968
41979
1963
42034
1960
42018
1971
41993
1962
42044
1977
42016
1967
42015
1972
42029
1971
41995
1963
42052
1954
42009
1961
42019
1962
42033
1966
42028
1964
42009
1970
42031
1967
41996
1977
42020
1962
41999
2040
41947
1956
42029
1971
42016
1956
42026
1960
42023
1952
42048
1971
42025
1958
42012
1978
42030
1957
42008
1936
42041
1965
42045
1954
42034
1955
42035
1983
41865
1796
42311
1973
42037
1958
42027
1968
42007
1963
41930
1803
42274
1896
42077
1979
42008
1953
42035
1980
42031
1951
42021
1876
42111
1961
42011
1975
42005
1979
42012
2046
46013
1945
42025
1947
42048
1959
42029
1948
42104
2000
45915
1948
42049
1956
41988
1958
42063
1938
42046
1977
42019
2067
45931
2007
45970
2001
41988
1960
42047
1985
41984
1976
41999
1958
42016
1977
42009
1981
42017
1949
42038
1966
42027
1947
42039
1958
42011
1959
42034
1941
41960
1976
42101
1964
42020
1963
42026
1962
42019
1965
42024
1951
42053
1976
42011
1967
41998
1964
42030
1962
42015
1967
42030
1951
41986
1961
42189
2015
45872
1958
42062
1978
41987
1961
42017
1951
42065
1962
41939
1955
42013
1970
42044
1947
42037
1961
42024
1951
42032
1955
42030
1964
42059
1960
42047
1955
42041
1950
42017
1971
41974
1971
42064
1962
42008
1963
42058
1942
42026
1964
42041
1991
42003
1942
42032
1937
42094
1814
42083
2108
45930
2028
45954
2046
45946
2026
45960
2018
45982
1975
45998
1950
42042
1961
42082
1997
45918
1971
42032
1962
42026
1947
42047
1960
42025
1978
41993
1954
42046
1979
41932
1857
42209
1965
42032
1973
42003
1967
42018
1971
42020
1995
41986
1967
42040
1962
42007
1977
41963
1953
42080
1972
41874
1781
42339
1941
42063
1969
41996
1957
41919
1811
42304
1970
42061
1968
41976
1969
42007
1959
42043
1964
42020
1969
42052
1977
41985
1967
42014
1970
42015
1978
42034
2085
45744
1813
42306
1988
42009
1972
42004
1969
42024
1977
42008
1950
42039
1974
42013
1971
42025
1954
42019
1967
42035
1940
42041
1973
42020
1963
42006
1948
42047
1969
42019
1959
42026
1958
42016
1962
42036
1974
42005
1979
42022
1969
42002
1952
42041
1977
42043
1947
42006
1959
42038
1971
42019
1964
42014
1964
42025
1968
42002
1952
42061
1948
42037
1957
42028
1975
41974
2000
42010
1945
42024
1960
42070
1976
41992
1961
42019
1987
42012
1952
42026
1956
42015
1959
42058
1968
42016
1959
42035
1961
42015
1969
41970
2002
42028
1964
42028
1975
41963
1956
42092
1953
42018
1960
42046
1954
42011
1961
42026
1977
42009
1964
42025
1963
42025
1956
42029
1968
42026
1953
42032
1965
42019
1964
42025
1946
42035
1985
42004
1952
42036
1962
42023
1958
42027
2018
42036
2038
45929
1789
42185
1971
42000
1972
42045
1939
41999
1983
42017
1968
42021
1960
42020
1962
42024
1949
42041
1960
42016
1945
42038
1954
41989
1985
42061
2130
45843
2119
45882
2053
45916
1948
42078
1966
42000
1944
42041
1951
42031
1964
42031
1939
42051
1956
42029
1971
42018
1943
42046
1955
42025
1951
42027
1973
42013
1976
42010
1962
42025
1969
42024
1957
42017
2038
41956
1956
41912
1786
42317
1968
42034
1955
42030
1961
42015
1956
42046
1953
41957
1967
42078
1960
42041
1949
42045
1966
42001
1957
42034
1959
42030
1939
42070
1961
42000
1957
42023
1945
42044
1960
42041
1947
42033
1953
42031
1958
42018
1975
42038
1972
41993
1979
42022
1965
42010
1967
42019
1956
41990
2003
42022
1976
41921
1974
42158
1955
41983
1938
42049
1943
41972
1962
42189
1987
41851
1962
42072
1953
46045
1827
42097
1890
42092
1882
42103
1872
42119
1891
42087
1874
42113
1888
42106
1872
42108
1874
42120
1898
42018
1881
42210
1957
42034
1946
42049
1944
42044
1945
42046
1949
42034
1950
42039
1954
41990
1953
42062
1959
42062
1943
42016
1954
42028
1949
42060
1940
42041
1954
42032
1933
42036
1938
42068
1961
42017
1949
42038
1956
42023
1945
42105
1975
41951
1958
42041
1963
42017
1955
42025
1985
42002
1955
42049
1964
42050
2022
45938
1947
42032
1961
42055
1946
42006
1970
42028
1955
42053
1925
42024
1896
42012
1936
42145
1945
42050
1952
42029
1958
42042
1976
41997
1948
42025
1954
42037
1960
42028
1946
42050
1967
42019
1952
42044
1939
42033
1955
42026
1954
42038
1977
42028
1943
42034
1951
42038
1949
42039
1946
42119
1970
45926
1947
42032
1953
42041
1941
42055
1964
42019
1961
42038
1957
42014
2001
41994
1993
45983
1999
42005
1955
42026
1971
42013
1952
42039
1963
42023
1943
42043
1951
42042
1959
42017
1948
42038
1963
42023
1950
42035
1952
42044
1942
42043
1956
42048
1946
42031
1958
42020
1948
42037
1949
42045
1946
42034
1953
42027
1961
42046
1941
42034
1948
42050
1951
42023
1961
42087
1976
41947
1959
42034
1952
42030
1956
42045
1967
42026
1969
42007
1948
42078
2049
45870
1962
42055
1970
41991
1955
42045
1972
41997
1978
42009
1970
42012
1962
42027
1964
42042
1954
42022
1950
42031
1950
42053
1959
42013
1963
42023
1962
42036
1859
46141
1949
41972
1961
42072
1955
42025
1952
42052
1953
42024
1960
42015
1955
42042
1949
42022
1953
42039
1946
42056
1944
42036
1990
41947
1956
41988
1954
42120
1955
42037
1959
41993
1962
42066
1965
41951
1950
42053
1954
42003
1950
42066
1974
41994
1970
42024
1897
42099
1966
42000
1971
42025
1961
42029
1956
42030
1906
42075
1959
42034
1986
41913
1947
42126
1946
42058
1895
42075
1950
42055
1954
42046
1889
42068
1960
42034
1960
42022
1960
42033
1966
42025
1957
41906
1832
42264
1837
42121
1960
42031
2023
41971
1955
42016
1947
42061
1956
42015
1952
42035
1960
42023
1973
42022
1955
41999
1941
42042
1959
42053
1951
42028
1962
42073
1966
42027
1959
42038
1948
42034
1942
42048
1954
42030
1950
41975
1701
42358
1957
42017
1955
42038
1959
41925
1853
42260
1961
42015
1952
42017
1959
42018
1941
42062
1951
42044
1957
42017
1970
41942
1877
42191
1954
42024
1959
42039
1966
42008
2029
42009
1975
41965
1924
42104
1996
45957
1952
42036
1938
42043
1956
42040
1950
41901
1782
42269
1769
42292
1952
41956
1760
42339
1995
45912
1956
42031
1974
42038
1959
42015
1945
42056
1955
42016
1954
42015
1962
41963
1958
42117
1938
42042
1954
42066
1982
41959
1955
42037
1945
42040
1956
42037
1951
42045
1936
42040
1949
42050
1961
42028
1951
42016
1961
42045
1956
42032
2009
41956
1955
42038
1950
42037
1958
42032
1846
42122
1967
42031
2002
41976
1980
42013
1956
42051
1959
42022
1951
42108
2286
45605
1953
42040
1945
42048
1951
42048
1883
42092
1941
42044
1984
41977
1946
41888
1542
42636
1943
42019
1953
42045
1950
42034
1953
42050
1969
42003
1968
42014
1965
41948
1962
42143
1944
45961
1950
41946
1950
42125
1963
42023
1971
42012
1950
42064
1957
42063
1986
45925
1955
42078
1795
42153
1963
42037
1963
42015
1952
41959
1937
42112
1957
42033
1953
42024
1946
42063
1974
41974
1972
42041
1969
42020
1940
42070
1955
42004
1952
42027
1958
42025
1952
42047
1947
42032
1952
42046
1954
42019
1943
42051
1963
41981
1957
42072
1961
42024
1966
42040
1952
42020
1954
42030
1962
42022
1960
42042
1967
42022
1947
42031
1951
42035
1869
42195
1999
45915
1956
42048
1946
42035
1950
42064
1960
41976
1958
41955
1856
42195
1949
42053
1949
