1617
1404
1620
1616
1545
1626
1503
1642
1481
1754
1706
1713
1625
1677
1765
1667
1715
1739
1789
1683
2098
2009
1956
2116
2041
2127
2215
1982
2128
2173
2120
2144
2323
2156
2226
2284
2290
2195
2297
2226
2339
2361
2303
2358
2308
2306
2520
2364
2423
2419
2510
2461
2391
2486
2611
2546
2510
2521
2644
2491
2622
2381
2405
2378
2338
2577
2626
2579
2538
2676
2684
2502
2753
2586
2564
2608
2608
2603
2642
2395
2321
2573
2636
2676
2619
2579
2605
2531
2487
2562
2484
2561
2655
2640
2665
2375
2320
2358
2305
2596
2642
2645
2639
2661
2569
2640
2338
2336
2415
2497
2226
2562
2653
2639
2616
2661
2630
2591
2689
2642
2598
2655
2614
2597
2629
2605
2638
2488
2597
2598
2343
2629
2631
2748
2645
2685
2598
2584
2633
2680
2628
2561
2774
2687
2573
2577
2616
2690
2682
2365
2348
2314
2401
2613
2636
2647
2652
2591
2729
2599
2598
2659
2696
2641
2745
2617
2681
2614
2595
2582
2587
2616
2579
2586
2690
2616
2607
2634
2713
2577
2651
2465
2363
2286
2391
2660
2588
2666
2619
2569
2614
2613
2606
2533
2622
2590
2571
2509
2574
2661
2609
2622
2619
2616
2649
2688
2537
2585
2478
2450
2394
2321
2417
2422
2378
2364
2486
2318
2604
2171
2012
2282
2181
2422
2525
2563
2597
2631
2614
2535
2708
2638
2613
2708
2650
2562
2600
2569
2669
2630
2642
2621
2568
2596
2561
2664
2695
2611
2617
2572
2656
2656
2601
2581
2699
2493
2636
2569
2612
2684
2582
2624
2664
2386
2322
2296
2305
2598
2719
2575
2634
2664
2453
2633
2651
2656
2572
2664
2642
2706
2400
2570
2663
2579
2617
2613
2644
2658
2602
2694
2596
2616
2607
2636
2641
2610
2660
2636
2605
2582
2632
2562
2697
2704
2607
2652
2389
2357
2315
2362
2613
2620
2655
2574
2719
2591
2675
2670
2635
2634
2630
2554
2624
2650
2584
2660
2655
2588
2684
2595
2669
2652
2583
2667
2721
2605
2570
2521
2636
2636
2657
2602
2602
2601
2568
2623
2496
2606
2670
2620
2680
2625
2625
2630
2621
2609
2608
2578
2699
2613
2635
2646
2659
2309
2330
2420
2429
2594
2561
2636
2537
2626
2626
2574
2572
2586
3068
3716
2538
2605
2601
2561
2676
2579
2574
2543
2600
2593
2674
2549
2707
2543
2594
2616
2608
2573
2660
2622
2641
2654
2639
2604
2694
2555
2606
2613
2605
2502
2722
2624
2596
2557
2627
2586
2702
2569
2618
2480
2603
2547
2643
2574
2642
2607
2556
2729
2291
2295
2316
2334
2630
2606
2568
2640
2570
2494
2677
2598
2601
2574
2654
2568
2642
2261
2657
2622
2600
2632
2551
2609
2615
2579
2562
2610
2617
2530
3192
3094
2481
2538
2439
2487
2569
2495
2484
2499
2319
2591
2481
2468
2511
2477
2512
2536
2471
2587
2461
2487
2537
2511
2515
2440
2487
2561
2498
2441
2601
2551
2391
2391
2257
2305
2338
2262
2468
2481
2491
2508
2466
2528
2551
2486
2521
2477
2565
2550
2457
2547
2489
2493
2484
2460
2557
2437
2429
2509
2402
2441
2513
2428
2503
2500
2461
2523
2454
2453
2523
2467
2581
2449
2501
2489
2526
2458
2503
2447
2517
2452
2469
2478
2469
2512
2515
2456
2600
2467
2455
2488
2515
2493
2509
2478
2552
2449
2448
2507
2475
2451
2564
2462
2523
2500
2491
2510
2535
2445
2516
2487
2509
2487
2483
2510
2544
2467
2549
2438
2560
2480
2477
2484
2500
2444
2564
2462
2567
2425
2482
2482
2450
2499
2550
2498
2556
2463
2470
2529
2483
2484
2476
2465
2520
2512
2480
2505
2495
2486
2451
2493
2503
2446
2464
2491
2266
2312
2122
2006
2289
2235
2434
2442
3116
2481
2492
2503
2517
2478
2484
2475
2435
2509
2207
2504
2486
2455
2492
2304
2511
2403
2541
2512
2445
2386
2387
2520
2468
2473
2481
2494
2433
2487
2393
2472
2473
2541
2460
2472
2476
2481
2452
2463
2482
2464
2404
2471
2511
2482
2489
2478
2477
2483
2528
2453
2477
2518
2460
2474
2574
2505
2474
2473
2483
2490
2484
2457
2481
2491
2504
2496
2517
2551
2474
2478
2611
2452
2428
2424
2479
2493
2507
2496
2500
2457
2494
2497
2523
2438
2459
2496
2474
2510
2445
2498
2474
2337
2113
2129
2518
2448
2522
2494
2488
2465
2536
2473
2484
2420
2516
2433
2524
2486
2525
2492
2479
2491
2539
2492
2471
2486
2475
2498
2483
2487
2523
2491
2510
2465
2482
2501
2500
2420
2485
2475
2463
2500
2501
2551
2532
2452
2509
2440
2510
2477
2567
2481
2465
2448
2445
2462
2499
2484
2470
2552
2466
2335
2510
2483
2461
2468
2465
2541
2459
2362
2468
2356
2447
2512
2461
2517
2471
2417
2575
2544
2526
2350
2522
2534
2521
2534
2490
2589
2760
2399
2452
2556
2438
2432
2511
2528
2486
2518
2484
2539
2484
2495
2712
2515
2512
2470
2501
2566
2530
2460
2619
2253
2276
2309
2341
2528
2471
2480
2509
2509
2564
2470
2470
2525
2500
2490
2448
2506
2539
2520
2502
2572
2448
2495
2539
2485
2527
2489
2496
2404
2466
2367
2393
2507
2535
2494
2491
2501
2521
2449
2525
2483
2540
2482
2423
2474
2518
2438
2475
2540
2521
2489
2462
2544
2474
2281
2507
2437
2554
2475
2460
2508
2482
2382
2459
2451
2473
2463
3486
2339
2493
2466
2485
2467
2484
2519
2449
2538
2474
2554
2500
2481
2449
2488
2518
2511
2528
2497
2464
2519
2477
2458
2512
2793
2661
2434
2566
2492
2468
2519
2513
2485
2483
2494
2555
2500
2460
2465
2504
2499
2504
2473
2500
2476
2506
2472
2506
2485
2471
2554
2545
2490
2510
2532
2495
2448
2404
2470
2483
2477
2453
2521
2512
2463
2458
2454
2572
2524
2470
2484
2492
2506
2433
2556
2479
2448
2463
2499
2484
2462
2494
2450
2477
2523
1775
1804
1838
1810
1755
1718
2263
2473
2477
2526
2466
2291
2350
2412
2421
2505
2110
2434
2455
2473
2493
2253
2473
2264
