331
331
451
394
437
446
440
450
379
451
444
453
449
450
448
454
442
454
450
446
626
624
627
660
669
672
664
667
678
675
670
687
714
735
701
702
759
754
756
759
782
800
829
808
822
830
909
870
889
876
921
875
871
940
963
996
952
960
1057
967
1092
891
865
878
870
1042
1078
1046
1046
1074
1039
1032
1090
1041
1050
1073
1037
1039
1046
860
896
1037
1044
1073
1127
1044
1049
1047
1038
1068
1049
1042
1045
1036
1045
860
871
896
859
1067
1060
1048
1069
1055
1043
1059
863
865
904
1037
628
1042
1034
1056
1037
1051
1085
1033
1046
1061
1033
1048
1064
1047
1036
1069
1042
1050
1070
1046
870
1040
1042
1165
1037
1050
1048
1038
1041
1065
1042
1046
1068
1038
1041
1072
1032
1055
1074
856
874
871
875
1072
1037
1037
1077
1040
1043
1053
1038
1046
1068
1037
1040
1063
1034
1053
1053
1039
1039
1067
1033
1043
1057
1028
1048
1050
1031
1034
1057
936
870
869
867
1065
1048
1050
1056
1044
1050
1051
1044
1053
1060
1043
1042
1050
1046
1061
1039
1037
1060
1041
1041
1068
1044
1050
1047
1046
1052
1036
1048
1055
1040
1041
1036
1039
1064
872
864
874
876
1042
1036
1068
1040
1028
1074
1034
1132
1061
1027
1050
1060
1036
1053
1067
1046
1044
1048
1038
1047
1066
1043
1044
1053
1036
1035
1056
1028
1039
1035
1039
1043
1033
1041
1051
1038
1057
1049
1047
1052
871
872
878
863
1046
1084
1041
1035
1067
1037
1040
1064
1028
1035
1062
1039
1126
897
1047
1043
1078
1035
1053
1027
1044
1044
1034
1036
1048
1044
1039
1073
1046
1033
1091
1034
1040
1091
1041
1035
1101
1034
1048
903
874
870
865
1038
1066
1042
1035
1090
1040
1040
1078
1043
1022
1072
1033
1036
1064
1032
1035
1075
1034
1124
1071
1038
1037
1075
1025
1050
1060
1028
1045
1058
1032
1044
1063
1025
1056
1046
1033
1046
1033
1025
1084
1030
1029
1076
1045
1046
1074
1043
1039
1074
1032
1028
1076
1027
876
890
863
908
1047
1040
1080
1046
1033
1076
1031
1035
1093
1133
1040
1053
1060
1047
1042
1067
1032
1050
1038
1043
1060
1029
1040
1071
1037
1054
1067
1031
1045
1055
1039
1046
1055
1054
1043
1070
1034
1050
1054
1041
1048
1063
1037
1046
1078
1026
1047
1034
1038
1037
1034
1033
1070
1041
1039
1061
1050
1040
1154
865
880
870
869
1036
1043
1046
1068
1034
1044
1061
1043
1044
1052
1035
1045
1053
860
1085
1037
1049
1070
1049
1047
1065
1053
1046
1083
1038
1050
1219
971
948
962
946
951
961
945
942
945
952
984
946
951
958
946
948
947
948
975
948
947
963
949
945
944
946
975
948
941
970
943
945
947
805
833
804
808
951
960
961
948
947
976
942
942
945
941
961
944
947
964
946
944
946
942
968
944
947
958
943
944
942
940
972
940
943
950
939
942
940
942
963
941
947
948
939
946
945
942
976
941
947
943
944
956
945
943
964
946
948
940
940
948
947
944
964
938
943
949
941
949
944
945
973
946
944
952
948
940
941
944
969
948
945
953
947
942
948
943
973
945
944
959
943
944
947
944
965
940
943
959
944
939
942
937
974
938
944
972
940
948
942
943
960
945
944
958
940
947
945
943
967
941
943
951
808
807
808
817
945
945
945
942
962
961
942
943
947
943
962
943
945
944
814
962
943
946
952
955
963
944
946
964
942
942
937
946
963
944
942
960
939
942
946
942
974
937
940
960
944
947
946
941
957
945
943
941
947
963
947
945
952
943
939
946
941
960
947
943
965
942
943
946
942
962
940
940
956
943
939
947
944
989
946
945
963
941
947
942
942
964
944
945
961
943
942
949
944
974
940
937
963
936
945
945
940
810
692
691
941
939
960
945
940
940
943
962
942
939
961
943
943
945
938
970
939
937
957
937
944
944
942
964
945
943
956
940
943
937
941
965
938
946
962
941
945
942
941
973
943
944
954
940
944
938
945
960
943
945
952
943
945
944
944
960
940
946
962
943
945
941
937
964
940
942
938
943
957
939
940
961
939
946
941
937
962
941
944
962
945
946
944
945
978
939
945
962
944
949
942
946
940
945
944
962
945
944
954
939
938
940
941
960
943
939
955
807
809
809
809
971
941
949
945
946
962
943
944
957
946
946
943
944
965
948
942
959
946
944
957
943
942
943
939
957
939
941
938
943
972
946
940
955
944
941
945
942
974
943
941
961
941
944
946
942
962
948
939
967
939
944
944
943
952
943
941
950
941
941
944
941
952
942
942
793
943
943
962
945
942
940
943
959
944
940
957
945
941
937
942
960
940
943
961
942
942
943
942
1049
933
946
971
942
947
961
945
946
945
947
974
949
943
958
947
943
939
945
963
948
943
962
943
947
942
945
967
949
941
969
941
943
946
943
983
945
945
956
946
941
947
943
975
949
942
959
944
945
946
943
964
944
942
959
944
942
949
946
961
947
493
503
493
493
501
467
718
946
941
942
944
717
944
951
941
944
699
946
943
944
944
711
942
941
