0
35
35
35
55
55
99
99
132
132
159
159
203
203
241
241
268
268
319
319
358
358
399
399
424
424
469
469
514
514
548
548
597
597
636
636
670
670
693
693
737
737
776
776
804
804
853
853
891
891
921
921
942
942
985
985
1030
1030
1058
1058
1108
1108
1146
1146
1182
1182
1211
1211
1258
1258
1295
1295
1322
1322
1371
1371
1410
1410
1444
1444
1466
1466
1513
1513
1551
1551
1584
1584
1633
1633
1672
1672
1705
1705
1727
1727
1771
1771
1809
1809
1837
1837
1886
1886
1925
1925
1957
1957
1980
1980
2041
2041
2080
2080
2114
2114
2163
2163
2210
2210
2244
2244
2270
2270
2321
2321
2358
2358
2386
2386
2435
2435
2474
2474
2509
2509
2531
2531
2577
2577
2619
2619
2647
2647
2696
2696
2736
2736
2770
2770
2792
2792
2835
2835
2873
2873
2901
2901
2951
2951
2997
2997
3030
3030
3053
3053
3096
3096
3134
3134
3162
3162
3211
3211
3250
3250
3283
3283
3310
3310
3355
3355
3416
3416
3443
3443
3491
3491
3535
3535
3566
3566
3589
3589
3633
3633
3672
3672
3702
3702
3751
3751
3797
3797
3838
3838
3860
3860
3911
3911
3947
3947
3975
3975
4024
4024
4063
4063
4102
4102
4124
4124
4173
4173
4218
4218
4248
4248
4297
4297
4336
4336
4378
4378
4401
4401
4449
4449
4487
4487
4520
4520
4569
4569
4615
4615
4649
4649
4672
4672
4718
4718
4759
4759
4788
4788
4838
4838
4885
4885
4925
4925
4947
4947
4992
4992
5030
5030
5065
5065
5115
5115
5161
5161
5201
5201
5224
5224
5273
5273
5317
5317
5350
5350
5400
5400
5440
5440
5476
5476
5499
5499
5543
5543
5588
5588
5621
5621
5672
5672
5718
5718
5756
5756
5778
5778
5823
5823
5864
5864
5893
5893
5943
5943
6003
6003
6033
6033
6055
6055
6103
6103
6147
6147
6176
6176
6225
6225
6264
6264
6304
6304
6329
6329
6378
6378
6423
6423
6457
6457
6506
6506
6545
6545
6579
6579
6601
6601
6646
6646
6684
6684
6719
6719
6770
6770
6816
6816
6850
6850
6873
6873
6919
6919
6964
6964
6998
6998
7049
7049
7087
7087
7121
7121
7144
7144
7189
7189
7227
7227
7256
7256
7305
7305
7354
7354
7388
7388
7415
7415
7459
7459
7497
7497
7526
7526
7575
7575
7622
7622
7655
7655
7678
7678
7725
7725
7763
7763
7793
7793
7843
7843
7881
7881
7921
7921
7949
7949
7992
7992
8035
8035
8062
8062
8113
8113
8161
8161
8196
8196
8219
8219
8264
8264
8311
8311
8345
8345
8395
8395
8434
8434
8473
8473
8494
8494
8537
8537
8575
8575
8602
8602
8682
8682
8728
8728
8763
8763
8786
8786
8830
8830
8868
8868
8897
8897
8947
8947
8987
8987
9021
9021
9044
9044
9088
9088
9126
9126
9160
9160
9209
9209
9248
9248
9280
9280
9307
9307
9355
9355
9395
9395
9424
9424
9472
9472
9524
9524
9557
9557
9580
9580
9625
9625
9663
9663
9693
9693
9743
9743
9789
9789
9824
9824
9852
9852
9900
9900
9946
9946
9975
9975
10024
10024
10063
10063
10092
10092
10112
10112
10156
10156
10190
10190
10214
10214
10266
10266
10305
10305
10343
10343
10370
10370
10418
10418
10456
10456
10484
10484
10533
10533
10572
10572
10611
10611
10634
10634
10683
10683
10721
10721
10754
10754
10804
10804
10843
10843
10875
10875
10904
10904
10948
10948
10994
10994
11023
11023
11073
11073
11119
11119
11161
11161
11183
11183
11232
11232
11277
11277
11306
11306
11356
11356
11412
11412
11448
11448
11472
11472
11517
11517
11552
11552
11579
11579
11629
11629
11668
11668
11702
11702
11725
11725
11777
11777
11823
11823
11851
11851
11901
11901
11940
11940
11970
11970
11992
11992
12041
12041
12079
12079
12112
12112
12162
12162
12201
12201
12240
12240
12263
12263
12308
12308
12353
12353
12387
12387
12437
12437
12485
12485
12526
12526
12550
12550
12594
12594
12632
12632
12660
12660
12710
12710
12749
12749
12784
12784
12807
12807
12852
12852
12903
12903
12933
12933
12982
12982
13022
13022
13054
13054
13074
13074
13119
13119
13156
13156
13182
13182
13232
13232
13274
13274
13306
13306
13327
13327
13372
13372
13417
13417
13446
13446
13495
13495
13534
13534
13568
13568
13591
13591
13636
13636
13674
13674
13709
13709
13759
13759
13799
13799
13834
13834
13861
13861
13906
13906
13944
13944
13972
13972
14035
14035
14076
14076
14111
14111
14133
14133
14178
14178
14223
14223
14252
14252
14302
14302
14341
14341
14375
14375
14398
14398
14443
14443
14481
14481
14515
14515
14568
14568
14607
14607
14640
14640
14662
14662
14706
14706
14748
14748
14777
14777
14827
14827
14889
14889
14924
14924
14953
14953
14996
14996
15034
15034
15063
15063
15112
15112
15151
15151
15192
15192
15215
15215
15263
15263
15301
15301
15330
15330
15380
15380
15426
15426
15460
15460
15483
15483
15531
15531
15570
15570
15595
15595
15645
15645
15691
15691
15725
15725
15750
15750
15797
15797
15832
15832
15861
15861
15910
15910
15950
15950
15989
15989
16015
16015
16063
16063
16101
16101
16129
16129
16179
16179
16219
16219
16258
16258
16281
16281
16326
16326
16376
16376
16409
16409
16457
16457
16503
16503
16544
16544
16567
16567
16611
16611
16654
16654
16683
16683
16733
16733
16772
16772
16812
16812
16834
16834
16879
16879
16926
16926
16958
16958
17008
17008
17047
17047
17088
17088
17111
17111
17159
17159
17200
17200
17228
17228
17278
17278
17317
17317
17351
17351
17377
17377
17422
17422
17460
17460
17489
17489
17540
17540
17579
17579
17609
17609
17644
17644
17689
17689
17732
17732
17762
17762
17812
17812
17852
17852
17891
17891
17914
17914
17958
17958
17996
17996
18025
18025
18075
18075
18121
18121
18155
18155
18180
18180
18235
18235
18275
18275
18303
18303
18353
18353
18392
18392
18426
18426
18449
18449
18496
18496
18533
18533
18566
18566
18616
18616
18655
18655
18689
18689
18712
18712
18756
18756
18794
18794
18824
18824
18873
18873
18918
18918
18958
18958
18981
18981
19025
19025
19063
19063
19091
19091
19142
19142
19181
19181
19215
19215
19236
19236
19282
19282
19320
19320
19352
19352
19402
19402
19441
19441
19472
19472
19499
19499
19543
19543
19582
19582
19611
19611
19661
19661
19700
19700
19738
19738
19770
19770
19823
19823
19870
19870
19904
19904
19954
19954
19993
19993
20033
20033
20060
20060
20104
20104
20148
20148
20183
20183
20233
20233
20276
20276
20310
20310
20350
20350
20394
20394
20433
20433
20468
20468
20518
20518
20557
20557
20591
20591
20614
20614
20659
20659
20693
20693
20720
20720
20770
20770
20817
20817
20857
20857
20880
20880
20926
20926
20970
20970
20998
20998
21048
21048
21088
21088
21122
21122
21145
21145
21192
21192
21231
21231
21259
21259
21308
21308
21347
21347
21382
21382
21405
21405
21450
21450
21495
21495
21525
21525
21575
21575
21621
21621
21662
21662
21685
21685
21732
21732
21776
21776
21810
21810
21859
21859
21898
21898
21933
21933
21956
21956
22000
22000
22038
22038
22070
22070
22119
22119
22158
22158
22194
22194
22215
22215
22259
22259
22297
22297
22326
22326
22375
22375
22421
22421
22455
22455
22478
22478
22522
22522
22560
22560
22589
22589
22638
22638
22676
22676
22712
22712
22735
22735
22784
22784
22829
22829
22857
22857
22907
22907
22953
22953
22987
22987
23010
23010
23058
23058
23104
23104
23137
23137
23187
23187
23226
23226
23260
23260
23283
23283
23327
23327
23365
23365
23394
23394
23443
23443
23491
23491
23530
23530
23553
23553
23597
23597
23643
23643
23677
23677
23727
23727
23769
23769
23803
23803
23829
23829
23873
23873
23911
23911
23945
23945
23995
23995
24033
24033
24067
24067
24092
24092
24136
24136
24173
24173
24202
24202
24253
24253
24292
24292
24332
24332
24355
24355
24400
24400
24437
24437
24466
24466
24516
24516
24556
24556
24588
24588
24611
24611
24656
24656
24701
24701
24729
24729
24780
24780
24819
24819
24853
24853
24880
24880
24929
24929
24967
24967
24995
24995
25045
25045
25092
25092
25127
25127
25153
25153
25197
25197
25232
25232
25258
25258
25307
25307
25357
25357
25397
25397
25424
25424
25469
25469
25507
25507
25542
25542
25592
25592
25641
25641
25685
25685
25708
25708
25753
25753
25794
25794
25822
25822
25871
25871
25910
25910
25944
25944
25966
25966
26011
26011
26056
26056
26084
26084
26134
26134
26180
26180
26215
26215
26237
26237
26286
26286
26325
26325
26355
26355
26404
26404
26443
26443
26477
26477
26500
26500
26545
26545
26595
26595
26629
26629
26680
26680
26719
26719
26748
26748
26777
26777
26822
26822
26859
26859
26892
26892
26942
26942
26981
26981
27014
27014
27036
27036
27081
27081
27119
27119
27168
27168
27218
27218
27263
27263
27297
27297
27320
27320
27365
27365
27410
27410
27444
27444
27494
27494
27533
27533
27567
27567
27590
27590
27638
27638
27676
27676
27704
27704
27754
27754
27793
27793
27836
27836
27858
27858
27903
27903
27947
27947
27975
27975
28025
28025
28065
28065
28099
28099
28121
28121
28169
28169
28214
28214
28244
28244
28293
28293
28333
28333
28366
28366
28387
28387
28431
28431
28472
28472
28499
28499
28549
28549
28592
28592
28625
28625
28651
28651
28696
28696
28735
28735
28764
28764
28814
28814
28853
28853
28894
28894
28920
28920
28964
28964
29010
29010
29039
29039
29088
29088
29135
29135
29169
29169
29191
29191
29241
29241
29284
29284
29317
29317
29366
29366
29405
29405
29440
29440
29461
29461
29506
29506
29551
29551
29581
29581
29630
29630
29669
29669
29713
29713
29736
29736
29786
29786
29824
29824
29855
29855
29905
29905
29952
29952
29993
29993
30015
30015
30064
30064
30104
30104
30132
30132
30182
30182
30221
30221
30267
30267
30291
30291
30336
30336
30375
30375
30404
30404
30454
30454
30501
30501
30540
30540
30568
30568
30612
30612
30658
30658
30687
30687
30737
30737
30785
30785
30819
30819
30845
30845
30892
30892
30930
30930
30958
30958
31008
31008
31052
31052
31087
31087
31110
31110
31155
31155
31194
31194
31223
31223
31274
31274
31319
31319
31348
31348
31377
31377
31422
31422
31472
31472
31501
31501
31551
31551
31597
31597
31636
31636
31659
31659
31704
31704
31742
31742
31792
31792
31842
31842
31881
31881
31915
31915
31937
31937
31982
31982
32022
32022
32051
32051
32101
32101
32141
32141
32175
32175
32197
32197
32246
32246
32286
32286
32315
32315
32366
32366
32412
32412
32451
32451
32479
32479
32528
32528
32566
32566
32595
32595
32644
32644
32683
32683
32717
32717
32744
32744
32792
32792
32830
32830
32863
32863
32912
32912
32950
32950
32983
32983
33009
33009
33057
33057
33095
33095
33129
33129
33178
33178
33224
33224
33258
33258
33284
33284
33332
33332
33370
33370
33398
33398
33447
33447
33486
33486
33520
33520
33547
33547
33595
33595
33634
33634
33667
33667
33716
33716
33769
33769
33804
33804
33827
33827
33874
33874
33911
33911
33940
33940
33988
33988
34036
34036
34075
34075
34102
34102
34145
34145
34183
34183
34215
34215
34265
34265
34312
34312
34352
34352
34379
34379
34423
34423
34467
34467
34495
34495
34543
34543
34589
34589
34623
34623
34646
34646
34689
34689
34727
34727
34755
34755
34804
34804
34851
34851
34890
34890
34913
34913
34958
34958
35002
35002
35030
35030
35079
35079
35118
35118
35150
35150
35179
35179
35227
35227
35265
35265
35297
35297
35347
35347
35393
35393
35427
35427
35449
35449
35504
35504
35538
35538
35570
35570
35618
35618
35658
35658
35692
35692
35714
35714
35758
35758
35792
35792
35823
35823
35873
35873
35919
35919
35953
35953
35978
35978
36023
36023
36060
36060
36088
36088
36137
36137
36177
36177
36217
36217
36240
36240
36284
36284
36322
36322
36351
36351
36400
36400
36439
36439
36473
36473
36495
36495
36544
36544
36583
36583
36612
36612
36661
36661
36700
36700
36741
36741
36764
36764
36809
36809
36852
36852
36885
36885
36935
36935
36974
36974
37008
37008
37034
37034
37078
37078
37117
37117
37145
37145
37194
37194
37234
37234
37273
37273
37295
37295
37340
37340
37378
37378
37411
37411
37461
37461
37508
37508
37541
37541
37567
37567
37611
37611
37656
37656
37685
37685
37735
37735
37774
37774
37810
37810
37832
37832
37876
37876
37918
37918
37945
37945
37996
37996
38035
38035
38070
38070
38093
38093
38138
38138
38176
38176
38204
38204
38254
38254
38293
38293
38327
38327
38357
38357
38406
38406
38444
38444
38476
38476
38526
38526
38565
38565
38599
38599
38622
38622
38667
38667
38711
38711
38741
38741
38793
38793
38834
38834
38867
38867
38888
38888
38933
38933
38978
38978
39013
39013
39063
39063
39102
39102
39136
39136
39159
39159
39208
39208
39246
39246
39275
39275
39324
39324
39364
39364
39405
39405
39428
39428
39475
39475
39513
39513
39543
39543
39592
39592
39639
39639
39680
39680
39707
39707
39751
39751
39797
39797
39825
39825
39874
39874
39913
39913
39953
39953
39980
39980
40027
40027
40067
40067
40097
40097
40146
40146
40185
40185
40219
40219
40249
40249
40292
40292
40327
40327
40354
40354
40405
40405
40447
40447
40480
40480
40501
40501
40546
40546
40584
40584
40611
40611
40661
40661
40707
40707
40741
40741
40764
40764
40808
40808
40847
40847
40875
40875
40928
40928
40991
40991
41033
41033
41056
41056
41101
41101
41147
41147
41177
41177
41226
41226
41280
41280
41320
41320
41343
41343
41387
41387
41422
41422
41448
41448
41497
41497
41545
41545
41585
41585
41607
41607
41653
41653
41687
41687
41715
41715
41765
41765
41805
41805
41839
41839
41867
41867
41916
41916
41956
41956
41989
41989
42038
42038
42085
42085
42119
42119
42142
42142
42186
42186
42231
42231
42265
42265
42316
42316
42355
42355
42388
42388
42410
42410
42459
42459
42497
42497
42529
42529
42580
42580
42627
42627
42661
42661
42684
42684
42733
42733
42771
42771
42801
42801
42851
42851
42890
42890
42923
42923
42946
42946
42994
42994
43041
43041
43070
43070
43120
43120
43159
43159
43197
43197
43220
43220
43270
43270
43318
43318
43347
43347
43400
43400
43439
43439
43477
43477
43500
43500
43545
43545
43583
43583
43611
43611
43662
43662
43701
43701
43735
43735
43760
43760
43806
43806
43844
43844
43879
43879
43928
43928
43968
43968
44000
44000
44023
44023
44068
44068
44113
44113
44141
44141
44191
44191
44239
44239
44273
44273
44296
44296
44341
44341
44386
44386
44416
44416
44465
44465
44504
44504
44544
44544
44571
44571
44619
44619
44664
44664
44694
44694
44744
44744
44783
44783
44817
44817
44840
44840
44885
44885
44922
44922
44947
44947
44997
44997
45036
45036
45069
45069
45095
45095
45140
45140
45178
45178
45212
45212
45261
45261
45312
45312
45347
45347
45370
45370
45414
45414
45452
45452
45481
45481
45530
45530
45569
45569
45603
45603
45625
45625
45673
45673
45707
45707
45741
45741
45791
45791
45830
45830
45865
45865
45892
45892
45936
45936
45974
45974
46003
46003
46052
46052
46092
46092
46132
46132
46155
46155
46200
46200
46238
46238
46265
46265
46315
46315
46354
46354
46390
46390
46412
46412
46456
46456
46494
46494
46520
46520
46570
46570
46618
46618
46654
46654
46677
46677
46721
46721
46758
46758
46787
46787
46837
46837
46876
46876
46910
46910
46932
46932
46978
46978
47016
47016
47045
47045
47093
47093
47132
47132
47165
47165
47188
47188
47231
47231
47269
47269
47298
47298
47345
47345
47384
47384
47418
47418
47444
47444
47487
47487
47525
47525
47554
47554
47602
47602
47649
47649
47683
47683
47714
47714
47761
47761
47799
47799
47833
47833
47882
47882
47920
47920
47949
47949
47971
47971
48016
48016
48054
48054
48082
48082
48131
48131
48177
48177
48211
48211
48234
48234
48281
48281
48319
48319
48350
48350
48399
48399
48441
48441
48481
48481
48504
48504
48547
48547
48593
48593
48621
48621
48670
48670
48717
48717
48751
48751
48780
48780
48824
48824
48869
48869
48897
48897
48946
48946
48985
48985
49019
49019
49046
49046
49090
49090
49148
49148
49177
49177
49226
49226
49265
49265
49299
49299
49322
49322
49368
49368
49413
49413
49447
49447
49496
49496
49534
49534
49567
49567
49593
49593
49636
49636
49674
49674
49703
49703
49751
49751
49796
49796
49830
49830
49856
49856
49905
49905
49950
49950
49980
49980
50029
50029
50067
50067
50101
50101
50127
50127
50171
50171
50209
50209
50237
50237
50286
50286
50325
50325
50358
50358
50381
50381
50425
50425
50469
50469
50497
50497
50546
50546
50593
50593
50628
50628
50654
50654
50698
50698
50743
50743
50773
50773
50822
50822
50868
50868
50902
50902
50925
50925
50974
50974
51007
51007
51035
51035
51084
51084
51122
51122
51156
51156
51178
51178
51222
51222
51267
51267
51295
51295
51344
51344
51383
51383
51417
51417
51444
51444
51493
51493
51533
51533
51565
51565
51615
51615
51663
51663
51697
51697
51724
51724
51772
51772
51811
51811
51838
51838
51886
51886
51929
51929
51964
51964
51990
51990
52037
52037
52081
52081
52110
52110
52157
52157
52205
52205
52246
52246
52272
52272
52316
52316
52361
52361
52395
52395
52443
52443
52482
52482
52517
52517
52546
52546
52593
52593
52637
52637
52665
52665
52713
52713
52754
52754
52787
52787
52815
52815
52881
52881
52935
52935
52976
52976
53071
53071
53142
53142
53184
53184
53208
53208
53255
53255
53300
53300
53329
53329
53378
53378
53417
53417
53457
53457
53480
53480
53524
53524
53569
53569
53598
53598
53646
53646
53685
53685
53719
53719
53742
53742
53787
53787
53825
53825
53853
53853
53902
53902
53941
53941
53975
53975
54001
54001
54045
54045
54079
54079
54104
54104
54153
54153
54192
54192
54226
54226
54249
54249
54300
54300
54338
54338
54366
54366
54415
54415
54455
54455
54489
54489
54511
54511
54559
54559
54604
54604
54632
54632
54681
54681
54720
54720
54759
54759
54781
54781
54827
54827
54873
54873
54903
54903
54952
54952
54995
54995
55032
55032
55055
55055
55099
55099
55137
55137
55170
55170
55220
55220
55259
55259
55293
55293
55320
55320
55368
55368
55407
55407
55441
55441
55491
55491
55537
55537
55571
55571
55594
55594
55638
55638
55675
55675
55703
55703
55752
55752
55791
55791
55832
55832
55855
55855
55903
55903
55941
55941
55973
55973
56022
56022
56068
56068
56102
56102
56124
56124
56173
56173
56217
56217
56246
56246
56296
56296
56335
56335
56369
56369
56392
56392
56437
56437
56471
56471
56498
56498
56546
56546
56593
56593
56627
56627
56653
56653
56700
56700
56739
56739
56773
56773
56821
56821
56860
56860
56899
56899
56922
56922
56965
56965
57009
57009
57037
57037
57086
57086
57131
57131
57162
57162
57189
57189
57232
57232
57270
57270
57299
57299
57349
57349
57387
57387
57421
57421
57448
57448
57492
57492
57560
57560
57590
57590
57639
57639
57680
57680
57714
57714
57737
57737
57785
57785
57823
57823
57856
57856
57905
57905
57952
57952
57986
57986
58008
58008
58051
58051
58089
58089
58118
58118
58166
58166
58208
58208
58248
58248
58270
58270
58315
58315
58359
58359
58393
58393
58444
58444
58492
58492
58526
58526
58552
58552
58600
58600
58639
58639
58665
58665
58713
58713
58758
58758
58799
58799
58825
58825
58869
58869
58906
58906
58934
58934
58983
58983
59029
59029
59063
59063
59087
59087
59135
59135
59179
59179
59208
59208
59257
59257
59296
59296
59329
59329
59352
59352
59395
59395
59440
59440
59470
59470
59518
59518
59557
59557
59591
59591
59613
59613
59657
59657
59701
59701
59735
59735
59783
59783
59821
59821
59856
59856
59885
59885
59929
59929
59972
59972
59997
59997
60046
60046
60085
60085
60119
60119
60142
60142
60185
60185
60224
60224
60252
60252
60300
60300
60339
60339
60373
60373
60396
60396
60438
60438
60476
60476
60510
60510
60559
60559
60598
60598
60630
60630
60652
60652
60696
60696
60734
60734
60763
60763
60812
60812
60862
60862
60896
60896
60919
60919
60966
60966
61003
61003
61031
61031
61078
61078
61117
61117
61149
61149
61171
61171
61214
61214
61258
61258
61287
61287
61335
61335
61374
61374
61409
61409
61432
61432
61474
61474
61513
61513
61547
61547
61596
61596
61642
61642
61676
61676
61698
61698
61742
61742
61775
61775
61807
61807
61855
61855
61894
61894
61927
61927
61949
61949
61993
61993
62030
62030
62058
62058
62107
62107
62146
62146
62179
62179
62201
62201
62244
62244
62282
62282
62311
62311
62359
62359
62405
62405
62446
62446
62472
62472
62521
62521
62562
62562
62595
62595
62643
62643
62683
62683
62722
62722
62745
62745
62799
62799
62837
62837
62870
62870
62919
62919
62958
62958
62991
62991
63013
63013
63057
63057
63095
63095
63124
63124
63174
63174
63213
63213
63251
63251
63274
63274
63317
63317
63353
63353
63382
63382
63431
63431
63476
63476
63510
63510
63537
63537
63582
63582
63621
63621
63655
63655
63704
63704
63743
63743
63778
63778
63806
63806
63851
63851
63889
63889
63918
63918
63968
63968
64008
64008
64042
64042
64068
64068
64112
64112
64152
64152
64180
64180
64230
64230
64269
64269
64302
64302
64324
64324
64373
64373
64412
64412
64440
64440
64490
64490
64537
64537
64572
64572
64596
64596
64641
64641
64676
64676
64700
64700
64749
64749
64787
64787
64817
64817
64837
64837
64880
64880
64918
64918
64951
64951
65000
65000
65039
65039
65073
65073
65099
65099
65146
65146
65192
65192
65225
65225
65275
65275
65314
65314
65348
65348
65370
65370
65415
65415
65453
65453
65487
65487
65537
65537
65576
65576
65615
65615
65638
65638
65685
65685
65723
65723
65757
65757
65807
65807
65847
65847
65879
65879
65902
65902
65951
65951
65991
65991
66020
66020
66069
66069
66120
66120
66155
66155
66177
66177
66221
66221
66263
66263
66294
66294
66343
66343
66383
66383
66418
66418
66442
66442
66489
66489
66527
66527
66560
66560
66610
66610
66648
66648
66682
66682
66709
66709
66753
66753
66798
66798
66833
66833
66883
66883
66935
66935
66977
66977
67001
67001
67044
67044
67083
67083
67111
67111
67161
67161
67201
67201
67242
67242
67265
67265
67310
67310
67348
67348
67382
67382
67431
67431
67478
67478
67518
67518
67542
67542
67586
67586
67626
67626
67659
67659
67717
67717
67756
67756
67788
67788
67809
67809
67854
67854
67892
67892
67920
67920
67970
67970
68014
68014
68055
68055
68078
68078
68123
68123
68161
68161
68191
68191
68241
68241
68280
68280
68314
68314
68337
68337
68381
68381
68419
68419
68449
68449
68499
68499
68545
68545
68578
68578
68601
68601
68646
68646
68684
68684
68712
68712
68761
68761
68800
68800
68834
68834
68861
68861
68906
68906
68944
68944
68987
68987
69036
69036
69083
69083
69128
69128
69151
69151
69195
69195
69229
69229
69255
69255
69305
69305
69352
69352
69386
69386
69413
69413
69461
69461
69499
69499
69534
69534
69583
69583
69629
69629
69663
69663
69687
69687
69736
69736
69781
69781
69811
69811
69860
69860
69899
69899
69933
69933
69960
69960
70005
70005
70050
70050
70079
70079
70129
70129
70168
70168
70202
70202
70229
70229
70273
70273
70310
70310
70342
70342
70392
70392
70438
70438
70474
70474
70511
70511
70557
70557
70596
70596
70624
70624
70674
70674
70713
70713
70748
70748
70770
70770
70813
70813
70852
70852
70885
70885
70935
70935
70974
70974
71008
71008
71031
71031
71076
71076
71114
71114
71143
71143
71193
71193
71239
71239
71273
71273
71296
71296
71340
71340
71378
71378
71406
71406
71455
71455
71503
71503
71538
71538
71561
71561
71605
71605
71650
71650
71680
71680
71729
71729
71768
71768
71802
71802
71825
71825
71872
71872
71909
71909
71942
71942
71991
71991
72038
72038
72080
72080
72107
72107
72152
72152
72199
72199
72228
72228
72286
72286
72325
72325
72358
72358
72390
72390
72438
72438
72476
72476
72504
72504
72554
72554
72594
72594
72632
72632
72655
72655
72700
72700
72738
72738
72768
72768
72818
72818
72858
72858
72892
72892
72914
72914
72963
72963
73001
73001
73029
73029
73079
73079
73118
73118
73158
73158
73181
73181
73225
73225
73263
73263
73293
73293
73343
73343
73390
73390
73429
73429
73453
73453
73502
73502
73545
73545
73574
73574
73624
73624
73670
73670
73706
73706
73728
73728
73772
73772
73815
73815
73849
73849
73899
73899
73938
73938
73972
73972
73999
73999
74044
74044
74082
74082
74117
74117
74167
74167
74214
74214
74248
74248
74271
74271
74319
74319
74357
74357
74392
74392
74441
74441
74487
74487
74521
74521
74544
74544
74589
74589
74632
74632
74661
74661
74710
74710
74757
74757
74798
74798
74824
74824
74869
74869
74914
74914
74942
74942
74993
74993
75032
75032
75066
75066
75090
75090
75135
75135
75179
75179
75208
75208
75258
75258
75297
75297
75330
75330
75352
75352
75397
75397
75435
75435
75463
75463
75513
75513
75559
75559
75594
75594
75621
75621
75665
75665
75711
75711
75741
75741
75790
75790
75830
75830
75864
75864
75890
75890
75938
75938
75977
75977
76005
76005
76055
76055
76095
76095
76136
76136
76159
76159
76207
76207
76252
76252
76282
76282
76331
76331
76377
76377
76416
76416
76439
76439
76483
76483
76521
76521
76549
76549
76599
76599
76638
76638
76679
76679
76702
76702
76746
76746
76787
76787
76816
76816
76865
76865
76905
76905
76935
76935
76956
76956
77001
77001
77046
77046
77081
77081
77131
77131
77171
77171
77210
77210
77234
77234
77278
77278
77320
77320
77350
77350
77399
77399
77446
77446
77487
77487
77511
77511
77555
77555
77590
77590
77617
77617
77667
77667
77706
77706
77739
77739
77762
77762
77807
77807
77845
77845
77873
77873
77923
77923
77969
77969
78004
78004
78035
78035
78081
78081
78126
78126
78155
78155
78205
78205
78252
78252
78287
78287
78310
78310
78355
78355
78399
78399
78425
78425
78476
78476
78521
78521
78562
78562
78589
78589
78637
78637
78676
78676
78710
78710
78760
78760
78806
78806
78861
78861
78884
78884
78928
78928
78966
78966
78999
78999
79050
79050
79095
79095
79133
79133
79156
79156
79205
79205
79243
79243
79272
79272
79320
79320
79360
79360
79399
79399
79422
79422
79466
79466
79510
79510
79538
79538
79589
79589
79649
79649
79684
79684
79707
79707
79751
79751
79789
79789
79819
79819
79868
79868
79915
79915
79950
79950
79970
79970
80018
80018
80062
80062
80095
80095
80143
80143
80190
80190
80224
80224
80246
80246
80300
80300
80345
80345
80373
80373
80423
80423
80476
80476
80511
80511
80534
80534
80582
80582
80627
80627
80656
80656
80706
80706
80752
80752
80788
80788
80814
80814
80858
80858
80897
80897
80930
80930
80980
80980
81019
81019
81060
81060
81084
81084
81128
81128
81167
81167
81195
81195
81244
81244
81283
81283
81318
81318
81345
81345
81389
81389
81435
81435
81468
81468
81519
81519
81558
81558
81588
81588
81613
81613
81660
81660
81699
81699
81732
81732
81781
81781
81828
81828
81869
81869
81896
81896
81957
81957
82007
82007
82036
82036
82086
82086
82125
82125
82159
82159
82186
82186
82232
82232
82270
82270
82298
82298
82347
82347
82399
82399
82433
82433
82456
82456
82500
82500
82539
82539
82572
82572
82622
82622
82666
82666
82699
82699
82720
82720
82764
82764
82810
82810
82845
82845
82894
82894
82933
82933
82967
82967
82993
82993
83045
83045
83086
83086
83118
83118
83167
83167
83206
83206
83240
83240
83267
83267
83312
83312
83357
83357
83385
83385
83435
83435
83474
83474
83508
83508
83531
83531
83576
83576
83614
83614
83642
83642
83692
83692
83731
83731
83765
83765
83787
83787
83832
83832
83870
83870
83899
83899
83949
83949
83989
83989
84022
84022
84045
84045
84090
84090
84128
84128
84156
84156
84206
84206
84245
84245
84279
84279
84302
84302
84346
84346
84384
84384
84412
84412
84462
84462
84508
84508
84545
84545
84573
84573
84621
84621
84659
84659
84687
84687
84736
84736
84776
84776
84808
84808
84835
84835
84879
84879
84917
84917
84946
84946
84996
84996
85036
85036
85070
85070
85104
85104
85147
85147
85193
85193
85222
85222
85271
85271
85323
85323
85364
85364
85387
85387
85434
85434
85472
85472
85500
85500
85551
85551
85590
85590
85624
85624
85646
85646
85695
85695
85734
85734
85764
85764
85813
85813
85853
85853
85892
85892
85915
85915
85964
85964
86009
86009
86037
86037
86087
86087
86126
86126
86159
86159
86181
86181
86225
86225
86263
86263
86290
86290
86339
86339
86379
86379
86412
86412
86441
86441
86485
86485
86525
86525
86554
86554
86604
86604
86643
86643
86677
86677
86703
86703
86748
86748
86794
86794
86823
86823
86873
86873
86912
86912
86952
86952
86979
86979
87027
87027
87065
87065
87094
87094
87142
87142
87189
87189
87223
87223
87245
87245
87288
87288
87334
87334
87363
87363
87413
87413
87451
87451
87485
87485
87508
87508
87555
87555
87592
87592
87620
87620
87669
87669
87714
87714
87748
87748
87774
87774
87819
87819
87862
87862
87896
87896
87946
87946
87986
87986
88043
88043
88067
88067
88111
88111
88150
88150
88182
88182
88232
88232
88279
88279
88313
88313
88340
88340
88388
88388
88426
88426
88455
88455
88505
88505
88544
88544
88578
88578
88603
88603
88651
88651
88689
88689
88717
88717
88767
88767
88831
88831
88861
88861
88883
88883
88928
88928
88967
88967
89002
89002
89052
89052
89091
89091
89127
89127
89155
89155
89200
89200
89242
89242
89271
89271
89321
89321
89360
89360
89394
89394
89418
89418
89464
89464
89510
89510
89539
89539
89588
89588
89628
89628
89663
89663
89686
89686
89730
89730
89768
89768
89796
89796
89845
89845
89894
89894
89929
89929
89951
89951
89995
89995
90033
90033
90062
90062
90112
90112
90159
90159
90194
90194
90217
90217
90262
90262
90299
90299
90327
90327
90377
90377
90417
90417
90450
90450
90478
90478
90523
90523
90560
90560
90586
90586
90637
90637
90676
90676
90711
90711
90732
90732
90776
90776
90823
90823
90851
90851
90900
90900
90939
90939
90973
90973
90995
90995
91040
91040
91078
91078
91107
91107
91156
91156
91203
91203
91244
91244
91275
91275
91319
91319
91357
91357
91386
91386
91436
91436
91475
91475
91509
91509
91535
91535
91579
91579
91618
91618
91646
91646
91696
91696
91743
91743
91781
91781
91821
91821
91865
91865
91910
91910
91944
91944
91993
91993
92032
92032
92067
92067
92090
92090
92138
92138
92173
92173
92200
92200
92249
92249
92288
92288
92322
92322
92345
92345
92389
92389
92434
92434
92462
92462
92512
92512
92551
92551
92585
92585
92609
92609
92654
92654
92692
92692
92724
92724
92774
92774
92815
92815
92850
92850
92877
92877
92922
92922
92960
92960
92989
92989
93039
93039
93079
93079
93114
93114
93137
93137
93185
93185
93224
93224
93252
93252
93301
93301
93347
93347
93382
93382
93409
93409
93452
93452
93490
93490
93519
93519
93568
93568
93606
93606
93639
93639
93668
93668
93712
93712
93749
93749
93777
93777
93826
93826
93873
93873
93913
93913
93937
93937
93981
93981
94027
94027
94055
94055
94105
94105
94144
94144
94178
94178
94200
94200
94246
94246
94284
94284
94317
94317
94366
94366
94406
94406
94440
94440
94462
94462
94506
94506
94544
94544
94572
94572
94622
94622
94661
94661
94701
94701
94723
94723
94769
94769
94812
94812
94845
94845
94895
94895
94934
94934
94968
94968
94991
94991
95035
95035
95074
95074
95109
95109
95161
95161
95200
95200
95236
95236
95259
95259
95303
95303
95348
95348
95377
95377
95427
95427
95466
95466
95497
95497
95522
95522
95570
95570
95615
95615
95649
95649
95699
95699
95738
95738
95772
95772
95795
95795
95839
95839
95877
95877
