0.102429
0.054029
0.058126
0.069209
0.062883
0.058030
0.070908
0.056702
0.062174
0.058284
0.044723
0.091131
0.072735
0.065240
0.071285
0.056879
0.058582
0.063957
0.106819
0.052925
0.074811
0.064206
0.066906
0.061042
0.049323
0.111335
0.081597
0.059755
0.075835
0.057463
0.070302
0.059756
0.113416
0.059177
0.062055
0.060579
0.067797
0.058122
0.054043
0.093067
0.082851
0.069822
0.059926
0.052836
0.051768
0.055984
0.112762
0.057989
0.069243
0.068753
0.059282
0.048174
0.042634
0.089762
0.077089
0.056430
0.073698
0.059711
0.056784
0.056264
0.165335
0.061681
0.079528
0.064928
0.065133
0.057867
0.049546
0.090182
0.080429
0.056629
0.068710
0.058932
0.049128
0.057698
0.114732
0.058036
0.071273
0.044216
0.054021
0.050867
0.049412
0.088021
0.070514
0.058048
0.073560
0.056807
0.050676
0.060544
0.113634
0.049478
0.069599
0.056092
0.059923
0.055894
0.043196
0.089340
0.080330
0.063269
0.068322
0.055951
0.060247
0.057399
0.114361
0.058020
0.082411
0.064260
0.062823
0.056023
0.052328
0.093886
0.081135
0.056448
0.067143
0.052925
0.058370
0.053434
0.113148
0.059786
0.070194
0.055336
0.060361
0.052577
0.058067
0.091786
0.078408
0.066795
0.105693
0.053477
0.053732
0.056276
0.105328
0.056666
0.068901
0.055530
0.058738
0.060590
0.044108
0.089624
0.094904
0.057469
0.068129
0.052932
0.050743
0.054893
0.112743
0.050549
0.064907
0.058253
0.063057
0.059873
0.054485
0.086764
0.081691
0.052422
0.072346
0.063988
0.048539
0.046102
0.116466
0.050807
0.067358
0.059569
0.058882
0.062740
0.044406
0.093205
0.077985
0.056209
0.066759
0.056141
0.060400
0.055738
0.114301
0.058318
0.069757
0.055600
0.061648
0.056094
0.050263
0.093371
0.082058
0.056627
0.074136
0.064420
0.061804
0.054690
0.107343
0.056375
0.069720
0.077206
0.067768
0.059799
0.048597
0.086747
0.077745
0.062495
0.067055
0.055108
0.057896
0.052989
0.113710
0.058011
0.069858
0.061652
0.060314
0.055782
0.075998
0.081830
0.078480
0.066404
0.063171
0.054594
0.058136
0.054522
0.114177
0.058618
0.068286
0.054953
0.064710
0.054249
0.048223
0.091512
0.078144
0.056718
0.066978
0.067650
0.060122
0.057706
0.105028
0.056811
0.070718
0.044327
0.051820
0.052078
0.042913
0.097435
0.069392
0.061177
0.073622
0.056371
0.059101
0.053686
0.105781
0.052387
0.065127
0.052490
0.060342
0.053978
0.044350
0.082144
0.082927
0.065446
0.072258
0.064762
0.089818
0.052639
0.124547
0.059880
0.079681
0.055496
0.062394
0.066464
0.045802
0.093162
0.075453
0.061351
0.066617
0.055497
0.060258
0.060394
0.113742
0.049339
0.075973
0.050064
0.064030
0.057331
0.050331
0.092497
0.081807
0.047742
0.066135
0.054434
0.052439
0.054725
0.111720
0.059171
0.072491
0.050006
0.059675
0.054844
0.050389
0.091206
0.077672
0.055908
0.067706
0.054908
0.046189
0.060040
0.116444
0.058716
0.077995
0.055576
0.066666
0.052694
0.041709
0.090356
0.077242
0.054200
0.074414
0.056081
0.063392
0.056945
0.111807
0.057468
0.095193
0.046235
0.054521
0.050625
0.044341
0.091642
0.080745
0.055707
0.066654
0.062013
0.063232
0.062202
0.117586
0.050730
0.075447
0.057160
0.067515
0.074406
0.048884
0.092678
0.078934
0.057927
0.067063
0.054711
0.060220
0.063534
0.114912
0.057952
0.064217
0.053374
0.066555
0.055993
0.051734
0.093361
0.077785
0.064253
0.067392
0.059348
0.061448
0.056007
0.112103
0.058153
0.069455
0.062227
0.062105
0.061996
0.044487
0.086228
0.082677
0.056268
0.066772
0.054689
0.051142
0.056095
0.113187
0.057092
0.056043
0.053408
0.057394
0.054212
0.044073
0.089789
0.080748
0.062651
0.074801
0.056673
0.060820
0.071181
0.108647
0.063751
0.080130
0.063943
0.067154
0.055892
0.045665
0.092408
0.080547
0.051964
0.071605
0.050417
0.042398
0.047349
0.120974
0.058554
0.077949
0.064439
0.062322
0.056240
0.044417
0.089833
0.080922
0.056285
0.067340
0.055107
0.052460
0.062658
0.107380
0.056424
0.079341
0.055861
0.060027
0.054472
0.042434
0.088935
0.081019
0.055947
0.067214
0.070895
0.050219
0.068405
0.114016
0.067758
0.076126
0.057440
0.060609
0.056352
0.044808
0.092614
0.077645
0.055907
0.075032
0.056354
0.052914
0.053637
0.111543
0.058557
0.078157
0.056063
0.068888
0.056340
0.044578
0.087166
0.072145
0.054928
0.067682
0.061409
0.059258
0.055993
0.152803
0.049351
0.080475
0.055336
0.060655
0.061797
0.050542
0.093117
0.080451
0.048258
0.070186
0.054667
0.053680
0.061604
0.113857
0.059635
0.071167
0.049089
0.059798
0.050622
0.047400
0.088771
0.061151
0.043470
0.052051
0.045319
0.051694
0.051096
0.124990
0.059839
0.072487
0.057296
0.060495
0.061898
0.050866
0.090419
0.080406
0.056611
0.066627
0.054531
0.052158
0.055608
0.111268
0.067995
0.086706
0.057306
0.059287
0.062951
