0, 3453288
1, 4208
2, 4098
3, 4266
4, 7007
5, 6648
6, 5728
7, 5693
8, 6086
9, 6425
10, 5444
11, 5755
12, 5518
13, 5460
14, 5557
15, 5587
16, 5582
17, 5266
18, 5293
19, 5362
20, 6028
21, 5952
22, 6060
23, 5928
24, 5881
25, 5709
26, 5749
27, 5756
28, 5767
29, 5687
30, 5683
31, 5109
32, 5666
33, 5695
34, 5563
35, 5521
36, 5459
37, 7060
38, 8629
39, 6453
40, 3980
41, 3911
42, 3910
43, 3933
44, 3862
45, 3874
46, 4408
47, 4357
48, 4416
49, 4429
50, 4309
51, 4329
52, 4403
53, 4282
54, 4424
55, 4315
56, 4264
57, 4256
58, 4323
59, 4372
60, 4317
61, 4393
62, 4426
63, 4425
64, 4454
65, 4462
66, 4342
67, 4341
68, 4374
69, 4307
70, 4124
71, 4391
72, 4502
73, 4196
74, 4402
75, 5027
76, 7179
77, 3632
78, 5385
79, 3664
80, 3954
81, 3998
82, 3571
83, 4027
84, 3901
85, 3865
86, 3982
87, 3996
88, 3876
89, 3943
90, 3941
91, 3867
92, 3956
93, 3961
94, 4021
95, 3998
96, 3944
97, 3905
98, 3960
99, 3930
100, 3893
101, 3949
102, 3924
103, 3893
104, 3936
105, 3956
106, 3870
107, 3941
108, 4106
109, 4174
110, 4169
111, 4138
112, 4143
113, 5083
114, 6755
115, 5666
116, 3730
117, 3722
118, 3757
119, 3728
120, 3828
121, 3642
122, 3776
123, 3750
124, 3751
125, 3812
126, 3556
127, 3517
128, 3637
129, 3690
130, 3623
131, 3800
132, 3651
133, 3654
134, 3683
135, 3687
136, 3573
137, 3617
138, 3594
139, 3604
140, 3692
141, 3623
142, 3692
143, 3638
144, 3648
145, 3445
146, 3666
147, 3673
148, 3684
149, 3615
150, 3652
151, 4042
152, 6449
153, 5619
154, 3297
155, 3252
156, 3237
157, 3234
158, 3028
159, 3002
160, 3366
161, 3280
162, 3312
163, 3277
164, 3139
165, 3478
166, 3483
167, 3377
168, 3274
169, 3417
170, 3354
171, 3360
172, 3560
173, 3511
174, 3521
175, 3572
176, 3562
177, 3497
178, 3472
179, 3007
180, 3457
181, 3440
182, 3027
183, 3466
184, 3393
185, 3323
186, 3487
187, 3369
188, 3095
189, 3342
190, 6182
191, 5020
192, 3127
193, 3177
194, 3231
195, 3213
196, 3117
197, 3294
198, 3237
199, 3229
200, 2847
201, 3223
202, 3236
203, 3230
204, 3290
205, 3247
206, 3170
207, 3275
208, 3304
209, 3247
210, 3238
211, 3138
212, 3516
213, 3459
214, 3520
215, 3383
216, 3515
217, 3525
218, 3481
219, 3481
220, 3471
221, 3636
222, 3615
223, 3616
224, 3540
225, 3517
226, 3496
227, 3414
228, 4899
229, 6212
230, 5098
231, 2904
232, 3229
233, 3299
234, 3234
235, 3353
236, 3216
237, 3143
238, 3226
239, 3242
240, 2984
241, 3546
242, 3459
243, 3545
244, 3516
245, 3446
246, 3562
247, 3455
248, 3505
249, 3408
250, 3505
251, 3410
252, 3522
253, 3466
254, 3532
255, 3371
256, 3910
257, 3816
258, 3820
259, 3441
260, 4220
261, 3461
262, 3566
263, 3576
264, 3632
265, 3647
266, 4177
267, 6491
268, 3134
269, 4941
270, 3286
271, 3235
272, 3359
273, 3258
274, 3287
275, 3309
276, 3299
277, 3197
278, 3346
279, 3368
280, 3530
281, 3511
282, 3604
283, 3473
284, 3469
285, 3614
286, 3389
287, 3535
288, 3507
289, 3476
290, 3474
291, 3504
292, 3410
293, 3454
294, 3644
295, 3481
296, 3626
297, 3567
298, 3528
299, 3438
300, 3527
301, 3474
302, 3519
303, 3509
304, 4217
305, 6191
306, 3136
307, 5081
308, 2848
309, 2816
310, 2964
311, 3263
312, 3267
313, 3182
314, 3196
315, 3285
316, 3281
317, 3242
318, 3343
319, 3207
320, 3240
321, 3309
322, 3276
323, 3199
324, 3220
325, 3138
326, 3249
327, 3316
328, 3324
329, 3244
330, 3297
331, 3288
332, 3301
333, 3441
334, 3210
335, 3536
336, 2928
337, 3367
338, 3490
339, 3701
340, 3095
341, 3322
342, 3654
343, 6176
344, 5472
345, 3424
346, 3490
347, 3625
348, 3475
349, 3492
350, 3546
351, 3603
352, 3777
353, 3582
354, 3155
355, 3527
356, 3546
357, 3570
358, 3519
359, 3686
360, 3473
361, 3520
362, 3735
363, 3525
364, 3290
365, 3726
366, 3341
367, 3729
368, 3576
369, 3477
370, 3661
371, 3643
372, 3623
373, 3198
374, 3555
375, 3511
376, 3455
377, 3408
378, 3456
379, 3435
380, 3471
381, 3596
382, 6632
383, 5155
384, 3329
385, 3403
386, 3725
387, 3476
388, 3337
389, 3667
390, 3788
391, 3650
392, 3537
393, 3591
394, 3593
395, 3925
396, 3739
397, 3720
398, 3797
399, 3535
400, 3563
401, 3658
402, 3523
403, 3391
404, 3515
405, 3081
406, 3496
407, 3460
408, 3643
409, 3557
410, 3508
411, 3123
412, 3575
413, 3423
414, 3487
415, 3512
416, 3383
417, 3572
418, 3590
419, 3441
420, 3907
421, 6546
422, 3451
423, 5178
424, 3084
425, 3250
426, 3246
427, 3245
428, 3260
429, 3196
430, 3444
431, 3102
432, 3210
433, 3349
434, 3188
435, 3173
436, 3190
437, 3116
438, 3215
439, 3537
440, 3605
441, 3360
442, 3297
443, 3387
444, 3560
445, 3376
446, 3541
447, 3485
448, 3442
449, 3561
450, 3484
451, 3350
452, 3434
453, 3408
454, 3482
455, 3505
456, 3447
457, 3475
458, 4393
459, 6124
460, 5635
461, 3149
462, 3179
463, 3317
464, 3125
465, 3091
466, 3169
467, 3151
468, 3163
469, 3082
470, 3065
471, 3301
472, 3468
473, 3401
474, 3398
475, 3299
476, 3411
477, 3493
478, 3539
479, 3559
480, 3489
481, 3510
482, 3392
483, 3496
484, 3490
485, 3490
486, 3449
487, 3397
488, 3449
489, 3330
490, 3386
491, 3520
492, 3309
493, 3468
494, 3503
495, 3468
496, 5171
497, 3434
498, 4950
499, 3223
500, 3096
501, 3121
502, 3238
503, 3441
504, 3346
505, 3550
506, 3363
507, 3397
508, 3464
509, 3453
510, 3454
511, 3380
512, 3415
513, 3415
514, 3396
515, 3352
516, 3488
517, 3388
518, 3390
519, 3405
520, 3394
521, 3286
522, 3295
523, 3368
524, 3441
525, 3410
526, 3539
527, 3606
528, 3445
529, 3484
530, 3534
531, 3495
532, 3505
533, 3712
534, 5307
535, 3329
536, 5226
537, 3403
538, 3436
539, 3505
540, 3424
541, 3395
542, 3499
543, 3378
544, 3480
545, 3514
546, 3445
547, 3111
548, 3456
549, 3164
550, 3414
551, 3479
552, 3495
553, 3383
554, 3448
555, 3444
556, 3404
557, 3469
558, 3466
559, 3446
560, 3498
561, 3433
562, 3489
563, 3373
564, 3415
565, 3344
566, 3422
567, 3700
568, 3344
569, 3739
570, 3744
571, 3831
572, 4592
573, 6817
574, 3409
575, 5203
576, 3444
577, 3441
578, 3776
579, 3424
580, 3508
581, 3531
582, 3530
583, 3627
584, 3393
585, 3489
586, 3458
587, 3450
588, 4042
589, 3443
590, 3569
591, 3667
592, 3602
593, 3535
594, 3502
595, 3510
596, 3538
597, 3345
598, 3565
599, 3620
600, 3597
601, 3431
602, 3530
603, 3412
604, 3478
605, 3407
606, 3464
607, 3503
608, 3588
609, 3451
610, 4449
611, 6105
612, 3719
613, 4180
614, 3276
615, 3234
616, 3313
617, 3251
618, 3078
619, 3202
620, 3199
621, 3313
622, 3231
623, 3213
624, 3221
625, 3165
626, 3401
627, 3403
628, 3506
629, 3413
630, 3413
631, 3426
632, 3461
633, 3563
634, 3499
635, 3472
636, 3600
637, 3118
638, 3430
639, 3415
640, 3512
641, 3538
642, 3431
643, 3493
644, 3373
645, 3373
646, 3380
647, 3446
648, 4455
649, 6250
650, 3736
651, 4154
652, 3288
653, 3141
654, 3100
655, 3470
656, 3215
657, 3252
658, 3135
659, 3151
660, 3136
661, 3147
662, 3215
663, 3114
664, 3358
665, 3391
666, 3511
667, 3418
668, 3364
669, 3559
670, 3377
671, 3525
672, 3489
673, 3427
674, 3544
675, 3475
676, 3456
677, 3810
678, 3792
679, 3769
680, 3775
681, 3334
682, 3376
683, 3394
684, 3490
685, 3418
686, 4195
687, 6137
688, 5301
689, 3158
690, 3206
691, 3216
692, 3248
693, 3263
694, 3133
695, 3484
696, 3506
697, 3424
698, 3458
699, 3429
700, 3430
701, 3439
702, 3338
703, 3169
704, 3541
705, 3482
706, 3477
707, 3517
708, 3422
709, 3393
710, 3394
711, 3507
712, 3600
713, 3464
714, 3595
715, 3163
716, 3584
717, 3509
718, 3550
719, 3464
720, 3518
721, 3532
722, 3500
723, 3555
724, 3445
725, 6344
726, 5310
727, 3201
728, 3111
729, 3235
730, 3232
731, 3167
732, 3218
733, 3311
734, 3208
735, 3236
736, 3367
737, 3182
738, 3128
739, 3291
740, 3149
741, 3246
742, 3228
743, 3125
744, 3200
745, 3195
746, 3301
747, 3435
748, 3492
749, 3402
750, 3529
751, 3516
752, 3538
753, 3422
754, 3609
755, 3520
756, 3430
757, 3421
758, 3889
759, 3484
760, 3578
761, 3526
762, 3488
763, 4653
764, 6405
765, 5371
766, 3237
767, 3210
768, 3149
769, 3332
770, 3190
771, 3320
772, 3191
773, 3238
774, 2843
775, 3489
776, 5483
777, 3667
778, 3600
779, 3510
780, 3668
781, 3461
782, 3634
783, 3502
784, 3431
785, 3151
786, 3405
787, 3378
788, 3453
789, 4403
790, 3398
791, 3498
792, 3476
793, 3434
794, 3483
795, 3522
796, 3367
797, 3378
798, 3377
799, 3302
800, 3400
801, 3906
802, 6077
803, 3166
804, 4221
805, 3149
806, 3065
807, 3215
808, 3390
809, 3368
810, 3198
811, 3246
812, 3247
813, 3446
814, 3243
815, 3297
816, 3364
817, 3621
818, 3448
819, 3423
820, 3411
821, 3413
822, 3409
823, 3303
824, 3347
825, 3428
826, 3370
827, 3419
828, 3379
829, 3377
830, 3366
831, 3361
832, 3446
833, 3284
834, 3433
835, 3270
836, 3294
837, 3302
838, 3360
839, 4924
840, 3538
841, 5391
842, 3659
843, 3701
844, 3664
845, 3711
846, 3559
847, 3423
848, 3484
849, 3492
850, 3500
851, 3456
852, 3430
853, 3497
854, 3458
855, 3482
856, 3527
857, 3486
858, 3487
859, 3508
860, 3445
861, 3420
862, 3415
863, 3472
864, 3466
865, 3597
866, 3131
867, 3542
868, 3495
869, 3478
870, 3751
871, 3585
872, 3536
873, 3544
874, 3640
875, 3489
876, 3278
877, 3449
878, 6187
879, 5033
880, 3324
881, 3536
882, 3522
883, 3515
884, 3507
885, 3497
886, 3634
887, 3620
888, 3579
889, 3526
890, 3592
891, 3533
892, 3442
893, 3420
894, 3509
895, 3465
896, 3530
897, 3479
898, 3627
899, 3474
900, 3501
901, 3408
902, 3490
903, 3380
904, 3480
905, 3546
906, 3603
907, 3502
908, 3560
909, 3478
910, 4173
911, 3482
912, 3555
913, 3536
914, 3622
915, 3674
916, 5394
917, 3260
918, 3665
919, 3690
920, 3288
921, 3196
922, 3226
923, 3284
924, 3269
925, 3286
926, 3275
927, 3361
928, 3209
929, 3241
930, 3334
931, 3283
932, 3510
933, 3514
934, 3595
935, 3501
936, 3438
937, 3469
938, 3471
939, 3538
940, 3567
941, 3579
942, 3459
943, 3437
944, 3721
945, 6228
946, 4173
947, 3177
948, 3509
949, 3194
950, 3150
951, 3238
952, 3017
953, 2897
954, 3434
955, 3498
956, 3464
957, 3550
958, 3644
959, 3653
960, 3646
961, 3582
962, 3644
963, 3610
964, 3669
965, 3497
966, 3359
967, 3434
968, 3441
969, 3599
970, 3548
971, 3454
972, 3481
973, 3513
974, 3479
975, 3435
976, 3897
977, 3953
978, 3944
979, 4017
980, 3992
981, 4072
982, 6365
983, 5364
984, 3191
985, 3460
986, 3481
987, 3352
988, 3493
989, 3504
990, 3364
991, 3432
992, 3442
993, 3398
994, 3415
995, 3456
996, 3565
997, 3515
998, 3434
999, 3476
