1549664572
1674755810
99034940
148331888
131736410
145626520
145965392
146305782
139789514
126198141
171902031
125378749
146126821
146601275
124023321
139148939
127105403
145430206
139053027
110687471
145859424
150119852
146365768
144766047
125623049
146176789
145995972
145151429
145378035
145674589
147019641
144194358
146482656
139167721
146554565
125368023
138042622
146334876
125490187
146477336
145905342
126939779
111128160
148133765
146823511
145699846
147912874
143851774
126729304
145999488
144343108
138815337
146710972
141074870
146364768
139234505
145984102
146723392
145709408
146392668
148219043
146244742
146378212
170973193
146704269
146861143
126545193
145488926
122253805
139620058
164402266
146564734
139413998
144703539
146963562
125920303
126852504
160764896
140016864
146921112
143811391
146913156
146161214
144401791
142863901
141936273
140157829
125790850
146366411
125596022
143340906
159575744
135314320
135457663
147162355
146383311
126546056
146075006
154790717
147000365
139262111
147026136
136179887
134802755
138075083
152798264
124010372
135631097
120751280
109270205
138066509
134912826
110604452
150514979
126309239
124708227
124462108
147153895
146402217
145636343
143984515
146767611
147305572
144671356
123561698
145420950
146198264
125592322
147294035
146914698
146695256
141215520
146683510
146103676
146874874
139125709
145411020
121556909
144808522
145528988
146901764
146556772
146094932
139362601
142810500
129198765
144171799
122474484
136246517
147471577
145814117
146308126
125786349
146488948
146463046
145486616
146532888
141016151
146553988
149643713
117779460
144811754
146453016
146394037
146464554
145757108
148000870
123835724
146288179
136647437
137013301
121737167
145947968
138747269
149169271
146590697
145232180
144704512
146195040
146247129
160909060
139334895
142608284
143901505
144150488
145515192
145693156
111356597
146637867
145758362
146195037
137873030
138543341
124168379
126498346
112951690
146568872
144791100
166419053
138565395
145475960
145090808
146203067
142615649
123276851
150459462
145310725
146885738
121706166
144478417
146381814
143548801
142679105
145606207
142186927
146022850
129239775
146424399
146690336
147267200
122189668
107311994
139047810
150823266
137003884
137767148
145500139
146308106
123007405
143154008
146317472
138166928
146781515
146831396
145963112
147126665
116508637
101066975
143167889
146692718
143878634
145749544
145567705
125802352
145952698
145922148
126325649
110832743
145901466
122269401
146882983
144526665
140217001
144909045
146588022
145645899
146836299
145937469
144202867
126893067
144307159
123324383
146710218
146872888
138831714
146037363
155076856
145028983
147238680
145921615
146979761
147040270
146278312
162412459
139255110
127068107
159129561
146040020
146965401
146829077
146089419
124257225
146982480
126909539
145437381
146257603
147263283
146379011
126477773
145609248
153819866
128027856
143446676
146308601
146237909
139556508
139270656
155292442
138694903
146506469
145856627
146188525
143374579
137365737
148891602
134638409
141992961
146092438
142998030
146636416
139174424
157088345
143022934
119807442
143364760
146870232
146131908
146508702
162830675
139009668
143372637
146521749
146819230
126604175
125601585
171359820
146942101
133880296
141123562
147455677
145320568
146391847
149285735
126691498
146193347
146801660
143738805
146930275
122167585
105949433
99593787
146224946
117188726
149212558
126323584
146070859
146983167
145475203
146330944
146665745
160116789
146129907
138599646
147578000
145701144
146655929
123642814
107343984
144307472
146553092
146403369
148188800
145906756
146099618
123562179
143480188
126511512
138287740
148250512
146092586
147112488
125468481
144167451
147020689
146576431
147839289
146710406
146295079
139097689
144509091
139217714
112265641
166330638
137560255
143994794
110860495
147375807
145625970
143789158
170955662
96972263
143499033
146697775
125938146
145730012
145792631
146776695
123833681
146063308
143957688
143063219
146507351
120926627
139458806
120021638
99014167
99317571
99150495
146183321
112311623
119976626
119587416
169089471
145927228
142947071
119785404
146316449
146650012
123369335
162993145
125447241
109984508
138763732
146787834
144150272
142887082
145785364
146603306
146730418
146779694
146050323
139312336
136871423
146028053
145786900
126068387
110727733
145713477
143304448
145705652
146794490
143671499
143043842
141362825
149434397
146045820
126065994
142521868
143707311
110895850
143208569
111081855
135659516
146033323
145894319
158782043
123302631
147251503
125027941
146955077
146877911
145854023
125618118
146071838
126619184
146253494
139062938
146885733
146715859
145497750
146193953
143472296
138123905
127945669
143181371
125953878
146282773
146291228
146326788
146864842
147665259
147123628
145057249
141353917
146446924
126653066
146047787
147948447
144946571
146024817
124203671
109050302
101402872
145727769
146271887
122460352
143741675
123507099
152055765
137960268
144417487
147101823
137857719
125416197
145431167
171680455
146802160
146580261
125580564
146682565
122134726
138572410
170241138
145784976
121832844
106175683
100044944
115184336
120509967
118741949
115927334
144677098
139564164
124354705
148312371
146729598
147084613
144363600
144972806
120774288
99268695
138949890
146061506
146365406
119639619
140911715
146793074
121506744
146956407
143858445
146921085
146663108
148514308
145579096
146592769
143427170
142244390
146553458
134753344
147946897
146388628
122500096
107035259
147128141
133281861
133537787
133655868
137319532
135005957
146614753
147858768
145329787
121645720
146331574
144033723
146764295
126124256
171626189
146615565
139625517
116865734
139382355
146849448
143252573
121685016
110662346
145769944
145081082
129142789
144109395
139567141
146625976
143289472
146260492
98901794
99164034
146168483
125443885
125495199
123648125
145368790
147291175
126931392
150149618
146226519
138999856
146725638
141668482
146866688
125701506
148696214
146305352
146504948
146001530
140940331
144094095
146009926
148514988
146686655
146842409
145144284
124991285
146594723
144841322
147586165
119923872
144907657
145710742
146040844
123812491
146844222
148669586
143791187
146806044
146263202
146547691
138405180
146666928
126927076
110689648
146427963
122195582
149580494
145770474
146605000
145209449
144188445
135066253
126440499
129359688
146457923
146268279
146565198
143858499
146855948
146306162
131492525
146828168
147267696
142856560
145362407
123614701
146589270
149686965
139131101
144324655
147072996
146225749
146545776
110867865
147799627
146310962
138011331
144422612
146908112
146235333
137412624
146867219
140291032
146170867
135341983
144109856
146467008
138100645
148213477
123521798
146842869
139784173
147167067
140052744
146763713
151921748
124609311
143137125
146100164
146722951
98335094
146106559
143797976
147022264
147078392
144462091
145195436
146945228
125519416
144290814
146255559
147036138
146574104
125316386
145986987
130858569
141733951
142618943
146581926
144417559
148139251
126558177
143246186
145596710
144980047
125384132
146236902
166885317
133170011
137847313
145575168
146678528
144666918
146698931
165322813
146597839
146932511
143469167
125677518
136093846
145679521
148858438
146634699
144596476
149065418
139228583
145782827
122503923
129061971
146730544
144821783
146688326
146386989
138149532
146917901
148286821
139417967
139861399
146917094
144130165
121971182
145864435
138264900
117320206
99326316
145058902
148145867
126677346
125440515
147219579
146575882
145632278
144444629
147807680
123729988
139803961
146439242
143627419
144683601
146882846
145190560
144485438
144607686
146481310
146187963
146513558
146989232
144170608
146656176
124331438
146906036
124970345
139085901
146068542
153240702
146299941
146792344
145164530
142839022
146800143
122130743
174553655
139084302
138500762
146403973
146732017
146664448
124362449
144781246
138539989
145813605
125187522
142258455
145361468
123016262
158756573
145831688
143801174
143892169
146865880
125150669
139235083
147144327
138883546
143797637
138194761
111505763
146853082
145979617
144081072
147381048
146665163
142807417
128998380
125690411
144355610
146215407
142960420
145123181
146522331
147916378
139418750
143322239
119254664
184055181
141592069
147331558
141614394
146169103
145663321
153754656
143599794
146101923
139283936
122724199
145903675
143836509
134511221
116995155
146335551
146190437
150107898
123963302
107851378
144991349
124511916
146665045
138219009
145372073
147013840
145254130
146657698
144892245
142681514
125569286
144841589
143384026
126616524
143295399
147749422
139340705
111657445
146228145
139714134
126943762
146017913
122467963
146286022
146478904
123543508
107364396
137710195
145757210
146762057
148283191
146270099
146629336
152436745
138767760
139894768
139855937
147426522
146271126
122122272
148551920
146917349
139592537
118693128
127997774
145979523
139093785
142830759
144719835
125760071
141550016
145184444
146926348
146300565
137929341
134102415
146902912
146623582
143483674
140041506
126118899
146157002
145055152
141158100
145881682
148527750
146537552
145629496
146711471
146861398
145481298
144250242
140250768
146243238
146823296
144622609
145984555
146690041
125895983
145363291
146450368
144889578
146197309
143802063
146821418
115082514
103246714
145327521
137425356
146171147
147980055
147160000
144057712
153231346
134637249
142992577
125463598
144875785
117466500
146856759
145350921
146930497
119928042
145787777
150210134
144932361
139000303
145712092
146684400
146028176
138320533
139161684
145720454
125593515
146164278
128957498
145290986
144326905
167259845
141922775
152066958
141622533
146501778
143545908
147167694
145537573
143232426
146125998
144403783
121224304
142126382
146929557
142958150
146033065
146971767
146302257
146243976
147213063
145831919
146558203
146723706
145058152
159564179
127029128
146463761
146059855
147244496
146580720
125615392
142935938
