45381
58967
27658
43984
32398
34566
34416
36218
35936
37992
36309
38209
43297
37811
35914
39826
45161
37871
37768
37934
37830
37971
37847
38095
50638
37946
59709
37991
59746
38029
39087
38007
37725
38879
37700
54953
37852
37910
39676
37977
39824
39856
37558
44100
37003
37951
41841
37857
59337
37904
59983
37311
59075
40432
52562
40066
44391
40099
39783
39885
40433
38215
40685
37852
37729
38018
37771
37871
48772
37814
38420
37782
38099
37886
38687
37775
37682
37793
38804
37798
47616
37842
38113
37775
38099
37812
37703
37929
37726
37799
37687
37892
46729
37760
59270
37897
38231
69436
69811
42331
44543
42489
48903
33746
33714
44888
44830
42384
42153
39879
26424
28005
37111
27898
29417
27754
30163
35855
31909
36300
33535
33699
33587
33584
33474
36350
36152
36113
36165
36271
36254
33698
38712
33632
47506
33614
27909
36146
29396
36115
31353
36871
33559
33588
33569
36187
36102
36109
36464
36190
36309
38361
33492
39234
33415
39265
33549
33508
33523
33554
36462
36164
36375
36397
33490
33580
33556
33652
33570
31340
33593
33548
33426
33545
36008
34932
36309
36244
33738
33462
33552
33609
31358
33515
33574
35996
33483
36880
36213
33858
33478
33898
33464
38990
33517
39575
33464
39097
33452
33551
36035
33568
36871
36166
33460
100823
102165
39360
39721
50008
46901
33866
29388
31303
31374
31417
31321
33503
33925
33521
34440
33762
36299
36206
36089
36262
36133
36095
33516
33535
43219
33093
27674
33564
29506
36096
31395
36325
33592
33580
33614
33698
36014
36454
36338
39105
33472
33511
33569
36452
33576
36385
39165
37902
39294
36249
33591
33412
33496
33527
33477
38348
33708
31365
33557
31440
36503
33658
38898
33493
33480
37649
33561
36330
33442
33602
36146
36089
36178
36099
36194
33471
38974
33460
39059
33447
33586
33540
33591
36003
36217
36719
36310
33483
33478
33438
33623
33464
33628
36047
36113
37083
36358
33484
33514
33458
33562
33443
33600
36041
36245
37730
37826
33496
33517
33480
73043
66779
48619
49170
32743
39089
33569
31355
47105
33666
29490
33566
31274
33732
38949
33580
33683
33542
33584
33564
33530
33524
33575
33517
33539
37641
33657
33754
36186
33712
36315
36462
33530
33549
33610
33579
33564
36357
39133
31423
39214
33651
33672
34181
33754
39048
36214
39090
36197
33979
33570
33593
33585
33457
33608
33434
33525
33831
38496
33484
33608
33607
34417
36469
39427
39924
36264
35822
39094
33460
39125
33463
33575
36066
33527
36362
36348
33520
36593
33438
39180
33432
33567
36072
36076
36225
36124
33487
38344
33555
39045
33443
33549
33414
33550
36001
36236
36325
35991
33690
31318
33510
31411
33423
33549
36104
33553
36373
36392
33518
36066
105455
63985
39140
38895
39366
36035
38789
39195
33562
39208
34039
39085
33528
39071
33477
33650
34312
33676
36126
36310
36266
36091
38603
36945
36094
36061
33481
33568
34927
39125
34023
39125
33716
33527
33532
33738
33608
33633
31329
33581
31437
38479
33724
33634
33604
33756
36175
36209
36220
36314
33678
39038
33531
33715
36084
33629
36301
36415
33543
33516
34313
33713
33614
33571
36160
36258
36575
35990
36110
33499
33567
34312
33763
33459
31491
33524
34130
33507
34960
36042
34268
37135
36973
36117
33488
33476
37320
36690
38875
38920
40862
33549
35514
39040
31218
39098
31248
33725
33469
33558
33470
36360
36122
36148
36245
36469
33459
33515
33460
33593
33511
33591
39194
94894
33695
39098
36030
36131
36274
36219
33501
38321
33472
39166
33437
33657
33501
33553
36144
33603
36608
38671
33448
33484
33524
33639
33502
33511
36127
36160
36276
38926
34089
33466
33476
33557
33541
33676
33615
33616
33647
33646
37223
33559
33632
36132
36107
36511
36331
33534
33484
33547
38434
33466
33758
36228
36032
36514
36148
33492
33529
33478
33594
33597
33581
26364
36029
36145
36008
36185
33507
33503
33425
35052
33469
31551
33440
33571
33449
33514
32736
33735
37643
36056
39585
36239
33548
33504
33420
33687
33469
33716
38306
36340
36115
36150
34055
33465
33429
33451
33429
33683
33407
33552
36224
31474
39255
36726
33481
39225
33427
33520
33430
33527
78641
33916
39033
49160
36024
39272
36178
33783
33657
33804
33474
33551
33445
33509
36057
36074
36214
36257
34262
33557
34523
33532
31363
33476
33560
36094
33531
36829
33620
33485
33526
38977
33589
39123
33425
33622
33540
33613
36103
36413
36996
39028
33691
33570
33544
33457
33489
33698
33627
33545
37093
36234
36235
36422
33553
33616
33449
33612
33457
33540
37391
36109
39296
36199
33640
33400
33470
33638
35992
33493
36308
37898
34006
33458
33478
33431
33497
33569
33526
34901
33442
31300
34611
30527
33446
33595
36038
36109
36194
36109
33501
33442
33476
33594
38962
39045
33477
33507
33458
33469
33542
33476
33544
36357
36067
39549
36110
33502
33786
33581
33747
34858
33672
31541
44029
33979
36152
44025
35971
39287
35478
31803
36155
33496
33512
36031
33484
36657
36132
33484
33025
33510
33689
33544
33688
36164
36105
36393
36153
33515
33501
33550
33433
33582
33552
33497
33452
33506
39181
39099
33528
39519
33626
28370
33674
33584
33563
33578
36067
36112
36161
36294
33470
33531
33500
32064
33476
33439
33446
38401
33493
36576
36055
33493
36325
36330
33582
34185
33544
33725
32903
33734
36105
33652
36318
36123
33625
33590
33426
33532
39041
33503
35709
36060
33921
36776
36075
33446
33473
33662
38979
33407
36186
35955
36053
36424
36079
33450
33451
33456
33417
38632
33451
31674
33470
33625
33432
33500
33393
33526
38342
36073
39401
36158
33469
33464
33461
33522
51978
114460
39288
38955
39009
38995
36309
33827
33571
33496
33494
38074
33525
39706
35996
33536
36270
36092
36258
33547
33578
33225
33680
36041
39133
27140
38859
33584
31396
33590
33606
33467
33559
36161
28796
35747
36098
34095
36356
33520
33580
33532
32263
32653
31239
36247
36050
36427
36321
33578
33526
33511
33527
32794
31482
39188
31587
39655
33466
33671
33523
33500
36175
36144
38977
36193
32861
33622
33464
33542
36135
33563
36365
36025
36258
38818
33505
39202
33424
33509
33463
33532
35663
36077
36042
36098
36180
36197
33466
33579
33427
33438
33435
33535
33715
33464
38191
33824
31128
17334
17380
17325
23995
33458
33594
33509
33721
38415
36114
39152
36085
36068
36157
33473
57547
33580
36232
49189
36064
39361
38993
34245
36355
33542
33488
33535
33531
33435
33552
36005
36196
36545
36225
33546
34556
33536
36101
34977
31413
34063
33743
36140
33624
36523
33601
33502
33470
33589
33586
33502
36106
36170
36324
36299
33644
33542
33583
33522
33573
37313
39149
33520
33483
33582
33505
33595
33729
33461
33444
33594
33542
33521
33453
38994
33609
39177
33551
33569
33560
33630
33461
36204
36092
36361
36244
36157
33516
31713
29623
33461
33547
33426
33578
36037
33571
36034
36404
33652
33436
33502
32591
33410
33661
35999
36151
36462
36185
33405
33508
33494
33450
33453
33439
33580
39003
33483
36400
33546
33527
27664
36211
35998
36119
36152
39265
33579
39194
33406
45291
35979
44136
44014
33438
36107
39072
33457
39330
36052
33500
36137
36122
33485
33423
33440
33600
37509
33640
33533
33536
33555
34041
33499
36187
33513
31340
26745
33908
33605
33570
36063
36039
36236
35562
33467
33585
33526
33716
33491
33709
35103
36218
36164
36256
36142
36279
33530
33563
38007
33463
39108
33607
33564
33399
33649
33416
33630
36068
38303
36178
39083
33587
33512
33530
33592
35966
33646
36462
36161
37022
35538
33463
33461
33587
33459
33542
36064
36079
36156
39032
33470
33556
33400
33548
36096
33980
36183
36208
33439
33457
33428
33518
33454
33540
36008
36082
36243
36170
33964
33469
33969
33520
31228
33561
31199
33615
33464
33552
33614
33518
38422
36029
39262
43769
33444
36135
49639
33426
36129
33570
33569
34983
33612
36054
33612
36420
36045
33404
33452
33542
33682
34372
33618
36140
36192
36167
36174
33585
33566
34007
33519
33435
33538
33577
37986
33457
39289
33612
39186
33535
33655
33604
33663
36245
36062
36218
36216
33551
33476
34107
36319
33557
31264
33456
31422
36950
33656
33596
33653
33438
33544
33486
33594
33567
33566
36808
33638
36448
36217
33439
33548
33456
33588
33472
33573
36056
38982
36252
39078
33431
39069
33419
36251
36023
36109
36186
36763
33424
33432
33917
33447
33506
33566
33460
33503
33864
33615
33451
33707
31524
35263
33425
31370
33445
33572
33433
33554
35976
36122
36604
39208
33471
33450
33494
33569
36031
36033
52340
35992
36190
63685
33433
46435
28434
26376
17496
21373
17540
21930
26893
27780
33601
29424
33560
31400
36140
31407
36219
33586
33584
37609
33597
36314
36115
33527
36261
36199
33559
33490
33445
33548
33543
33577
36037
36292
36183
36177
34041
33431
34061
33591
33444
34104
33457
31454
33677
31384
33609
33571
33668
33444
33473
38853
36038
39308
36152
33526
33603
33471
33633
36141
33616
36238
38819
33992
33483
33865
33506
33433
33504
33541
33900
33548
33423
33506
33483
34249
33544
31247
33550
29555
31489
31249
33604
33503
33539
36914
36095
28180
35698
33417
33482
33448
33551
36036
36121
34154
38963
36052
33511
36230
33481
33472
33511
33512
36047
35219
39258
34858
33561
33501
64324
33684
39039
79910
33652
39273
36326
36133
33662
34188
33430
33565
33435
33572
36051
36143
39379
36230
33686
33577
33709
33618
36100
36096
36265
36239
33973
39063
33570
39197
34840
33623
33546
33532
36112
36386
36727
39319
34114
33508
33590
33467
33681
33594
33511
33556
33521
33698
37749
41170
33504
36283
36475
33569
33463
33497
33562
36201
34153
39225
36296
33509
34988
33679
33628
33537
33496
33582
33508
36035
34065
36317
26733
33613
33461
31380
33425
33561
33081
33547
36114
36223
36328
36086
36013
33536
40751
33775
29364
39029
31330
36049
33404
36322
33468
36161
36046
36112
37043
39121
33440
33582
33490
33549
39028
33543
39150
36085
36112
39523
36227
33541
33575
33457
86139
36081
39259
100171
39193
39027
39143
36261
36135
36252
33528
33543
33403
33617
33466
33584
36112
36198
36263
36366
33580
33546
33517
33589
34074
36190
39049
33545
34077
33622
33538
33771
33713
33563
33506
33608
33592
33486
33621
33539
33677
36136
36676
36197
33613
29817
33566
37749
36176
33599
36589
36188
33481
33528
33530
33523
33488
37757
36062
36152
36251
36123
33657
33521
33342
33342
33425
33663
33463
33571
36125
33548
36333
36135
33452
33465
33480
33527
33432
33566
36045
36074
36282
36164
33490
33478
33466
33524
33520
33489
33512
33543
36050
33552
36279
36150
33443
40858
33453
38620
33438
31439
36092
33533
36606
33617
33454
33490
33589
36011
33697
36373
36309
33515
106797
33418
39103
119767
39048
39191
38989
39059
36135
36200
34017
33533
33442
34042
38977
33470
39253
33533
33582
33560
33660
36193
36418
36639
39232
34014
33531
33571
34056
33633
33526
33607
33580
33508
33967
33550
33642
36110
39072
39097
33691
39188
33666
39081
34686
33653
39014
33659
39227
36091
34062
36447
36214
33466
33530
33489
33518
36200
38059
39167
35973
36056
36291
33411
33547
33565
33584
36075
33585
38821
42368
33540
31354
33510
31381
33413
33554
36107
34121
38525
36225
33538
33561
33479
33465
33479
33532
33580
33478
33476
33490
33542
33530
39162
33459
33449
33435
33611
33460
33589
36078
33564
36334
34478
34058
33523
33604
36029
33612
36280
36211
33512
33509
37794
33526
39333
45243
33639
39195
49818
33478
36175
36211
35361
39238
36386
33475
33561
33398
33524
36049
33480
36273
34959
34921
33580
39152
33520
33506
33519
33627
36082
36389
36103
36912
33536
33607
33467
33463
33519
33575
33569
33553
33577
33596
33594
31454
29962
33579
31387
35061
33524
39063
32949
39175
36134
33640
37553
36321
33535
33555
32726
33649
33590
33501
36096
36156
36989
39376
34015
33603
33414
33454
33515
33480
33430
33512
33431
33461
33466
33627
33591
33496
33554
33541
33511
34811
35997
36067
36144
37759
33480
33504
33490
33510
33436
33500
36008
36361
36220
37168
39030
33581
39215
33424
33597
36038
33556
36201
36082
33431
34783
38995
39062
33465
39113
33458
38921
33451
33532
44680
33542
39207
66621
33504
38971
36062
33957
36398
35995
36155
33506
33405
35259
39003
38927
33504
39263
33630
39275
33599
33598
33560
33543
36128
36450
36289
36102
33474
34059
33459
33562
33461
33434
33562
33459
33480
33631
33599
33467
33625
33437
33655
36123
36073
36175
38290
33666
33592
33560
33510
36079
33634
36242
36131
33578
33458
36257
33992
39011
33514
39026
33611
33526
33563
33498
36005
37640
36595
35953
36245
33444
33499
33945
33527
33430
33501
33931
33469
33430
33430
34140
33659
33413
33435
33488
33456
33961
33443
33435
33447
33925
33392
33446
33985
38965
33605
39134
33567
33560
33433
33639
36004
36313
27185
38531
33409
33503
36041
33541
36295
33396
33470
33632
33653
36024
33551
89335
36192
39117
35084
36004
36088
33566
33474
33570
33570
36112
33510
36206
36236
33512
33544
33531
33587
38262
33550
36312
36156
33535
36214
36141
33483
33562
33517
33582
33454
36117
39101
33463
39095
33484
39320
33565
33675
33512
33576
37857
36076
39288
36213
33572
33556
33468
33465
33480
34008
33480
33481
33904
33472
33641
39103
33567
39181
33387
33610
33564
33561
36110
36460
39263
36045
33413
37604
33471
33530
36084
33515
36480
33466
33427
33522
33496
36031
36071
36247
36181
33965
33450
33455
33480
33582
36600
38934
33439
33665
33472
33450
33527
33669
33560
33485
33454
33476
33441
33441
32357
39042
32469
33605
33461
33567
33421
33569
36098
38553
36156
40664
33480
39267
102458
33583
39010
36107
39119
36219
38812
33482
36309
33407
33529
36016
33965
36306
36214
39095
33541
39265
33524
33557
36076
33646
36215
36181
33524
33474
26567
33319
33664
33493
36064
36176
36079
36247
33462
33657
33566
33684
33505
32261
36068
36398
36178
36220
33477
33475
34620
39027
33421
39189
33449
33477
33444
33514
36203
36388
36946
39298
33465
32846
33379
33617
36090
34048
36323
36171
36240
34110
33535
39104
33501
39072
33437
33506
33410
33514
36025
36348
39225
36269
33521
33566
33541
33580
36075
33534
36450
36095
33454
38851
33524
39085
33484
33548
33432
33537
36043
36126
36264
39036
33477
39065
33461
33548
36013
33570
36455
36028
33447
33489
38225
46957
33486
36105
33466
33577
40504
33528
38875
36221
34728
32095
36627
33436
33556
33472
33555
36118
33999
35900
33958
39233
33572
33602
36127
33647
36401
36084
33574
33531
33605
33556
37602
33470
32742
33698
33680
33476
33547
33670
34168
33585
33527
33648
33948
33443
38978
33476
39284
33594
33541
33448
33596
36121
33560
36209
38923
39059
33664
39120
33608
33569
36060
36204
36202
36262
34100
38995
33594
39032
33529
33572
33457
33576
36078
36111
36249
39129
33529
33576
33504
33603
36024
33566
36587
36128
33438
33495
33645
33590
33555
33538
36023
36079
36538
36222
33447
33569
36705
38994
33917
39067
33502
39085
33453
33596
33441
33585
37987
34885
39256
36028
34096
36252
36096
70043
33474
39052
38298
36060
47684
36024
36102
36131
33608
33516
33504
33550
36090
33578
36255
36153
33463
33639
33559
33673
33558
33557
36158
38360
36144
39052
33558
33562
33513
33566
33498
33587
33475
33496
34069
33527
34133
39155
31461
39127
33602
33672
33400
33618
33592
33624
38989
36182
39278
36204
33559
36112
33585
33533
36084
33534
36502
39511
39075
33060
31418
33587
31341
33614
33672
36034
33677
36172
36398
36183
36198
33553
34016
33497
33547
33489
33508
33468
33479
33477
33609
33504
33554
33478
33564
35998
36372
33668
36851
38996
33535
39193
35996
33521
36192
36073
33437
33499
33485
34695
39097
37392
39081
33473
33522
33470
33521
33590
33642
33495
33467
33483
33521
92885
33675
39098
33502
36104
67828
36171
39236
37342
36291
36118
36129
33955
33584
33505
33990
33548
33476
33599
34035
33588
33641
37519
34052
33520
33499
33552
33563
33579
33516
33578
34074
33514
33614
33485
33966
38836
33596
39275
31568
33736
33486
33728
36051
33605
36459
38827
39213
33602
39268
33470
33664
36110
34071
36261
33530
33524
33604
33533
36163
33613
36424
36253
33416
33604
33542
33608
33503
33632
36196
36105
36210
36188
33977
33500
33523
33444
33549
34661
33500
39184
33509
39203
33459
33589
33443
33573
36045
34075
39203
39429
33517
38450
33539
33456
33471
33465
33481
33510
33963
33435
33978
37390
34114
39068
33515
39120
33402
33516
33456
33568
36169
38283
36203
112259
33540
39339
36078
39122
90483
39289
39135
39106
36022
36157
36000
33510
33605
33431
33570
33506
35637
36103
36373
36468
36279
33588
36204
33510
33599
33498
35681
36107
36365
36200
36184
33552
34189
33485
33462
33656
33980
33527
33581
39161
33608
39316
33617
33593
33577
33600
36116
36144
36209
39088
33568
39126
33538
33560
36071
34014
36277
36158
33625
33548
33512
33617
33506
33669
36155
36140
36148
36056
33635
33577
33452
33596
33518
33535
36072
36078
36209
36197
33979
33538
36705
39025
33472
39081
33781
31380
33486
35033
33458
33804
20028
23519
36162
36121
33703
36146
33462
33573
33486
36247
38667
36049
36204
36324
33529
33521
33466
33576
36052
36148
36272
38683
33495
33563
33529
40417
36037
39097
107482
39135
39169
38942
39127
36125
36075
33510
43644
33411
29394
36013
33314
39138
33542
33623
33565
33602
33548
33582
36080
36126
36225
39104
33558
33489
33589
33581
36198
33509
36424
36204
33550
33531
38169
33648
39203
33657
33550
39125
33598
39065
37171
34315
38718
36060
33562
33486
33503
33575
33450
33576
36051
36092
39309
36308
33690
36265
33536
33674
36023
33643
36131
35984
33640
38879
33551
39166
33522
33509
33490
33560
35984
44176
36759
39066
39040
33459
33546
33499
33535
33478
33564
33495
34035
33517
32055
33515
33454
33539
33480
33562
33451
33570
36026
36077
36222
37409
33492
33537
33535
33467
33992
32689
33576
33471
33524
33714
33675
39011
33589
48011
36114
36071
36146
36113
40017
33523
33540
33571
33549
36006
33576
36359
36165
33471
33506
33596
33530
36117
33605
36292
36194
33571
33555
33581
33515
33527
33574
33528
33595
33469
36847
33986
39096
33653
39228
33464
33593
33600
33635
36190
37988
28115
39014
33499
33617
36026
33669
36168
36178
33472
33522
34820
39063
33987
33576
33562
33671
33472
34110
33544
33549
33622
33403
33646
34086
36646
39127
33444
35127
33554
39043
33453
33545
33475
33532
37616
36129
39268
36097
33497
33623
33508
33450
33589
33422
33496
33591
34288
33547
33451
33571
33481
33550
36006
36063
36210
36056
34000
33473
39058
33507
39388
33453
39021
33450
33538
36017
36704
39142
36122
33487
33518
33490
70395
36052
39218
36016
38915
48432
35200
36167
29847
23288
32849
28792
33507
30607
35711
36044
26134
24252
34827
28832
35707
30826
35545
30828
35699
30754
35584
30911
35615
30778
35745
30808
35813
26222
35785
29146
35927
30886
35687
30807
35667
29553
36199
30669
25973
35142
29210
35846
30795
35649
30811
35844
32979
28818
30186
35843
30705
47463
26128
24606
35004
29186
35886
30771
35780
30900
35679
30827
34521
30460
37792
31100
26047
35320
29159
35828
30745
35531
30790
35794
30726
35647
30795
35620
30753
35737
30722
35736
31090
35573
30738
35594
30822
35638
30844
35776
30751
36881
30594
25955
35553
29104
35793
30845
35593
30849
35823
35600
35940
32270
26075
35526
29153
35785
90915
36049
34802
27438
24626
67237
32587
27527
39881
27483
24415
36651
29047
25847
33214
28976
33804
30579
34013
30506
35774
30794
35676
30896
30024
29939
35897
30757
35727
30782
35313
30897
35548
30858
35676
30767
35491
30594
36099
30787
26045
35048
29343
35849
30752
26041
34970
29247
36702
30791
26005
35666
29241
35867
30710
35616
30809
35741
35551
36016
30780
25893
35122
29167
35878
30788
35633
31043
35766
30803
35587
30746
35629
30759
36283
36143
35992
39012
33483
39121
33479
33582
33454
33542
35986
36371
36225
39095
33516
33577
33514
33565
36052
34009
36202
36084
33474
33467
38981
33543
39271
33494
33526
36042
36077
36230
36144
34062
38671
33434
39190
33496
33625
33482
107219
36191
39185
36030
39081
89765
36205
36076
36199
36022
33562
33447
33457
35272
38972
39057
33856
39086
33600
39203
33627
33633
33566
33579
36082
36414
36194
36193
33519
33547
33525
33598
33563
33712
36030
36392
36253
36112
33574
34021
33622
33632
33717
33558
33062
27617
36925
31451
39149
33555
33581
33478
33613
36087
36099
36216
37789
33519
32825
33647
33498
33535
33690
36042
36486
36217
37160
33556
33491
33663
33451
33469
33526
33512
33490
33550
33447
33510
33482
33372
36049
31301
39026
31261
33623
33644
33566
33461
33633
36637
36080
36195
36172
33542
33478
33496
33483
33994
33487
33999
33461
33470
33464
37293
39005
33634
39076
26790
38892
33488
33539
33455
33600
33575
33604
36082
44421
36165
39059
107689
33545
37274
36169
39043
33600
33567
33500
33571
35368
33540
31267
33450
31405
33500
33607
33613
33660
36125
35952
36242
36236
33562
33582
33550
33582
33603
33569
36237
36070
36218
36212
33575
33460
33522
33609
33622
35499
39125
39101
39166
33555
39235
33560
33620
33563
33577
37678
36152
39292
35979
30440
32874
33527
33638
36068
34140
36229
35188
33617
35073
33619
39272
33445
31640
33434
33599
36093
36895
36216
39132
32805
39062
33466
33520
36035
33503
36264
36072
34435
33960
39040
33468
39144
33519
33510
33479
33552
36012
36971
39243
36158
33487
33490
33604
33588
36021
36108
36256
36186
34484
39072
33485
39099
33467
33552
33416
33614
36028
36431
36685
68910
33436
37716
35550
29042
39026
30904
25990
35044
34200
35892
30770
25910
34979
29221
35560
30783
35541
31096
35745
30844
35656
30726
35644
30776
35598
30774
38225
30957
26144
35188
29197
35945
30716
25998
35104
29051
35879
30831
35623
30872
35665
30908
35788
30769
35721
32974
36048
30790
25991
35010
29226
35804
31994
36127
31063
25965
35701
29058
35765
30735
35892
30793
35618
30871
35696
30748
35729
30721
35630
30787
35576
31136
36320
30693
25898
34917
29250
35869
30728
25930
35000
29061
36473
30724
25913
35003
29225
35948
30701
25925
34936
29224
37064
30697
25872
35172
29136
35710
30732
33381
30615
35958
35960
26073
24464
32858
27543
33575
30560
35813
30458
35941
30755
84156
35984
33987
27413
24324
45285
30586
25945
36920
29263
25693
33354
28942
35833
30737
25987
35071
29177
38226
31008
26146
35061
29200
35852
30746
35567
30836
35828
30806
35666
30839
35698
30787
35566
30714
35757
30826
35890
30805
26052
34746
28878
35987
30688
26028
35060
29170
35777
30810
35786
30783
35859
30763
26012
34993
29220
35907
30840
26017
35088
29181
35842
30794
25877
35098
29199
35892
30723
35693
30839
35630
36540
36092
36146
36669
31365
21898
17464
17532
17428
24327
17472
18156
16887
17229
16918
23301
32002
29739
33652
31419
33638
33760
36230
34215
36145
35408
35982
36079
36015
36097
36023
36350
39074
36060
39200
38922
36256
32639
30355
33496
33586
35992
34080
107461
36087
39238
33384
38956
68160
33667
38868
36142
36128
33599
36349
33444
33580
33419
33543
36100
36417
36195
36190
34126
35502
33650
39249
33490
39136
33503
33605
36116
36093
36217
37838
33620
35057
33537
33522
33651
33557
36083
36162
36261
37491
33686
33505
33582
33612
33540
33619
33512
33729
33535
33658
38814
33603
36174
36175
33584
36218
36132
33589
33459
33458
33615
33387
36834
39101
33550
39122
33455
39235
33551
33528
33503
33541
37945
36114
39218
36012
36081
36172
33436
33482
33473
33544
33427
36266
36032
36363
36197
36170
33474
33535
33966
33448
33980
33437
33511
33925
33473
31235
33593
31461
31345
33440
33589
33505
35530
38325
36107
39253
34984
29223
29277
33647
31310
33708
40417
38316
39099
91673
36419
39117
39070
36285
36138
36091
33483
33555
33411
33582
33482
33553
36137
36102
36244
36240
34076
33582
34029
39081
33542
39232
31487
33608
33470
33612
36102
36571
36677
39125
33653
33484
33538
33613
36178
33658
36554
36148
33593
33639
33502
33606
33637
33612
36066
36425
36223
36209
33477
33503
37897
33498
33456
33627
33436
33525
33632
33431
33579
33592
33635
33591
33986
33649
38549
33464
33528
33520
33477
33564
33413
33512
33516
33543
33652
33495
34981
39002
33547
39180
33541
33545
36021
36096
36221
36136
35861
39040
38936
40880
34012
31302
33570
31314
33676
33537
33516
39008
36064
36212
36308
33676
27306
33100
33612
33505
33577
36076
34089
36208
48732
33475
36074
101309
33594
39014
36607
39001
39184
36221
33483
33557
33423
33586
36044
33559
36527
36867
44133
33712
30361
33268
31358
31505
31433
33702
33526
33622
33535
36331
36109
36214
36140
36208
34096
33597
33969
33478
33618
36091
39187
39047
33679
39144
33447
33601
33469
33638
36170
37996
36189
39138
36583
33733
33556
33530
33560
36222
33548
36238
37761
39098
34092
39012
33688
39269
33422
33651
36035
34080
36208
46069
36058
29357
35952
31241
33571
33660
33819
33808
34458
33500
36183
36093
34766
31272
34140
33664
33577
36046
37310
36479
36020
36218
33512
33450
33464
33893
33587
33695
38408
36189
36184
36123
33520
36305
33449
33545
33864
17053
20947
32679
36005
33553
71625
36028
38846
37224
36033
40123
33463
33484
37412
33923
33452
33622
33966
33496
33460
33512
33556
33497
34097
33565
26822
33586
31261
31352
33537
33539
33476
33568
35708
34152
37404
36163
36155
36073
33478
33640
33658
33553
33558
33579
33513
33555
32855
31836
36091
36149
36206
36321
33653
29352
33338
28844
33435
30504
33684
30528
35584
30850
35546
30824
36026
30640
26093
34897
29233
35626
30692
35610
30699
35650
32957
35874
30738
35578
30783
35554
30699
35556
30683
35619
30666
35530
30734
35521
30720
35621
30654
35596
36039
35869
32099
38052
30903
27108
35291
29043
35532
33631
35870
30624
35500
30695
35525
30674
35496
30726
35529
30708
35588
30705
35538
30745
35547
30777
93751
35497
30675
38038
30863
34147
35496
30293
35607
30838
35574
30731
35538
30763
35504
30744
38129
30894
25931
35673
29135
35627
30779
35611
30760
35573
30784
36944
30606
25970
35601
29042
35547
30734
35514
30814
35620
35654
36001
30747
31359
35084
29223
35436
30773
35635
32260
35925
30813
35623
30771
35593
30788
38152
30843
26056
35288
29203
35446
30857
35599
30648
35702
30647
37815
30986
25821
35274
29054
35546
30709
35509
30755
35666
30653
35553
30692
35488
30702
42549
27635
25671
34968
31852
35512
30769
35550
30712
35543
30701
35521
30701
35524
30727
35539
30707
35505
30705
35559
30702
35528
35535
35915
30680
35610
30731
35554
30693
35602
30643
35541
30693
35522
30729
110529
35962
34331
27319
24576
67283
32623
27284
33359
28784
35620
30718
35508
30783
35486
30709
35529
30732
35623
30758
35661
30801
37817
31027
26087
35032
29147
35604
30727
35494
30727
35751
30762
35675
30718
34850
30451
35606
30792
35646
30843
35550
30929
35570
30802
35660
30694
26555
29749
35839
30655
35663
30727
35678
30652
35596
30659
38293
30881
32815
34552
30443
35687
30700
35673
30849
35624
30736
35711
30798
35554
30661
35585
30705
35551
32392
36270
30609
25949
35094
29093
35606
30645
25932
34971
29085
35944
30677
35533
30700
35525
30774
35524
30744
38063
30876
35428
35641
30661
35530
30719
35558
30755
35533
30726
35554
30667
35510
30704
38056
30958
26025
35259
29059
35519
30680
46133
32148
27414
90976
33447
30327
35955
30617
26074
34925
29082
35601
30632
35564
30791
35525
32975
38157
30999
27206
35427
29109
35706
30833
35688
30945
35656
30772
35553
30794
35538
30905
38059
30887
26135
35325
29033
35552
30849
38239
31065
26101
35403
29140
35495
30796
35522
30820
35620
30707
35568
30774
35577
34805
35899
30687
35537
30884
35547
30782
35605
30743
35703
30804
35636
30799
35466
30874
35449
30739
35739
30759
35593
30820
38050
30853
26021
35227
29061
35543
32284
35936
30680
25890
34990
29093
35520
30692
35501
30697
35502
30714
35621
30737
35500
30713
35516
30717
37424
30948
27183
35528
29003
35514
30717
38054
30909
26039
37517
29127
25631
33239
28820
35503
66904
36009
32488
99996
38928
36181
28811
25684
35039
29116
35542
30804
35488
30745
35565
30733
35632
30742
27188
29666
35688
33674
35930
30673
25987
35031
29120
35608
30770
35672
30983
35678
30776
35601
30809
35591
30821
35570
30827
35927
30909
35677
30937
35625
30759
35590
41190
38169
36431
27433
24703
33019
28849
34636
30471
26150
26417
24875
24828
35097
29047
35532
30840
35487
30876
35646
30645
38179
30820
26083
35299
29096
36938
30567
25923
35522
29010
35521
30736
35606
30689
35503
30716
35485
30734
35498
34794
35921
30647
33810
36085
33485
36317
33493
33547
33449
36133
36074
33983
36099
36148
33503
33452
33519
33469
33431
34811
36040
36201
36017
36122
33479
40723
33515
84558
38601
39102
36324
38901
40137
36015
36080
33586
33467
33505
33541
38945
33527
36072
36052
33542
36086
36322
33574
33571
33580
33545
33601
37398
33500
33521
33558
34064
33599
33551
33589
33988
33564
33469
33539
33582
33458
33608
33611
33655
35036
29270
35572
30796
37833
30934
25935
35377
29108
35557
30733
35609
30724
35688
30713
35529
30887
35501
30847
35567
30719
35690
30629
35656
30754
35565
30772
35526
30803
35858
30564
25990
34988
29100
35537
30722
35555
30676
35548
30737
35546
33654
35888
30676
35582
30673
35589
30696
35533
30722
35513
30719
35548
30721
35515
30700
35568
30720
35667
30669
35504
30701
35488
30712
35577
30713
35513
30749
35524
30700
35510
30756
35589
104116
35986
35092
27583
24576
45836
30376
25889
35357
29071
35592
30715
37709
30908
24352
23535
23533
34924
28807
35669
30331
35659
31595
35617
30737
35574
30758
35716
30748
35570
30828
35702
30752
33515
30549
35996
30790
35679
30770
35652
33018
36028
30865
25932
35078
29152
35581
30711
35567
30802
38179
30929
26057
35335
29027
35591
30713
35695
30754
35744
30648
34866
30484
35482
30942
35623
30825
36611
30590
25988
34964
29125
35568
30708
35515
30745
38045
33082
26105
35555
29003
35510
30725
35516
30786
35493
30726
36876
30573
25913
35503
29005
35494
30710
35520
30764
35526
30691
36073
36044
33882
30579
31362
33556
33458
34143
33420
36141
33603
36118
33497
36076
36020
36031
37073
39047
39995
33515
33495
67290
33417
38960
36121
33474
37364
36144
33491
33282
33489
33473
36078
32594
43171
29160
26315
35059
29169
35657
30743
35572
30762
35615
30768
38037
30863
26157
35079
29208
35535
30666
35676
30729
36083
30731
26067
35017
29079
35586
30845
35656
30712
35634
32950
36116
30634
26092
35017
29150
35501
30779
35501
30834
35504
30821
35542
30684
35666
30654
35682
30781
37807
30943
27119
37436
29151
25594
33294
28841
35546
30742
37990
30915
27172
35242
29020
35535
30724
35504
30722
36025
30659
25951
34964
29104
35518
30814
35511
30714
35457
32911
35884
30638
25918
34963
29096
35568
30687
35545
30691
35507
30706
35612
30698
35532
30740
35520
30718
37713
30937
27165
47868
30602
25968
90985
33513
30292
37760
30983
27238
35255
30219
35602
30682
35555
30695
36698
30618
25932
35621
29105
35636
30719
35648
30786
35634
32940
35972
30715
35407
36115
33503
36533
33458
33513
33516
36153
35985
33518
36241
36152
33646
36456
36249
33608
33457
36204
33455
33613
33668
34015
33469
33534
33478
33475
36083
36828
39024
36451
33470
33582
33533
33426
36191
33625
37624
36493
33729
39215
33412
33491
33508
33521
36049
35085
35950
36493
39205
36021
33474
36089
33447
33481
36082
33450
36108
36178
33491
38737
40795
33468
29300
33544
31227
31255
31247
33512
33454
36192
39028
36010
36034
36528
36039
36108
33428
33498
33478
33483
39048
33483
36090
36046
33489
36361
71289
33443
38815
107048
33470
