2.345864
0.063363
0.073042
0.078568
0.044377
0.048055
0.081433
0.075954
0.073913
0.067216
0.083168
0.078218
0.071764
0.076742
0.071882
0.078053
0.081465
0.077482
0.081591
0.078051
0.081582
0.079283
0.080859
0.079441
0.082538
0.074899
0.075118
0.081263
0.075264
0.079543
0.077204
0.083541
0.080436
0.074842
0.076567
0.089700
0.081235
0.082050
0.082228
0.082325
0.072966
0.074561
0.080215
0.049342
0.074939
0.072840
0.082785
0.054915
0.070263
0.080973
0.082527
0.082491
0.082634
0.083553
0.064021
0.070452
0.062841
0.058533
0.059049
0.064074
0.064172
0.063207
0.046950
0.070376
0.082443
0.083059
0.081812
0.081527
0.082521
0.056355
0.072603
0.076342
0.081048
0.081658
0.080592
0.081184
0.078958
0.071641
0.091758
0.099116
0.078866
0.080292
0.082548
0.056170
0.077477
0.081834
0.081740
0.081574
0.082760
0.082930
0.063110
0.074074
0.082050
0.083057
0.081385
0.081583
0.081355
0.079517
0.069256
0.089902
0.082468
0.082320
0.079025
0.081276
0.054915
0.075679
0.082413
0.081826
0.082244
0.080886
0.082277
0.062214
0.066612
0.080332
0.070568
0.046746
0.058802
0.082044
0.082128
0.065833
0.054643
0.082848
0.082123
0.080931
0.081456
0.082323
0.059775
0.060215
0.082062
0.082688
0.081123
0.076039
0.082201
0.074919
0.071335
0.081136
0.082447
0.071977
0.081418
0.081106
0.069530
0.059151
0.082251
0.068678
0.045254
0.064745
0.077075
0.074068
0.049922
0.049770
0.071987
0.081750
0.082079
0.080891
0.089378
0.076490
0.072020
0.081970
0.077769
0.080859
0.081920
0.082064
0.079731
0.058236
0.066544
0.079931
0.080120
0.080726
0.081314
0.079037
0.071512
0.066640
0.081485
0.080084
0.089841
0.081872
0.082241
0.073774
0.080961
0.077804
0.081522
0.079941
0.080989
0.080890
0.070158
0.051317
0.081723
0.045585
0.039342
0.081025
0.080748
0.069477
0.072656
0.081631
0.081689
0.075236
0.079182
0.081038
0.071371
0.057930
0.081507
0.080959
0.081243
0.082684
0.082277
0.077460
0.081228
0.083438
0.083789
0.082920
0.082873
0.082064
0.072313
0.077181
0.083872
0.082244
0.074696
0.083034
0.079863
0.072111
0.065231
0.065043
0.069772
0.066694
0.082038
0.081427
0.085870
0.076877
0.080024
0.082923
0.081644
0.081952
0.082538
0.081748
0.078830
0.080241
0.082212
0.081939
0.090632
0.081880
0.082208
0.072325
0.081762
0.081303
0.081243
0.080658
0.082218
0.078809
0.069961
0.083168
0.082890
0.081240
0.082584
0.082325
0.072171
0.073346
0.081803
0.078056
0.044609
0.142247
0.072124
0.060653
0.055778
0.057327
0.083196
0.081854
0.083224
0.081845
0.082013
0.077591
0.083347
0.082457
0.085283
0.082371
0.083055
0.077121
0.070755
0.082541
0.080781
0.081914
0.087795
0.086838
0.065815
0.067321
0.082441
0.082942
0.082228
0.082761
0.082616
0.067512
0.074062
0.075648
0.081861
0.082361
0.082246
0.080542
0.076279
0.072788
0.082026
0.081231
0.081065
0.081936
0.090083
0.071182
0.071950
0.065554
0.066959
0.081502
0.081538
0.083913
0.082864
0.082120
0.081439
0.081173
0.081363
0.082930
0.081823
0.079628
0.071840
0.082039
0.084235
0.081524
0.090354
0.082023
0.072962
0.075430
0.085823
0.066413
0.044026
0.073609
0.083063
0.081525
0.070525
0.072007
0.081772
0.081144
0.083834
0.081824
0.081245
0.072130
0.078150
0.080953
0.091272
0.082590
0.082176
0.080151
0.072111
0.079088
0.080932
0.080951
0.081204
0.078263
0.082091
0.071189
0.074827
0.082817
0.082974
0.081806
0.049179
0.051816
0.054467
0.054989
0.089207
0.082579
0.081107
0.081492
0.084719
0.074147
0.083125
0.082937
0.080708
0.089045
0.082539
0.078130
0.068517
0.070239
0.081570
0.081683
0.077640
0.081364
0.081022
0.078143
0.072481
0.083003
0.083417
0.081410
0.575710
0.076590
0.079875
0.078233
0.082640
0.085030
0.078305
0.079844
0.082124
0.075271
0.040016
0.061544
0.049365
0.060408
0.071526
0.075237
0.083057
0.090988
0.081775
0.081508
0.082503
0.073126
0.075714
0.075442
0.071772
0.081092
0.083486
0.081037
0.074247
0.079921
0.081360
0.082255
0.082050
0.081232
0.082057
0.071537
0.075395
0.081985
0.084847
0.084015
0.084277
0.082542
0.072175
0.072893
0.081732
0.074137
0.083130
0.082961
0.083177
0.080439
0.081786
0.080852
0.080067
0.082270
0.082136
0.080243
0.070822
0.082719
0.090789
0.082813
0.082177
0.081426
0.076388
0.070468
0.082851
0.080699
0.081186
0.081576
0.081695
0.071338
0.072497
0.079661
0.079125
0.079654
0.077092
0.085294
0.071363
0.071256
0.083116
0.070518
0.047553
0.050651
0.048241
0.080900
0.063237
0.065523
0.082978
0.081910
0.081759
0.080349
0.090031
0.061269
0.057044
0.079250
0.079966
0.080423
0.082283
0.081770
0.058182
0.067785
0.082025
0.078844
0.081642
0.079238
0.081280
0.067719
0.072151
0.077778
0.081829
0.081477
0.090604
0.082006
0.072137
0.071858
0.080660
0.074749
0.081632
0.080871
0.081175
0.074612
0.078425
0.082830
0.081668
0.082366
0.081448
0.081011
0.073971
0.064311
0.081038
0.080227
0.088306
0.081467
0.088069
0.072019
0.068398
0.080595
0.080928
0.079270
0.083074
0.089937
0.070470
0.074861
0.078082
0.081533
0.080986
0.083501
0.080227
0.072442
0.076887
0.082093
0.067204
0.043687
0.064577
0.083805
0.075368
0.071154
0.078389
0.082610
0.081668
0.089709
0.082549
0.082427
0.073270
0.081021
0.081971
0.082332
0.082234
0.081677
0.082092
0.082882
0.081669
0.160861
0.081262
0.082973
0.079847
0.064653
0.079952
0.081161
0.081073
0.081101
0.068865
0.072919
0.047591
0.070035
0.077369
0.081277
0.078658
0.081278
0.079899
0.075473
0.073763
0.073151
0.080708
0.080281
0.080384
0.082028
0.075814
0.073259
0.079782
0.075534
0.088150
0.082361
0.081098
0.073651
0.063305
0.079709
0.079787
0.082222
0.081779
0.081241
0.080957
0.070477
0.070163
0.080088
0.082677
0.082340
0.082145
0.081145
0.074417
0.081559
0.081190
0.047272
0.039886
0.078370
0.081357
0.060341
0.068003
0.075335
0.081046
0.081257
0.081222
0.081705
0.070173
0.068736
0.080893
0.076832
0.078323
0.082992
0.080799
0.077582
0.073313
0.079483
0.081414
0.081228
0.079656
0.081748
0.070359
0.053784
0.076608
0.081303
0.082218
0.081677
0.079880
0.087292
0.074655
0.081609
0.081611
0.065900
0.066707
0.069368
0.069165
0.063171
0.075847
0.081734
0.081109
0.081950
0.081046
0.082421
0.056555
0.074008
0.081985
0.081453
0.089303
0.082569
0.081313
0.066228
0.072946
0.080071
0.079896
0.079029
0.079294
0.080606
0.053079
0.073152
0.081290
0.081140
0.080477
0.081052
0.081454
0.060261
0.071755
0.081351
0.062294
0.044561
0.053573
0.082429
0.082337
0.070054
0.074769
0.081111
0.087315
0.083848
0.081705
0.079826
0.071570
0.082002
0.081209
0.077452
0.081529
0.079495
0.080417
0.068539
0.079241
0.088434
0.081046
0.081524
0.080247
0.079989
0.075390
0.081052
0.080351
0.080952
0.080017
0.081621
0.081295
0.071632
0.081385
0.081720
0.080936
0.076822
0.080641
0.077691
0.076623
0.092029
0.082801
0.081010
0.080926
0.081957
0.076692
0.079298
0.080549
0.082437
0.081057
0.081340
0.081748
0.076427
0.076186
0.081613
0.082093
0.076758
0.081678
0.080782
0.078339
0.076105
0.081024
0.079232
0.080617
0.080242
0.081011
0.072474
0.067948
0.080428
0.078097
0.051139
0.064661
0.079861
0.082483
0.065025
0.078063
0.081513
0.079812
0.081801
0.081235
0.081733
0.074088
0.080976
0.081867
0.082664
0.080998
0.083596
0.074531
0.065640
0.079898
0.082409
0.081829
0.082610
0.081155
0.078723
0.060701
0.080521
0.082637
0.082113
0.078905
0.078401
0.089388
0.045451
0.041689
0.078736
0.082506
0.074358
0.147217
0.076136
0.051716
0.068088
0.081540
0.081115
0.079748
0.078904
0.082199
0.073470
0.077897
0.082991
0.080858
0.090552
0.081244
0.083391
0.066453
0.076119
0.081440
0.080151
0.081871
0.582921
0.083756
0.079645
0.081107
0.082226
0.082818
0.046850
0.075041
0.082549
0.057605
0.037081
0.083282
0.084228
0.081093
0.075722
0.082250
0.084232
0.083749
0.081673
0.085767
0.071936
0.074751
0.080579
0.081587
0.077442
0.081190
0.082744
0.075019
0.074615
0.082051
0.090696
0.083157
0.083112
0.080579
0.067812
0.072905
0.080933
0.080602
0.082825
0.082102
0.082021
0.074905
0.063034
0.083226
0.082361
0.081940
0.069058
0.079740
0.088223
0.072775
0.084045
0.083506
0.082118
0.074368
0.084340
0.081533
0.074475
0.083144
0.088413
0.078307
0.082763
0.090498
0.080948
0.071701
0.075511
0.082324
0.080909
0.082178
0.081046
0.079617
0.079176
0.082569
0.082407
0.083672
0.082292
0.082946
0.078909
0.069335
0.082120
0.077908
0.039044
0.075379
0.049357
0.070720
0.073101
0.081472
0.081721
0.081062
0.081700
0.081414
0.082446
0.069171
0.079083
0.081876
0.082760
0.082476
0.082200
0.081746
0.079721
0.074807
0.082765
0.080479
0.082476
0.081243
0.087816
0.049823
0.077633
0.082629
0.081655
0.080106
0.090801
0.082267
0.049603
0.052586
0.080623
0.081388
0.079888
0.082375
0.078159
0.083307
0.075446
0.083118
0.081457
0.080294
0.083299
0.082122
0.078793
0.072513
0.089197
0.082148
0.081419
0.080404
0.083440
0.078234
0.069638
0.053666
0.076305
0.082777
0.080710
0.082913
0.089363
0.073690
0.080779
0.082694
0.078882
0.072287
0.080784
0.078655
0.080890
0.082526
0.070546
0.045383
0.044620
0.059131
0.082290
0.079746
0.070427
0.088972
0.081417
0.078315
0.083006
0.083570
0.074225
0.051890
0.082510
0.081859
0.081448
0.080803
0.081412
0.085959
0.056163
0.081470
0.080868
0.082833
0.080738
0.081665
0.067130
0.078528
0.081348
0.081464
0.082116
0.081620
0.081793
0.054880
0.073782
0.040898
0.042273
0.061273
0.081865
0.080662
0.081846
0.063781
0.072312
0.088497
0.081634
0.082725
0.081212
0.083606
0.053811
0.064870
0.065663
0.077662
0.081149
0.080665
0.080977
0.077615
0.077236
0.081510
0.077543
0.080922
0.081162
0.081253
0.071266
0.073027
0.082287
0.082171
0.079867
0.083135
0.089113
0.064805
0.053559
0.079829
0.079191
0.047764
0.056924
0.079969
0.080889
0.046762
0.069889
0.071638
0.075241
0.075402
0.078604
0.082858
0.070817
0.078369
0.083047
0.081641
0.080747
0.088414
0.081560
0.067081
0.077755
0.087279
0.082099
0.081248
0.081069
0.089257
0.061840
0.070762
0.077957
0.080903
0.080342
0.079926
0.080516
0.073266
0.083657
0.082304
0.080969
0.070084
0.070223
0.079281
0.079730
0.068684
0.069062
0.083225
0.079624
0.080004
0.081150
0.080857
0.068515
0.082583
0.081925
0.080790
0.080031
0.089270
0.082022
0.074838
0.080392
0.081856
0.081085
0.139081
0.081067
0.055359
0.078800
0.081330
0.080086
0.079658
0.080186
0.081044
0.067101
0.075399
0.080433
0.068397
0.047957
0.064075
0.076948
0.080551
0.051501
0.066337
0.066064
0.077358
0.081014
0.079701
0.076079
0.063551
0.070566
0.079433
0.080344
0.081413
0.080690
0.080180
0.071443
0.072804
0.081515
0.079673
0.077747
0.079032
0.078598
0.078925
0.059773
0.067002
0.082195
0.089023
0.081815
0.081671
0.081933
0.073031
0.080692
0.082524
0.079775
0.080765
0.079430
0.089553
0.057922
0.081582
0.080649
0.081185
0.072024
0.081877
0.081807
0.066317
0.078356
0.081798
0.081580
0.082583
0.078986
0.081591
0.063733
0.080963
0.081058
0.080814
0.086547
0.080218
0.082561
0.070193
0.081296
0.080832
0.079779
0.077944
0.080361
0.081529
0.068635
0.081353
0.079898
0.048273
0.038788
0.074867
0.080769
0.069789
0.082995
0.084047
0.083943
0.081967
0.081534
0.083586
0.071513
0.075677
0.081766
0.081224
0.080851
0.080342
0.082977
0.066445
0.075476
0.082369
0.081812
0.083019
0.083358
0.082155
0.079206
0.072158
0.083353
0.083523
0.082784
0.082168
0.083255
0.052891
0.069865
0.083029
0.076707
0.072117
0.077138
0.083422
0.077023
0.073681
0.082003
0.077965
0.081385
0.081097
0.080846
0.081039
0.075919
0.076690
0.080624
0.072948
0.081217
0.080624
0.078996
0.085468
0.084362
0.083213
0.080385
0.583272
0.084522
0.084309
0.082206
0.080332
0.090971
0.068155
0.081853
0.080625
0.049558
0.056889
0.058534
0.078079
0.061166
0.071478
0.079752
0.081103
0.082120
0.079555
0.080819
0.074432
0.069350
0.085835
0.072233
0.081241
0.081776
0.081006
0.076658
0.073433
0.073322
0.080210
0.081325
0.081360
0.088757
0.072879
0.076661
0.082323
0.081564
0.081395
0.082187
0.079165
0.069176
0.066540
0.079956
0.081778
0.079644
0.080287
0.080810
0.078756
0.074010
0.089907
0.082447
0.081914
0.080731
0.082480
0.075629
0.072762
0.081423
0.082228
0.082288
0.090786
0.082874
0.062065
0.068399
0.080070
0.080401
0.082629
0.080723
0.080495
0.068604
0.072249
0.081216
0.079260
0.080506
0.081648
0.080288
0.076221
0.067949
0.081622
0.082268
0.045791
0.057911
0.063443
0.062936
0.058209
0.051948
0.062239
0.064727
0.063184
0.064836
0.065042
0.063973
0.048990
0.068525
0.079208
0.079598
0.084114
0.089436
0.082495
0.065062
0.070084
0.080730
0.072749
0.080553
0.079694
0.080002
0.077049
0.074747
0.078101
0.068633
0.079841
0.077387
0.080701
0.081568
0.070761
0.085576
0.080805
0.080349
0.079496
0.079717
0.081563
0.075730
0.081541
0.080927
0.086762
0.080872
0.082893
0.076899
0.074784
0.080373
0.082089
0.079255
0.079250
0.080256
0.076402
0.075605
0.081285
0.078973
0.076075
0.077915
0.070419
0.079769
0.074849
0.082148
0.071644
0.079767
0.080734
0.080509
0.081228
0.072786
0.080263
0.079195
0.044824
0.051702
0.080619
0.076962
0.060455
0.068966
0.079856
0.055732
0.078474
0.148294
0.083229
0.054993
0.051690
0.079525
0.079045
0.080115
0.077582
0.080147
0.072922
0.083139
0.080427
0.067854
0.081020
0.080362
0.073088
0.080699
0.071886
0.054571
0.082891
0.071538
0.080740
0.081171
0.080358
0.063826
0.067026
0.077130
0.079844
0.054180
0.051022
0.087338
0.075083
0.074011
0.083110
0.080715
0.083969
0.079877
0.080396
0.076912
0.075013
0.082081
0.080014
0.080571
0.081071
0.080329
0.075394
0.067542
0.052470
0.078919
0.072247
0.078294
0.080323
0.081240
0.066602
0.072226
0.080533
0.090452
0.080557
0.080529
0.080367
0.063903
0.075874
0.079546
0.043975
0.037866
0.059093
0.063901
0.081397
0.068080
0.077406
0.080233
0.079840
0.079711
0.081035
0.081620
0.069266
0.078283
0.233970
0.081802
0.081495
0.080179
0.066921
0.136553
0.081415
0.140073
0.204513
0.061612
0.068424
0.081689
0.082375
0.080141
0.081316
0.101431
0.056705
0.070292
0.074235
0.079307
0.073756
0.051785
0.068253
0.073935
0.072933
0.079749
0.086212
0.082064
0.080720
0.082410
0.076457
0.062013
0.057235
0.066190
0.067048
0.069208
0.080185
0.080167
0.070786
0.074199
0.082048
0.089565
0.082099
0.081531
0.065259
0.061473
0.075376
0.081873
0.082037
0.080962
0.079028
0.089484
0.073023
0.074024
0.081044
0.070575
0.041166
0.063190
0.079424
0.085630
0.072335
0.066954
0.082177
0.080683
0.081051
0.081422
0.081509
0.065484
0.067743
0.083552
0.081848
0.083572
0.081221
0.081404
0.061412
0.053349
0.079140
0.081532
0.080312
0.075308
0.081613
0.081238
0.079109
0.078029
0.080693
0.083019
0.083125
0.088026
0.063531
0.074387
0.081685
0.083726
0.081876
0.082985
0.057042
0.076627
0.073965
0.080758
0.079653
0.080699
0.081287
0.081253
0.079421
0.081181
0.083010
0.080607
0.081398
0.079141
0.080676
0.075384
0.070566
0.067006
0.065800
0.072610
0.078454
0.080073
0.081893
0.058270
0.049828
0.080763
0.080871
0.081732
0.082023
0.081628
0.050232
0.058948
0.081940
0.068790
0.045426
0.060251
0.080936
0.081333
0.053017
0.073086
0.081427
0.082331
0.081690
0.080471
0.081777
0.046961
0.078030
0.081129
0.079390
0.080175
0.080581
0.083148
0.051479
0.064778
0.080933
0.082420
0.089395
0.081692
0.077741
0.063091
0.072178
0.080403
0.081485
0.070858
0.080550
0.083889
0.081610
0.071827
0.079737
0.080570
0.088370
0.079951
0.044015
0.061699
0.047370
0.051775
0.080028
0.074904
0.082610
0.080737
0.079558
0.080392
0.068906
0.066396
0.074293
0.072265
0.079207
0.082785
0.079092
0.064695
0.076894
0.080857
0.089946
0.579350
0.080572
0.080205
0.079368
0.079904
0.080307
0.073383
0.052074
0.083547
0.071901
0.045715
0.059904
0.078982
0.080928
0.045751
0.080855
0.082197
0.077417
0.080383
0.081592
0.080194
0.065046
0.067415
0.080116
0.079014
0.090967
0.082394
0.080940
0.064806
0.072225
0.080057
0.080901
0.080647
0.079011
0.067878
0.067755
0.072162
0.065445
0.050885
0.061810
0.077297
0.072984
0.080953
0.044529
0.063519
0.081085
0.079956
0.083057
0.081338
0.081838
0.057890
0.080408
0.080828
0.079435
0.080306
0.079973
0.069267
0.073755
0.071238
0.073638
0.088478
0.080465
0.079612
0.076974
0.079036
0.072469
0.081204
0.079961
0.081407
0.081486
0.082044
0.079304
0.070167
0.081117
0.082786
0.081399
0.080246
0.082696
0.078735
0.082473
0.081945
0.073421
0.043827
0.067335
0.080911
0.080885
0.063942
0.078693
0.081863
0.080328
0.082936
0.082252
0.080169
0.058395
0.054771
0.081066
0.087217
0.080795
0.079913
0.080871
0.062092
0.062947
0.081458
0.079886
0.080412
0.080919
0.089018
0.071415
0.058510
0.081950
0.079895
0.081427
0.080783
0.080239
0.081589
0.076712
0.079654
0.081920
0.078827
0.081777
0.074303
0.080993
0.076188
0.083241
0.080172
0.080420
0.080540
0.082180
0.081093
0.075126
0.081492
0.079258
0.088341
0.082582
0.080462
0.075130
0.074379
0.071017
0.079518
0.079784
0.080250
0.087831
0.078407
0.073448
0.079642
0.075392
0.080242
0.080290
0.080651
0.079814
0.074893
0.079601
0.078573
0.046074
0.068901
0.081159
0.081010
0.067247
0.080862
0.081469
0.081576
0.081650
0.082343
0.080320
0.071406
0.081563
0.082086
0.088417
0.081680
0.080426
0.081526
0.069390
0.056747
0.082065
0.081282
0.079792
0.081012
0.090449
0.067611
0.057518
0.080668
0.080246
0.081000
0.080250
0.079524
0.063229
0.068810
0.081668
0.080030
0.076054
0.080457
0.080210
0.044232
0.054820
0.078540
0.080671
0.080073
0.080132
0.080555
0.081920
0.072002
0.087129
0.080611
0.081331
0.079621
0.080250
0.079777
0.069511
0.071335
0.079523
0.088761
0.080111
0.080444
0.079071
0.069825
0.078216
0.079997
0.080778
0.078239
0.079313
0.089237
0.067385
0.081592
0.080593
0.043225
0.041109
0.056332
0.081021
0.079026
0.073510
0.081662
0.082161
0.080235
0.080258
0.081985
0.080875
0.075927
0.081521
0.081728
0.081002
0.080978
0.080249
0.075610
0.071155
0.066170
0.087739
0.081393
0.081309
0.080611
0.078193
0.068174
0.074739
0.079839
0.082290
0.081259
0.091384
0.076547
0.068097
0.082062
0.064316
0.078440
0.081433
0.079746
0.080145
0.083193
0.081598
0.081030
0.080372
0.079952
0.080846
0.080875
0.073836
0.085025
0.081721
0.081649
0.080022
0.078346
0.078632
0.074187
0.081367
0.088678
0.080871
0.080263
0.080303
0.077270
0.074251
0.081448
0.081337
0.082263
0.080794
0.089667
0.075101
0.075184
0.080808
0.074457
0.048234
0.073638
0.078445
0.080035
0.068739
0.075445
0.081586
0.075782
0.079469
0.080303
0.080166
0.072150
0.079141
0.076195
0.079694
0.080053
0.080815
0.080026
0.062293
0.069500
0.093118
0.081412
0.080976
0.085008
0.080945
0.060974
0.078048
0.080445
0.080540
0.087787
0.082377
0.080629
0.059338
0.068595
0.080656
0.080698
0.082141
0.079153
0.080434
0.076608
0.065719
0.080902
0.081154
0.080591
0.081554
0.080527
0.056368
0.071833
0.081105
0.080613
0.081562
0.079658
0.081039
0.067382
0.076575
0.082482
0.081284
0.073196
0.081045
0.081069
0.073252
0.073447
0.080277
0.080622
0.081293
0.081563
0.082777
0.078024
0.060303
0.081512
0.081221
0.044509
0.052482
0.090342
0.083964
0.057811
0.074919
0.088070
0.087140
0.082730
0.081370
0.082354
0.051148
0.056370
0.084152
0.082587
0.082017
0.080859
0.081017
0.068821
0.055541
0.081556
0.081505
0.081081
0.081204
0.080888
0.077867
0.075283
0.077863
0.090888
0.080237
0.079404
0.078838
0.073702
0.071002
0.077991
0.080654
0.080484
0.080241
0.089895
0.081451
0.044233
0.046890
0.063997
0.080511
0.082135
0.082661
0.081759
0.064861
0.067731
0.078161
0.081640
0.081240
0.080584
0.081897
0.067185
0.072637
0.073589
0.079732
0.081911
0.583636
0.079219
0.089528
0.081976
0.081310
0.081747
0.056828
0.077092
0.080046
0.070188
0.037887
0.040118
0.055548
0.061789
0.069467
0.069278
0.080779
0.081432
0.082500
0.081175
0.080721
0.061623
0.051508
0.131444
0.082556
0.081591
0.080476
0.082665
0.051447
0.072544
0.081642
0.082319
0.081861
0.078684
0.081955
0.065306
0.078132
0.082424
0.082330
0.082268
0.081753
0.082253
0.064447
0.067065
0.081622
0.080457
0.088578
0.081695
0.083658
0.069442
0.075705
0.080569
0.080780
0.080998
0.081009
0.079648
0.069935
0.074388
0.080779
0.081167
0.079029
0.079915
0.082100
0.070317
0.073265
0.082723
0.081239
0.080392
0.079938
0.081156
0.075092
0.073077
0.081785
0.080564
0.082133
0.080774
0.080876
0.073373
0.076333
0.080924
0.080058
0.043241
0.071170
0.076151
0.081494
0.062576
0.078848
0.081211
0.082228
0.080014
0.086982
0.078016
0.059557
0.067906
0.081648
0.082937
0.085113
0.078901
0.081095
0.055356
0.066635
0.078626
0.082819
0.079802
0.082853
0.080928
0.065401
0.085325
0.081830
0.081815
0.082179
0.081919
0.082248
0.063867
0.054148
0.088332
0.081723
0.081332
0.081544
0.080593
0.076806
0.079940
0.082110
0.081823
0.082198
0.090054
0.079474
0.069994
0.055918
0.081265
0.082580
0.082648
0.081369
0.081388
0.087416
0.075841
0.075363
0.074828
0.081354
0.078492
0.081433
0.083192
0.083213
0.081884
0.082250
0.084836
0.083053
0.080893
0.076135
0.074843
0.088459
0.071343
0.046086
0.078538
0.081082
0.081456
0.074114
0.056111
0.080862
0.081324
0.092085
0.083090
0.082848
0.068789
0.081083
0.087759
0.080590
0.081557
0.081293
0.081978
0.070094
0.075386
0.080726
0.080888
0.081183
0.077882
0.080416
0.064202
0.078430
0.080592
0.080942
0.081645
0.080339
0.081913
0.053620
0.084636
0.080624
0.077465
0.066266
0.079623
0.085602
0.066027
0.074545
0.045132
0.044352
0.081035
0.081174
0.080760
0.081814
0.065571
0.076787
0.079530
0.082153
0.087743
0.081071
0.082152
0.059918
0.076407
0.079945
0.083664
0.078196
0.080996
0.087677
0.078170
0.074103
0.078989
0.080657
0.081403
0.080747
0.079292
0.048641
0.072006
0.081578
0.067713
0.046362
0.046879
0.079899
0.081010
0.048967
0.066233
0.081847
0.080147
0.082439
0.082991
0.081516
0.066594
0.074295
0.090659
0.082675
0.081948
0.081285
0.083154
0.067103
0.067710
0.079708
0.081489
0.087903
0.085707
0.081825
0.064804
0.067736
0.082181
0.082912
0.079589
0.081985
0.083018
0.082030
0.075290
0.081314
0.081724
0.081307
0.081511
0.080694
0.069969
0.063210
0.080299
0.082705
0.081930
0.081627
0.080428
0.075451
0.076131
0.066711
0.082353
0.080231
0.079977
0.081089
0.076847
0.075537
0.080491
0.079807
0.081268
0.079196
0.081624
0.077807
0.075682
0.081597
0.080741
0.081479
0.081163
0.081316
0.083985
0.076362
0.081296
0.071289
0.045959
0.063312
0.080880
0.080126
0.073704
0.079072
0.080952
0.079277
0.079821
0.080820
0.083164
0.073092
0.075714
0.081937
0.080326
0.082782
0.082409
0.083110
0.069694
0.080388
0.087814
0.081872
0.080904
0.082006
0.082130
0.070422
0.076608
0.080079
0.081217
0.081822
0.088892
0.081851
0.061528
0.077763
0.079521
0.080595
0.078092
0.078969
0.079145
0.071057
0.076235
0.080233
0.077132
0.081564
0.080630
0.080779
0.065889
0.057070
0.082639
0.082022
0.080371
0.081543
0.083789
0.058529
0.076913
0.088575
0.081640
0.081142
0.082186
0.079361
0.058349
0.074993
0.080804
0.080505
0.081436
0.085117
0.080460
0.082882
0.074326
0.081378
0.053293
0.039822
0.051862
0.081740
0.081044
0.060398
0.068470
0.081041
0.080357
0.080033
0.082379
0.082295
0.053355
0.077406
0.081418
0.081399
0.081367
0.081856
0.082043
0.068579
0.068807
0.087848
0.080092
0.081753
0.081216
0.081161
0.050072
0.069557
0.081892
0.081231
0.082138
0.081766
0.081310
0.063014
0.069468
0.082057
0.082721
0.080931
0.080009
0.081238
0.076713
0.067348
0.081769
0.063792
0.044145
0.052629
0.065325
0.065503
0.059264
0.074014
0.082182
0.083738
0.081340
0.082069
0.080063
0.074488
0.074760
0.081444
0.081041
0.080985
0.082418
0.081217
0.073442
0.075410
0.081887
0.082785
0.080646
0.081028
0.081359
0.072589
0.067746
0.080015
0.075058
0.044984
0.057422
0.088448
0.081119
0.064600
0.079462
0.079739
0.082316
0.076523
0.085411
0.080640
0.059061
0.070946
0.076407
0.080796
0.081276
0.080916
0.080573
0.057296
0.076338
0.081258
0.078859
0.081064
0.081688
0.082115
0.141886
0.074668
0.082238
0.080914
0.080526
0.081952
0.080345
0.072312
0.073663
0.081315
0.081272
0.082754
0.087110
0.080400
0.073103
0.074227
0.071285
0.041372
0.049636
0.041316
0.044060
0.053897
0.075230
0.062815
0.052030
0.068619
0.082033
0.082736
0.077614
0.060761
0.072359
0.061836
0.148980
0.081902
0.083859
0.081544
0.073148
0.235976
0.081677
0.071945
0.082866
0.077415
0.075294
0.071526
0.081581
0.073049
0.047879
0.055184
0.071367
0.079808
0.058199
0.057314
0.083623
0.084903
0.082156
0.085023
0.082098
0.049248
0.065612
0.081054
0.080062
0.079997
0.076919
0.074602
0.079392
0.070378
0.078337
0.080604
0.081127
0.080966
0.080653
0.079799
0.067636
0.082307
0.082648
0.082632
0.081534
0.081067
0.076877
0.073588
0.080550
0.080471
0.089526
0.081448
0.083765
0.079955
0.074765
0.081285
0.081516
0.081755
0.079560
0.089185
0.079755
0.071810
0.080187
0.079812
0.074441
0.081025
0.082072
0.086775
0.077636
0.084387
0.080556
0.081824
0.080848
0.082611
0.071036
0.083606
0.081764
0.081680
0.080623
0.079226
0.080873
0.080139
0.068348
0.079407
0.066066
0.043299
0.041792
0.045336
0.080439
0.059392
0.060482
0.081713
0.081023
0.090984
0.080467
0.081308
0.067246
0.055580
0.065927
0.078646
0.081281
0.080187
0.081660
0.081944
0.074563
0.078057
0.081279
0.083527
0.080233
0.076611
0.080027
0.075575
0.053010
0.062748
0.072194
0.081371
0.077533
0.080910
0.053679
0.079014
0.083203
0.080422
0.081292
0.080615
0.081959
0.058433
0.070426
0.071941
0.076977
0.082065
0.047055
0.079029
0.081486
0.073905
0.081875
0.082175
0.080959
0.087501
0.080020
0.080309
0.075478
0.080310
0.081337
0.080029
0.080744
0.080150
0.079091
0.075855
0.067907
0.080056
0.076272
0.078507
0.076064
0.083841
0.075003
0.080157
0.077816
0.045057
0.038237
0.058881
0.080977
0.075746
0.073528
0.084382
0.081695
0.082039
0.081602
0.080798
0.076078
0.075721
0.067991
0.074535
0.087199
0.082551
0.082785
0.077688
0.073402
0.081615
0.082044
0.080617
0.081864
0.080634
0.079182
0.073962
0.081307
0.080110
0.081741
0.083175
0.081464
0.069688
0.074037
0.081776
0.082566
0.081690
0.072948
0.082057
0.079704
0.082759
0.067006
0.065166
0.072355
0.075649
0.077592
0.082156
0.074593
0.059803
0.086831
0.072341
0.071955
0.072283
0.079209
0.068625
0.079774
0.082283
0.081475
0.078087
0.090234
0.081538
0.067125
0.067137
0.081469
0.080937
0.080360
0.080961
0.081701
0.058084
0.075433
0.082621
0.053718
0.037616
0.057039
0.079435
0.081931
0.070600
0.080301
0.082478
0.081179
0.081347
0.081628
0.077850
0.069578
0.079899
0.082048
0.078036
0.079020
0.080072
0.080262
0.061541
0.070547
0.080249
0.080304
0.081427
0.088943
0.084720
0.052119
0.073201
0.082011
0.081541
0.082661
0.081877
0.081529
0.079723
0.079072
0.080099
0.082332
0.080099
0.082316
0.073719
0.064130
0.083346
0.081815
0.083538
0.080498
0.081129
0.080063
0.052195
0.070397
0.078426
0.083560
0.082185
0.081562
0.081831
0.071139
0.071258
0.079983
0.081797
0.080140
0.080756
0.087703
0.074153
0.060485
0.083027
0.080686
0.079761
0.077723
0.073736
0.080803
0.073633
0.067511
0.080182
0.047314
0.042523
0.061155
0.079736
0.073892
0.074832
0.080784
0.080520
0.080232
0.079587
0.080938
0.080855
0.073455
0.081983
0.088507
0.077228
0.080589
0.081311
0.075804
0.075291
0.081803
0.080873
0.082016
0.088865
0.082078
0.069738
0.056820
0.056973
0.082112
0.082277
0.080501
0.081397
0.080664
0.072376
0.080813
0.079442
0.078973
0.079199
0.078640
0.081511
0.065478
0.079702
0.080685
0.071556
0.072495
0.059810
0.042377
0.071099
0.071645
0.080695
0.072173
0.081797
0.081229
0.084742
0.076336
0.078965
0.082735
0.079592
0.085695
0.084752
0.079004
0.072900
0.072145
0.082737
0.083197
0.083341
0.081760
0.083132
0.069397
0.072146
0.082195
0.071353
0.047866
0.064713
0.081393
0.082016
0.072353
0.076220
0.082123
0.081869
0.081729
0.081749
0.084011
0.076083
0.082307
0.174183
0.081557
0.083267
0.081544
0.045166
0.070519
0.080050
0.081530
0.091489
0.082507
0.081982
0.051858
0.064868
0.082209
0.080701
0.080966
0.082633
0.081709
0.068696
0.055508
0.078811
0.081847
0.081020
0.068960
0.080078
0.079279
0.083875
0.080826
0.083603
0.082840
0.083043
0.081011
0.074381
0.073865
0.088623
0.082533
0.080299
0.081773
0.081494
0.066952
0.074913
0.082373
0.081549
0.087282
0.082983
0.057056
0.079091
0.074590
0.081554
0.080903
0.081008
0.082019
0.081397
0.084868
0.071189
0.083913
0.077334
0.045105
0.058973
0.073394
0.081361
0.046259
0.071451
0.082777
0.074687
0.083815
0.083517
0.081375
0.054316
0.074233
0.083296
0.081333
0.081549
0.081179
0.081100
0.061755
0.072928
0.073598
0.090063
0.082628
0.081561
0.081677
0.064808
0.068436
0.073791
0.082199
0.082191
0.079394
0.089011
0.075759
0.073986
0.078832
0.079499
0.081496
0.081259
0.081117
0.075541
0.071410
0.083262
0.079254
0.081607
0.081268
0.082761
0.077298
0.077239
0.081458
0.081975
0.081752
0.080729
0.083042
0.070976
0.081645
0.075128
0.088248
0.081374
0.080519
0.080803
0.066545
0.071856
0.081588
0.081101
0.080867
0.080888
0.089396
0.070632
0.068188
0.079274
0.081612
0.050265
0.053761
0.083976
0.082538
0.047484
0.080822
0.081779
0.078651
0.083188
0.080523
0.072648
0.050504
0.074614
0.084503
0.081310
0.083169
0.081957
0.081599
0.059496
0.075761
0.076938
0.082351
0.082929
0.080999
0.084668
0.066129
0.081310
0.082621
0.081322
0.078518
0.089869
0.080877
0.062923
0.072964
0.075468
0.079846
0.082643
0.078941
0.080451
0.075259
0.064614
0.079760
0.081969
0.081421
0.079810
0.082261
0.081333
0.056876
0.079466
0.082110
0.081392
0.080506
0.081870
0.081471
0.072922
0.075155
0.089987
0.081077
0.084978
0.082010
0.071676
0.074251
0.082525
0.081245
0.080432
0.084026
0.091587
0.064414
0.049628
0.076765
0.081462
0.047169
0.069742
0.081952
0.081934
0.056460
0.072845
0.082536
0.080896
0.082476
0.081390
0.084054
0.054897
0.076657
0.075586
0.080976
0.083020
0.081493
0.081948
0.070821
0.074688
0.082093
0.081682
0.082089
0.081723
0.079701
0.066704
0.077073
0.083634
0.083274
0.082009
0.081255
0.081564
0.066430
0.059347
0.076770
0.082855
0.080748
0.080048
0.081735
0.081648
0.076972
0.081248
0.089642
0.082492
0.081482
0.081109
0.081195
0.079832
0.083259
0.081686
0.081811
0.082081
0.080827
0.081707
0.075350
0.082323
0.081599
0.088412
0.080984
0.082577
0.075085
0.072258
0.077501
0.082153
0.080252
0.079988
0.081198
0.078226
0.074493
0.085213
0.077518
0.049966
0.074027
0.082075
0.082813
0.079065
0.081258
0.075371
0.080383
0.083280
0.077066
0.080903
0.075424
0.071982
0.081429
0.079212
0.082032
0.081624
0.083001
0.078419
0.081314
0.083303
0.084168
0.082609
0.082533
0.079544
0.076702
0.081935
0.082295
0.081553
0.080169
0.082633
0.081730
0.074473
0.082709
0.082069
0.080710
0.080757
0.080915
0.073985
0.057096
0.080641
0.081026
0.081579
0.079457
0.080261
0.081383
0.079143
0.082231
0.080819
0.079504
0.076264
0.080378
0.082079
0.075125
0.076130
0.078528
0.087409
0.089538
0.078866
0.077575
0.070765
0.082220
0.081242
0.081182
0.083872
0.090322
0.072838
0.074764
0.082437
0.066914
0.044168
0.051831
0.079509
0.080828
0.064358
0.074977
0.081393
0.080104
0.082685
0.082077
0.080954
0.058097
0.078893
0.080049
0.073294
0.080475
0.081778
0.076895
0.058272
0.052086
0.077300
0.088883
0.083552
0.078730
0.080400
0.072472
0.075592
0.081487
0.082765
0.083550
0.088876
0.081669
0.068612
0.118800
0.080410
0.079075
0.080982
0.078410
0.079195
0.056702
0.071540
0.080980
0.082335
0.071991
0.077592
0.078877
0.082587
0.073318
0.043442
0.069186
0.082628
0.074278
0.081556
0.083136
0.063757
0.090445
0.083573
0.081581
0.082658
0.082592
0.081643
0.071644
0.074742
0.081277
0.082612
0.082865
0.089581
0.082218
0.074950
0.086373
0.082272
0.046065
0.046843
0.079527
0.083247
0.060990
0.077459
0.082871
0.084326
0.083462
0.082618
0.081936
0.046161
0.077819
0.081879
0.083358
0.079049
0.081067
0.081567
0.055172
0.072901
0.087244
0.082707
0.078139
0.082837
0.081600
0.071576
0.073962
0.082593
0.082672
0.090420
0.081951
0.074741
0.061589
0.068668
0.083343
0.084133
0.082394
0.083113
0.159846
0.060831
0.071967
0.082427
0.082003
0.081107
0.088033
0.061854
0.046790
0.077388
0.077223
0.082173
0.081650
0.081338
0.081171
0.052262
0.052869
0.089519
0.081298
0.084310
0.081157
0.082540
0.067740
0.075090
0.079965
0.081132
0.079954
0.081076
0.081597
0.074993
0.075660
0.094138
0.066670
0.050608
0.047253
0.080825
0.080491
0.069278
0.077669
1.893894
0.076463
0.070569
0.064796
0.063420
0.079940
0.060444
0.073513
0.076284
0.067870
0.071334
0.081044
0.073749
0.080407
0.057116
0.072660
0.081014
0.080760
0.083002
0.080979
0.052050
0.068321
0.057386
0.065362
0.081541
0.081598
0.082579
0.082516
0.089340
0.073714
0.069275
0.080256
0.077941
0.075527
0.081467
0.067254
0.063662
0.079754
0.081406
0.078016
0.070626
0.076647
0.082105
0.050708
0.076935
0.080614
0.069615
0.082773
0.081104
0.083938
0.063937
0.078449
0.089935
0.072557
0.043382
0.071133
0.082920
0.082598
0.060255
0.081813
0.081165
0.082346
0.089939
0.081926
0.083014
0.074038
0.083140
0.081451
0.081960
0.082805
0.081817
0.081901
0.076619
0.080632
0.081321
0.082427
0.081665
0.082398
0.081476
0.076907
0.083346
0.085212
0.080538
0.069361
0.083230
0.079645
0.065607
0.084281
0.090809
0.082029
0.083142
0.083358
0.075503
0.076549
0.082007
0.082079
0.081693
0.079755
0.088433
0.082236
0.074656
0.088951
0.041630
0.056507
0.133853
0.082889
0.080872
0.076947
0.081146
0.082612
0.082117
0.083223
0.077988
0.077966
0.085018
0.081400
0.078999
0.082140
0.080945
0.080378
0.074263
0.074614
0.076465
0.083465
0.046720
0.070592
0.080830
0.081116
0.070670
0.055777
0.080953
0.082011
0.090383
0.080372
0.080770
0.059733
0.077954
0.081354
0.080669
0.082035
0.080803
0.083611
0.071179
0.083192
0.081311
0.082160
0.082110
0.081355
0.081049
0.074567
0.083150
0.081432
0.081047
0.082657
0.082435
0.083910
0.083676
0.083486
0.080684
0.081922
0.080789
0.080679
0.079934
0.073946
0.079467
0.079494
0.087691
0.083676
0.080686
0.075536
0.070539
0.081077
0.080133
0.082507
0.081950
0.084096
0.081163
0.073530
0.080564
0.081402
0.081651
0.085144
0.081314
0.071928
0.075961
0.083052
0.081486
0.085185
0.081719
0.081139
0.071348
0.075761
0.081380
0.080099
0.045994
0.070408
0.079956
0.084109
0.072291
0.079058
0.081546
0.082679
0.088516
0.081785
0.077644
0.077647
0.081579
0.082438
0.075368
0.081236
0.082224
0.081939
0.056642
0.132534
0.081892
0.074451
0.082574
0.082271
0.069173
0.072572
0.082044
0.081395
0.079570
0.082697
0.080471
0.073771
0.073468
0.084122
0.089897
0.081794
0.081846
0.080233
0.076063
0.061305
0.080766
0.081396
0.081520
0.089791
0.082282
0.078002
0.074951
0.082088
0.080786
0.083016
0.080480
0.081134
0.074470
0.072738
0.081881
0.081471
0.081112
0.081387
0.080853
0.068406
0.054619
0.080009
0.058426
0.077666
0.069006
0.077418
0.080646
0.050305
0.073530
0.081789
0.051387
0.038100
0.043525
0.079743
0.080384
0.055002
0.064844
0.080788
0.081497
0.089455
0.080679
0.080698
0.056422
0.055649
0.082870
0.081757
0.081997
0.085944
0.086550
0.055931
0.070455
0.084366
0.081685
0.083217
0.080995
0.082045
0.063455
0.076562
0.081417
0.083035
0.073055
0.076923
0.073295
0.078537
0.081462
0.082200
0.081400
0.077539
0.079810
0.081026
0.080616
0.075887
0.081359
0.079893
0.089245
0.080735
0.080807
0.079171
0.075054
0.081443
0.083639
0.073751
0.043550
0.078512
0.087995
0.075032
0.080318
0.080784
0.049392
0.079021
0.069975
0.081535
0.064100
0.073149
0.080527
0.081879
0.078325
0.081071
0.081891
0.051195
0.060145
0.081011
0.075119
0.049645
0.041355
0.076203
0.081978
0.050747
0.060003
0.082559
0.080883
0.080412
0.082868
0.080604
0.071011
0.072766
0.081934
0.072261
0.089779
0.081295
0.082170
0.077577
0.058468
0.083786
0.082027
0.083382
0.075777
0.081459
0.083118
0.074499
0.080565
0.081546
0.076644
0.081866
0.080563
0.082304
0.074989
0.073434
0.081071
0.080948
0.081119
0.080345
0.081040
0.072895
0.091308
0.081670
0.080315
0.085283
0.081302
0.076393
0.070923
0.081906
0.088695
0.083042
0.082079
0.079921
0.073405
0.074331
0.081007
0.081071
0.080354
0.087791
0.080545
0.074257
0.074756
0.087926
0.081500
0.081492
0.081513
0.082276
0.067362
0.076132
0.082421
0.072106
0.042708
0.075726
0.078414
0.082084
0.069188
0.080445
0.080940
0.081015
0.078119
0.081139
0.080630
0.070211
0.074646
0.084257
0.081053
0.080004
0.081068
0.082085
0.070319
0.083410
0.081190
0.082968
0.088272
0.076358
0.081248
0.078195
0.080594
0.071161
0.079876
0.081445
0.081127
0.081084
0.083111
0.052937
0.074924
0.078657
0.075554
0.081962
0.076692
0.057305
0.077274
0.081039
0.080116
0.080930
0.079920
0.082060
0.062399
0.052806
0.088632
0.082357
0.081404
0.080445
0.081043
0.072157
0.075141
0.081028
0.080390
0.089736
0.081658
0.084170
0.079518
0.077476
0.081098
0.081878
0.082240
0.083091
0.082619
0.072720
0.072381
0.082465
0.073487
0.053203
0.057947
0.085081
0.081935
0.072693
0.080804
0.072640
0.081208
0.080858
0.081024
0.082732
0.071287
0.057884
0.081661
0.083207
0.081409
0.080406
0.081425
0.054188
0.075452
0.081318
0.090742
0.082898
0.081271
0.082454
0.055493
0.066127
0.084331
0.082600
0.079715
0.065318
0.089232
0.057157
0.073935
0.081304
0.081081
0.083312
0.080850
0.079612
0.069044
0.076408
0.082027
0.082314
0.081434
0.079593
0.080213
0.072271
0.083418
0.081977
0.081602
0.081759
0.049123
0.074050
0.079987
0.077113
0.090603
0.083023
0.080983
0.081947
0.083465
0.073497
0.075173
0.081975
0.080492
0.082753
0.090441
0.082311
0.070481
0.072981
0.079645
0.080226
0.047826
0.043733
0.079963
0.082955
0.061050
0.078192
0.081439
0.082883
0.080889
0.081757
0.081512
0.055600
0.058625
0.081841
0.080608
0.074688
0.079995
0.080593
0.083123
0.075368
0.090058
0.075276
0.081414
0.082641
0.080989
0.075954
0.067465
0.082267
0.081911
0.080854
0.083196
0.096573
0.071502
0.059232
0.081997
0.083047
0.081101
0.083941
0.081571
0.076989
0.075908
0.083865
0.082004
0.081669
0.078604
0.081289
0.076533
0.078777
0.070169
0.078316
0.079886
0.081986
0.082483
0.079435
0.075250
0.089590
0.081256
0.081932
0.080521
0.080745
0.071746
0.065771
0.079580
0.080447
0.081403
0.091221
0.081747
0.079567
0.073902
0.081538
0.080661
0.046021
0.061844
0.050937
0.080619
0.056498
0.071579
0.082221
0.075303
0.083470
0.081795
0.081003
0.064955
0.070406
0.083547
0.081150
0.081008
0.081088
0.080460
0.072570
0.083610
0.071700
0.075165
0.082657
0.081434
0.079798
0.072821
0.074580
0.081022
0.086413
0.074589
0.079297
0.081051
0.076889
0.075221
0.082456
0.080308
0.081142
0.081299
0.085727
0.071718
0.076384
0.081796
0.082798
0.080953
0.081856
0.081678
0.071021
0.071273
0.079923
0.081349
0.081924
0.080735
0.081043
0.072418
0.057559
0.082157
0.069254
0.078844
0.077725
0.083215
0.085624
0.074663
0.082267
0.082083
0.081135
0.082303
0.080875
0.081493
0.075854
0.082221
0.080600
0.046408
0.048111
0.089121
0.081873
0.063761
0.077776
0.084844
0.080927
0.080635
0.081408
0.081564
0.059406
0.065569
0.064020
0.080637
0.079053
0.081075
0.080904
0.067749
0.074286
0.080440
0.079854
0.079644
0.079943
0.079505
0.074817
0.077548
0.080591
0.079394
0.079563
0.076555
0.080133
0.079884
0.075079
0.080448
0.081815
0.088486
0.082708
0.082024
0.076931
0.074786
0.082407
0.080934
0.082366
0.077802
0.079999
0.075650
0.075317
0.082868
0.082480
0.082073
0.081251
0.053911
0.143518
0.057550
0.053937
0.079783
0.093261
0.084099
0.080092
0.064331
0.059101
0.081460
0.081398
0.081524
0.078326
0.083376
0.075237
0.074565
0.081588
0.076209
0.048873
0.045977
0.076167
0.085271
0.057776
0.064539
0.083355
0.082049
0.089875
0.081794
0.081418
0.071096
0.069266
0.117010
0.082598
0.082259
0.082161
0.090344
0.073472
0.077157
0.080588
0.082207
0.081628
0.085328
0.081256
0.073505
0.077462
0.081463
0.084120
0.081676
0.081125
0.083430
0.077587
0.074129
0.083822
0.081286
0.082321
0.083233
0.081347
0.076687
0.088471
0.057540
0.082024
0.075851
0.082161
0.081945
0.070512
0.057432
0.080974
0.091437
0.081220
0.082070
0.082809
0.064428
0.079078
0.083227
0.082386
0.079312
0.089517
0.081777
0.058526
0.073490
0.081098
0.078386
0.082030
0.081645
0.083453
0.063257
0.069881
0.081863
0.075895
0.039063
0.081356
0.080501
0.068399
0.075934
0.081989
0.080844
0.081349
0.081629
0.081544
0.067084
0.079410
0.081593
0.084882
0.080843
0.081126
0.080498
0.071299
0.077168
0.079810
0.080266
0.088622
0.067346
0.081403
0.065895
0.083852
0.078826
0.083423
0.082591
0.083294
0.082015
0.055101
0.056446
0.082059
0.082979
0.078073
0.083222
0.082188
0.075074
0.065934
0.079967
0.082596
0.078748
0.080841
0.082444
0.076177
0.074260
0.082084
0.082889
0.081328
0.079594
0.081135
0.072807
0.076845
0.081509
0.088918
0.082896
0.080357
0.080784
0.079561
0.073456
0.076538
0.081442
0.081336
0.081016
0.089180
0.074949
0.074943
0.083421
0.075997
0.047664
0.069703
0.080110
0.088850
0.074639
0.081642
0.082629
0.068763
0.082674
0.083067
0.078265
0.061921
0.080552
0.080812
0.081365
0.080083
0.079831
0.080889
0.047282
0.053077
0.080215
0.081005
0.079798
0.084293
0.081483
0.075354
0.073044
0.079641
0.088126
0.082029
0.080987
0.082825
0.080188
0.072403
0.056174
0.082251
0.082550
0.082577
0.082153
0.081926
0.074656
0.081253
0.082828
0.082656
0.079784
0.081779
0.077095
0.074299
0.080586
0.081379
0.081674
0.081272
0.066945
0.078576
0.080310
0.049510
0.067039
0.081906
0.079409
0.081916
0.079001
0.055673
0.087733
0.074615
0.083509
0.083209
0.079766
0.080540
0.046734
0.078475
0.081353
0.059443
0.037689
0.051733
0.074555
0.077796
0.055195
0.075390
0.085291
0.081601
0.087449
0.082242
0.081642
0.073482
0.082030
0.082413
0.082786
0.081069
0.080668
0.083015
0.071763
0.081856
0.083842
0.082082
0.081399
0.081517
0.080405
0.085795
0.084121
0.082408
0.063999
0.081121
0.079522
0.080928
0.163867
0.083448
0.083137
0.083274
0.082404
0.081958
0.057854
0.074897
0.085952
0.082238
0.092507
0.085007
0.081962
0.064950
0.075638
0.080470
0.082728
0.082332
0.091514
0.082886
0.050840
0.076716
0.083466
0.083509
0.075081
0.083423
0.082200
0.072895
0.077764
0.083527
0.085517
0.082840
0.083523
0.081861
0.061083
0.047873
0.079606
0.080257
0.044072
0.047180
0.082727
0.081306
0.059415
0.081419
0.083093
0.084439
0.083212
0.084511
0.082290
0.058738
0.080972
0.081902
0.075725
0.081186
0.081355
0.082210
0.057759
0.052348
0.082215
0.081090
0.082301
0.081557
0.098745
0.069388
0.062755
0.077730
0.081301
0.080639
0.081169
0.083530
0.082585
0.076589
0.083088
0.082758
0.085920
0.082043
0.081397
0.081396
0.075992
0.082848
0.081074
0.079135
0.080928
0.083024
0.081828
0.074989
0.083533
0.082772
0.082946
0.081442
0.081666
0.083357
0.075523
0.083637
0.082431
0.084498
0.084736
0.075268
0.078843
0.068071
0.080716
0.082526
0.083240
0.084173
0.095342
0.071991
0.065866
0.084572
0.080363
0.050964
0.060809
0.077677
0.079049
0.066351
0.130321
0.082103
0.080992
0.081081
0.081692
0.081091
0.074461
0.081115
0.080304
0.083164
0.082074
0.081319
0.082350
0.073358
0.080467
0.091175
0.082882
0.082775
0.082501
0.076547
0.073270
0.078939
0.082113
0.081363
0.090836
0.084911
0.076372
0.073874
0.081983
0.080830
0.082956
0.081543
0.077768
0.076494
0.074703
0.082592
0.083160
0.080880
0.080516
0.080657
0.067739
0.059978
0.079808
0.084006
0.077920
0.083362
0.081814
0.074315
0.074012
0.083612
0.050308
0.042408
0.065177
0.081368
0.080652
0.064046
0.068346
0.082026
0.092105
0.082469
0.083854
0.081375
0.047124
0.079663
0.082195
0.068288
0.045214
0.086057
0.081249
0.081023
0.070345
0.080597
0.084027
0.084510
0.082742
0.081278
0.085531
0.075420
0.083001
0.080158
0.081087
0.080568
0.077093
0.081918
0.077195
0.082902
0.081142
0.079469
0.080778
0.078452
0.081830
0.074007
0.074636
0.080904
0.080820
0.081799
0.083006
0.080415
0.075254
0.075701
0.087797
0.076376
0.082162
0.080320
0.078478
0.071355
0.076452
0.081079
0.091149
0.083364
0.080843
0.078029
0.075788
0.082094
0.082598
0.076222
0.082378
0.083222
0.076837
0.073794
0.083099
0.084756
0.081640
0.083458
0.082168
0.069679
0.054633
0.081339
0.082547
0.083108
0.084206
0.080603
0.068999
0.074542
0.073959
0.078837
0.048158
0.053355
0.080952
0.082179
0.058534
0.072312
0.065065
0.082214
0.082406
0.082196
0.081954
0.051264
0.074111
0.082817
0.069989
0.081179
0.080725
0.091007
0.065844
0.078871
0.082869
0.081253
0.082474
0.082031
0.070053
0.044229
0.074569
0.082945
0.083175
0.083000
0.081651
0.081971
0.075595
0.075383
0.082075
0.083818
0.083975
0.080307
0.081023
0.070722
0.067795
0.083261
0.082537
0.081195
0.081250
0.078461
0.077279
0.066774
0.081273
0.082910
0.081700
0.082322
0.149595
0.046761
0.075016
0.082222
0.081794
0.081299
0.082016
0.082780
0.062305
0.057237
0.077054
0.080310
0.081086
0.081616
0.081235
0.078562
0.073504
0.060326
0.075308
0.043630
0.037293
0.059011
0.048710
0.078025
0.067594
0.079292
0.082097
0.082614
0.082206
0.082369
0.080980
0.073529
0.081539
0.090466
0.082138
0.080591
0.081759
0.080323
0.074999
0.081715
0.081087
0.082533
0.080467
0.088584
0.080431
0.062076
0.079668
0.080832
0.077553
0.080872
0.080128
0.079548
0.083415
0.081328
0.075425
0.080310
0.081622
0.080803
0.082189
0.075262
0.080632
0.081884
0.081986
0.081733
0.081473
0.080884
0.073262
0.077007
0.090767
0.081009
0.080245
0.081361
0.083734
0.073337
0.079811
0.081157
0.056345
0.052534
0.080581
0.082322
0.066084
0.072172
0.081185
0.078316
0.080099
0.081232
0.080591
0.057405
0.052535
0.081441
0.071171
0.044352
0.050982
0.083091
0.080372
0.062241
0.068459
0.081374
0.080717
0.082135
0.081029
0.077339
0.055461
0.073055
0.082045
0.074983
0.081697
0.081767
0.081273
0.070265
0.084921
0.080922
0.079856
0.081635
0.079650
0.079576
0.070805
0.073992
0.082195
0.082508
0.080910
0.080591
0.081767
0.070607
0.074336
0.083111
0.081327
0.080328
0.090087
0.082159
0.068339
0.054864
0.080133
0.066206
0.076827
0.080843
0.081636
0.089658
0.075332
0.081084
0.080144
0.079556
0.082169
0.081231
0.080794
0.077068
0.078982
0.081436
0.081124
0.081586
0.082006
0.081104
0.145657
0.080775
0.081534
0.081878
0.080285
0.083605
0.053108
0.070169
0.088378
0.057055
0.043928
0.055154
0.066115
0.081044
0.059207
0.073905
0.080080
0.088034
0.081902
0.081644
0.084634
0.052875
0.076111
0.081274
0.080385
0.081079
0.087987
0.079953
0.080182
0.076031
0.080302
0.080044
0.080655
0.081741
0.081481
0.058290
0.070830
0.083416
0.081855
0.080726
0.081837
0.081332
0.065826
0.074274
0.080305
0.079393
0.079139
0.079985
0.079658
0.071181
0.064872
0.082910
0.074543
0.081716
0.069990
0.081337
0.082488
0.075793
0.088983
0.083050
0.081403
0.078407
0.074367
0.077044
0.064130
0.079412
0.081118
0.089536
0.082491
0.083076
0.074320
0.075439
0.081001
0.075076
0.079979
0.079891
0.090825
0.074683
0.072327
0.080763
0.075471
0.043279
0.039704
0.060079
0.080127
0.069221
0.069674
0.080534
0.078140
0.077047
