286
477
608
739
870
1001
1133
1264
1395
1526
1657
1788
1919
2051
2182
2313
2444
2575
2706
2837
2968
3099
3230
3361
3492
3623
3754
3885
4016
4147
4278

287
478
609
740
871
1002
1134
1265
1396
1527
1658
1789
1920
2052
2183
2314
2445
2576
2707
2838
2969
3100
3231
3362
3493
3624
3755
3886
4017
4148
4279

287
478
610
741
872
1003
1135
1267
1398
1529
1660
1791
1922
2054
2185
2316
2447
2578
2709
2840
2971
3102
3233
3364
3495
3626
3757
3888
4019
4150
4281

288
479
610
741
872
1003
1135
1266
1397
1528
1659
1790
1921
2053
2184
2315
2446
2577
2708
2839
2970
3101
3232
3363
3494
3625
3756
3887
4018
4149
4280

285
476
607
738
869
1000
1132
1263
1394
1525
1656
1787
1918
2050
2181
2312
2443
2574
2705
2836
2967
3098
3230
3361
3492
3623
3754
3885
4016
4147
4278

283
474
605
736
867
998
1130
1261
1392
1523
1654
1785
1916
2048
2179
2310
2441
2572
2703
2834
2965
3096
3227
3358
3489
3620
3751
3882
4013
4144
4275

287
478
609
740
871
1002
1134
1265
1396
1527
1659
1790
1921
2053
2184
2315
2446
2577
2708
2839
2971
3102
3234
3365
3496
3627
3758
3889
4020
4151
4282

284
475
606
737
868
999
1131
1262
1393
1524
1655
1786
1917
2049
2180
2311
2442
2573
2704
2835
2966
3097
3228
3359
3490
3621
3752
3883
4014
4145
4276

286
477
608
739
870
1001
1133
1264
1395
1526
1657
1788
1919
2051
2182
2313
2444
2575
2706
2837
2968
3099
3230
3361
3492
3623
3754
3885
4016
4147
4278

287
478
609
740
871
1002
1134
1265
1396
1527
1658
1789
1920
2052
2183
2314
2445
2576
2707
2838
2969
3100
3231
3362
3493
3624
3755
3886
4017
4148
4279

283
474
605
736
867
998
1130
1261
1392
1523
1654
1785
1916
2048
2179
2310
2441
2572
2703
2834
2965
3096
3227
3358
3489
3620
3751
3882
4013
4144
4275

290
481
612
743
874
1005
1137
1268
1399
1530
1661
1792
1923
2055
2186
2317
2448
2579
2710
2841
2972
3103
3234
3365
3496
3627
3758
3889
4020
4151
4282

287
478
609
740
871
1002
1134
1265
1396
1527
1658
1789
1921
2053
2184
2315
2446
2577
2708
2839
2970
3101
3232
3363
3494
3625
3756
3887
4018
4149
4280

288
479
610
741
872
1003
1135
1266
1397
1528
1659
1790
1921
2053
2184
2315
2446
2577
2708
2839
2970
3101
3232
3363
3494
3625
3756
3887
4018
4149
4280

287
478
609
740
871
1002
1134
1265
1397
1528
1659
1790
1921
2053
2184
2315
2446
2577
2708
2839
2970
3101
3232
3363
3494
3625
3756
3887
4018
4149
4280

286
477
608
739
870
1001
1133
1264
1395
1526
1657
1788
1919
2051
2182
2313
2444
2575
2706
2837
2968
3099
3230
3361
3492
3623
3754
3885
4016
4147
4278

286
477
608
739
870
1001
1134
1265
1396
1527
1658
1789
1920
2052
2183
2314
2445
2576
2707
2838
2969
3100
3231
3362
3493
3624
3755
3886
4017
4148
4279

286
477
608
739
870
1001
1133
1264
1395
1526
1657
1788
1919
2051
2182
2313
2444
2575
2706
2837
2968
3099
3230
3361
3492
3623
3754
3885
4016
4147
4278

285
476
607
739
870
1001
1133
1264
1395
1526
1657
1788
1919
2051
2182
2313
2444
2575
2706
2837
2968
3099
3230
3361
3492
3623
3754
3885
4016
4147
4278

284
475
606
737
868
999
1131
1262
1393
1524
1655
1786
1917
2049
2180
2311
2442
2573
2704
2835
2966
3097
3228
3359
3490
3621
3752
3883
4014
4145
4276

283
474
605
736
867
998
1130
1261
1392
1523
1654
1785
1917
2049
2180
2311
2442
2573
2704
2835
2966
3097
3228
3359
3490
3621
3752
3883
4014
4145
4276

289
480
611
742
873
1004
1136
1267
1398
1529
1660
1791
1922
2054
2185
2316
2447
2578
2709
2840
2971
3102
3233
3364
3495
3626
3757
3888
4019
4150
4281

286
477
608
739
870
1001
1133
1264
1395
1526
1657
1788
1919
2051
2182
2313
2444
2575
2706
2837
2968
3099
3230
3361
3492
3623
3754
3885
4016
4147
4278

288
479
610
741
872
1003
1135
1266
1397
1528
1659
1790
1921
2053
2184
2315
2446
2577
2708
2839
2970
3101
3232
3363
3494
3625
3756
3887
4018
4149
4280

289
480
611
742
874
1005
1137
1268
1399
1530
1661
1792
1923
2055
2186
2317
2448
2579
2710
2841
2972
3103
3234
3365
3496
3628
3759
3890
4021
4152
4283

287
478
609
740
871
1002
1134
1265
1396
1527
1658
1789
1920
2052
2183
2314
2445
2576
2707
2838
2969
3100
3231
3362
3493
3624
3755
3886
4017
4148
4279

285
476
607
738
869
1000
1132
1263
1394
1525
1656
1787
1918
2050
2181
2312
2443
2574
2705
2836
2967
3098
3229
3360
3491
3622
3753
3884
4015
4146
4277

284
475
606
737
868
999
1131
1262
1393
1524
1655
1786
1917
2049
2180
2311
2442
2573
2704
2836
2967
3098
3229
3360
3491
3622
3753
3884
4015
4146
4277

285
476
608
739
870
1001
1133
1264
1395
1526
1657
1788
1919
2051
2182
2313
2444
2575
2706
2837
2968
3099
3230
3361
3492
3623
3754
3885
4016
4147
4279

288
479
610
742
873
1004
1136
1267
1398
1529
1660
1791
1922
2054
2185
2316
2447
2578
2709
2840
2971
3102
3233
3364
3495
3626
3757
3888
4019
4150
4281

285
476
607
738
869
1000
1132
1263
1394
1525
1656
1787
1918
2050
2181
2312
2443
2574
2705
2836
2967
3098
3229
3360
3491
3622
3753
3884
4015
4146
4277

287
478
609
740
871
1002
1134
1266
1398
1530
1662
1794
1926
2059
2191
2323
2455
2587
2719
2851
2983
3115
3247
3379
3511
3643
3775
3907
4039
4171
4303

286
478
611
743
875
1007
1140
1272
1404
1536
1668
1800
1932
2065
2197
2329
2461
2593
2725
2857
2989
3121
3253
3385
3517
3649
3781
3913
4045
4177
4309

285
477
609
741
873
1005
1138
1270
1402
1534
1666
1798
1930
2063
2195
2327
2460
2592
2724
2856
2988
3120
3252
3384
3516
3648
3780
3912
4044
4176
4308

287
479
611
743
875
1007
1140
1272
1404
1536
1668
1800
1932
2065
2197
2329
2461
2593
2725
2857
2989
3121
3253
3385
3517
3649
3781
3913
4045
4177
4309

286
478
610
742
874
1006
1139
1271
1403
1535
1667
1799
1931
2064
2196
2328
2460
2592
2724
2856
2988
3120
3252
3384
3516
3648
3780
3912
4044
4176
4308

289
481
613
745
877
1009
1142
1274
1406
1538
1670
1802
1934
2067
2199
2331
2463
2595
2727
2859
2991
3123
3255
3387
3519
3651
3783
3915
4047
4179
4311

285
477
609
741
873
1005
1138
1270
1402
1534
1666
1798
1930
2063
2195
2327
2459
2591
2723
2855
2987
3119
3251
3383
3515
3647
3779
3911
4043
4175
4307

287
479
611
743
875
1007
1140
1272
1404
1536
1668
1800
1932
2065
2197
2329
2461
2593
2725
2857
2989
3121
3253
3385
3517
3649
3781
3913
4045
4177
4309

287
479
611
743
875
1007
1140
1272
1404
1536
1668
1800
1932
2065
2197
2329
2461
2593
2725
2857
2989
3121
3253
3385
3517
3649
3781
3913
4045
288
4177
480
4309
612

744
876
1008
1141
1273
1405
1538
1670
1802
1934
2067
2199
2331
2463
2595
2727
2859
2991
3123
3255
3387
3519
3651
3783
3915
4047
4180
4312

286
478
610
742
874
1006
1139
1271
1403
1535
1667
1799
1931
2064
2201
2333
2465
2597
2729
2861
2993
3125
3257
3389
3521
3653
3785
3917
4049
4181
4313

286
478
610
742
874
1006
1139
1271
1403
1535
1667
1799
1931
2064
2196
2328
2460
2592
2724
2856
2988
3120
3252
3384
3516
3648
3780
3912
4044
4176
4308

289
481
613
745
877
1009
1142
1274
1406
1538
1670
1803
1935
2068
2200
2332
2464
2596
2728
2860
2992
3124
3256
3388
3520
3652
3784
3916
4048
4180
4312

286
478
610
742
874
1006
1139
1271
1403
1535
1667
1799
1931
2064
2196
2328
2460
2592
2724
2856
2988
3120
3252
3384
3516
3648
3780
3912
4044
4176
4308

285
477
609
741
873
1005
1138
1270
1402
1534
1666
1798
1930
2063
2195
2327
2459
2591
2723
2855
2987
3119
3251
3383
3515
3647
3779
3911
4043
4175
4307

287
480
612
744
876
1008
1141
1273
1405
1537
1669
1801
1933
2066
2198
2330
2462
2594
2726
2858
2990
3122
3254
3386
3518
3650
3782
3914
4046
4178
4310

287
479
611
743
875
1007
1140
1272
1404
1536
1668
1800
1932
2065
2197
2329
2461
2593
2725
2857
2989
3121
3253
3385
3517
3650
3782
3914
4046
4178
4310

289
481
613
745
877
1009
1142
1274
1406
1538
1670
1802
1934
2067
2199
2331
2463
2595
2727
2859
2991
3123
3255
3387
3519
3651
3783
3915
4047
4179
4311

291
483
615
747
879
1011
1144
1276
1408
1540
1672
1804
1936
2069
2201
2333
2465
2597
2729
2861
2993
3125
3257
3389
3521
3653
3785
3917
4049
4181
4313

284
476
608
740
872
1004
1137
1269
1401
1533
1665
1797
1929
2062
2194
2326
2458
2590
2722
2854
2986
3118
3250
3382
3514
3646
3778
3910
4042
4174
4306

286
478
610
742
874
1006
1139
1271
1403
1535
1667
1799
1931
2064
2196
2328
2460
2592
2724
2856
2988
3120
3252
3384
3516
3648
3780
3912
4044
4176
4308

288
480
612
744
876
1008
1141
1273
1405
1537
1669
1801
1933
2066
2198
2330
2462
2594
2726
2858
2990
3122
3254
3386
3518
3650
3782
3914
4046
4178
4310

288
480
612
744
876
1008
1141
1273
1405
1537
1669
1801
1933
2066
2198
2330
2462
2594
2726
2858
2990
3122
3254
3386
3518
3650
3782
3914
4046
4178
4310

285
477
609
741
873
1005
1138
1270
1402
1534
1666
1798
1930
2063
2195
2327
2459
2591
2723
2855
2987
3119
3251
3383
3515
3647
3779
3911
4043
4175
4307

288
480
612
744
876
1008
1141
1273
1405
1537
1669
1801
1933
2066
2198
2330
2462
2594
2726
2858
2990
3122
3254
3386
3518
3650
3782
3914
4046
4178
4310

287
479
611
743
875
1007
1140
1272
1404
1536
1668
1800
1932
2065
2197
2329
2461
2593
2725
2857
2989
3121
3253
3385
3517
3649
3781
3913
4045
4177
4309

289
481
613
745
877
1009
1142
1274
1406
1538
1670
1802
1934
2067
2199
2331
2463
2595
2727
2859
2991
3123
3255
3387
3519
3651
3783
3915
4047
4179
4311

285
477
609
741
873
1005
1138
1270
1402
1534
1666
1798
1930
2063
2195
2327
2459
2591
2723
2855
2987
3119
3251
3383
3515
3647
3779
3911
4043
4175
4307

289
481
613
745
877
1009
1142
1274
1406
1538
1670
1802
1934
2067
2199
2331
2463
2596
2728
2860
2992
3124
3256
3388
3520
3652
3784
3916
4048
4180
4312

285
477
609
741
873
1005
1138
1270
1402
1534
1666
1798
1930
2063
2195
2327
2459
2591
2723
2855
2987
3119
3251
3383
3515
3647
3779
3911
4043
4175
4307

286
478
610
742
874
1006
1139
1271
1403
1535
1667
1799
1931
2064
2196
2328
2460
2592
2724
2856
2988
3120
3252
3384
3516
3649
3781
3913
4045
4177
4309

285
477
609
741
873
1005
1138
1270
1402
1534
1666
1798
1930
2063
2195
2327
2459
2591
2723
2855
2987
3119
3251
3383
3515
3647
3779
3911
4043
4175
4307

290
482
614
746
878
1010
1143
1275
1407
1539
1671
1803
1935
2068
2200
2332
2464
2596
2728
2860
2992
3124
3256
3388
3520
3652
3784
3916
4048
4180
4312

286
478
610
743
875
1007
1140
1272
1404
1536
1668
1800
1932
2065
2197
2329
2461
2593
2725
2857
2989
3121
3253
3385
3517
3649
3781
3913
4045
4177
4309

288
480
612
744
876
1008
1141
1273
1405
1537
1669
1801
1933
2066
2198
2330
2462
2594
2726
2858
2991
3123
3255
3387
3519
3651
3783
3915
4047
4179
4311

284
476
609
741
873
1006
1139
1271
1403
1535
1667
1799
1931
2064
2196
2328
2460
2592
2724
2856
2988
3120
3253
3386
3518
3650
3782
3914
4046
4178
4310

288
480
612
744
876
1008
1141
1273
1405
1537
1669
1801
1933
2066
2198
2330
2462
2594
2726
2858
2990
3122
3254
3386
3518
3650
3782
3914
4046
4178
4310

288
480
612
744
876
1008
1141
1273
1405
1537
1669
1801
1933
2066
2198
2330
2462
2594
2726
2858
2990
3122
3254
3386
3519
3651
3783
3915
4047
4179
4311

288
480
612
744
876
1008
1141
1273
1405
1537
1669
1801
1933
2066
2198
2330
2462
2594
2726
2858
2990
3122
3254
3386
3518
3650
3782
3914
4046
4178
4310

286
478
610
742
874
1006
1139
1271
1403
1535
1667
1799
1931
2064
2196
2328
2460
2592
2724
2856
2988
3120
3252
3384
3516
3648
3780
3912
4044
4176
4308

285
477
609
741
873
1005
1138
1270
1402
1534
1666
1798
1930
2063
2195
2327
2459
2591
2723
2855
2987
3119
3251
3383
3515
3647
3779
3911
4043
4175
4307

288
480
612
744
876
1008
1141
1273
1405
1537
1669
1801
1933
2066
2198
2330
2462
2594
2726
2858
2990
3122
3254
3386
3518
3650
3782
3914
4046
4178
4310

286
479
611
743
875
1007
1140
1272
1404
1536
1668
1800
1932
2065
2197
2329
2461
2593
2725
2857
2989
3121
3253
3385
3517
3649
3781
3913
4045
4177
4309

286
478
610
742
874
1006
1139
1271
1403
1535
1667
1799
1931
2064
2197
2329
2461
2593
2725
2857
2989
3121
3253
3385
3517
3649
3781
3913
4045
4177
4309

284
477
609
741
873
1005
1138
1270
1402
1534
1666
1798
1930
2063
2195
2327
2459
2591
2723
2855
2987
3119
3251
3383
3515
3647
3779
3911
4043
4175
4307

286
478
610
742
874
1006
1139
1271
1403
1535
1667
1800
1932
2065
2197
2329
2461
2593
2725
2857
2989
3122
3254
3386
3518
3650
3782
3914
4046
4178
4310

288
480
612
744
876
1008
1141
1273
1405
1537
1669
1801
1933
2066
2198
2330
2462
2594
2726
2858
2990
3122
3254
3386
3518
3650
3782
3914
4046
4178
4310

288
480
612
744
876
1008
1141
1273
1405
1537
1669
1801
1933
2066
2198
2330
2462
2594
2726
2858
2990
3122
3254
3386
3518
3650
3782
3914
4046
4178
4310

287
479
611
744
876
1008
1141
1273
1405
1537
1669
1801
1933
2066
2198
2330
2463
2595
2727
2859
2991
3123
3255
3387
3519
3651
3783
3915
4047
4179
4311

285
477
609
741
873
1005
1138
1270
1402
1534
1666
1798
1930
2063
2195
2327
2459
2591
2723
2855
2987
3119
3251
3383
3515
3647
3779
3911
288
4043
480
4175
612
4307
744

876
1008
1141
1273
1405
1537
1669
1801
1933
2066
2198
2330
2462
2594
2726
2858
2990
3122
3254
3386
3518
3650
3782
3914
4046
4178
4310

286
478
610
742
874
1006
1139
1271
1403
1535
1667
1800
1932
2066
2198
2330
2462
2594
2726
2858
2990
3122
3254
3386
3518
3650
3782
3914
4046
4178
4310

289
481
613
745
877
1009
1142
1274
1406
1538
1670
1802
1934
2067
2199
2331
2463
2595
2727
2859
2991
3123
3255
3387
3519
3651
3783
3915
4047
4179
4312

289
481
613
745
877
1009
1142
1274
1406
1538
1670
1802
1934
2067
2199
2331
2463
2595
2727
2859
2991
3123
3255
3387
3519
3651
3783
3915
4047
4179
4311

287
479
611
743
875
1007
1140
1272
1404
1536
1668
1800
1932
2065
2197
2329
2461
2593
2725
2857
2989
3121
3253
3385
3517
3649
3781
3913
4045
4177
4309

287
479
611
743
875
1007
1140
1272
1404
1536
1668
1800
1932
2065
2197
2329
2461
2593
2725
2857
2989
3121
3253
3385
3517
3649
3781
3913
4045
4177
4309

286
478
610
742
874
1006
1139
1271
1403
1535
1667
1799
1931
2064
2196
2328
2460
2592
2724
2856
2988
3120
3252
3384
3516
3648
3780
3912
4044
4176
4308

285
477
609
741
873
1005
1138
1270
1402
1534
1667
1799
1931
2064
2196
2328
2460
2592
2724
2857
2989
3121
3253
3385
3517
3649
3781
3913
4045
4177
4309

286
478
610
742
874
1006
1139
1271
1403
1535
1667
1799
1931
2064
2196
2329
2461
2593
2725
2857
2989
3121
3253
3385
3517
3649
3781
3913
4045
4177
4309

289
481
613
745
877
1016
1149
1281
1413
1545
1677
1809
1941
2074
2206
2338
2470
2602
2734
2866
2998
3130
3262
3394
3526
3658
3790
3922
4054
4186
4318

286
478
610
742
874
1006
1139
1271
1403
1535
1667
1799
1931
2064
2196
2329
2461
2593
2725
2857
2989
3121
3253
3385
3517
3649
3781
3913
4045
4177
4309

290
482
615
747
879
1011
1144
1276
1408
1540
1672
1804
1936
2069
2201
2333
2465
2597
2729
2861
2993
3125
3257
3389
3521
3653
3785
3917
4049
4181
4313

290
482
614
746
878
1010
1143
1275
1407
1539
1671
1803
1935
2068
2200
2332
2464
2596
2729
2861
2993
3125
3257
3389
3521
3653
3785
3918
4050
4182
4314

284
476
608
740
872
1004
1137
1269
1401
1533
1665
1797
1929
2062
2194
2326
2458
2590
2722
2854
2986
3118
3250
3382
3514
3646
3778
3910
4042
4174
4306

287
479
611
744
876
1008
1141
1273
1405
1537
1669
1801
1933
2066
2198
2330
2463
2595
2727
2859
2991
3123
3255
3387
3519
3651
3783
3915
4047
4179
4311

287
479
612
744
876
1008
1141
1273
1405
1537
1669
1801
1933
2066
2198
2330
2462
2594
2726
2858
2990
3122
3254
3386
3518
3650
3782
3914
4046
4178
4310

291
483
615
747
879
1011
1144
1276
1408
1540
1672
1804
1936
2069
2201
2333
2465
2597
2729
2861
2993
3125
3257
3389
3521
3653
3785
3918
4050
4182
4314

289
481
613
745
877
1009
1143
1275
1407
1539
1671
1803
1935
2068
2200
2332
2464
2596
2728
2860
2992
3124
3256
3388
3520
3652
3784
3916
4048
4180
4312

289
481
613
745
877
1009
1142
1274
1406
1538
1670
1802
1934
2068
2200
2332
2464
2596
2728
2860
2992
3124
3256
3388
3520
3652
3784
3916
4048
4180
4312

284
476
608
740
872
1004
1138
1270
1402
1534
1667
1799
1931
2064
2196
2328
2460
2592
2724
2856
2988
3120
3252
3384
3516
3648
3780
3912
4044
4176
4308

288
480
612
744
876
1008
1141
1273
1405
1537
1669
1801
1933
2066
2198
2330
2462
2594
2726
2858
2990
3122
3254
3386
3518
3650
3782
3914
4046
4178
4310

289
481
613
745
877
1009
1142
1274
1406
1538
1670
1802
1934
2067
2199
2331
2463
2595
2727
2859
2991
3123
3255
3387
3519
3651
3783
3915
4047
4179
4311

287
479
612
744
876
1008
1141
1273
1405
1537
1669
1801
1933
2066
2198
2330
2462
2594
2726
2858
2990
3122
3254
3386
3518
3650
3782
3914
4046
4178
4310

292
484
616
748
880
1012
1145
1277
1410
1542
1674
1806
1938
2071
2203
2335
2467
2599
2731
2863
2995
3127
3259
3391
3523
3655
3787
3919
4051
4183
4315

290
482
614
746
878
1010
1143
1275
1407
1539
1671
1803
1935
2068
2200
2332
2464
2596
2728
2860
2992
3124
3256
3388
3520
3652
3784
3916
4048
4180
4312

288
480
612
744
876
1008
1141
1273
1405
1537
1669
1801
1933
2066
2198
2330
2462
2594
2726
2858
2990
3122
3254
3386
3518
3650
3782
3914
4046
4178
4310

285
477
609
741
873
1005
1138
1270
1402
1534
1666
1798
1930
2063
2195
2327
2459
2591
2723
2855
2987
3119
3251
3383
3515
3647
3779
3911
4043
4175
4307

284
476
608
740
872
1004
1138
1271
1403
1535
1667
1799
1931
2064
2196
2328
2460
2592
2724
2856
2988
3120
3252
3384
3516
3648
3780
3912
4044
4176
4308

285
477
609
741
873
1005
1138
1270
1402
1534
1666
1798
1930
2063
2195
2327
2459
2591
2723
2855
2987
3119
3251
3383
3515
3647
3779
3911
4043
4175
4307

293
485
617
749
881
1013
1146
1278
1410
1542
1674
1806
1938
2071
2203
2335
2467
2599
2731
2863
2995
3127
3259
3391
3523
3655
3787
3919
4051
4183
4315

287
479
612
744
876
1009
1142
1274
1406
1538
1670
1802
1934
2067
2199
2331
2463
2595
2727
2859
2991
3123
3255
3387
3519
3651
3783
3915
4047
4179
4311

287
479
611
743
875
1007
1140
1272
1404
1536
1668
1800
1932
2065
2197
2329
2461
2593
2725
2857
2989
3121
3253
3385
3517
3649
3781
3913
4045
4177
4309

286
478
610
742
874
1006
1139
1271
1403
1535
1667
1799
1931
2064
2196
2328
2460
2592
2724
2856
2988
3120
3252
3384
3516
3648
3780
3912
4044
4176
4308

289
481
614
746
878
1010
1143
1275
1407
1539
1671
1803
1936
2069
2201
2333
2465
2597
2729
2861
2993
3125
3257
3389
3521
3653
3785
3917
4049
4181
4313

288
480
612
744
876
1008
1141
1273
1405
1537
1669
1801
1933
2066
2198
2330
2462
2594
2726
2858
2990
3122
3254
3386
3518
3650
3783
3915
4047
4179
4311

288
480
612
744
876
1008
1141
1273
1405
1537
1669
1801
1933
2066
2198
2330
2462
2594
2726
2858
2990
3122
3254
3386
3518
3650
3782
3914
4046
4178
4310

286
478
610
742
874
1006
1139
1271
1403
1535
1667
1799
1931
2064
2196
2328
2460
2592
2724
2856
2988
3120
3252
3384
3516
3648
3780
3912
4044
4176
4308

285
477
609
741
873
1005
1138
1270
1402
1534
1666
1798
1930
2063
2195
2327
2459
2591
2723
2855
2987
3119
3251
3383
3515
3647
3779
3911
4043
4175
4307

285
477
609
741
873
1005
1139
1271
1403
1535
1667
1799
1931
2064
2196
2328
2460
2592
2724
2856
2988
3120
3252
3384
3516
3648
3780
3912
4044
4176
4308

284
476
608
740
872
1004
1137
1269
1401
1534
1666
1798
1930
2063
2195
2327
2459
2591
2723
2855
2987
3119
3251
3383
3515
3647
3779
3911
4043
4175
4307

283
475
607
739
871
1003
1136
1268
1400
1532
1664
1796
1928
2061
2193
2325
2457
2589
2721
2853
2985
3117
3250
3382
3514
3646
3778
3910
4042
4175
4307

283
475
607
739
871
1003
1136
1268
1400
1532
1664
1796
1928
2061
2193
2325
2457
2589
2721
2853
2985
3117
3249
3381
3513
3645
3777
3909
4041
4173
4305

286
478
610
742
874
1006
1139
1271
1403
1535
1667
1799
1931
2064
2196
2328
2460
2592
2724
2857
2989
3121
3253
3385
3517
3649
3781
3913
4045
4177
4309

289
481
613
746
878
1010
1143
1275
1407
1539
1671
1803
1935
2068
2200
2332
2464
2596
2728
2860
2992
3124
3256
3388
3520
3652
3784
3916
4048
4180
4312

288
481
613
745
877
1009
1142
1274
1406
1538
1670
1802
1934
2067
2199
2331
2463
2595
2727
2859
2991
3123
3255
3387
3519
3651
3783
3915
4047
4179
4311

285
477
609
741
873
1005
1138
1270
1402
1534
1666
1798
1930
2063
2195
2327
2459
2591
2723
2855
2987
3119
3251
3383
3515
3647
3779
3911
4043
4175
4307

287
479
611
743
875
1007
1145
1277
1409
1541
1673
1805
1937
2070
2202
2334
2466
2599
2731
2863
2995
3127
3259
3391
3523
3655
3787
3919
4051
4183
4315

290
482
614
746
878
1010
1143
1275
1407
1539
1671
1803
1935
2068
2200
2332
2464
2596
2728
2860
2992
3124
3256
3388
3520
3652
3784
3916
4048
4180
4312

289
481
613
745
877
1009
1142
1274
1406
1538
1670
1802
1934
2067
2200
2332
2464
2596
2728
2860
2992
3124
3256
3388
3520
3652
3784
3916
4048
4180
4312

295
487
620
752
884
1016
1149
1281
1413
1545
1677
1809
1941
2074
2206
2338
2470
2602
2734
2866
2998
3130
3262
3394
3526
3658
3790
3922
4054
4186
4318

289
482
614
746
878
1010
1143
1275
1407
1539
1671
1803
1935
2068
2200
2332
2464
2596
2728
2860
2992
3125
3257
3389
3521
3653
3785
3917
4049
4181
4313

288
480
612
744
876
1008
1141
1273
1405
1537
1669
1801
1933
2066
2198
2330
2462
2594
2726
2858
2990
3122
3254
3386
3518
3650
3782
3914
4046
4178
4310

284
476
608
740
872
1004
1137
1270
1402
1534
1666
1798
1930
2063
2195
2327
2459
2591
2723
2855
2987
3119
3251
3383
3515
3647
3779
3911
4043
4175
4307

287
479
611
743
876
1008
1141
1273
1405
1537
1669
1801
1933
2066
2198
2330
2462
2594
2726
2858
2990
3122
3254
3386
3518
3650
3782
3914
4046
4179
4311

288
480
612
744
876
1008
1141
1273
1405
1538
1670
1802
1934
2067
2199
2331
2463
2595
2727
2859
2991
3123
3255
3387
3519
3651
3783
3915
4047
4179
4311

287
479
611
743
875
1007
1140
1272
1404
1536
1668
1800
1932
2065
2197
2329
2461
2593
2725
2857
2989
3121
3253
3385
3517
3649
3781
3913
4045
4177
4309

287
479
611
743
875
1007
1140
1272
1404
1536
1668
1800
1932
2065
2197
2329
2461
2593
2726
2858
2990
3122
3254
3386
3518
3650
3782
3914
4046
4178
4310

284
476
608
740
872
1004
1137
1269
1401
1533
1665
1797
1929
2063
2195
2327
2459
2591
2723
2855
2987
3119
3251
3383
3515
3647
3779
3911
4043
4175
4307

288
480
612
744
876
1008
1141
1273
1405
1537
1669
1801
1933
2066
2198
2330
2462
2594
2726
2858
2990
3122
3254
3386
3518
3650
3782
3914
4046
4178
4310

287
479
611
743
875
1007
1140
1272
1404
1536
1668
1800
1932
2065
2197
2329
2462
2594
2726
2858
2990
3122
3254
3386
3519
3651
3783
3915
4047
4179
4311

289
481
613
745
877
1009
1142
1274
1406
1538
1670
1802
1934
2067
2199
2331
2463
2595
2727
2859
2991
3123
3255
3387
3519
3651
3783
3915
4047
4179
4311

286
478
610
742
874
1006
1139
1271
1403
1535
1667
1799
1931
2064
2196
2328
2460
2592
2724
2856
2988
3120
3252
3384
3516
3648
3780
3912
4044
4176
4309

287
479
611
743
875
1007
1140
1272
1404
1536
1668
1800
1932
2065
2197
2329
2461
2593
2725
2857
2989
3121
3253
3385
3517
3649
3781
3914
4046
4178
4310

287
479
611
743
875
1007
1140
1272
1404
1536
1668
1800
1932
2065
2197
2329
2461
2593
2725
2857
2989
3121
3253
3385
3517
3649
3781
3913
4045
4177
4309

286
478
610
742
874
1006
1139
1271
1403
1535
1667
1799
1931
2064
2196
2328
2460
2592
2724
2856
2988
3120
3252
3384
3516
3648
3780
3912
4044
4176
4308

285
477
609
741
873
1005
1138
1270
1402
1534
1666
1798
1930
2063
2195
2327
2459
2591
2723
2855
2987
3119
3251
3383
3515
3647
3779
3911
4044
4176
4308

284
476
608
740
872
1004
1137
1269
1401
1534
1666
1798
1930
2063
2195
2327
2459
2591
2723
2855
2987
3119
3251
3383
3515
3647
3779
3911
4043
4175
4307

289
481
613
745
877
1009
1142
1274
1406
1538
1670
1802
1934
2067
2199
2331
2463
2595
2727
2859
2991
3123
3255
3387
3519
3651
3783
3915
4047
4179
4311

287
479
611
743
875
1007
1140
1272
1404
1536
1668
1800
1932
2065
2197
2329
2461
2593
2725
2857
2989
3121
3253
3385
3517
3649
3781
3913
4045
4177
4309

285
477
609
741
873
1005
1138
1270
1402
1534
1666
1798
1930
2063
2195
2327
2459
2591
2723
2855
2987
3119
3251
3383
3515
3647
3779
3911
4043
4175
4307

283
475
607
739
871
1003
1136
1268
1400
1532
1664
1796
1928
2061
2193
2325
2457
2589
2721
2853
2985
3117
3249
3381
3513
3645
3777
3909
4041
4173
4305

289
481
613
745
877
1009
1142
1274
1406
1538
1670
1802
1934
2067
2199
2331
2463
2595
2727
2859
2991
3123
3255
3387
3519
3651
3783
3915
4047
4179
4311

286
478
610
742
875
1007
1140
1272
1404
1536
1668
1800
1932
2065
2197
2329
2461
2593
2725
2857
2989
3121
3253
3385
3517
3649
3781
3913
4045
4177
4309

288
480
612
744
876
1008
1141
1273
1405
1537
1669
1801
1933
2066
2198
2330
2462
2594
2726
2858
2990
3122
3254
3386
3518
3650
3782
3914
4046
4178
4310

286
478
610
742
874
1006
1139
1271
1403
1535
1667
1799
1931
2064
2196
2328
2460
2592
2724
2856
2988
3120
3252
3384
3516
3648
3780
3912
4044
4176
4308

287
479
611
743
875
1007
1140
1272
