8395176
8400712
8402504
8402504
8402504
8402504
8402344
8402344
8402344
8402344
8402344
8402344
8402344
8402344
8402344
8402344
8402344
8402344
8402344
8402344
8402344
8402344
8402344
8402344
8402344
8402344
8402344
8402344
8402344
8402344
8402344
8402344
8402344
8402344
8402344
8402344
8404136
8404136
8404136
8404136
8404136
8404136
8404136
8404136
8404136
8404136
8404136
8404136
8404136
8404136
8404136
8404136
8404136
8404136
8404232
8404232
8404232
8404232
8404232
8404232
8404232
8404232
8404232
8404232
8404232
8404232
8404232
8404232
8404232
8404232
8404232
8404232
8404232
8404232
8404232
8404232
8404232
8404232
8404232
8404232
8404232
8404232
8404232
8404232
8404232
8404232
8404232
8404232
8404232
8404232
8404232
8404232
8404232
8404232
8404232
8404232
8404328
8404328
8404328
8404328
8404424
8404424
8404424
8404424
8404424
8404424
8404424
8404424
8404424
8404424
8404424
8404424
8404424
8404424
8404424
8404424
8404424
8404424
8404424
8404424
8404424
8404424
8404424
8404424
8404424
8404424
8404424
8404520
8404520
8404520
8404520
8404520
8404520
8404520
8404520
8404520
8404520
8404520
8404520
8404520
8404520
8404520
8404520
8404520
8404520
8404520
8404616
8404616
8404616
8404616
8404616
8404616
8404616
8404616
8404616
8404616
8404616
8404616
8404616
8404616
8404616
8404616
8404616
8404616
8404616
8404616
8404616
8404616
8404616
8404712
8404712
8404712
8404712
8404712
8404712
8404712
8404712
8404712
8404712
8404712
8404712
8404712
8404712
8404712
8404712
8404712
8404712
8404712
8404712
8404712
8404808
8404808
8404808
8404808
8404808
8404808
8404808
8404808
8404808
8404808
8404808
8404808
8404808
8404808
8404808
8404808
8404808
8404808
8404808
8404808
8404808
8404808
8404808
8404808
8404808
8404808
8404808
8404808
8404808
8404808
8404904
8404904
8404904
8404904
8404904
8404904
8404904
8404904
8404904
8404904
8404904
8404904
8404904
8404904
8404904
8404904
8404904
8404904
8404904
8404904
8404904
8404904
8404904
8404904
8404904
8404904
8404904
8404904
8404904
8404904
8404904
8404904
8404904
8405000
8405000
8405000
8405000
8405000
8405000
8405000
8405000
8405000
8405000
8405000
8405000
8405000
8405000
8405000
8405000
8405000
8405000
8405000
8405000
8405000
8405000
8405000
8405000
8405000
8405000
8405000
8405000
8405000
8405000
8405000
8405000
8405000
8405000
8405000
8405000
8405000
8405000
8405000
8405000
8405000
8405000
8405000
8405000
8405000
8405000
8405000
8405000
8405000
8405000
8405000
8405000
8405000
8405000
8405000
8405000
8405000
8405000
8405000
8405000
8405000
8405000
8405000
8405000
8405000
8405000
8405000
8405000
8405000
8405000
8405000
8405000
8405000
8405000
8405000
8405000
8405000
8405000
8405000
8405000
8405000
8405000
8405096
8405096
8405096
8405096
8405096
8405096
8405096
8405096
8405096
8405096
8405096
8405096
8405096
8405096
8405096
8405096
8405096
8405096
8405096
8405096
8405096
8405096
8405096
8405096
8405096
8405096
8405096
8405096
8405096
8405192
8405192
8405192
8405192
8405192
8405192
8405288
8405288
8405288
8405288
8405288
8405288
8405288
8405288
8405288
8405288
8405288
8405288
8405288
8405288
8405384
8405384
8405384
8405480
8405480
8405480
8405480
8405480
8405480
8405480
8405480
8405480
8405480
8405480
8405480
8405480
8405480
8405480
8405480
8405576
8405576
8405576
8405672
8405672
8405672
8405672
8405672
8405672
8405672
8405672
8405768
8405768
8405768
8405768
8405768
8405768
8405768
8405768
8405768
8405768
8405768
8405768
8405768
8405768
8405768
8405768
8405768
8405768
8405768
8405768
8405768
8405768
8405768
8405768
8405768
8405768
8405768
8405768
8405768
8405768
8405768
8405768
8405768
8405768
8405864
8405864
8405864
8405864
8405864
8405864
8405864
8405864
8405864
8405864
8405864
8405864
8405864
8405864
8405864
8405864
8405864
8405864
8405864
8405864
8405864
8405864
8405864
8405864
8405864
8405864
8405864
8405864
8405864
8405864
8405864
8405864
8405864
8405864
8405864
8405864
8405864
8405864
8405864
8405864
8405864
8405864
8405864
8405864
8405864
8405864
8405864
8405864
8405864
8405864
8405864
8405864
8405864
8405864
8405864
8405864
8405864
8405864
8405864
8405864
8405864
8405864
8405864
8405864
8405864
8405864
8405864
8405864
8405864
8405864
8405864
8405864
8405864
8405864
8405864
8405864
8405864
8405864
8405864
8405864
8405864
8405864
8405864
8405864
8405864
8405864
8405864
8405864
8405864
8405864
8405864
8405864
8405864
8405864
8405864
8405864
8405864
8405864
8405864
8405864
8405864
8405864
8405864
8405864
8405864
8405864
8405864
8405864
8405864
8405864
8405864
8405864
8405864
8405864
8405864
8405864
8405864
8407656
8407656
8407656
8407656
8407656
8407656
8407656
8407656
8407656
8407656
8407656
8407752
8407848
8407848
8407848
8407848
8407848
8407848
8407848
8407848
8407848
8407848
8407848
8407848
8407848
8407848
8407848
8407848
8407848
8407848
8407848
8407848
8407848
8407848
8407848
8407848
8407848
8407848
8407848
8407848
8407848
8407848
8407848
8407848
8407848
8407848
8407848
8407848
8407848
8407848
8407848
8407848
8407848
8407848
8407848
8407848
8407848
8407848
8407848
8407848
8407848
8407848
8407848
8407848
8407848
8407848
8407848
8407848
8407848
8407848
8407848
8407848
8407848
8407944
8407944
8407944
8407944
8407944
8407944
8407944
8407944
8407944
8407944
8407944
8407944
8407944
8407944
8407944
8407944
8407944
8407944
8407944
8407944
8407944
8407944
8407944
8407944
8407944
8407944
8407944
8407944
8407944
8407944
8407944
8407944
8407944
8407944
8407944
8407944
8407944
8407944
8407944
8407944
8407944
8407944
8407944
8407944
8407944
8407944
8407944
8407944
8407944
8407944
8407944
8407944
8407944
8407944
8408040
8408040
8408040
8408136
8408136
8408136
8408136
8408136
8408136
8408136
8408136
8408136
8408136
8408136
8408136
8408136
8408232
8408232
8408232
8408232
8408232
8408232
8408232
8408232
8408328
8408328
8408328
8408328
8408328
8408328
8408424
8408424
8408424
8408424
8408424
8408424
8408424
8408424
8408424
8408424
8408424
8408424
8408424
8408424
8408424
8408424
8408424
8408424
8408424
8408424
8408424
8408424
8408424
8408424
8408424
8408424
8408424
8408424
8408424
8408520
8408520
8408520
8408520
8408520
8408520
8408520
8408520
8408520
8408520
8408520
8408520
8408520
8408520
8408520
8408520
8408520
8408520
8408520
8408520
8408520
8408520
8408520
8408616
8408616
8408616
8408712
8408712
8408712
8408712
8408712
8408712
8408712
8408712
8408712
8408808
8408808
8408808
8408808
8408808
8408808
8408808
8408808
8408904
8408904
8408904
8408904
8408904
8408904
8408904
8408904
8408904
8409000
8409000
8409000
8409000
8409000
8409000
8409000
8409000
8409000
8409000
8409000
8409000
8409000
8409000
8409000
8409000
8409000
8409096
8409096
8409096
8409192
8409192
8409192
8409192
8409192
8409192
8409192
8409192
8409192
8409192
8409192
8409192
8409192
8409192
8409192
8409192
8409192
8409192
8409192
8409192
8409192
8409192
8409192
8409192
8409192
8409192
8409192
8409192
8409192
8409192
8409192
8409192
8409192
8409288
8409288
8409384
8409384
8409384
8409384
8409384
8409384
8409384
8409384
8409384
8409384
8409384
8409384
8409384
8409384
8409384
8409384
8409384
8409384
8409384
8409384
8409384
8409384
8409384
8409384
8409384
8409384
8409384
8409384
8409384
8409384
8409384
8409384
8409384
8409384
8409384
8409384
8409384
8409384
8409384
8409384
8409384
8409384
8409384
8409384
8409384
8409384
8409384
8409384
8409384
8409384
8409384
8409384
8409384
8409384
8409384
8409384
8409384
8409384
8409384
8409384
8409384
8409384
8409480
8409480
8409480
8409480
8409480
8409480
8409480
8409480
8409480
8409480
8409480
8409480
8409480
8409480
8409480
8409480
8409480
8409480
8409480
8409480
8409480
8409480
8409480
8409480
8409480
8409480
8409480
8409480
8409576
8409576
8409576
8409576
8409576
8409576
8409576
8409576
8409576
8409576
8409576
8409576
8409576
8409576
8409576
8409576
8409576
8409576
8409576
8409576
8409576
8409576
8409576
8409576
8409576
8409576
8409576
8409576
8409576
8409576
8409576
8409576
8409576
8409576
8409576
8409576
8409576
8409576
8409576
8409576
8409576
8409576
8409672
8409672
8409672
8409672
8409672
8409672
8409672
8409672
8409672
8409672
8409672
8409672
8409672
8409672
8409672
8409672
8409672
8409672
8409672
8409672
8409672
8409672
8409672
8409672
8409672
8409672
8409672
8409672
8409672
8409672
8409672
8409672
8409672
8409672
8409672
8409672
8409672
8409672
8409672
8409672
8409672
8409672
8409672
8409672
8409672
8409672
8409672
8409672
8409672
8409672
8409672
8409672
8409672
8409672
8409672
8409672
8409672
8409672
8409672
8409672
8409672
8409672
8409672
8409672
8409672
8409672
8409672
8409672
8409672
8409672
8409672
8409672
8409672
8409672
8409672
8409672
8409672
8409672
8409672
8409672
8409672
8409768
8409864
8409864
8409864
8409960
8409960
8409960
8409960
8409960
8409960
8409960
8409960
8409960
8409960
8409960
8409960
8409960
8409960
8409960
8409960
8409960
8409960
8409960
8409960
8409960
8409960
8409960
8409960
8410056
8410056
8410056
8410056
8410056
8410056
8410056
8410056
8410056
8410056
8410056
8410152
8410152
8410152
8410152
8410152
8410152
8410152
8410152
8410152
8410152
8410152
8410152
8410152
8410152
8410152
8410152
8410152
8410152
8410248
8410248
8410344
8410344
8410344
8410344
8410344
8410344
8410344
8410344
8410344
8410344
8410344
8410344
8410344
8410344
8410344
8410344
8410344
8410344
8410344
8410344
8410344
8410344
8410344
8410440
8410440
8410440
8410440
8410440
8410440
8410440
8410440
8410440
8410440
8410440
8410440
8410440
8410440
8410440
8410440
8410536
8410536
8410536
8410536
8410536
8410536
8410536
8410536
8410536
8410536
8410536
8410536
8410536
8410536
8410728
8410728
8410728
8410728
8410728
8410728
8410728
8410728
8410728
8410728
8410728
8410728
8410728
8410728
8410728
8410728
8410728
8410728
8410728
8410728
8410824
8410824
8410824
8410824
8410824
8410824
8410824
8410824
8410824
8410824
8410824
8410824
8410824
8410824
8410824
8410824
8410824
8410824
8410824
8410824
8410824
8410824
8410824
8410824
8410824
8410824
8410824
8410824
8410824
8410824
8410824
8410824
8410824
8410824
8410824
8410824
8410824
8410824
8410824
8410824
8410824
8410824
8410824
8410824
8410824
8410824
8410824
8410824
8410824
8410824
8410824
8410824
8410824
8410824
8410824
8410824
8410920
8410920
8410920
8410920
8410920
8410920
8410920
8410920
8410920
8410920
8410920
8410920
8411016
8411016
8411016
8411016
8411016
8411016
8411016
8411016
8411016
8411016
8411016
8411016
8411016
8411016
8411016
8411016
8411016
8411016
8411016
8411016
8411016
8411016
8411016
8411016
8411016
8411016
8411016
8411016
8411016
8411016
8411016
8411016
8411016
8411016
8411016
8411016
8411016
8411016
8411016
8411016
8411112
8411112
8411112
8411112
8411112
8411112
8411112
8411112
8411112
8411112
8411112
8411112
8411112
8411112
8411112
8411112
8411112
8411112
8411112
8411208
8411208
8411208
8411208
8411208
8411208
8411208
8411208
8411208
8411208
8411208
8411208
8411208
8411208
8411208
8411304
8411304
8411304
8411304
8411304
8411304
8411304
8411304
8411304
8411400
8411400
8411400
8411400
8411400
8411400
8411400
8411400
8411400
8411400
8411400
8411400
8411400
8411400
8411496
8411496
8411496
8411496
8411496
8411496
8411496
8411496
8411496
8411496
8411496
8411496
8411496
8411496
8411496
8411496
8411496
8411496
8411496
8411496
8411496
8411496
8411496
8411496
8411496
8411496
8411496
8411496
8411496
8411496
8411496
8411496
8411496
8411496
8411496
8411496
8411496
8411496
8411496
8411592
8411592
8411592
8411592
8411592
8411592
8411592
8411592
8411592
8411688
8411688
8411688
8411688
8411688
8411688
8411688
8411688
8411688
8411688
8411688
8411688
8411688
8411688
8411688
8411688
8411688
8411688
8411688
8411688
8411688
8411688
8411688
8411688
8411784
8411784
8411784
8411784
8411784
8411784
8411784
8411784
8411784
8411784
8411784
8411784
8411784
8411784
8411784
8411784
8411784
8411784
8411784
8411784
8411784
8411784
8411784
8411784
8411784
8411880
8411880
8411880
8411880
8411880
8411880
8411880
8411880
8411880
8411880
8411880
8411880
8411880
8411880
8411880
8411880
8411880
8411880
8411880
8411880
8411880
8411880
8411880
8411880
8411880
8411880
8411880
8411880
8411880
8411904
8411928
8411920
8411936
8411936
8411936
8412032
8412032
8412032
8412016
8412032
8412032
8412024
8412040
8412040
8412040
8412032
8412040
8412040
8412040
8412040
8412040
8412040
8412040
8412120
8412136
8412136
8412136
8412136
8412136
8412136
8412136
8412136
8412136
8412120
8412136
8412120
8412136
8412120
8412136
8412144
8412136
8412136
8412136
8412136
8412136
8412120
8412120
8412136
8412120
8412120
8412136
8412128
8412144
8412152
8412128
8412144
8412128
8412144
8412144
8412144
8412144
8412144
8412144
8412144
8412144
8412144
8412144
8412128
8412144
8412144
8412144
8412144
8412144
8412144
8412144
8412128
8413936
8413936
8413936
8413936
8413936
8413936
8414032
8414032
8414032
8414040
8414032
8414032
8414032
8414016
8414032
8414016
8414016
8414024
8414024
8414040
8414040
8414048
8414032
8414040
8414024
8414040
8414024
8414040
8414024
8414040
8414024
8414024
8414024
8414040
8414024
8414040
8414024
8414040
8414024
8414040
8414024
8414136
8414120
8414136
8414120
8414120
8414120
8414136
8414120
8414136
8414120
8414136
8414120
8414136
8414120
8414136
8414120
8414136
8414120
8414120
8414120
8414136
8414120
8414136
8414120
8414216
8414216
8414232
8414216
8414232
8414216
8414232
8414216
8414216
8414232
8414232
8414312
8414328
8414312
8414312
8414312
8414328
8414312
8414312
8414312
8414328
8414312
8414328
8414312
8414328
8414312
8414328
8414312
8414328
8414312
8414328
8414312
8414328
8414312
8414328
8414312
8414328
8414312
8414328
8414312
8414328
8414312
8414328
8414312
8414312
8414312
8414328
8414312
8414312
8414312
8414408
8414408
8414408
8414408
8414408
8414408
8414408
8414408
8414408
8414408
8414408
8414408
8414408
8414408
8414424
8414408
8414408
8414504
8414504
8414600
8414600
8414600
8414600
8414600
8414600
8414600
8414600
8414600
8414600
8414600
8414600
8414600
8414600
8414600
8414600
8414600
8414600
8414696
8414696
8414696
8414696
8414696
8414696
8414696
8414696
8414696
8414696
8414696
8414696
8414696
8414696
8414696
8414696
8414696
8414696
8414696
8414696
8414696
8414696
8414696
8414696
8414696
8414696
8414696
8414696
8414792
8414792
8414792
8414792
8414792
8414792
8414792
8414792
8414792
8414792
8414888
8414888
8414888
8414888
8414888
8414888
8414888
8414888
8414888
8414888
8414888
8414888
8414888
8414984
8415080
8415080
8415080
8415080
8415080
8415080
8415080
8415080
8415080
8415080
8415080
8415080
8415080
8415080
8415080
8415080
8415080
8415080
8415080
8415080
8415080
8415080
8415080
8415080
8415080
8415176
8415176
8415176
8415176
8415176
8415176
8415176
8415176
8415176
8415176
8415176
8415272
8415272
8415272
8415272
8415272
8415272
8415272
8415272
8415272
8415272
8415272
8415272
8415272
8415272
8415272
8415272
8415272
8415272
8415272
8415272
8415272
8415272
8415272
8415272
8415272
8415368
8415368
8415368
8415368
8415368
8415368
8415368
8415368
8415368
8415368
8415368
8415368
8415368
8415368
8415368
8415368
8415368
8415368
8415368
8415368
8415368
8415368
8415368
8415368
8415368
8415368
8415368
8415368
8415368
8415368
8415368
8415368
8415368
8415368
8415368
8415368
8415368
8415368
8415368
8415368
8415368
8415368
8415368
8415368
8415368
8415368
8415368
8415368
8415368
8415368
8415384
8415368
8415368
8415368
8415368
8415368
8415384
8415368
8415368
8415368
8415368
8415368
8415384
8415368
8415368
8415384
8415368
8415368
8415384
8415368
8415384
8415368
8415384
8415368
8415368
8415368
8415384
8415368
8415384
8415368
8415392
8415384
8415384
8415368
8415368
8415368
8415464
8415464
8415576
8415560
8415576
8415560
8415576
8415656
8415672
8415656
8415672
8415664
8415680
8415664
8415680
8415760
8415776
8415760
8415776
8415760
8415776
8415760
8415776
8415760
8415776
8415760
8415776
8415760
8415776
8417560
8417560
8417560
8417576
8417560
8417576
8417560
8417576
8417560
8417576
8417560
8417576
8417560
8417576
8417560
8417576
8417560
8417576
8417560
8417576
8417560
8417576
8417560
8417560
8417560
8417576
8417560
8417576
8417560
8417576
8417576
8417560
8417576
8417672
8417656
8417672
8417656
8417656
8417656
8417672
8417752
8417768
8417752
8417752
8417752
8417768
8417768
8417768
8417752
8417752
8417752
8417752
8417752
8417768
8417752
8417768
8417752
8417768
8417752
8417752
8417752
8417752
8417752
8417768
8417752
8417768
8417752
8417768
8417752
8417768
8417752
8417768
8417768
8417768
8417752
8417768
8417752
8417768
8417752
8417768
8417752
8417752
8417752
8417752
8417752
8417752
8417752
8417752
8417752
8417752
8417752
8417752
8417752
8417752
8417752
8417752
8417752
8417752
8417752
8417752
8417752
8417848
8417848
8417848
8417848
8417848
8417848
8417848
8417848
8417848
8417848
8417848
8417848
8417848
8417848
8417848
8417848
8417848
8417848
8417848
8417848
8417848
8417848
8417848
8417848
8417848
8417848
8417848
8417848
8417848
8417848
8417848
8417848
8417848
8417848
8417848
8417848
8417848
8417944
8417944
8417944
8417944
8417944
8417944
8417944
8417944
8417944
8417944
8417944
8417944
8417944
8417944
8417944
8417944
8417944
8417944
8417944
8417944
8417944
8417944
8417944
8417944
8417944
8417944
8417944
8417944
8417944
8417944
8417944
8417944
8417944
8417944
8417944
8417944
8417944
8417944
8417944
8417944
8417944
8417944
8417944
8417944
8417944
8417944
8417944
8417944
8417944
8417944
8417944
8417944
8417944
8417944
8417944
8417944
8417944
8417944
8417944
8417944
8417944
8417944
8417944
8417944
8417944
8417944
8417944
8417944
8417944
8417944
8417944
8417944
8417944
8417944
8418136
8418136
8418136
8418136
8418136
8418136
8418136
8418136
8418136
8418136
8418136
8418136
8418136
8418136
8418136
8418136
8418136
8418136
8418136
8418136
8418136
8418136
8418136
8418136
8418136
8418136
8418136
8418136
8418136
8418136
8418136
8418136
8418136
8418136
8418136
8418136
8418136
8418136
8418232
8418232
8418232
8418232
8418232
8418232
8418232
8418232
8418232
8418232
8418232
8418232
8418232
8418232
8418232
8418232
8418232
8418232
8418232
8418232
8418232
8418232
8418232
8418232
8418232
8418232
8418232
8418232
8418232
8418232
8418232
8418232
8418232
8418232
8418232
8418232
8418232
8418232
8418232
8418232
8418232
8418232
8418232
8418232
8418232
8418232
8418232
8418232
8418232
8418232
8418232
8418232
8418232
8418232
8418232
8418232
8418232
8418232
8418232
8418232
8418232
8418232
8418232
8418232
8418232
8418232
8418232
8418232
8418232
8418232
8418232
8418232
8418232
8418232
8418232
8418232
8418232
8418328
8418328
8418328
8418328
8418328
8418328
8418328
8418328
8418328
8418328
8418328
8418328
8418328
8418328
8418424
8418424
8418424
8418424
8418424
8418424
8418424
8418424
8418424
8418424
8418424
8418424
8418424
8418424
8418424
8418424
8418424
8418424
8418424
8418424
8418424
8418424
8418424
8418424
8418424
8418424
8418424
8418424
8418424
8418424
8418520
8418520
8418520
8418520
8418520
8418520
8418520
8418520
8418520
8418520
8418520
8418520
8418520
8418520
8418520
8418520
8418520
8418616
8418616
8418616
8418616
8418616
8418616
8418616
8418616
8418616
8418616
8418616
8418616
8418712
8418712
8418712
8418808
8418808
8418808
8418808
8418808
8418808
8418808
8418808
8418808
8418808
8418808
8418808
8418808
8418808
8418808
8418808
8418808
8418808
8418808
8418808
8418808
8418808
8418808
8418808
8418808
8418808
8418808
8418808
8418808
8418808
8418808
8418808
8418808
8418808
8418808
8418808
8418808
8418808
8418808
8418808
8418808
8418808
8418808
8418808
8418808
8418808
8418904
8418904
8418904
8418904
8418904
8418904
8418904
8418904
8418904
8419000
8419000
8419000
8419000
8419000
8419000
8419000
8419000
8419000
8419000
8419000
8419000
8419000
8419000
8419000
8419000
8419000
8419000
8419000
8419000
8419000
8419000
8419000
8419000
8419000
8419000
8419000
8419000
8419000
8419096
8419096
8419096
8419096
8419096
8419096
8419096
8419096
8419096
8419192
8419192
8419192
8419192
8419192
8419192
8419192
8419192
8419192
8419192
8419192
8419192
8419192
8419192
8419192
8419192
8419192
8419192
8419192
8419288
8419288
8419288
8419288
8419288
8419288
8419288
8419288
8419288
8419288
8419384
8419384
8419384
8419384
8419480
8419480
8419480
8419480
8419480
8419480
8419480
8419480
8419480
8419480
8419480
8419480
8419480
8419480
8419480
8419480
8419480
8419480
8419480
8419480
8419480
8419480
8419480
8419480
8419480
8419480
8419480
8419480
8419480
8419480
8419480
8419480
8419480
8419480
8419480
8419480
8419480
8419480
8419480
8419480
8419480
8419480
8419480
8419480
8419480
8419480
8419480
8419480
8419480
8419480
8419480
8419480
8419480
8419480
8419480
8419480
8419480
8419480
8419480
8419480
8419480
8419480
8419576
8419576
8419576
8419576
8419576
8419672
8419672
8419672
8419672
8419768
8419768
8419768
8419768
8419768
8419768
8419768
8419768
8419768
8419768
8419768
8419768
8419768
8419768
8419864
8419864
8419864
8419864
8419864
8419864
8419864
8419864
8419864
8419864
8419864
8419864
8419864
8419864
8419864
8419960
8419960
8419960
8419960
8420056
8420056
8420056
8420056
8420056
8420056
8420056
8420152
8420152
8420152
8420152
8420152
8420152
8420152
8420152
8420248
8420248
8420248
8420248
8420344
8420344
8420344
8420344
8420344
8420344
8420344
8420344
8420344
8420344
8420344
8420344
8420344
8420344
8420344
8420344
8420440
8420440
8420440
8420440
8420440
8420440
8420440
8420536
8420536
8420536
8420536
8420536
8420536
8420632
8420632
8420632
8420632
8420632
8420632
8420632
8420632
8420632
8420728
8420728
8420728
8420728
8420728
8420728
8420728
8420728
8420728
8420728
8420728
8420728
8420728
8420728
8420728
8420728
8420728
8420728
8420728
8420728
8420728
8420728
8420728
8420728
8420728
8420728
8420728
8420728
8420728
8420728
8420728
8420728
8420728
8420728
8420728
8420728
8420728
8420728
8420728
8420728
8420728
8420728
8420728
8420728
8420824
8420824
8420824
8420824
8420824
8420920
8420920
8420920
8420920
8420920
8420920
8420920
8420920
8420920
8420920
8420920
8420920
8420920
8420920
8420920
8420920
8420920
8420920
8420920
8420920
8420920
8420920
8420920
8420920
8420920
8420920
8420920
8420920
8420920
8420920
8420920
8420920
8420920
8420920
8420920
8420920
8420920
8420920
8420920
8421016
8421016
8421016
8421016
8421016
8421016
8421016
8421016
8421016
8421016
8421016
8421016
8421016
8421016
8421016
8421016
8421016
8421016
8421016
8421016
8421016
8421016
8421016
8421016
8421016
8421016
8421016
8421016
8421016
8421016
8421016
8421016
8421016
8421016
8421016
8421016
8421016
8421016
8421016
8421016
8421016
8421016
8421016
8421016
8421016
8421112
8421112
8421112
8421112
8421112
8421112
8421112
8421112
8421112
8421208
8421208
8421208
8421208
8421208
8421208
8421208
8421208
8421208
8421208
8421208
8421304
8421304
8421304
8421304
8421304
8421304
8421304
8421304
8421400
8421400
8421400
8421400
8421400
8421400
8421400
8421400
8421400
8421400
8421400
8421400
8421400
8421400
8421400
8421400
8421400
8421400
8421400
8421400
8421400
8421400
8421400
8421400
8421400
8421400
8421400
8421400
8421496
8421496
8421496
8421496
8421496
8421496
8421496
8421496
8421496
8421496
8421592
8421592
8421592
8421592
8421592
8421592
8421592
8421592
8421592
8421592
8421592
8421592
8421592
8421592
8421592
8421592
8421592
8421592
8421592
8421592
8421592
8421592
8421592
8421592
8421592
8421592
8421592
8421592
8421592
8421592
8421592
8421592
8421592
8421592
8421592
8421592
8421592
8421592
8421592
8421592
8421592
8421592
8421592
8421592
8421592
8421592
8421592
8421592
8421592
8421592
8421592
8421592
8421592
8421592
8421592
8421592
8421592
8421592
8421592
8421592
8421592
8421592
8421592
8421592
8421592
8421592
8421592
8421592
8421784
8421784
8421784
8421784
8421784
8421784
8421784
8421784
8421784
8421784
8421784
8421784
8421784
8421784
8421784
8421784
8421784
8421784
8421784
8421784
8421784
8421784
8421784
8421784
8421784
8421784
8421784
8421880
8421880
8421880
8421880
8421880
8421880
8421880
8421880
8421880
8421880
8421880
8421880
8421880
8421880
8421880
8421880
8421880
8421880
8421880
8421880
8421880
8421880
8421880
8421880
8421880
8421880
8421880
8421880
8421880
8421880
8421880
8421976
8421976
8421976
8421976
8421976
8421976
8421976
8421976
8421976
8421976
8421976
8421976
8421976
8421976
8421976
8421976
8421976
8422072
8422072
8422072
8422072
8422072
8422072
8422072
8422072
8422072
8422072
8422072
8422072
8422072
8422072
8422072
8422072
8422072
8422072
8422072
8422072
8422072
8422072
8422072
8422072
8422072
8422072
8422168
8422168
8422168
8422168
8422168
8422168
8422168
8422168
8422168
8422168
8422168
8422264
8422264
8422264
8422264
8422264
8422264
8422264
8422264
8422264
8422264
8422264
8422264
8422264
8422264
8422264
8422264
8422264
8422264
8422264
8422264
8422360
8422360
8422360
8422360
8422360
8422360
8422360
8422360
8422360
8422360
8422456
8422456
8422456
8422456
8422456
8422456
8422456
8422456
8422456
8422456
8422456
8422456
8422456
8422456
8422456
8422456
8422456
8422456
8422456
8422456
8422456
8422456
8422456
8422456
8422456
8422456
8422456
8422456
8422456
8422456
8422456
8422456
8422456
8422456
8422456
8422456
8422456
8422456
8422456
8422456
8422456
8422456
8422456
8422456
8422456
8422456
8422456
8422456
8422456
8422456
8422552
8422552
8422552
8422552
8422552
8422552
8422552
8422552
8422552
8422552
8422552
8422552
8422552
8422552
8422552
8422552
8422648
8422648
8422648
8422648
8422648
8422648
8422648
8422648
8422648
8422744
8422744
8422744
8422744
8422744
8422744
8422744
8422744
8422744
8422744
8422840
8422840
8422840
8422840
8422840
8422840
8422840
8422840
8422840
8422840
8422840
8422840
8422840
8422840
8422840
8422840
8422840
8422840
8422840
8422840
8422840
8422840
8422840
8422840
8422840
8422840
8422840
8422840
8422840
8422840
8422840
8422840
8422840
8422840
8422840
8422840
8422936
8422936
8422936
8422936
8422936
8422936
8422936
8422936
8422936
8422936
8422936
8422936
8422936
8422936
8422936
8422936
8422936
8422936
8422936
8422936
8422936
8422936
8423032
8423032
8423032
8423032
8423032
8423032
8423032
8423032
8423032
8423032
8423032
8423032
8423128
8423128
8423128
8423128
8423128
8423128
8423128
8423128
8423224
8423224
8423224
8423224
8423224
8423224
8423224
8423224
8423224
8423224
8423224
8423224
8423224
8423224
8423320
8423320
8423320
8423320
8423320
8423320
8423320
8423320
8423416
8423416
8423416
8423416
8423416
8423416
8423416
8423416
8423416
8423416
8423416
8423416
8423416
8423416
8423512
8423512
8423512
8423512
8423512
8423512
8423512
8423512
8423512
8423512
8423512
8423512
8423512
8423512
8423512
8423512
8423512
8423512
8423512
8423512
8423512
8423512
8423512
8423512
8423512
8423512
8423512
8423512
8423512
8423512
8423512
8423512
8423512
8423512
8423512
8423512
8423512
8423512
8423512
8423512
8423512
8423512
8423512
8423512
8423512
8423512
8423512
8423512
8423512
8423512
8423512
8423608
8423608
8423608
8423608
8423608
8423608
8423608
8423608
8423608
8423608
8423608
8423608
8423608
8423608
8423608
8423608
8423608
8423704
8423704
8423704
8423704
8423704
8423704
8423704
8423704
8423704
8423704
8423800
8423800
8423800
8423800
8423800
8423800
8423800
8423800
8423800
8423800
8423800
8423800
8423800
8423800
8423800
8423800
8423800
8423800
8423800
8423800
8423800
8423800
8423800
8423800
8423800
8423800
8423800
8423800
8423800
8423800
8423896
8423896
8423896
8423896
8423896
8423896
8423896
8423896
8423992
8423992
8423992
8423992
8423992
8423992
8423992
8423992
8423992
8423992
8423992
8423992
8423992
8423992
8423992
8423992
8423992
8423992
8423992
8423992
8423992
8423992
8423992
8423992
8423992
8423992
8423992
8423992
8423992
8423992
8423992
8423992
8423992
8423992
8424088
8424088
8424088
8424088
8424088
8424088
8424088
8424088
8424088
8424088
8424088
8424088
8424088
8424088
8424088
8424088
8424088
8424088
8424088
8424088
8424088
8424088
8424088
8424088
8424088
8424088
8424088
8424088
8424088
8424088
8424088
8424088
8424088
8424088
8424088
8424088
8424088
8424088
8424088
8424088
8424088
8424088
8424088
8424088
8424088
8424088
8424088
8424088
8424088
8395496
8424088
8401032
8424088
8401032
8424088
8401032
8424088
8401032
8424088
8401032
8424088
8400872
8424088
8400872
8424088
8400872
8424088
8400872
8424184
8402760
8424184
8402760
8424184
8402760
8424280
8402760
8424280
8402760
8424280
8402760
8424280
8402760
8424280
8402760
8424280
8402760
8424280
8402760
8424280
8402760
8424280
8402760
8424280
8402760
8424280
8402760
8424280
8402856
8424280
8402856
8424280
8402856
8424280
8402856
8424280
8402856
8424376
8402856
8424376
8402856
8424376
8402856
8424472
8402856
8424472
8402856
8424472
8402856
8424472
8402856
8424472
8402856
8424472
8402856
8424472
8402856
8424472
8402952
8424472
8402952
8424472
8402952
8424472
8402952
8424472
8402952
8424472
8402952
8424472
8402952
8424472
8402952
8424472
8402952
8424472
8402952
8424472
8404744
8424472
8404744
8424472
8404744
8424568
8404744
8424568
8404744
8424568
8404744
8424568
8404744
8424568
8404744
8424568
8404744
8424568
8404744
8424568
8404744
8424568
8404744
8424568
8404744
8424568
8404744
8424568
8404744
8424568
8404744
8424568
8404840
8424568
8404840
8424568
8404840
8424568
8404840
8424568
8404840
8424568
8404840
8424568
8404840
8424568
8404840
8424568
8404840
8424568
8404840
8424568
8404840
8424568
8404840
8424568
8404840
8424568
8404840
8424568
8404840
8424568
8404936
8424568
8404936
8424568
8404936
8424568
8405032
8424568
8405032
8424568
8405032
8424568
8405032
8424568
8405032
8424568
8405032
8424568
8405032
8424568
8405032
8424568
8405032
8424568
8405032
8424568
8405032
8424664
8405032
8424664
8405032
8424664
8405128
8424760
8405128
8424760
8405128
8424760
8405128
8424760
8405128
8424856
8405128
8424856
8405128
8424856
8405128
8424856
8405128
8424856
8405128
8424856
8405128
8424856
8405128
8424856
8405128
8424952
8405128
8424952
8405128
8424952
8405128
8424952
8405128
8425048
8405128
8425048
8405128
8425048
8405128
8425048
8405128
8425048
8405128
8425048
8405128
8425048
8405128
8425048
8405128
8425048
8405128
8425048
8405128
8425048
8405128
8425048
8405128
8425048
8405128
8425048
8405128
8425048
8405128
8425048
8405128
8425048
8405128
8425048
8405128
8425048
8405128
8425048
8405128
8425048
8405128
8425048
8405128
8425048
8405128
8425048
8405128
8425048
8405128
8425048
8405128
8425048
8405128
8425048
8405128
8425048
8405128
8425048
8405128
8425048
8405128
8425048
8405128
8425048
8405128
8425048
8405128
8425048
8405128
8425048
8405128
8425048
8405128
8425048
8405128
8425048
8405128
8425048
8405128
8425048
8405128
8425048
8405128
8425144
8405128
8425144
8405128
8425144
8405128
8425144
8405128
8425144
8405128
8425144
8405128
8425144
8405128
8425144
8405128
8425144
8405128
8425144
8405128
8425144
8405128
8425144
8405128
8425144
8405128
8425144
8405128
8425144
8405128
8425144
8405128
8425240
8405128
8425240
8405128
8425240
8405128
8425240
8405128
8425240
8405128
8425240
8405128
8425240
8405128
8425240
8405128
8425240
8405128
8425240
8405128
8425240
8405128
8425240
8405128
8425240
8405128
8425240
8405128
8425240
8405128
8425336
8405128
8425336
8405128
8425336
8405128
8425336
8405128
8425336
8405128
8425336
8405128
8425336
8405128
8425336
8405128
8425336
8405128
8425336
8405128
8425336
8405128
8425336
8405224
8425336
8405224
8425336
8405224
8425336
8405224
8425336
8405224
8425336
8405224
8425336
8405224
8425336
8405224
8425336
8405224
8425336
8405224
8425336
8405224
8425336
8405224
8425336
8405224
8425336
8405224
8425336
8405224
8425336
8405224
8425336
8405224
8425336
8405224
8425432
8405224
8425432
8405224
8425432
8405224
8425432
8405224
8425432
8405224
8425432
8405224
8425432
8405224
8425432
8405224
8425432
8405224
8425432
8405224
8425432
8405224
8425432
8405224
8425432
8405224
8425432
8405224
8425432
8405224
8425432
8405224
8425432
8405224
8425432
8405224
8425432
8405224
8425432
8405224
8425432
8405224
8425432
8405224
8425432
8405224
8425432
8405224
8425432
8405224
8425432
8405224
8425528
8405224
8425528
8405224
8425528
8405224
8425528
8405224
8425528
8405224
8425528
8405224
8425528
8405224
8425528
8405224
8425528
8405224
8425528
8405320
8425528
8405416
8425528
8405416
8425528
8405416
8425528
8405416
8425528
8405416
8425528
8405416
8425528
8405416
8425528
8405416
8425528
8405416
8425528
8405416
8425528
8405416
8425528
8405416
8425528
8405416
8425528
8405416
8425528
8405416
8425528
8405416
8425528
8405416
8425528
8405416
8425528
8405416
8425624
8405416
8425624
8405416
8425624
8405416
8425624
8405416
8425624
8405416
8425624
8405416
8425720
8405416
8419576
8405416
8419576
8405416
8419576
8405416
8419576
8405416
8419576
8405416
8419576
8405416
8419576
8405416
8419576
8405416
8419576
8405416
8419576
8405416
8419576
8405416
8419576
8405416
8419576
8405416
8419576
8405416
8419576
8405416
8419576
8405416
8419576
8405416
8419576
8405416
8419576
8405416
8419576
8405416
8419576
8405416
8419576
8405416
8419576
8405416
8419576
8405416
8419576
8405416
8419576
8405416
8419576
8405416
8419576
8405416
8419576
8405416
8419576
8405416
8419576
8405416
8419576
8405416
8419576
8405416
8419576
8405416
8419576
8405416
8419576
8405416
8419576
8405416
8419576
8405416
8419576
8405416
8419576
8405416
8419576
8405416
8419672
8405416
8419672
8405416
8419672
8405416
8419672
8405416
8419672
8405416
8419672
8405416
8419768
8405416
8419768
8405416
8419768
8405416
8419768
8405416
8419768
8405416
8419768
8405416
8419768
8405416
8419768
8405416
8419768
8405416
8419768
8405416
8419768
8405416
8419864
8405416
8419864
8405416
8419864
8405416
8419864
8405416
8419864
8405416
8419864
8405416
8419864
8405416
8419864
8405416
8419864
8405416
8419864
8405416
8419864
8405416
8419864
8405416
8419864
8405416
8419864
8405416
8419864
8405416
8419864
8405416
8419864
8405416
8419864
8405416
8419864
8405416
8419864
8405416
8419864
8405416
8419864
8405416
8419864
8405416
8419864
8405416
8419864
8405416
8419864
8405416
8419864
8405416
8419864
8405416
8419864
8405416
8419864
8405416
8419864
8405416
8419864
8405416
8419864
8405416
8419864
8405416
8419864
8405416
8419864
8405416
8419864
8405416
8419864
8405416
8419864
8405416
8419864
8405416
8419864
8405416
8419864
8405416
8419864
8405416
8419864
8405416
8419960
8407304
8419960
8407304
8419960
8407304
8419960
8407304
8419960
8407304
8419960
8407304
8419960
8407304
8419960
8407304
8419960
8407304
8419960
8407304
8419960
8407304
8419960
8407304
8419960
8407304
8419960
8407304
8419960
8407304
8419960
8407304
8419960
8407304
8419960
8407304
8419960
8407400
8419960
8407400
8419960
8407400
8419960
8407400
8419960
8407400
8419960
8407400
8420056
8407400
8420056
8407496
8420056
8407496
8420152
8407496
8420152
8407496
8420152
8407496
8420152
8407496
8420152
8407496
8420152
8407496
8420152
8407496
8420152
8407496
8420152
8407496
8420152
8407496
8420152
8407496
8420152
8407496
8420152
8407496
8420248
8407496
8420248
8407496
8420248
8407520
8420248
8407520
8420248
8407520
8420248
8407520
8420248
8407520
8420248
8407520
8420248
8407520
8420248
8407520
8420248
8407520
8420248
8407520
8420248
8407520
8420248
8407520
8420248
8407520
8420248
8407520
8420248
8407520
8420248
8407520
8420248
8407520
8420248
8407520
8420248
8407520
8420248
8407520
8420344
8407520
8420344
8407616
8420344
8407616
8420344
8407616
8420344
8407616
8420344
8407616
8420344
8407616
8420344
8407712
8420344
8407712
8420344
8407712
8420344
8407712
8420344
8407712
8420440
8407808
8420440
8407904
8420440
8407904
8420440
8407904
8420440
8407904
8420536
8407904
8420632
8407904
8420632
8407904
8420632
8407904
8420632
8407904
8420728
8407904
8420728
8407904
8420728
8407904
8420728
8407904
8420728
8408000
8420728
8408000
8420728
8408000
8420728
8408000
8420728
8408000
8420728
8408000
8420728
8408000
8420728
8408000
8420728
8408000
8420728
8408000
8420728
8408000
8420728
8408000
8420728
8408000
8420728
8408000
8420728
8408000
8420728
8408000
8420728
8408000
8420728
8408000
8420728
8408000
8420728
8408000
8420728
8408000
8420728
8408000
8420728
8408000
8420728
8408000
8420728
8408000
8420728
8408000
8420728
8408000
8420728
8408000
8420728
8408000
8420728
8408000
8420728
8408000
8420728
8408000
8420728
8408000
8420728
8408000
8420824
8408000
8420824
8408000
8420824
8408000
8420824
8408000
8420824
8408000
8420824
8408000
8420824
8408008
8420824
8408016
8420824
8408016
8420824
8408016
8420824
8408016
8420824
8408016
8420824
8408016
8420824
8408016
8420824
8408016
8420824
8408112
8420824
8408112
8420824
8408112
8420824
8408112
8420824
8408112
8420824
8408112
8420824
8408112
8420824
8408112
8420824
8408120
8420824
8408120
8420824
8408120
8420824
8408120
8420824
8408120
8420824
8408120
8420824
8408120
8420824
8408120
8420824
8408120
8420824
8408120
8420824
8408120
8420824
8408120
8420824
8408120
8420920
8408120
8420920
8408120
8420920
8408120
8420920
8408120
8420920
8408120
8420920
8408120
8420920
8408120
8420920
8408120
8420920
8408120
8421016
8408120
8421016
8408120
8421016
8408120
8421016
8408120
8421016
8408120
8421016
8408120
8421016
8408120
8421016
8408120
8421016
8408120
8421016
8408120
8421016
8408120
8421016
8408120
8421016
8408120
8421016
8408120
8421016
8408120
8421016
8408120
8421016
8408120
8421112
8408120
8421112
8408120
8421112
8408120
8421112
8408120
8421112
8408120
8421112
8408120
8421112
8408120
8421112
8408120
8421112
8408120
8421112
8408120
8421112
8408120
8421112
8408120
8421112
8408120
8421112
8408120
8421112
8408120
8421112
8408120
8421112
8408120
8421112
8408120
8421112
8408120
8421112
8408120
8421112
8408120
8421208
8408120
8421208
8408120
8421208
8408120
8421208
8408120
8421208
8408120
8421208
8408120
8421304
8408120
8421304
8408120
8421304
8408120
8421304
8408120
8421304
8408120
8421304
8408120
8421304
8408120
8421304
8408120
8421304
8408216
8421304
8408216
8421304
8408216
8421304
8408216
8421304
8408216
8421304
8408216
8421304
8408216
8421304
8408216
8421304
8408216
8421304
8408216
8421304
8408216
8421304
8408312
8421304
8408312
8421304
8408312
8421304
8408312
8421304
8408312
8421304
8408312
8421304
8408312
8421304
8408408
8421304
8408408
8421304
8408408
8421304
8408504
8421304
8408504
8421304
8408504
8421304
8408504
8421304
8408504
8421304
8408504
8421304
8408504
8421304
8408600
8421304
8408600
8421304
8408600
8421304
8408696
8421304
8408696
8421304
8408696
8421304
8408696
8421304
8408792
8421304
8408792
8421304
8408888
8421304
8408888
8421304
8408888
8421304
8408888
8421304
8408888
8421400
8408888
8421400
8408888
8421400
8408888
8421400
8408888
8421400
8408888
8421400
8408888
8421400
8408888
8421400
8408888
8421400
8408888
8421400
8408888
8421400
8408984
8421400
8408984
8421400
8408984
8421400
8408984
8421400
8408984
8421400
8408984
8421400
8408984
8421400
8408984
8421400
8408984
8421400
8408984
8421400
8408984
8421400
8408984
8421400
8408984
8421400
8408984
8421400
8408984
8421592
8408984
8421592
8408984
8421592
8408984
8421592
8408984
8421592
8408984
8421688
8408984
8421688
8409080
8421688
8409080
8421688
8409080
8421688
8409080
8421688
8409080
8421688
8409080
8421688
8409080
8421688
8409080
8421688
8409080
8421688
8409080
8421688
8409080
8421688
8409080
8421688
8409080
8421688
8409080
8421688
8409080
8421688
8409080
8421784
8409080
8421784
8409080
8421784
8409080
8421784
8409080
8421784
8409176
8421784
8409176
8421784
8409176
8421784
8409176
8421784
8409176
8421784
8409176
8421784
8409176
8421784
8409176
8421784
8409176
8421784
8409176
8421784
8409176
8421784
8409176
8421784
8409176
8421784
8409176
8421784
8409176
8421784
8409176
8421784
8409176
8421784
8409176
8421784
8409176
8421784
8409176
8421784
8409176
8421784
8409176
8421784
8409176
8421784
8409176
8421784
8409176
8421784
8409176
8421784
8409176
8421784
8409176
8421784
8409176
8421784
8409176
8421784
8409176
8421784
8409176
8421784
8409176
8421784
8409176
8421784
8409176
8421784
8409176
8421784
8409176
8421784
8409176
8421784
8409176
8421784
8409176
8421784
8409176
8421784
8409176
8421784
8409176
8421784
8409176
8421784
8409176
8421784
8409176
8421784
8409176
8421880
8409176
8421880
8409176
8421880
8409176
8421880
8409176
8421880
8409176
8421880
8409176
8421880
8409176
8421880
8409176
8421880
8409176
8421880
8409176
8421880
8409176
8421880
8409176
8421880
8409176
8421880
8409176
8421880
8409176
8421880
8409176
8421880
8409176
8421880
8409176
8421880
8409176
8421880
8409176
8421880
8409176
8421880
8409176
8421880
8409176
8421880
8409176
8421880
8409176
8421880
8409176
8421880
8409176
8421880
8409176
8421880
8409176
8421880
8409176
8421880
8409176
8421880
8409176
8421880
8409176
8421880
8409176
8421880
8409176
8421880
8409176
8421880
8409176
8421880
8409176
8421880
