1109776
2040736
2959864
3878992
4798120
5717248
6636376
7555504
8474632
9394048
10313176
11232592
12151720
13070848
13989976
14909104
15828232
16747360
17666488
18585616
19504744
20423872
21343000
22262128
23181256
24100384
25019512
25938640
26857768
27776896
28696024
29615152
30534280
31453408
32372824
33291952
34211080
35130208
36049336
36968464
37887592
38806720
39725848
40644976
41564392
42483520
43402648
44321776
45240904
46160032
47079160
47998288
48917416
49836832
50756248
51675376
52594504
53513632
54432760
55351888




































































































































































































































































































































































































































































































































































































































56271016
57190144
58109272
59028400
59947528
60866944
61786072
62705200
63624328
64543456
65462872
66382000
67301128
68220256
69139384
70058512
70977640
71896768
72815896
73735024
74654152
75573280
76492408
77411536
78330664
79249792
80168920
81088048
82007176
82926304
83845720
84764848
85683976
86603104
87522232
88441360
89360488
90279616
91198744
92117872
93037288
93956416
94875544
95794672
96713800
97632928
98552056
99471184
100390312
101309456
102228600
103148032
104067176
104986320
105905464
106824608
107743752
108662896
109582040
110501184














































































































































































































































































































































































































































































































































































































































































































































































































































































































































































111420344
112339504
113258664
114177824
115096984
116016144
116935304
117854464
118773624
119692784
120611944
121531104
122450264
123369424
124288584
125207744
126126904
127046352
127965800
128884960
129804408
130723568
131643016
132562176
133481336
134400496
135319656
136238816
137157976
138077136
138996296
139915744
140834904
141754064
142673224
143592384
144511544
145430704
146349864
147269312
148188472
149107632
150026792
150945952
151865112
152784272
153703432
154622592
155541752
156460912
157380072
158299232
159218392
160137552
161057000
161976160
162895320
163814480
164733640
165652800






























































































































































































































































































































































































































































































































































































































































































































































































































































































































































































166571960
167491120
168410280
169329440
170248600
171167760
172087208
173006656
173925816
174845264
175764712
176683872
177603032
178522192
179441352
180360512
181279672
182198832
183117992
184037152
184956312
185875472
186794632
187713792
188632952
189552112
190471272
191390432
192309592
193228752
194147912
195067072
195986232
196905392
197824552
198744000
199663160
200582320
201501480
202420640
203339800
204258960
205178120
206097280
207016440
207935600
208854760
209773920
210693368
211612528
212531688
213450848
214370008
215289168
216208328
217127488
218046648
218965808
219884968
220804128





































































































































































































































































































































































































































































































































































































































































































































































































































































































































































































221723288
222642448
223561608
224480768
225399928
226319088
227238248
228157408
229076568
229995728
230914888
231834048
232753208
233672368
234591528
235510688
236429848
237349008
238268168
239187328
240106488
241025648
241944808
242863968
243783416
244702576
245621736
246540896
247460056
248379216
249298376
250217536
251136984

1109584
2040560
2959704
3879136
4798280
5717424
6636568
7555712
8474856
9394000
10313144
11232288
12151432
13070576
13989720
14908864
15828008
16747152
17666296
18585440
19504872
20424016
21343160
22262304
23181448
24100592
25019736
25938880
26858024
27777168
28696312
29615456
30534600
31453744
32372888
33292032
34211176
35130320
36049464
36968608
37887752
38806896
39726040
40645184
41564328
42483472
43402616
44321760
45240904
46160336
47079480
47998912
48918056
49837200
50756344
51675488
52594632
53513776
54432920
55352064










































































































































































































































































































































































































































































































































































































































































56271208
57190352
58109496
59028640
59947784
60866928
61786072
62705216
63624360
64543504
65462648
66381792
67300936
68220080
69139224
70058368
70977512
71896656
72815800
73734944
74654088
75573232
76492376
77411520
78330664
79249808
80168952
81088096
82007240
82926672
83846104
84765248
85684392
86603536
87522680
88441824
89361256
90280400
91199544
92118688
93037832
93956976
94876120
95795264
96714408
97633552
98552696
99471840
100390984
101310144
102229304
103148464
104067624
104986784
105905944
106825392
107744552
108663712
109582872
110502032































































































































































































































































































































































































































































































