0.296674
0.104598
0.118068
0.109042
0.152320
0.096060
0.092508
0.166863
0.095174
0.097054
0.097065
0.094902
0.104573
0.093252
0.087107
0.085612
0.089564
0.091618
0.098357
0.091038
0.099128
0.101296
0.099660
0.091127
0.096630
0.095215
0.097290
0.096483
0.098602
0.095948
0.101672
0.094888
0.096158
0.095447
0.097517
0.093983
0.098173
0.099483
0.103668
0.103753
0.098223
0.134300
0.096943
0.095978
0.098408
0.095537
0.098396
0.096091
0.100023
0.086808
0.092457
0.090900
0.093487
0.100132
0.088290
0.088452
0.096299
0.090678
0.098733
0.094536
0.106994
0.093217
0.097869
0.095375
0.106311
0.096405
0.097581
0.097478
0.095836
0.097991
0.098255
0.094393
0.106384
0.101457
0.098726
0.093117
0.097297
0.098602
0.096257
0.097322
0.098143
0.096808
0.091974
0.098115
0.099636
0.087913
0.096033
0.093376
0.098509
0.094559
0.098550
0.097077
0.099065
0.099122
0.097739
0.096956
0.095169
0.096967
0.098119
0.097663
0.099933
0.097720
0.100463
0.095614
0.097289
0.096447
0.105939
0.097559
0.097467
0.097475
0.097380
0.094578
0.107446
0.099497
0.106599
0.099150
0.095600
0.093374
0.101008
0.097866
0.093438
0.096066
0.100319
0.091739
0.093700
0.097134
0.097606
0.091203
0.094263
0.094235
0.099037
0.092333
0.098508
0.098676
0.096739
0.095114
0.097873
0.098196
0.096425
0.095744
0.097186
0.093417
0.096948
0.096820
0.100838
0.093248
0.097874
0.097597
0.093910
0.095995
0.096588
0.095474
0.097575
0.095446
0.093379
0.090931
0.098448
0.098609
0.096426
0.095008
0.097554
0.096546
0.092597
0.097607
0.108525
0.099862
0.104020
0.098008
0.095235
0.094660
0.098234
0.096422
0.097102
0.094429
0.097224
0.093525
0.099727
0.100202
0.098634
0.097581
0.098499
0.097619
0.097482
0.093477
0.099900
0.096969
0.096951
0.096227
0.104497
0.091271
0.091944
0.095271
0.107825
0.087636
0.099472
0.098404
0.098261
0.101976
0.101580
0.103833
0.089840
0.096115
0.096460
0.097311
0.097495
0.095556
0.097583
0.093477
0.097893
0.101859
0.107793
0.099932
0.097055
0.096841
0.095092
0.098616
0.096642
0.095903
0.105739
0.096349
0.095576
0.097836
0.097887
0.090839
0.091812
0.096278
0.099733
0.094810
0.096392
0.099536
0.096636
0.094207
0.099095
0.096589
0.094433
0.087755
0.095991
0.097440
0.094215
0.095210
0.097520
0.097676
0.095189
0.088673
0.093075
0.091039
0.095280
0.094688
0.098627
0.089669
0.092151
0.090036
0.097516
0.096157
0.097472
0.093556
0.092103
0.094115
0.094591
0.093603
0.096649
0.097361
0.099715
0.087253
0.101180
0.100020
0.096814
0.098141
0.096555
0.096223
0.095243
0.097939
0.097344
0.095077
0.098041
0.095577
0.095824
0.090810
0.098070
0.101000
0.094489
0.094732
0.094919
0.103818
0.097829
0.096880
0.097847
0.101687
0.097498
0.096079
0.096390
0.094783
0.097773
0.106816
0.101413
0.093133
0.089300
0.094834
0.096169
0.094826
0.097705
0.100373
0.099331
0.092905
0.104315
0.090632
0.095972
0.095117
0.098883
0.096421
0.095216
0.094567
0.090847
0.093106
0.094869
0.100897
0.095834
0.093561
0.097821
0.090377
0.095080
0.093854
0.095908
0.094148
0.096232
0.096024
0.094648
0.089638
0.087625
0.085791
0.090046
0.089124
0.102362
0.083188
0.091913
0.092722
0.093019
0.093864
0.096277
0.098084
0.102792
0.093314
0.095489
0.092362
0.097725
0.093318
0.095525
0.102977
0.096962
0.093358
0.104454
0.094276
0.096683
0.095561
0.096644
0.096509
0.098002
0.094533
0.093791
0.096343
0.096626
0.094991
0.097386
0.099970
0.088579
0.096871
0.097277
0.093962
0.104547
0.095599
0.099194
0.092763
0.096530
0.094725
0.096136
0.094225
0.096816
0.094878
0.089944
0.092206
0.096315
0.095052
0.093589
0.092420
0.096710
0.091319
0.103467
0.094840
0.096734
0.097665
0.099755
0.093934
0.092778
0.099492
0.098112
0.101854
0.097014
0.097293
0.098538
0.090525
0.095317
0.085745
0.090053
0.086364
0.097527
0.097908
0.095869
0.088840
0.096092
0.093462
0.096445
0.102430
0.096930
0.094361
0.090029
0.094764
0.095878
0.091226
0.093197
0.093943
0.096415
0.089616
0.101658
0.095132
0.096825
0.096712
0.096944
0.093726
0.094082
0.095468
0.097169
0.092080
0.095219
0.085257
0.091647
0.092119
0.095491
0.095705
0.099866
0.095374
0.096476
0.094316
0.097367
0.096544
0.095833
0.095594
0.093827
0.093336
0.098929
0.096264
0.207760
0.094296
0.106221
0.098795
0.105932
0.097368
0.097676
0.098639
0.096204
0.091021
0.094612
0.095485
0.099504
0.101183
0.098481
0.103130
0.095104
0.095565
0.096817
0.095795
0.095947
0.095396
0.096678
0.088224
0.093057
0.093060
0.103833
0.099349
0.098667
0.096998
0.097338
0.096200
0.099172
0.093858
0.100187
0.106118
0.099105
0.096834
0.099311
0.098122
0.094012
0.096248
0.097478
0.096719
0.098839
0.097431
0.098285
0.088618
0.098329
0.096600
0.097265
0.095689
0.089184
0.087521
0.092580
0.104845
0.100148
0.094362
0.093001
0.095530
0.097322
0.094359
0.098290
0.096109
0.097032
0.095954
0.099165
0.105599
0.094243
0.097966
0.098648
0.095123
0.100000
0.097832
0.096015
0.090611
0.097441
0.095456
0.096664
0.096706
0.097389
0.095348
0.089666
0.097163
0.098861
0.095309
0.094922
0.090423
0.092138
0.092421
0.098345
0.095405
0.093443
0.089044
0.093507
0.096047
0.095680
0.098747
0.102886
0.096279
0.100079
0.102248
0.099986
0.090609
0.095158
0.096282
0.097607
0.096252
0.098484
0.096319
0.091126
0.090853
0.100010
0.096491
0.097960
0.097306
0.098591
0.090613
0.098024
0.095403
0.096565
0.103717
0.099892
0.096574
0.091281
0.099600
0.096857
0.094797
0.101380
0.096760
0.098455
0.091927
0.099308
0.094294
0.099735
0.094606
0.097066
0.094615
0.093561
0.098319
0.098107
0.094841
0.097614
0.095775
0.095400
0.089408
0.098097
0.095970
0.107493
0.098361
0.098017
0.093643
0.097732
0.097752
0.097318
0.093802
0.095371
0.086607
0.092473
0.088035
0.097467
0.096834
0.092150
0.089600
0.095642
0.093354
0.093545
0.097310
0.111849
0.099678
0.098298
0.094859
0.097164
0.091026
0.098727
0.099541
0.097379
0.095500
0.098035
0.095700
0.093266
0.099657
0.097617
0.097043
0.097368
0.096577
0.094881
0.089545
0.107678
0.098747
0.094741
0.096323
0.088900
0.091632
0.089140
0.097886
0.101417
0.095168
0.099783
0.097966
0.102935
0.090866
0.097997
0.097694
0.096419
0.097951
0.096449
0.096141
0.092518
0.104384
0.098302
0.096787
0.097514
0.099026
0.095227
0.093843
0.094625
0.097162
0.095613
0.097185
0.095120
0.102885
0.092817
0.097933
0.098077
0.095709
0.097406
0.088700
0.094926
0.097566
0.097031
0.098758
0.085095
0.087972
0.098631
0.096734
0.091818
0.103699
0.096894
0.098617
0.106936
0.098233
0.093408
0.097022
0.099385
0.099264
0.096192
0.098873
0.096795
0.093354
0.099779
0.097999
0.098159
0.097714
0.099719
0.097027
0.094700
0.097625
0.098022
0.099703
0.101861
0.097047
0.095611
0.091092
0.094994
0.088072
0.094347
0.097315
0.098884
0.096012
0.099150
0.099994
0.097786
0.097446
0.090978
0.097327
0.097745
0.094459
0.097440
0.096546
0.097430
0.091044
0.098363
0.098262
0.094241
0.098541
0.099489
0.099543
0.095155
0.098385
0.099570
0.094630
0.094599
0.094706
0.097205
0.092602
0.094616
0.086014
0.090996
0.097762
0.105897
0.104064
0.087081
0.093361
0.099125
0.095055
0.100125
0.104698
0.097717
0.094915
0.097089
0.096654
0.094092
0.099551
0.096959
0.096706
0.094960
0.098567
0.096463
0.096328
0.098724
0.104091
0.097384
0.096856
0.097960
0.096863
0.100273
0.102784
0.098273
0.096813
0.097501
0.090472
0.088441
0.086763
0.098111
0.100162
0.098210
0.094014
0.098951
0.100359
0.100760
0.106405
0.107764
0.097528
0.095640
0.096526
0.097706
0.095138
0.096642
0.096407
0.096296
0.098133
0.097074
0.107642
0.097022
0.099463
0.097163
0.095721
0.093460
0.093761
0.097124
0.097815
0.099556
0.097550
0.097962
0.095504
0.087249
0.091064
0.092785
0.096949
0.096379
0.095569
0.087419
0.186922
0.097876
0.098232
0.099663
0.097555
0.096056
0.098023
0.097829
0.107297
0.100836
0.100409
0.096986
0.096420
0.098143
0.099684
0.098562
0.096011
0.097244
0.096553
0.095704
0.097426
0.111743
0.094104
0.098674
0.104779
0.107846
0.095716
0.090381
0.094188
0.093972
0.096615
0.152941
0.086032
0.215838
0.096803
0.096401
0.097494
0.205862
0.095874
0.098165
0.159161
0.098161
0.099680
0.176071
0.218008
0.173244
0.099746
0.165172
0.186634
0.099428
0.099245
0.091832
0.093349
0.096106
0.093335
0.092488
0.100168
0.095297
0.102188
0.098813
0.097493
0.100611
0.086534
0.091168
0.098437
0.100312
0.099219
0.100160
0.097075
0.095666
0.097299
0.096865
0.102775
0.103956
0.097178
0.097157
0.095787
0.105263
0.099665
0.091365
0.095855
0.096449
0.094371
0.094582
0.099023
0.099148
0.094243
0.098882
0.096789
0.095686
0.097784
0.087792
0.091385
0.093511
0.097593
0.096929
0.093472
0.096924
0.095773
0.097761
0.099908
0.099477
0.094361
0.095112
0.104659
0.099425
0.095176
0.097822
0.093565
0.093626
0.094025
0.096620
0.104168
0.098856
0.091379
0.104937
0.099707
0.099139
0.097700
0.098058
0.097528
0.090433
0.096827
0.098665
0.095374
0.102618
0.092701
0.091482
0.099979
0.098409
0.094929
0.089053
0.094274
0.097996
0.097253
0.091028
0.097955
0.097473
0.097298
0.093812
0.097618
0.097483
0.093191
0.098044
0.096479
0.102066
0.098694
0.098903
0.096169
0.092012
0.101897
0.099500
0.096705
0.099375
0.099309
0.099702
0.091037
0.099813
0.097532
0.098599
0.098187
0.087530
0.092698
0.103369
0.099685
0.101568
0.095331
0.098649
0.099373
0.094122
0.097625
0.097814
0.099301
0.099081
0.099525
0.106549
0.096925
0.101665
0.097477
0.101108
0.098334
0.099193
0.099168
0.101165
0.100299
0.099468
0.096456
0.094917
0.097920
0.099321
0.092377
0.106597
0.097565
0.105429
0.101129
0.090123
0.093343
0.093440
0.099950
0.099613
0.091893
0.096467
0.091872
0.098060
0.098601
0.097586
0.101365
0.097911
0.096304
0.099803
0.100892
0.099248
0.098976
0.104837
0.098920
0.099414
0.098610
0.097882
0.097414
0.098584
0.095589
0.100581
0.099661
0.099454
0.094835
0.103480
0.103900
0.099984
0.098784
0.096026
0.087171
0.100822
0.100685
0.106763
0.096916
0.097689
0.098282
0.099063
0.106193
0.101909
0.099772
0.096068
0.104170
0.098164
0.099382
0.095197
0.099911
0.099491
0.099242
0.099353
0.097429
0.099919
0.092640
0.099954
0.098685
0.098925
0.098481
0.102605
0.096628
0.097659
0.106366
0.106159
0.099241
0.099743
0.090148
0.089532
0.100598
0.100424
0.104899
0.090244
0.098866
0.106007
0.096741
0.103280
0.099421
0.100159
0.098554
0.099611
0.098135
0.101786
0.099939
0.099709
0.099589
0.098151
0.099685
0.099886
0.095237
0.100735
0.098386
0.102216
0.099742
0.098969
0.096728
0.092499
0.099779
0.098749
0.100021
0.097299
0.087473
0.091988
0.093335
0.096880
0.098999
0.096843
0.096407
0.100104
0.098663
0.093748
0.099684
0.097254
0.097798
0.098615
0.099509
0.097030
0.098391
0.098892
0.097944
0.100446
0.098701
0.106660
0.099631
0.099526
0.098307
0.099782
0.094406
0.103411
0.098664
0.102775
0.100684
0.100510
0.103011
0.105727
0.098467
0.095407
0.107811
0.099798
0.104392
0.099015
0.087827
0.099666
0.097473
0.096582
0.098987
0.100499
0.096659
0.098570
0.097658
0.100130
0.091208
0.101063
0.099463
0.100026
0.099142
0.099918
0.096802
0.103226
0.102061
0.098391
0.098212
0.099113
0.098365
0.098081
0.093626
0.102298
0.104553
0.094296
0.101584
0.091856
0.092070
0.098072
0.098274
0.100562
0.096488
0.098766
0.100763
0.101803
0.098101
0.102382
0.097311
0.098387
0.099828
0.099728
0.107302
0.100166
0.098021
0.100380
0.098650
0.098108
0.098420
0.092059
0.101015
0.099538
0.097505
0.106633
0.100391
0.098828
0.098312
0.101014
0.099235
0.100184
0.097466
0.090694
0.098909
0.099975
0.099444
0.103406
0.086546
0.097735
0.097445
0.090512
0.105279
0.100216
0.098424
0.099743
0.098398
0.098256
0.099557
0.101980
0.099863
0.101972
0.098098
0.109222
0.100178
0.094399
0.101886
0.105589
0.096806
0.100781
0.111081
0.103839
0.105760
0.100558
0.096568
0.098574
0.095013
0.086202
0.087279
0.093749
0.105908
0.097839
0.096224
0.106327
0.097102
0.096079
0.094879
0.095955
0.095812
0.096656
0.092921
0.105000
0.095065
0.096573
0.097636
0.097868
0.101197
0.099162
0.097044
0.095759
0.100468
0.097359
0.096084
0.097062
0.100956
0.098537
0.096058
0.097981
0.106008
0.108517
0.097385
0.097356
0.100241
0.105471
0.100487
0.097331
0.104437
0.091650
0.097236
0.099225
0.095774
0.097586
0.098370
0.093939
0.096111
0.099104
0.096547
0.096727
0.097263
0.100364
0.098967
0.097127
0.096477
0.098619
0.092123
0.097389
0.105558
0.096892
0.099760
0.098550
0.095931
0.097294
0.099328
0.096268
0.097200
0.098444
0.085641
0.095118
0.099886
0.097993
0.097317
0.094055
0.096504
0.098666
0.094231
0.102484
0.098191
0.098508
0.095306
0.097104
0.096469
0.093467
0.097913
0.097569
0.096503
0.106196
0.098042
0.101181
0.096326
0.096900
0.097488
0.099354
0.093548
0.097100
0.094984
0.094969
0.097708
0.097759
0.098572
0.093374
0.096644
0.101579
0.086081
0.104377
0.095514
0.101256
0.089806
0.097714
0.096470
0.098860
0.096165
0.097518
0.096572
0.104835
0.096328
0.097375
0.103364
0.101497
0.098653
0.097600
0.097964
0.099353
0.097242
0.096288
0.098239
0.097827
0.096924
0.096448
0.096461
0.096990
0.098553
0.101650
0.097048
0.095050
0.093678
0.089166
0.085579
0.097360
0.097391
0.097408
0.096586
0.097651
0.102127
0.097981
0.096678
0.100576
0.096646
0.095811
0.096809
0.095838
0.095847
0.097182
0.100923
0.096741
0.092638
0.095493
0.096570
0.097480
0.092961
0.098362
0.096640
0.095051
0.100830
0.110450
0.099394
0.094206
0.098567
0.098020
0.104121
0.094671
0.094633
0.095624
0.095960
0.099311
0.095609
0.088759
0.090676
0.096528
0.098997
0.089737
0.088387
0.098011
0.094571
0.096557
0.097759
0.098236
0.094108
0.102661
0.097668
0.096551
0.095378
0.097178
0.098273
0.102303
0.096849
0.106389
0.096791
0.098035
0.105356
0.095490
0.098240
0.096493
0.095466
0.097272
0.094295
0.088713
0.088652
0.097350
0.098384
0.096124
0.095958
0.098878
0.096208
0.093778
0.098727
0.096847
0.097825
0.096198
0.098102
0.098027
0.094242
0.100929
0.106437
0.098252
0.101138
0.098273
0.096361
0.097521
0.098400
0.098598
0.096868
0.096134
0.104618
0.099418
0.104149
0.100749
0.096456
0.099844
0.092674
0.091806
0.086617
0.099008
0.100050
0.097357
0.101403
0.091505
0.097468
0.097876
0.097268
0.101239
0.096471
0.098733
0.093936
0.097250
0.099017
0.095063
0.098461
0.096732
0.099788
0.104545
0.096984
0.097798
0.090180
0.096245
0.095999
0.097278
0.095692
0.096217
0.096982
0.092879
0.097397
0.096995
0.095893
0.098748
0.086466
0.089576
0.089926
0.102372
0.096479
0.097436
0.096427
0.100180
0.095316
0.104891
0.102130
0.106258
0.097207
0.101328
0.097268
0.095853
0.090942
0.102830
0.096329
0.096191
0.097324
0.104658
0.093976
0.098106
0.096714
0.097183
0.095816
0.098948
0.094846
0.099743
0.095182
0.097863
0.096090
0.096310
0.095061
0.085927
0.086352
0.100923
0.097774
0.097112
0.085832
0.090538
0.088902
0.095873
0.090959
0.096502
0.095232
0.095515
0.089168
0.095824
0.095197
0.092057
0.093183
0.097301
0.093279
0.097849
0.092589
0.103251
0.092025
0.096182
0.094895
0.094464
0.092046
0.094931
0.095080
0.091571
0.089492
0.092846
0.095127
0.093506
0.096405
0.099455
0.088915
0.101077
0.096290
0.096573
0.093881
0.096985
0.095410
0.097153
0.095147
0.095442
0.104918
0.095316
0.102958
0.095581
0.093223
0.097858
0.094811
0.097602
0.091963
0.096832
0.095182
0.103622
0.105589
0.098738
0.095812
0.095623
0.095152
0.095982
0.090256
0.095305
0.096383
0.095653
0.094990
0.096136
0.089650
0.095998
0.096307
0.095466
0.099484
0.084239
0.101539
0.100801
0.095703
0.097535
0.089248
0.090081
0.087424
0.093272
0.093654
0.107274
0.100322
0.095881
0.102098
0.097265
0.093767
0.095232
0.093650
0.099569
0.094671
0.094797
0.094388
0.096897
0.096061
0.096461
0.096019
0.103267
0.092152
0.092379
0.102362
0.090949
0.091041
0.095685
0.094388
0.094695
0.097950
0.096101
0.103062
0.099329
0.097687
0.099187
0.100486
0.096972
0.093339
0.095079
0.093327
0.099152
0.096741
0.096440
0.094231
0.096265
0.095986
0.097782
0.097891
0.104243
0.099169
0.096325
0.096387
0.094610
0.093206
0.097025
0.095884
0.093764
0.102457
0.084740
0.084104
0.094166
0.096782
0.096939
0.097000
0.087365
0.090226
0.091455
0.103215
0.099450
0.183282
0.096136
0.096639
0.095953
0.100936
0.096171
0.095208
0.097487
0.093179
0.097261
0.095032
0.096198
0.104464
0.104409
0.098473
0.094057
0.096096
0.097279
0.095998
0.098502
0.096354
0.595559
0.091668
0.096968
0.097378
0.095140
0.097101
0.099842
0.097365
0.096375
0.100614
0.097617
0.095545
0.097599
0.095587
0.096699
0.091315
0.097655
0.096206
0.095842
0.104451
0.096170
0.095710
0.098529
0.099547
0.097789
0.094984
0.096123
0.095137
0.093438
0.095817
0.097726
0.097644
0.094806
0.095929
0.085484
0.093942
0.104234
0.096689
0.094424
0.083116
0.085283
0.093804
0.095694
0.092559
0.095561
0.096265
0.095009
0.092485
0.095587
0.094600
0.095115
0.100576
0.095996
0.103578
0.097241
0.104650
0.097246
0.093507
0.093679
0.094921
0.093153
0.091784
0.095600
0.094965
0.096973
0.096735
0.096499
0.094633
0.088821
0.091615
0.093311
0.088398
0.088662
0.096626
0.098941
0.092273
0.093764
0.101872
0.098000
0.097447
0.103369
0.093325
0.091407
0.093345
0.095931
0.095206
0.170194
0.097828
0.093938
0.094477
0.100832
0.091856
0.097172
0.093905
0.095323
0.093805
0.094059
0.094596
0.092262
0.094486
0.095605
0.095228
0.094738
0.096275
0.084053
0.085604
0.100827
0.095588
0.095508
0.089316
0.091341
0.095686
0.099494
0.094178
0.096315
0.096101
0.091932
0.087166
0.095789
0.095957
0.091271
0.090364
0.094438
0.093093
0.093745
0.095346
0.096682
0.093880
0.089427
0.089407
0.088340
0.091213
0.095366
0.093942
0.095537
0.092509
0.093349
0.089782
0.089178
0.091441
0.086145
0.086582
0.100142
0.097533
0.099849
0.095161
0.098343
0.097224
0.095778
0.097604
0.099671
0.099099
0.094205
0.098349
0.096256
0.096050
0.097299
0.098097
0.096829
0.098984
0.098152
0.098858
0.097104
0.097843
0.096896
0.098424
0.096250
0.098551
0.096839
0.095216
0.097822
0.096627
0.095381
0.095784
0.096053
0.085266
0.094564
0.098050
0.097758
0.100294
0.086475
0.084570
0.094734
0.095614
0.100928
0.090965
0.099089
0.094841
0.096236
0.094756
0.094157
0.093847
0.093767
0.096101
0.100915
0.095728
0.094830
0.091882
0.097040
0.095298
0.095323
0.093955
0.095937
0.095820
0.100327
0.092085
0.101639
0.097124
0.096347
0.094822
0.085297
0.085158
0.093044
0.094238
0.096590
0.096142
0.096813
0.094668
0.093396
0.102284
0.102185
0.094825
0.110223
0.105123
0.095989
0.093312
0.098549
0.095396
0.106062
0.092288
0.098844
0.094610
0.093576
0.097067
0.095798
0.094717
0.095739
0.193024
0.102706
0.093257
0.098036
0.097561
0.096285
0.095745
0.087546
0.090023
0.089000
0.092616
0.094429
0.095109
0.090947
0.096703
0.097516
0.092856
0.106635
0.103304
0.100593
0.094728
0.097560
0.095515
0.091198
0.098351
0.099116
0.103985
0.094118
0.096795
0.097599
0.089956
0.099322
0.096919
0.100298
0.093696
0.098804
0.097923
0.188003
0.096018
0.097758
0.095573
0.093143
0.096648
0.104650
0.099745
0.099206
0.096194
0.095347
0.096777
0.097596
0.096520
0.098529
0.097027
0.098171
0.094258
0.098795
0.094362
0.096170
0.096555
0.098171
0.104968
0.098856
0.096185
0.096604
0.095660
0.098397
0.096631
0.096147
0.096117
0.107566
0.099022
0.099649
0.097220
0.096724
0.097234
0.097374
0.085623
0.085894
0.094670
0.097815
0.096264
0.086302
0.094696
0.096462
0.094752
0.097520
0.097136
0.104325
0.096140
0.093705
0.092494
0.092426
0.092008
0.102253
0.097128
0.157999
0.097762
0.098167
0.101296
0.106445
0.097579
0.106540
0.094144
0.098725
0.096682
0.096364
0.097950
0.098624
0.095672
0.095489
0.099050
0.085428
0.089577
0.099095
0.097343
0.097285
0.092494
0.097108
0.095459
0.102388
0.097964
0.097771
0.096039
0.103117
0.096176
0.096653
0.092334
0.099061
0.096862
0.095175
0.095722
0.098453
0.095707
0.095473
0.097332
0.103251
0.094660
0.094831
0.097793
0.098219
0.092512
0.097772
0.096891
0.096900
0.101738
0.088274
0.089014
0.088793
0.099258
0.092577
0.100981
0.090439
0.097318
0.098157
0.092927
0.097955
0.097185
0.096158
0.096577
0.097717
0.096848
0.095361
0.098263
0.097933
0.093953
0.096101
0.097416
0.097583
0.092937
0.109989
0.100305
0.098176
0.096341
0.096994
0.096988
0.097094
0.097495
0.096029
0.101312
0.099036
0.086928
0.086700
0.088124
0.094101
0.096815
0.096632
0.095408
0.098303
0.105371
0.106370
0.097164
0.096908
0.096473
0.096543
0.095301
0.093872
0.098396
0.097184
0.094811
0.096405
0.096552
0.094558
0.096098
0.100403
0.099733
0.097231
0.096428
0.097392
0.096955
0.092475
0.095788
0.112696
0.096907
0.096838
0.098932
0.100008
0.096661
0.098429
0.096187
0.100298
0.089620
0.096068
0.095882
0.095360
0.097383
0.097856
0.096927
0.095798
0.097499
0.098628
0.096193
0.096533
0.095107
0.098050
0.098120
0.107117
0.097230
0.098134
0.098190
0.097020
0.096800
0.092254
0.096130
0.097862
0.097007
0.099825
0.096161
0.096959
0.091930
0.097036
0.099455
0.092034
0.097648
0.105308
0.096933
0.092858
0.097445
0.098021
0.180912
0.099659
0.095762
0.097737
0.096097
0.106167
0.094537
0.096583
0.099239
0.097624
0.098357
0.101208
0.096815
0.095563
0.099474
0.097161
0.096017
0.095833
0.093624
0.097265
0.093509
0.104476
0.095656
0.096714
0.093196
0.094233
0.086612
0.086050
0.099077
0.096693
0.094920
0.083043
0.091998
0.093398
0.093624
0.089944
0.091531
0.104008
0.091487
0.094822
0.093206
0.089451
0.091895
0.097239
0.095308
0.094846
0.097541
0.097381
0.095065
0.092404
0.096715
0.096186
0.095371
0.092557
0.096357
0.097123
0.093216
0.096910
0.095903
0.094980
0.093815
0.092403
0.084215
0.096808
0.096877
0.096408
0.100264
0.093213
0.094725
0.095978
0.096016
0.099515
0.187625
0.099131
0.096386
0.096712
0.093422
0.100002
0.095004
0.102739
0.089294
0.097718
0.094700
0.096050
0.099669
0.096259
0.095033
0.090915
0.094446
0.105358
0.094795
0.098069
0.094255
0.097278
0.092795
0.095478
0.084064
0.087360
0.095646
0.096064
0.099350
0.084543
0.097950
0.094751
0.093132
0.098505
0.095862
0.096035
0.094085
0.193218
0.096903
0.101479
0.104309
0.099674
0.095182
0.097193
0.094338
0.094932
0.092327
0.097553
0.094842
0.097594
0.095656
0.095754
0.092403
0.097495
0.096068
0.095570
0.093422
0.094911
0.088063
0.086777
0.089870
0.089008
0.092127
0.093532
0.093710
0.095284
0.097473
0.097067
0.097043
0.096780
0.095781
0.089017
0.095027
0.096197
0.093728
0.105561
0.096781
0.096260
0.093143
0.095674
0.093875
0.094080
0.103795
0.097674
0.096476
0.094916
0.094842
0.098246
0.096158
0.099314
0.096143
0.093441
0.101494
0.094793
0.086083
0.095458
0.095439
0.095941
0.101818
0.085804
0.090071
0.103719
0.095854
0.097425
0.095517
0.097057
0.094930
0.097836
0.094735
0.099479
0.097451
0.096031
0.096470
0.089177
0.094589
0.094178
0.101149
0.100032
0.094082
0.099362
0.094405
0.098022
0.095035
0.093389
0.094977
0.104488
0.095252
0.095703
0.093112
0.087466
0.092980
0.097616
0.096323
0.098227
0.099949
0.096776
0.094169
0.096934
0.095529
0.096854
0.094276
0.096400
0.096088
0.104290
0.094096
0.098420
0.094185
0.096032
0.095470
0.096274
0.094932
0.104152
0.097932
0.096360
0.094155
0.095926
0.095218
0.096621
0.092834
0.098758
0.094761
0.094522
0.094829
0.095553
0.085750
0.092420
0.095412
0.096036
0.104362
0.087239
0.091377
0.097018
0.099432
0.098884
0.094477
0.095714
0.095305
0.103911
0.097994
0.090399
0.098972
0.098661
0.095230
0.094385
0.090340
0.092322
0.092518
0.097910
0.095720
0.096702
0.092779
0.095428
0.095392
0.095125
0.097760
0.097144
0.094195
0.091796
0.090841
0.086751
0.102212
0.097269
0.097072
0.096745
0.095002
0.091736
0.094877
0.095460
0.094176
0.097108
0.092563
0.097404
0.095623
0.095667
0.095695
0.102295
0.098576
0.103333
0.096164
0.106540
0.095950
0.093877
0.096370
0.096176
0.093428
0.095121
0.097428
0.097869
0.096340
0.099618
0.095180
0.097020
0.091576
0.096320
0.091031
0.092537
0.090862
0.089067
0.096561
0.087809
0.088007
0.094871
0.101357
0.098869
0.096477
0.097135
0.092697
0.135850
0.095844
0.099170
0.096492
0.097715
0.094522
0.089248
0.090213
0.089049
0.092311
0.092634
0.096469
0.094697
0.094426
0.108963
0.098199
0.096141
0.094987
0.096053
0.600863
0.090026
0.096640
0.095226
0.092050
0.097974
0.095435
0.097328
0.103541
0.098331
0.097140
0.092412
0.096540
0.096228
0.099065
0.099085
0.096963
0.107891
0.096240
0.097508
0.097274
0.090205
0.097278
0.097894
0.098522
0.094227
0.097293
0.104432
0.095974
0.100159
0.097780
0.097181
0.098056
0.093672
0.090186
0.094220
0.108597
0.099008
0.099907
0.087152
0.091330
0.097298
0.092327
0.099247
0.096761
0.094696
0.094395
0.096160
0.095838
0.094120
0.097390
0.097123
0.096477
0.097654
0.096528
0.110739
0.107658
0.099780
0.095799
0.105102
0.097263
0.096606
0.092540
0.097005
0.098774
0.097138
0.095005
0.096365
0.092020
0.087740
0.098069
0.099249
0.095763
0.096971
0.097539
0.096840
0.099028
0.098500
0.097177
0.096581
0.096018
0.099548
0.104844
0.102332
0.102081
0.096845
0.097861
0.101538
0.096898
0.101173
0.098124
0.105591
0.098730
0.095278
0.095789
0.097930
0.095772
0.095679
0.098065
0.095314
0.099506
0.100971
0.096189
0.102326
0.090131
0.099805
0.095502
0.095594
0.096423
0.098052
0.105201
0.096932
0.094786
0.099166
0.095400
0.097795
0.096025
0.095931
0.098825
0.087712
0.097620
0.096858
0.097682
0.097495
0.096548
0.097096
0.099186
0.098989
0.098464
0.099754
0.096873
0.094088
0.104674
0.100240
0.098139
0.095516
0.097378
0.086982
0.088333
0.099351
0.099603
0.107087
0.097791
0.099958
0.095009
0.093710
0.095087
0.096258
0.096169
0.096649
0.104790
0.097684
0.096667
0.099959
0.096126
0.095762
0.094860
0.099885
0.095254
0.097069
0.097479
0.095542
0.094790
0.091606
0.096388
0.096066
0.091213
0.096851
0.094686
0.095910
0.092353
0.096397
0.094059
0.089035
0.093592
0.103348
0.115191
0.084209
0.081468
0.090765
0.090867
0.091366
0.096163
0.105026
0.095053
0.097171
0.094092
0.091864
0.093100
0.095470
0.093212
0.098346
0.100647
0.105626
0.094464
0.097528
0.094019
0.096402
0.095129
0.093874
0.100029
0.092940
0.092614
0.097546
0.093062
0.093548
0.092964
0.088100
0.083699
0.092719
0.088672
0.096368
0.097101
0.107906
0.094630
0.094675
0.099507
0.099144
0.093738
0.095388
0.094077
0.094740
0.093334
0.088187
0.093207
0.098179
0.093784
0.094626
0.094284
0.104407
0.089373
0.096313
0.104103
0.121460
0.099801
0.096637
0.091589
0.088155
0.095749
0.095974
0.094090
0.096924
0.083456
0.094264
0.091058
0.093762
0.102932
0.084440
0.083026
0.092312
0.094937
0.098540
0.096095
0.094810
0.094657
0.094793
0.093746
0.096039
0.092432
0.098475
0.094423
0.093976
0.094848
0.096439
0.093454
0.098473
0.095927
0.103687
0.092647
0.094644
0.094015
0.095225
0.092320
0.095078
0.096098
0.093677
0.127808
0.113518
0.089043
0.089205
0.087470
0.097996
0.092470
0.094812
0.092979
0.102742
0.094077
0.096035
0.092252
0.096913
0.097296
0.096517
0.093118
0.096081
0.095942
0.096143
0.092954
0.095113
0.093965
0.098024
0.097117
0.105255
0.097794
0.095819
0.089415
0.096633
0.092856
0.094997
0.095130
0.103074
0.094649
0.095081
0.090248
0.092075
0.091843
0.095095
0.091574
0.097532
0.087494
0.103797
0.095738
0.097684
0.095779
0.099782
0.093325
0.088916
0.094073
0.104276
0.094324
0.094817
0.093642
0.085699
0.089169
0.095521
0.094423
0.101442
0.102453
0.097527
0.095008
0.094943
0.094489
0.094338
0.094415
0.096162
0.094648
0.094696
0.094383
0.093441
0.090056
0.092496
0.087781
0.092402
0.087498
0.094384
0.094652
0.094766
0.093991
0.095350
0.096386
0.094570
0.099449
0.096649
0.095419
0.095645
0.095419
0.097181
0.095274
0.092665
0.095613
0.102411
0.096781
0.098751
0.100974
0.098074
0.091654
0.090622
0.095489
0.100062
0.094656
0.095614
0.095419
0.092095
0.094187
0.090072
0.086453
0.087966
0.091819
0.097693
0.085031
0.106482
0.096345
0.094493
0.094220
0.103491
0.093437
0.095484
0.096127
0.097234
0.096470
0.095888
0.096524
0.102832
0.090887
0.097740
0.094076
0.090419
0.097209
0.096596
0.097710
0.096732
0.096709
0.105366
0.096723
0.090688
0.095641
0.097948
0.605297
0.103558
0.096812
0.096403
0.095098
0.098340
0.093289
0.089913
0.095906
0.104583
0.096647
0.096227
0.095249
0.093609
0.096363
0.104127
0.096671
0.095910
0.104805
0.096249
0.093347
0.096431
0.097427
0.096891
0.099193
0.097637
0.098445
0.101556
0.097080
0.095366
0.095497
0.094425
0.097472
0.088864
0.089626
0.093373
0.096614
0.095238
0.083601
0.096844
0.097193
0.093834
0.095949
0.096211
0.095988
0.178306
0.096302
0.096467
0.093226
0.096917
0.087694
0.096462
0.089252
0.097135
0.093457
0.104061
0.096527
0.096423
0.097830
0.105251
0.097280
0.107914
0.093844
0.096301
0.094597
0.095511
0.091536
0.093762
0.085114
0.094361
0.095291
0.098471
0.095576
0.095852
0.094938
0.095347
0.092961
0.100195
0.096151
0.096101
0.093822
0.098608
0.095670
0.095933
0.104775
0.097204
0.093068
0.093810
0.092354
0.096057
0.092442
0.096689
0.096853
0.099942
0.095050
0.096739
0.094799
0.097208
0.096508
0.094706
0.093407
0.094565
0.097968
0.083829
0.092177
0.097510
0.094581
0.100460
0.084804
0.096726
0.094221
0.107978
0.098871
0.095535
0.094715
0.093152
0.093407
0.095085
0.099848
0.100917
0.094005
0.094796
0.085890
0.086056
0.094310
0.095973
0.098004
0.095895
0.095141
0.097296
0.097147
0.095970
0.094995
0.098233
0.100312
0.094553
0.093230
0.090044
0.087722
0.093929
0.094323
0.096281
0.094418
0.100850
0.096206
0.095655
0.092796
0.099029
0.094724
0.096743
0.092817
0.095514
0.094532
0.105871
0.101366
0.098358
0.103605
0.103705
0.094732
0.097161
0.089199
0.097269
0.095389
0.096665
0.096581
0.095696
0.096430
0.090776
0.104375
0.100965
0.096941
0.096866
0.088286
0.086384
0.090189
0.096682
0.092945
0.095490
0.087105
0.097475
0.103579
0.096789
0.096923
0.096901
0.096083
0.097100
0.093296
0.097173
0.091872
0.097319
0.096927
0.105568
0.096762
0.095614
0.103170
0.100194
0.096758
0.096587
0.095246
0.096211
0.094948
0.096002
0.099281
0.097874
0.096930
0.095511
0.094982
0.086230
0.089402
0.089945
0.102996
0.098359
0.097068
0.095909
0.095632
0.096847
0.094120
0.099493
0.095957
0.096703
0.096000
0.097744
0.096514
0.090598
0.096672
0.096065
0.095209
0.097091
0.102847
0.096795
0.092912
0.099910
0.164632
0.095775
0.097183
0.106687
0.107446
0.100220
0.096604
0.097510
0.094300
0.094040
0.089444
0.095481
0.096090
0.096348
0.101724
0.086179
0.090786
0.090799
0.104609
0.098886
0.097360
0.099639
0.091399
0.097025
0.095649
0.098394
0.097167
0.096024
0.095866
0.096155
0.095480
0.097738
0.097552
0.098412
0.101712
0.098363
0.095008
0.103700
0.095211
0.090846
0.095636
0.095394
0.094916
0.095679
0.095264
0.092434
0.088255
0.093400
0.094718
0.095644
0.094836
0.094695
0.094144
0.096664
0.096028
0.096756
0.094841
0.096942
0.095404
0.095225
0.089583
0.096925
0.097355
0.094552
0.092643
0.095862
0.095019
0.093187
0.096001
0.095716
0.094067
0.092068
0.102734
0.096368
0.093631
0.098546
0.098285
0.095850
0.094985
0.095674
0.100962
0.091261
0.095887
0.094437
0.091831
0.086220
0.096097
0.095811
0.096795
0.096766
0.094292
0.098632
0.095569
0.096017
0.096457
0.104984
0.099502
0.094116
0.095098
0.094817
0.087980
0.092023
0.097541
0.098065
0.102903
0.096961
0.093871
0.097244
0.094008
0.099246
0.102227
0.096336
0.102739
0.106508
0.092958
0.084964
0.090496
0.097301
0.095489
0.096574
0.094800
0.095976
0.096407
0.099602
0.096588
0.096608
0.094657
0.093668
0.094680
0.095085
0.095608
0.097903
0.095181
0.096192
0.101667
0.090249
0.095692
0.096743
0.102155
0.096475
0.095369
0.094052
0.094657
0.097439
0.093624
0.096343
0.096611
0.103976
0.089034
0.095100
0.084829
0.098671
0.096125
0.097101
0.101855
0.086790
0.092172
0.095922
0.093905
0.094718
0.095765
0.095786
0.093877
0.095441
0.092382
0.092560
0.095570
0.095341
0.093685
0.089850
0.092451
0.094388
0.090852
0.096317
0.098164
0.094933
0.094683
0.095434
0.095702
0.091650
0.102838
0.095911
0.105107
0.615343
0.096505
0.097265
0.091452
0.089065
0.099400
0.096261
0.089369
0.097145
0.094453
0.095959
0.099515
0.097021
0.101491
0.101598
0.093371
0.096165
0.092255
0.094602
0.094454
0.095235
0.095593
0.097037
0.094178
0.095607
0.093389
0.096357
0.094962
0.097719
0.103338
0.097753
0.101289
0.099008
0.089575
0.086634
0.089640
0.094731
0.101037
0.102070
0.084461
0.095924
0.094797
0.093531
0.095804
0.097985
0.097107
0.094945
0.105672
0.095728
0.094392
0.096557
0.097377
0.094403
0.089439
0.093873
0.093167
0.094972
0.094331
0.095403
0.098994
0.096476
0.092732
0.094621
0.094967
0.100876
0.093549
0.094271
0.104430
0.096929
0.088176
0.096083
0.095364
0.096147
0.095045
0.094814
0.093574
0.094291
0.137421
0.097037
0.095488
0.102294
0.094421
0.096613
0.092760
0.092080
0.093799
0.094603
0.093959
0.090176
0.107415
0.097682
0.092325
0.097344
0.098708
0.093612
0.092727
0.097841
0.097345
0.091509
0.101038
0.098449
0.092639
0.097100
0.092610
0.092237
0.085721
0.091887
0.089781
0.097341
0.081156
0.092883
0.090127
0.102465
0.092606
0.096013
0.092635
0.093916
0.093323
0.096128
0.099051
0.095736
0.097539
0.102860
0.092097
0.095880
0.086958
0.100719
0.103842
0.100079
0.094201
0.094787
0.100742
0.100647
0.093889
0.095908
0.093736
0.093680
0.094261
0.096686
0.084841
0.094376
0.094786
0.096254
0.094622
0.092692
0.094030
0.096352
0.101637
0.099335
0.096415
0.095737
0.093716
0.096612
0.093577
0.102079
0.097782
0.094750
0.093530
0.088828
0.093597
0.098840
0.103546
0.099072
0.096891
0.096030
0.091303
0.095803
0.092161
0.104755
0.096203
0.095993
0.093748
0.093995
0.092112
0.089008
0.087115
0.088021
0.093599
0.099507
0.084516
0.089153
0.086879
0.102215
0.092974
0.092026
0.094489
0.094395
0.092813
0.094951
0.095889
0.105307
0.095191
0.098909
0.093194
0.096220
0.094472
0.091032
0.098607
0.098189
0.094525
0.096851
0.099944
0.095241
0.090315
0.097283
0.103284
0.097036
0.094607
0.098415
0.083733
0.092936
0.090489
0.095745
0.096071
0.093898
0.101950
0.096338
0.090754
0.096253
0.094576
0.095487
0.091302
0.095263
0.093500
0.100166
0.100037
0.095270
0.094852
0.197983
0.100119
0.095074
0.092207
0.095951
0.099754
0.094828
0.091156
0.094578
0.096107
0.092892
0.101437
0.095778
0.093845
0.095036
0.089855
0.100976
0.106644
0.109990
0.095085
0.085904
0.089216
0.093921
0.099317
0.092416
0.095819
0.097631
0.091841
0.098663
0.095029
0.095259
0.091979
0.094501
0.093319
0.092559
0.092294
0.096102
0.101064
0.095318
0.095377
0.094790
0.094372
0.095212
0.093200
0.096467
0.093536
0.098314
0.093469
0.093769
0.095750
0.090184
0.084686
0.092454
0.098620
0.093710
0.094406
0.092914
0.093658
0.094395
0.099537
0.101983
0.102568
0.093578
0.091949
0.095397
0.093782
0.093361
0.094526
0.095221
0.092979
0.102722
0.095026
0.096019
0.095529
0.095600
0.098580
0.096677
0.089334
0.091495
0.100359
0.102461
0.095172
0.094742
0.092992
0.095314
0.094622
0.098437
0.091477
0.097579
0.098140
0.102302
0.083148
0.092428
0.092943
0.105664
0.097751
0.095400
0.093896
0.093425
0.092722
0.095836
0.101279
0.097759
0.095364
0.096654
0.090904
0.094552
0.093184
0.095690
0.096389
0.098194
0.095531
0.103087
0.094148
0.104656
0.103301
0.100107
0.095210
0.096560
0.102065
0.097701
0.104415
0.089160
0.098213
0.099398
0.091125
0.093361
0.094520
0.094732
0.095945
0.097950
0.094565
0.094211
0.093120
0.094787
0.092691
0.103487
0.094333
0.095970
0.091897
0.093207
0.093662
0.095233
0.097396
0.097114
0.100168
0.095720
0.091246
0.098396
0.095309
0.097807
0.093431
0.095856
0.093043
0.093917
0.091944
0.083973
0.083876
0.098250
0.096325
0.106288
0.081834
0.093752
0.100952
0.096344
0.094516
0.095481
0.096360
0.094354
0.094409
0.096410
0.090612
0.096172
0.093298
0.094904
0.089390
0.094188
0.092724
0.088737
0.096517
0.096699
0.094573
0.095458
0.095245
0.095286
0.091162
0.092401
0.100845
0.096944
0.619148
0.106178
0.099412
0.104124
0.098185
0.094502
0.093802
0.093464
0.093170
0.096548
0.093371
0.094607
0.093280
0.096294
0.089252
0.093046
0.099589
0.095984
0.089337
0.093652
0.094490
0.092119
0.096258
0.095254
0.092621
0.093327
0.092701
0.095053
0.095188
0.096938
0.094766
0.105054
0.092644
0.093212
0.083806
0.086340
0.086873
0.095367
0.100262
0.085143
0.091498
0.090236
0.089509
0.095803
0.094156
0.095583
0.095193
0.096231
0.092863
0.099802
0.090929
0.095540
0.094884
0.095954
0.094722
0.095643
0.097036
0.098637
0.094105
0.095493
0.093708
0.096923
0.093267
0.094201
0.090802
0.098477
0.095047
0.093560
0.091112
0.095259
0.093821
0.092382
0.087715
0.103828
0.094589
0.103538
0.097346
0.090824
0.089752
0.096660
0.093126
0.094593
0.102501
0.096191
0.090135
0.092690
0.093791
0.095023
0.091898
0.096053
0.092674
0.095587
0.092742
0.095918
0.096102
0.094999
0.098418
0.098710
0.094974
0.094031
0.093428
0.097837
0.092427
0.095519
0.093398
0.086713
0.091729
0.097479
0.097293
0.099600
0.082692
0.102410
0.096704
0.098938
0.102854
0.093932
0.092843
0.094147
0.095987
0.095696
0.095962
0.095565
0.090418
0.096945
0.089679
0.092999
0.094392
0.101022
0.091408
0.089793
0.088602
0.091365
0.092190
0.102574
0.105221
0.101662
0.094863
0.096591
0.093658
0.099680
0.085323
0.091216
0.089625
0.096705
0.092466
0.092718
0.093860
0.105333
0.095510
0.096548
0.099616
0.095915
0.089984
0.096429
0.094286
0.090811
0.094791
0.094266
0.094031
0.095873
0.096547
0.095314
0.091481
0.096995
0.103538
0.095820
0.093384
0.096554
0.102531
0.095088
0.094974
0.097199
0.094083
0.100409
0.096585
0.085823
0.083845
0.088688
0.102704
0.101441
0.083104
0.100943
0.095836
0.099513
0.091079
0.095188
0.094757
0.095134
0.093212
0.097682
0.097337
0.100154
0.093964
0.097791
0.093165
0.097091
0.094759
0.095275
0.092799
0.094431
0.093888
0.099670
0.094788
0.096205
0.091734
0.095107
0.095552
0.096137
0.092734
0.094327
0.087942
0.084866
0.086560
0.103604
0.096358
0.096730
0.092147
0.089872
0.088169
0.107913
0.093916
0.095317
0.094581
0.099278
0.093267
0.107300
0.098420
0.094176
0.094159
0.093266
0.094958
0.095403
0.101063
0.092714
0.088605
0.098290
0.093934
0.095612
0.094981
0.094910
0.103999
0.095983
0.094503
0.094410
0.094819
0.094866
0.092925
0.097274
0.092509
0.093512
0.095654
0.087818
0.090605
0.090393
0.091969
0.099805
0.095057
0.095522
0.092848
0.095090
0.096224
0.110211
0.093537
0.096807
0.097997
0.095807
0.093905
0.096241
0.101831
0.101532
0.095920
0.094329
0.093399
0.097085
0.093686
0.091662
0.096787
0.097596
0.095273
0.094537
0.094044
0.099733
0.101711
0.099838
0.096277
0.092922
0.094844
0.097283
0.093899
0.095591
0.095257
0.099354
0.091210
0.094011
0.092652
0.096020
0.091620
0.097214
0.094132
0.096288
0.097676
0.095599
0.093549
0.106064
0.093740
0.097378
0.093198
0.093415
0.101633
0.098811
0.099740
0.097977
0.095981
0.098133
0.094067
0.093190
0.085871
0.100541
0.087693
0.089401
0.102055
0.088666
0.087826
0.095365
0.113541
0.095487
0.096106
0.095915
0.091124
0.095722
0.094921
0.105980
0.104181
0.095493
0.093243
0.125822
0.091340
0.095016
0.091620
0.095335
0.085926
0.096961
0.093458
0.095788
0.094721
0.101502
0.094036
0.094255
0.096351
0.102023
0.093064
0.086072
0.093408
0.092461
0.094865
0.094988
0.098310
0.096930
0.102576
0.109308
0.094254
0.096083
0.093464
0.095069
0.093951
0.095307
0.111951
0.094876
0.096038
0.094512
0.093847
0.095992
0.093488
0.094372
0.196232
0.097187
0.084931
0.095501
0.093038
0.093516
0.093434
0.094769
0.104236
0.092395
0.092666
0.089451
0.084342
0.088345
0.091365
0.088189
0.086191
0.104059
0.095281
0.092938
0.090999
0.095791
0.094071
0.098723
0.091619
0.095621
0.104722
0.097909
0.094755
0.099770
0.095915
0.096852
0.094878
0.094047
0.100797
0.096039
0.096596
0.095588
0.102384
0.099140
0.096130
0.101863
0.097004
0.096296
0.608904
0.103047
0.095435
0.094807
0.094446
0.094956
0.101281
0.094809
0.102821
0.100364
0.093170
0.095354
0.092888
0.094864
0.090537
0.094031
0.094078
0.095466
0.093744
0.094575
0.092587
0.096313
0.097030
0.096635
0.095184
0.094080
0.098573
0.094997
0.092207
0.095531
0.092648
0.095860
0.091474
0.092917
0.082684
0.094238
0.093608
0.092737
0.102276
0.085733
0.098904
0.094494
0.094204
0.095740
0.095055
0.094697
0.099918
0.096542
0.092819
0.095619
0.094235
0.093049
0.093696
0.087974
0.093259
0.094864
0.091891
0.093816
0.092626
0.095512
0.096628
0.092455
0.092695
0.091681
0.094456
0.095067
0.100765
0.094926
0.092956
0.087012
0.083696
0.086445
0.093828
0.100435
0.094137
0.092006
0.088372
0.094980
0.092139
0.093504
0.095987
0.092704
0.101231
0.095571
0.096380
0.092280
0.093131
0.094620
0.106965
0.098652
0.089699
0.098986
0.107233
0.101028
0.093159
0.093690
0.095199
0.097381
0.091254
0.098427
0.093708
0.095892
0.093077
0.095962
0.092533
0.093834
0.091709
0.102259
0.095546
0.089985
0.087438
0.096934
0.095337
0.092240
0.095482
0.102177
0.096229
0.097337
0.095026
0.095225
0.089768
0.095232
0.095436
0.093512
0.091720
0.104109
0.095357
0.091355
0.093876
0.096624
0.096832
0.090021
0.090284
0.097008
0.092590
0.096921
0.094972
0.095958
0.094832
0.093355
0.084205
0.090992
0.089919
0.100433
0.102831
0.101260
0.095956
0.095137
0.092268
0.097096
0.097319
0.096063
0.095220
0.100394
0.094006
0.102547
0.099193
0.096136
0.102307
0.096620
0.093628
0.095780
0.092020
0.096719
0.095918
0.095117
0.092405
0.096632
0.102513
0.094964
0.094630
0.094282
0.094370
0.096135
0.093022
0.086583
0.094197
0.096507
0.094956
0.099585
0.085424
0.095804
0.094894
0.098568
0.096412
0.097223
0.094765
0.094531
0.096599
0.097503
0.094649
0.097326
0.102027
0.095227
0.095816
0.095861
0.094506
0.095126
0.096718
0.095707
0.094862
0.094734
0.101955
0.095309
0.094420
0.096654
0.097259
0.096645
0.090798
0.095483
0.086653
0.086354
0.091733
0.097804
0.093318
0.097575
0.095093
0.097526
0.092473
0.098146
0.097978
0.097674
0.092976
0.096522
0.094247
0.094465
0.095641
0.097612
0.095541
0.093958
0.094398
0.096989
0.091921
0.096860
0.102748
0.098218
0.094457
0.096541
0.094228
0.094434
0.096991
0.096391
0.093897
0.097731
0.095428
0.085661
0.084325
0.092682
0.098084
0.094686
0.086812
0.090210
0.103846
0.095094
0.098233
0.094911
0.095708
0.095796
0.095494
0.104732
0.092956
0.095354
0.095456
0.097809
0.092754
0.098254
0.095441
0.094606
0.098593
0.094927
0.094472
0.094854
0.095167
0.095948
0.091414
0.093403
0.094545
0.101639
0.093374
0.095225
0.094908
0.097050
0.091415
0.094711
0.096022
0.093965
0.101051
0.096220
0.095136
0.097006
0.095374
0.096140
0.094210
0.093985
0.093612
0.102987
0.095292
0.101526
0.096500
0.095476
0.094298
0.095232
0.089661
0.102403
0.096128
0.099226
0.096513
0.098837
0.094588
0.094030
0.094981
0.100062
0.095542
0.095194
0.094754
0.092718
0.087673
0.091974
0.100827
0.102444
0.089422
0.090865
0.092034
0.095308
0.091856
0.096705
0.096475
0.095006
0.092826
0.096751
0.096563
0.093187
0.098293
0.098822
0.093748
0.090179
0.096092
0.095826
0.093935
0.095457
0.098229
0.096993
0.094089
0.092032
0.096456
0.095589
0.097088
0.097966
0.096392
0.096677
0.093599
0.084043
0.093058
0.103652
0.097960
0.099185
0.095295
0.095682
0.096017
0.095878
0.096152
0.098047
0.104260
0.095202
0.098871
0.096003
0.094776
0.096881
0.096990
0.095869
0.102669
0.096348
0.093989
0.096803
0.095248
0.096942
0.092663
0.094439
0.093450
0.097581
0.095209
0.100245
0.096651
0.093844
0.098003
0.093415
0.084672
0.095071
0.095663
0.097612
0.104143
0.088867
0.094653
0.095354
0.102461
0.101858
0.099197
0.099774
0.094824
0.092235
0.096168
0.099606
0.098114
0.101299
0.105564
0.098357
0.102647
0.098135
0.094488
0.097815
0.097970
0.094657
0.097078
0.108876
0.096769
0.097975
0.099313
0.097260
0.098196
0.095696
0.095045
0.087638
0.088880
0.097999
0.097135
0.097145
0.097581
0.097510
0.096957
0.099673
0.098607
0.098258
0.097634
0.097263
0.097851
0.095502
0.100962
0.104657
0.104151
0.097982
0.103866
0.097973
0.096416
0.097721
0.099894
0.100342
0.100074
0.096961
0.096483
0.098602
0.097103
0.097229
0.095660
0.095226
0.096971
0.091210
0.087929
0.087160
0.098215
0.102528
0.082369
0.092088
0.094442
0.095308
0.092459
0.094570
0.094139
0.095340
0.094287
0.095231
0.091348
0.095541
0.093337
0.094825
0.092178
0.092115
0.100281
0.095583
0.094809
0.095817
0.095364
0.095727
0.094894
0.097578
0.092492
0.098122
0.094462
0.103138
0.093150
0.093213
0.094343
0.093164
0.091907
0.096075
0.094504
0.095056
0.100734
0.096313
0.094227
0.094463
0.092989
0.096680
0.092665
0.095876
0.094292
0.095357
0.092825
0.097595
0.094037
0.096002
0.091761
0.094633
0.101779
0.096796
0.095402
0.096148
0.092677
0.092430
0.092377
0.095204
0.100855
0.096273
0.095930
0.096975
0.092714
0.096284
0.082996
0.085582
0.089208
0.095414
0.103135
0.086276
0.093688
0.096084
0.099276
0.095147
0.092440
0.096066
0.098052
0.097401
0.093118
0.095194
0.094313
0.096338
0.101949
0.096932
0.094267
0.097058
0.102542
0.098990
0.093283
0.097916
0.090252
0.097058
0.091420
0.088534
0.097008
0.096508
0.093218
0.096411
0.092814
0.095652
0.088121
0.095538
0.094015
0.097392
0.093884
0.095965
0.093943
0.094918
0.093893
0.107423
0.096169
0.096238
0.094901
0.096576
0.090723
0.096819
0.094027
0.096649
0.094029
0.104187
0.094660
0.094493
0.096477
0.094847
0.094444
0.096608
0.094272
0.099011
0.098850
0.098474
0.094214
0.095388
0.095223
0.094838
0.085213
0.088635
0.085261
0.087921
0.089848
0.094484
0.083731
0.091434
0.094834
0.097812
0.094703
0.097720
0.097911
0.093350
0.093512
0.096384
0.094646
0.106651
0.096586
0.095006
0.095806
0.096213
0.099223
0.093944
0.103019
0.098721
0.100721
0.094854
0.094230
0.096798
0.088498
0.090851
0.094195
0.095727
0.094962
0.100436
0.087401
0.091553
0.087463
0.096597
0.092961
0.095612
0.099135
0.094815
0.107239
0.095119
0.095489
0.093875
0.097814
0.095914
0.098856
0.095508
0.104259
0.099095
0.092818
0.093580
0.093137
0.095387
0.091498
0.095771
0.103669
0.096177
0.093653
0.094195
0.093646
0.093490
0.094610
0.096421
0.101594
0.095451
0.092075
0.085832
0.088087
0.093588
0.094706
0.102965
0.084822
0.101809
0.093328
0.097057
0.095108
0.095958
0.095359
0.094541
0.093056
0.103049
0.095054
0.097575
0.094027
0.097458
0.093267
0.095634
0.181467
0.101714
0.093937
0.105974
0.095358
0.094191
0.092291
0.093646
0.101371
0.096646
0.095942
0.094405
0.092975
0.086573
0.085564
0.091015
0.094093
0.096478
0.100367
0.097253
0.094260
0.094931
0.093991
0.094386
0.099732
0.095713
0.093797
0.105872
0.093753
0.095140
0.092690
0.097670
0.095536
0.096759
0.092795
0.092683
0.096300
0.097336
0.094712
0.100077
0.094215
0.096706
0.091579
0.094360
0.093158
0.095316
0.095322
0.096094
0.089764
0.088388
0.094327
0.089568
0.094154
0.086801
0.090112
0.089663
0.095206
0.204417
0.094723
0.109193
0.087882
0.095421
0.093951
0.100059
0.096183
0.095197
0.093839
0.094622
0.099405
0.097835
0.094342
