0, 7472
1, 6857
2, 6806
3, 7462
4, 6851
5, 6803
6, 7478
7, 6884
8, 6821
9, 7478
10, 6884
11, 6789
12, 6908
13, 6322
14, 6268
15, 5860
16, 5874
17, 5856
18, 6109
19, 5998
20, 5975
21, 5975
22, 5904
23, 5601
24, 5612
25, 5602
26, 5392
27, 5278
28, 5293
29, 5288
30, 4982
31, 5169
32, 4577
33, 4568
34, 4575
35, 4321
36, 4304
37, 4816
38, 4711
39, 4797
40, 4742
41, 4690
42, 4585
43, 4474
44, 4473
45, 4475
46, 4521
47, 3733
48, 4012
49, 3392
50, 3686
51, 2886
52, 3315
53, 2976
54, 3280
55, 2937
56, 2857
57, 2870
58, 2875
59, 2886
60, 2900
61, 3025
62, 3318
63, 3612
64, 3616
65, 3573
66, 3542
67, 3576
68, 3103
69, 3094
70, 3092
71, 3096
72, 3144
73, 3124
74, 3172
75, 3178
76, 3205
77, 3182
78, 3119
79, 3132
80, 3222
81, 3032
82, 3239
83, 2990
84, 3309
85, 2991
86, 3353
87, 3019
88, 3039
89, 2949
90, 2949
91, 2968
92, 2970
93, 2948
94, 3199
95, 3208
96, 3191
97, 3105
98, 3219
99, 3190
100, 3256
101, 3192
102, 3212
103, 3195
104, 3178
105, 3167
106, 3194
107, 3170
108, 3164
109, 3208
110, 3205
111, 3206
112, 3214
113, 3194
114, 3251
115, 3002
116, 3262
117, 2949
118, 3257
119, 3092
120, 3309
121, 2990
122, 3267
123, 2967
124, 3221
125, 2988
126, 2859
127, 2913
128, 3086
129, 3097
130, 3103
131, 3124
132, 3087
133, 3103
134, 3109
135, 3105
136, 3117
137, 3090
138, 3057
139, 3066
140, 3114
141, 3042
142, 3070
143, 3057
144, 3057
145, 3046
146, 3112
147, 3107
148, 3219
149, 3098
150, 3192
151, 2902
152, 3283
153, 2935
154, 3219
155, 2895
156, 3244
157, 2987
158, 3309
159, 3011
160, 3284
161, 2932
162, 2976
163, 2979
164, 2973
165, 2965
166, 2954
167, 3235
168, 3193
169, 3185
170, 3202
171, 3204
172, 3202
173, 3178
174, 3218
175, 3181
176, 3183
177, 3153
178, 3202
179, 3155
180, 3193
181, 3213
182, 3196
183, 3092
184, 3095
185, 3097
186, 3316
187, 2935
188, 3233
189, 2936
190, 3383
191, 2968
192, 3258
193, 2958
194, 3234
195, 2976
196, 2997
197, 2977
198, 2986
199, 2984
200, 2956
201, 2976
202, 2987
203, 2989
204, 3203
205, 3188
206, 3188
207, 3201
208, 3198
209, 3214
210, 3177
211, 3149
212, 3145
213, 3159
214, 3164
215, 3192
216, 3195
217, 3190
218, 3221
219, 3301
220, 3221
221, 3312
222, 3080
223, 3265
224, 2970
225, 3382
226, 2980
227, 3362
228, 3012
229, 3334
230, 2973
231, 3242
232, 3012
233, 3000
234, 2871
235, 2875
236, 2907
237, 2881
238, 2910
239, 2907
240, 2903
241, 2895
242, 2879
243, 2872
244, 3076
245, 3087
246, 3083
247, 3215
248, 3085
249, 3105
250, 3051
251, 3059
252, 3037
253, 3058
254, 3057
255, 3068
256, 3065
257, 3194
258, 2957
259, 3234
260, 2885
261, 3193
262, 2900
263, 3202
264, 2986
265, 3268
266, 2995
267, 3384
268, 3105
269, 3056
270, 3060
271, 2944
272, 2915
273, 3028
274, 3005
275, 2967
276, 3016
277, 3215
278, 3190
279, 3142
280, 3144
281, 3155
282, 3143
283, 3172
284, 3186
285, 3205
286, 3199
287, 3189
288, 3184
289, 3277
290, 3199
291, 3205
292, 3384
293, 2984
294, 3293
295, 2965
296, 3317
297, 2927
298, 3298
299, 2967
300, 3451
301, 2985
302, 3312
303, 3003
304, 2974
305, 2963
306, 2940
307, 2961
308, 2962
309, 2962
310, 3209
311, 3127
312, 3154
313, 3178
314, 3047
315, 3148
316, 3149
317, 3262
318, 3170
319, 3217
320, 3079
321, 3202
322, 3166
323, 3231
324, 3193
325, 3206
326, 3182
327, 3221
328, 3268
329, 3601
330, 2996
331, 5405
332, 4432
333, 3800
334, 3047
335, 2851
336, 3184
337, 3418
338, 4303
339, 5046
340, 5438
341, 4851
342, 4835
343, 4801
344, 4757
345, 4799
346, 4812
347, 5466
348, 5438
349, 5131
350, 4596
351, 4589
352, 4546
353, 4555
354, 4539
355, 4724
356, 4805
357, 4724
358, 4745
359, 4732
360, 4481
361, 4569
362, 4495
363, 4559
364, 4571
365, 4280
366, 4284
367, 4384
368, 4352
369, 4261
370, 4119
371, 4095
372, 4072
373, 4075
374, 4085
375, 3901
376, 3902
377, 3999
378, 3919
379, 3884
380, 3913
381, 3899
382, 3907
383, 3303
384, 3298
385, 3480
386, 3059
387, 3314
388, 2918
389, 3268
390, 2866
391, 3294
392, 3007
393, 3327
394, 2936
395, 2972
396, 2967
397, 2842
398, 2927
399, 2941
400, 2924
401, 2934
402, 2915
403, 2896
404, 2949
405, 2963
406, 2974
407, 2971
408, 2970
409, 3208
410, 3208
411, 3195
412, 3148
413, 3194
414, 3203
415, 3194
416, 3164
417, 3199
418, 2923
419, 3262
420, 2883
421, 3320
422, 2999
423, 3290
424, 2993
425, 3326
426, 2969
427, 3344
428, 2979
429, 2989
430, 2928
431, 2952
432, 2926
433, 2926
434, 2943
435, 2927
436, 2968
437, 2924
438, 2965
439, 2948
440, 2926
441, 2952
442, 2915
443, 2853
444, 2884
445, 2854
446, 2871
447, 3085
448, 3091
449, 3092
450, 3085
451, 3153
452, 3210
453, 3002
454, 3331
455, 2939
456, 3223
457, 2979
458, 3335
459, 2983
460, 3226
461, 2966
462, 3303
463, 2880
464, 2899
465, 3182
466, 3093
467, 3094
468, 3099
469, 3140
470, 3124
471, 3084
472, 3084
473, 3112
474, 3092
475, 3089
476, 3111
477, 3064
478, 3117
479, 3130
480, 3140
481, 3125
482, 3159
483, 3190
484, 3101
485, 3089
486, 3202
487, 3064
488, 3234
489, 2974
490, 3233
491, 2904
492, 3331
493, 3131
494, 3073
495, 3073
496, 3106
497, 2852
498, 3190
499, 3176
500, 3119
501, 3199
502, 3365
503, 3539
504, 3516
505, 3688
506, 3613
507, 3599
508, 3602
509, 3606
510, 3463
511, 3451
512, 3464
513, 3483
514, 3447
515, 3482
516, 3441
517, 3341
518, 3375
519, 3380
520, 3331
521, 3352
522, 3318
523, 3313
524, 3340
525, 3295
526, 3311
527, 3102
528, 3198
529, 2915
530, 3211
531, 2898
532, 3235
533, 2881
534, 3464
535, 3062
536, 3453
537, 3083
538, 3326
539, 3043
540, 3033
541, 3059
542, 3039
543, 3040
544, 3282
545, 3289
546, 3281
547, 3312
548, 3281
549, 3265
550, 3285
551, 3301
552, 3324
553, 3288
554, 3361
555, 3293
556, 3287
557, 3310
558, 3291
559, 3280
560, 3286
561, 3278
562, 3271
563, 3342
564, 3083
565, 3339
566, 3030
567, 3377
568, 3061
569, 3371
570, 3083
571, 3303
572, 3033
573, 3311
574, 3067
575, 3067
576, 3038
577, 3046
578, 3050
579, 3040
580, 3085
581, 3068
582, 3043
583, 3034
584, 3068
585, 3057
586, 3037
587, 3040
588, 3281
589, 3272
590, 3268
591, 3280
592, 3318
593, 3285
594, 3327
595, 3286
596, 3288
597, 3292
598, 3319
599, 3319
600, 3057
601, 3343
602, 3035
603, 3310
604, 3020
605, 3338
606, 3066
607, 3322
608, 3076
609, 3353
610, 3040
611, 3066
612, 3045
613, 3049
614, 3053
615, 3044
616, 3077
617, 3070
618, 3048
619, 3050
620, 3044
621, 3049
622, 3047
623, 3038
624, 3059
625, 3038
626, 3060
627, 3038
628, 3043
629, 3050
630, 3040
631, 3047
632, 3044
633, 3033
634, 6325
635, 6886
636, 6327
637, 6915
638, 6813
639, 6922
640, 6317
641, 6888
642, 6332
643, 6909
644, 6341
645, 6916
646, 6279
647, 6295
648, 5259
649, 3850
650, 3257
651, 2926
652, 4121
653, 6889
654, 6307
655, 4550
656, 4553
657, 4547
658, 4578
659, 4556
660, 6894
661, 5879
662, 6432
663, 6031
664, 6032
665, 6020
666, 5628
667, 5628
668, 5634
669, 5700
670, 5358
671, 5282
672, 5284
673, 4847
674, 4623
675, 4558
676, 5001
677, 3187
678, 4121
679, 3758
680, 3571
681, 3727
682, 3344
683, 3421
684, 3018
685, 3217
686, 2915
687, 3343
688, 2983
689, 3347
690, 2930
691, 3149
692, 3415
693, 3179
694, 3149
695, 3418
696, 3447
697, 3429
698, 3422
699, 3428
700, 3416
701, 3426
702, 3418
703, 3411
704, 3464
705, 3478
706, 3203
707, 3221
708, 3199
709, 3205
710, 3202
711, 3196
712, 3251
713, 3265
714, 3367
715, 2996
716, 3323
717, 2973
718, 3357
719, 2930
720, 3265
721, 3058
722, 3333
723, 2944
724, 3295
725, 3010
726, 2934
727, 2927
728, 2938
729, 2951
730, 2927
731, 2926
732, 3144
733, 3158
734, 3150
735, 3181
736, 3189
737, 3189
738, 3191
739, 3196
740, 3197
741, 3185
742, 3193
743, 3198
744, 3203
745, 3192
746, 3215
747, 3090
748, 3184
749, 3073
750, 3271
751, 2926
752, 3425
753, 2998
754, 3280
755, 2995
756, 3240
757, 2834
758, 3180
759, 2869
760, 2936
761, 2872
762, 2889
763, 2883
764, 2887
765, 2913
766, 2879
767, 2870
768, 3112
769, 3086
770, 3100
771, 3086
772, 3113
773, 3099
774, 3080
775, 3091
776, 3087
777, 3124
778, 3108
779, 3106
780, 3109
781, 3086
782, 3084
783, 3080
784, 3093
785, 3095
786, 3213
787, 2938
788, 3209
789, 2900
790, 3263
791, 2990
792, 3239
793, 3046
794, 3059
795, 3062
796, 3433
797, 3150
798, 2993
799, 3373
800, 3346
801, 3332
802, 3279
803, 3306
804, 3245
805, 3248
806, 3232
807, 3233
808, 3225
809, 3209
810, 3224
811, 3213
812, 3309
813, 3320
814, 3310
815, 3312
816, 3215
817, 3200
818, 3309
819, 3327
820, 3243
821, 3250
822, 3241
823, 3188
824, 3246
825, 3200
826, 3261
827, 3320
828, 2982
829, 3240
830, 2989
831, 3351
832, 3016
833, 3349
834, 3017
835, 3484
836, 3021
837, 3375
838, 3036
839, 3349
840, 2932
841, 2997
842, 2963
843, 2926
844, 2948
845, 3010
846, 2995
847, 2950
848, 2952
849, 2970
850, 3197
851, 3199
852, 3168
853, 3161
854, 3165
855, 3160
856, 3156
857, 3166
858, 3168
859, 3184
860, 3165
861, 3168
862, 3349
863, 3055
864, 3348
865, 3000
866, 3325
867, 3025
868, 3421
869, 3022
870, 3340
871, 3010
872, 3325
873, 2944
874, 2974
875, 2952
876, 2927
877, 2930
878, 3029
879, 2978
880, 2972
881, 3214
882, 3195
883, 3200
884, 3175
885, 3390
886, 3294
887, 3288
888, 3313
889, 3297
890, 3291
891, 3289
892, 3312
893, 3301
894, 3281
895, 3287
896, 3325
897, 3041
898, 3343
899, 3058
900, 3401
901, 3059
902, 3288
903, 3049
904, 3319
905, 3029
906, 3294
907, 3063
908, 3037
909, 3032
910, 3049
911, 3034
912, 3042
913, 3062
914, 3066
915, 3052
916, 3036
917, 3036
918, 3086
919, 3038
920, 3046
921, 3282
922, 3280
923, 3281
924, 3284
925, 3285
926, 3298
927, 3285
928, 3289
929, 3289
930, 3305
931, 3357
932, 3099
933, 3408
934, 3047
935, 3341
936, 3031
937, 3356
938, 3208
939, 3184
940, 3125
941, 3117
942, 3205
943, 2987
944, 3210
945, 3241
946, 3237
947, 3315
948, 3293
949, 3358
950, 3308
951, 3327
952, 3316
953, 3329
954, 3328
955, 3309
956, 3323
957, 3282
958, 3491
959, 3489
960, 3459
961, 3468
962, 3296
963, 3301
964, 3301
965, 3300
966, 3284
967, 3307
968, 3114
969, 3109
970, 3085
971, 3189
972, 2895
973, 3327
974, 2907
975, 3367
976, 2883
977, 3220
978, 2861
979, 3240
980, 3152
981, 3305
982, 3081
983, 3020
984, 3021
985, 3020
986, 3042
987, 3022
988, 3022
989, 3043
990, 3039
991, 3042
992, 3035
993, 3046
994, 3055
995, 3045
996, 3056
997, 3043
998, 3037
999, 3057
