1517225
1660863
69695
34903
70303
68095
70835
65049
73244
67960
71843
65815
73993
68619
72191
66465
71615
66182
71979
66925
62749
66987
71755
66802
71981
66092
70128
67113
72367
66869
71691
60296
69811
66958
73284
66836
71864
66964
71521
67015
71935
65635
69947
66945
72498
67061
73789
67377
72308
67094
69613
66976
68752
66937
69404
66859
72202
66982
71989
67213
71017
66660
75474
67720
72499
67644
73676
66759
72333
69459
72725
66314
62255
66843
71350
58070
75501
67427
72305
67146
71543
66816
72002
66869
71246
67067
71571
66838
63697
67087
72453
67276
72411
66984
70042
67237
72265
57539
72247
42809
72246
67277
72419
67152
72536
65796
62450
70813
70605
59691
72294
69531
72387
66173
62141
67212
72604
67284
65242
65680
71764
68455
71588
66624
72319
69451
71731
66622
71865
67022
72420
63723
72568
67129
72493
67324
53349
67112
72484
67021
72347
67546
69820
67230
71057
66955
71391
66934
75614
65950
71413
66853
73648
62108
69494
66761
72248
66992
72743
66994
70865
67074
72570
66649
72189
66950
74025
66790
72186
65039
71689
66771
72240
56134
72138
66891
72504
56086
72308
67209
72771
66993
72404
69026
71974
66826
72435
68301
72211
66935
72268
65922
71631
64091
71980
70107
72467
67158
72235
67323
71987
67568
72476
67149
71732
66684
72185
65332
71553
58567
71739
66771
71346
64358
47244
41813
72355
67485
71233
66517
68430
65781
69802
67005
66883
67229
62345
67073
68169
53822
71459
66734
75677
67222
69973
66904
70718
66412
72063
66977
52676
66194
61408
70287
71770
66627
71993
69635
72250
67294
71768
65294
71072
66389
72145
66073
72564
69035
72323
66977
73433
69563
71262
66555
68816
66758
72115
67095
73729
65479
72351
66437
71611
66871
70568
66395
75572
67219
72358
67083
64734
66061
72710
67228
71444
66731
71522
67212
61354
65786
63620
66717
68184
66990
62736
52271
46774
38302
72213
67107
71276
66606
72042
66646
71114
65106
72288
67236
72561
67127
72350
62637
71709
66179
72210
68845
71931
66860
70724
69231
76440
66093
63266
66670
73220
66816
72432
66976
72351
67771
71887
66141
60669
67139
52922
67985
74685
65521
72735
66166
71647
58231
72639
66393
72396
65091
72198
66964
72612
65931
62158
66943
72486
67307
71309
66255
71626
68704
72038
66860
72236
68964
72024
66917
64218
67050
72443
66093
71824
56585
71561
66659
72224
65839
72231
67332
63756
66684
72049
67129
72331
65461
70175
66039
71445
66828
76702
65598
71625
66582
74125
66567
71849
67875
71949
62542
69612
69214
71298
66719
73928
59376
71824
66811
60353
66963
63703
65013
72789
66575
72396
68778
71475
67070
75638
68240
71958
67270
64824
50768
71489
66995
71299
66966
72434
66148
71813
66695
72222
57264
73530
66200
71705
66745
72312
67127
72482
68410
72135
65527
71720
66689
72223
67022
71757
67242
72402
67315
71501
66827
71945
66978
69658
66913
72258
66962
72229
67439
72023
57353
72153
67034
71088
65752
70485
67194
74092
58870
72459
65812
71664
67097
72040
67560
71080
68884
72370
67148
71089
66786
67995
66922
72245
67028
72423
66830
71080
66708
67793
67488
72525
66974
73779
65579
72077
68140
72562
65331
72057
66777
70826
66778
75529
66978
69666
63331
72111
66932
71950
46046
68912
56195
71155
63035
71728
68803
71780
66750
72298
69313
71426
66783
72236
58024
62855
65851
72292
67234
72155
67368
72187
66336
72333
66839
72361
67109
72539
67254
72455
68013
72393
67329
69642
66841
72217
67061
71368
67255
71590
66687
72156
66946
72184
65816
72090
69169
71440
66657
72033
67265
72342
67157
72453
67088
71175
67119
71555
66180
75664
68918
71374
67383
74108
69332
71670
66942
72141
65361
71533
66723
72066
67109
73497
66571
72294
67398
71236
57911
72064
66905
72117
67418
72249
67247
72239
67198
71633
66871
70661
67363
72469
67094
71634
67021
72078
66965
71574
57792
45168
66941
65359
67167
71458
66736
74648
66587
71860
66893
73538
66900
72123
66924
72359
65849
71692
66492
71591
69043
75454
67293
61932
69626
64685
67252
72879
66075
69912
67103
69678
65542
71379
69605
75856
67398
72541
69046
73462
66756
72429
66963
72445
53545
71763
65673
69805
67997
71970
65368
71580
66937
71970
67038
72310
67362
69613
67297
63117
64830
72221
58324
62495
63792
71780
66839
69523
57503
70493
66720
71806
65241
64211
66835
68899
65201
71436
66889
72095
65236
71625
67233
71933
66991
72157
67486
72445
67159
72561
65390
71873
66785
70851
67262
71653
66683
72399
67802
72190
61855
72621
67076
71230
66978
74991
67342
72791
67218
74091
66682
72454
67276
71145
67417
71583
66686
70717
67094
75108
66932
72723
66634
73815
58263
72323
65744
71679
68727
71862
66783
71891
68825
62544
67075
72122
65007
70693
57674
71670
65600
71696
69244
70584
66750
72219
69058
71781
66872
72219
68012
70099
66474
71889
58246
71963
67333
72320
65333
72192
67128
71926
67300
72314
66457
71920
66836
70891
67352
61973
66845
72260
68084
70974
66123
69485
67025
71555
65645
75162
66818
72230
66897
73472
66739
72441
67028
71219
66933
71726
66830
70743
67416
74831
66945
72187
67023
74022
65354
70045
66141
72526
68618
71480
61411
72086
69465
72338
68105
71850
66275
71973
66874
72502
67113
72579
66572
72079
67332
72355
66946
71716
66809
72308
67178
71173
50386
71855
66896
71138
58631
71688
66828
72260
66983
72480
66694
72351
67005
62325
67072
72573
65719
71973
68902
72567
67100
71649
69380
60681
66990
72695
67404
70946
66841
75571
65825
62154
63020
76229
66018
70350
66586
72384
67347
71747
66911
72027
66660
72284
67080
70116
66825
72157
66956
73104
66989
72189
64977
72241
65489
71563
66309
72308
68941
71776
66891
72318
70217
70020
65290
72098
66536
70446
67818
71791
66355
74832
67119
72941
66746
74148
66947
72326
67061
71187
66432
70531
67423
70986
66735
75669
67010
72468
67272
65001
67098
72389
66157
69857
66927
69492
67075
72194
67996
72664
67309
71072
69732
72320
67104
73799
66734
72146
67258
72429
67156
71231
66525
68866
66948
71952
66871
72466
67089
69695
66743
72357
66234
71889
66765
71742
66167
62532
54489
48395
66941
72463
69022
71991
66924
72516
67141
72333
64860
72191
66909
71000
66511
68736
66776
72105
65894
72059
67060
74280
67050
71162
66748
60649
66835
75535
66957
69990
67027
73801
66658
69705
66952
71832
67084
72000
67234
71168
66145
75684
69026
71969
66743
73685
69372
71362
65210
72420
67833
72290
67137
71101
63799
72455
64927
72579
66419
72338
66308
71898
66807
72441
66630
64061
67308
71469
66490
72103
66985
68478
67250
72386
67231
71195
57647
72283
67498
73569
64211
71993
66459
72331
68972
71858
66798
72312
68079
72178
66865
62866
66321
64841
66667
72169
65654
71589
69097
71502
66691
72070
69154
71737
66689
72107
66914
72428
67842
72310
58117
71569
66612
72063
67137
72329
67271
72411
66391
71544
67702
70428
67111
75398
66510
72098
67264
73737
66647
72108
67222
72204
67142
71066
67303
71429
66984
75828
67291
72512
66969
72640
67207
72168
68027
71851
67169
71786
67112
71932
66916
69606
66994
72144
66250
72250
68927
72369
67025
72635
67490
72448
64894
72011
67151
72206
67207
72434
67473
72645
67011
72307
66235
71769
66921
72233
65916
69863
67058
71047
67985
69954
67294
70989
66345
71969
66851
71638
65043
71621
66840
71139
66430
68911
67058
72070
70013
69853
66883
72543
65575
60323
67293
74007
55873
71220
59976
70083
67134
72347
67288
72613
67133
70254
66917
70955
67645
76215
67417
72414
67196
74123
65539
71942
68757
71362
66679
72127
69352
71234
66854
73342
56677
71622
66659
66194
54506
70741
66552
72307
67074
71791
66765
72148
66973
72319
67269
71048
66436
62460
67161
71525
66667
72567
66240
60885
67054
72085
67315
71564
66507
71646
67132
72292
65760
62537
68976
71962
67130
72169
69109
59091
67094
72317
67216
73283
67022
61794
65933
72575
67285
72460
56209
59841
68431
70905
67200
71632
58065
72270
63817
71454
61441
71863
66803
72301
66621
69784
66614
72419
67370
69942
64259
71935
66966
72383
66969
72603
67157
69758
66995
72267
67021
70882
66787
75852
66952
69760
66842
73261
66701
72224
66591
72242
67051
72142
67284
72473
66581
71762
66965
72379
67242
72474
67293
72006
67394
71994
67007
71902
66669
72234
65999
72367
69227
71714
67279
72259
68989
72238
58135
72489
66138
71816
66858
73114
65786
71271
69381
72586
67140
73266
69567
72446
67170
70151
64746
72024
66853
69601
66983
72331
66570
61104
45140
71805
66173
73467
57454
72073
63964
71839
66584
72025
66858
72427
67094
70925
66975
74800
67174
71153
66677
74111
67187
62257
66997
62516
66561
73076
66593
71730
67149
69678
66951
72336
65467
70459
67111
72777
67142
72463
67248
72400
66480
71672
66481
72489
69003
70154
67226
72511
69010
72189
66999
72542
67113
72250
67432
69831
66392
69677
69337
72232
66765
72820
61110
73611
67082
72419
67102
73931
57057
71667
66462
72127
67223
72601
66935
68591
57975
71654
66657
71255
67125
71548
66763
72893
65113
72612
57466
72141
66832
70615
67264
71703
66710
71539
65440
71818
66857
72226
67209
72220
50454
71633
66528
72085
67209
73023
67009
75611
67273
72278
67163
64969
65961
71996
69371
71573
66668
72103
68514
71765
67103
72193
65244
71395
66705
62638
66558
72430
66672
72172
66948
72511
67326
71344
68201
72053
57988
72365
57779
72360
67374
72222
67217
71583
57249
72650
67301
63359
65187
71662
66976
71652
64020
74817
68896
71702
57972
72484
66158
71837
66719
72194
66817
72458
67360
72316
67247
62038
66900
72372
67281
72541
67189
69780
65399
67932
66788
71953
66142
72238
66185
71460
66966
73715
66736
71499
67176
73897
65453
72630
67324
71890
66117
72281
69013
71698
67009
72043
69605
72352
67419
71583
66851
72165
66914
72467
67069
69733
66954
72255
66722
72384
67084
72007
66339
71501
67177
61669
66805
72269
67085
72356
66282
62413
67099
72196
67374
69768
66545
70972
66995
75273
66914
71178
65857
74076
69048
72707
67170
72201
67430
71706
66904
71900
66680
75765
56942
71974
66939
74131
66585
72027
66682
71058
65320
72575
64307
71973
56744
71897
66881
72173
57973
71603
66604
47668
66438
72422
59835
72894
67096
70028
66833
72450
67033
72401
65707
71829
69465
69848
67129
67873
68836
71888
66007
71730
66728
72722
66652
72069
67013
71392
61813
69202
66763
72110
66703
71555
67119
72151
66585
71996
67165
69775
66585
72109
66850
63276
67092
72271
66861
72110
66937
72248
66793
61874
66049
72380
68773
72270
65186
71638
69272
62386
52456
71486
66830
74741
67428
72077
66617
72485
66943
72474
67110
71090
57661
71860
64478
71575
58123
74936
66707
72192
67057
73867
66875
71518
67215
72634
66182
71706
66837
72212
66542
64093
52212
72722
66146
71552
69886
72383
67087
72479
66160
71717
66814
62541
67464
71584
66514
72073
67221
72362
67102
71918
67188
69988
56972
71784
66727
70970
57884
72097
66928
72243
65719
71748
70126
71781
67075
72473
68974
70894
67442
71562
66687
63353
67199
71349
67310
62318
66284
72302
57830
71199
67148
75604
66445
71968
66945
73686
66762
72193
65559
69917
66912
72259
64929
71012
67254
74982
66828
62821
65909
75009
69340
71707
66896
72148
68793
71912
66987
73165
66950
72097
67079
72512
67161
72279
67188
71533
57942
54329
66502
72013
66942
72185
56308
71448
67120
53408
66980
60708
67087
71811
58372
72091
58513
72357
65963
71487
66853
73357
70105
72281
66125
72172
68884
72389
65916
66378
68688
72012
66824
72391
67213
67616
66382
71771
66544
72287
68651
71314
58234
75110
68689
62417
67097
73965
66812
71782
68086
72223
67058
72492
66789
72234
67201
70173
67149
71629
67232
72189
66427
71904
66906
72400
67096
71134
67283
71623
65455
72402
58283
71538
66825
71104
67319
69919
66921
73247
66992
62870
66459
71466
66541
73172
67107
72921
67210
69535
66898
72319
67000
71261
66360
71686
68767
71928
66791
72488
69252
71864
66779
72402
66901
72341
65486
71513
65572
72423
64871
69530
66836
70921
66266
76339
60261
70888
66990
73444
66712
71956
66600
72850
64928
72019
66944
70683
66606
73867
58750
71880
66685
73321
66512
70978
67524
72818
67336
71456
69651
62883
66418
71906
56879
71855
67042
61042
66389
63074
68848
62745
67560
68494
68939
71766
67290
69821
67391
71949
57454
71797
66763
72318
66993
72417
58507
71301
60550
50001
66432
71422
57192
72451
67135
72249
63430
71344
66754
72150
66953
72393
67243
72357
67202
72385
66317
71673
65442
72467
66069
72722
67963
65365
67208
72242
65141
71980
64455
71883
67017
72412
67271
69964
66965
70584
66378
75180
66914
71170
65949
73102
69128
71519
67243
71567
69205
71534
66805
71994
66525
72250
67077
72397
66045
72346
68104
71724
66813
72309
67489
69513
67037
72269
66879
64140
67270
72212
66385
69750
67499
71099
58106
72225
65996
71619
58047
73085
66422
62237
59891
68963
66409
68697
66904
67769
67441
71866
67302
72389
67400
72179
67373
71645
65398
72627
66288
72457
67159
73787
65869
71454
66918
60815
66961
75788
56152
71651
67395
72609
67403
72323
66892
71991
66434
72179
67204
72368
67217
72346
60378
72342
66986
72433
67075
72581
67170
72499
67964
62808
50710
67808
67234
70953
67058
71508
66735
72136
66914
72416
66061
69892
67309
72651
67177
72555
67304
60298
66474
75183
66470
72464
67172
73960
67009
72367
65685
71791
69476
72331
66257
71295
69637
73541
65279
71009
67003
72085
67361
72461
55641
72472
68822
71458
67272
72390
68874
62463
66898
68696
67329
71696
66889
69220
66620
72126
67135
71262
65347
72273
66027
71473
66613
71689
65589
71642
58567
72168
66061
71974
65334
73343
66969
63130
66981
72285
63943
71593
66689
72254
67369
72045
67198
62554
66588
71690
67027
72602
67279
71078
66818
68046
66608
72883
66944
73063
66116
74549
69380
61816
67023
72489
68461
71002
67391
72491
67414
66553
67022
72135
66942
72449
67081
69781
55210
72524
66990
72407
56792
66100
65670
50293
65120
71446
65623
71521
66909
62986
67248
71612
67689
70655
64777
72572
66393
72458
67161
72533
55675
72354
67873
72391
67035
72395
69002
72193
66965
70660
66820
67478
66993
70964
66010
64133
69227
71788
66795
72078
59766
71905
67177
70719
67091
75215
67177
71312
66230
71661
67046
71918
67221
72394
67315
69844
67083
72186
67087
72201
65088
72045
66937
72578
67509
69603
66795
72188
67136
71121
67611
62234
67013
72191
67344
61841
66970
72366
67188
71160
66649
71692
67067
72231
65740
70367
64811
71776
64592
71721
66848
72133
68246
72147
66914
72405
67066
70775
66103
61361
69511
72418
67097
71293
69151
72637
64815
70790
65073
75663
65944
71537
66773
73661
66719
70760
66717
62291
66955
72361
67238
73288
67142
72430
67161
72452
67289
72234
67153
60654
66942
71734
66778
72142
67056
72501
67278
72314
65923
62848
41472
71275
66829
71022
69144
63132
50427
71327
66858
70719
67174
75328
66897
71003
65246
74527
67386
62313
67071
72472
66411
72092
65323
70657
65212
73294
56953
71922
66745
74482
67436
71404
56375
54876
66827
72178
65976
72125
66156
72124
68944
70067
67155
72513
69096
72100
67120
72615
67315
72199
67197
72492
65783
71940
69616
71583
66551
71926
68497
71756
66843
72574
66951
72322
58373
71622
66670
71817
66981
72880
67022
72386
67197
69669
66884
72363
67226
72514
64972
72025
66606
69685
67010
72442
65499
64386
66440
65625
65420
69513
66846
73074
66755
70610
66531
70897
57345
71935
66777
69784
66668
72038
66885
69712
66841
70789
67214
71260
66859
73389
66816
68969
62641
75524
47488
71218
69879
72132
66991
62851
66536
72190
66847
72310
67252
72447
67305
71260
58503
54239
44049
72303
67162
71307
67151
71130
51963
51763
67003
71149
66762
68721
66317
60121
70106
68558
54410
71823
69481
62002
67019
73265
64472
55516
64514
71726
66871
72298
67033
72719
67087
72086
67056
71840
66305
71715
62800
72229
67200
72099
67178
71639
66778
73156
66885
72170
66950
72542
67269
70897
67062
73996
54277
51252
67002
73464
70035
65376
66375
72055
65120
70997
66692
69628
66287
77093
67212
71706
66967
71392
67149
49946
62602
58170
66899
71818
66973
71166
67434
71466
67281
71910
70207
72234
66553
72207
69544
72460
67101
72364
65539
71649
66830
62887
67577
72363
67165
71487
66765
55421
64899
71994
67675
72222
67081
72461
67423
72415
67388
61824
66999
72281
67091
71725
67090
71578
66600
72113
67028
72343
67091
72407
67262
72302
66427
71821
68249
71710
66924
72179
69078
71793
66928
71097
66205
75325
66944
72404
67494
64450
67103
72468
67047
72435
67386
72531
67356
71106
66707
75646
65996
72477
67401
74403
67222
69566
66851
72560
66941
72192
67386
72427
67262
71412
67082
71831
66576
71163
67614
72485
66251
71916
69650
71403
68279
71725
66558
72038
66913
57297
65031
71470
69094
71376
66791
72217
69376
72080
67249
71726
57860
72533
61911
71732
67244
71958
67279
69140
67068
72245
66961
69679
66828
72482
66917
72408
66922
72265
65054
70162
66473
71572
67101
75434
66348
71847
66904
72269
67278
71924
67220
72579
67294
72576
67460
71220
66667
75619
67082
72264
67252
73920
64932
71827
66776
72168
66797
72471
66073
72681
69205
69377
66869
72174
69172
72167
66872
72075
67048
61416
43705
71895
66134
72476
68995
72071
57845
71453
65593
69843
66853
72328
67073
71926
56616
72198
67021
72446
67480
70488
66937
71958
67028
72599
67294
72498
67263
72759
58626
72129
67147
71635
66394
61087
65811
72315
67077
71483
64895
72153
67405
72134
66474
72088
66995
62726
67258
62372
67625
72555
66566
61809
66527
70837
66638
75610
67088
72458
66873
73790
66797
72314
65587
71676
69294
71405
66944
71752
69044
75305
66965
72296
66975
73929
66923
72222
65943
71551
69236
61799
66791
72328
60549
72227
66913
69671
67098
72072
66773
69855
54755
71626
68800
72383
66997
72340
69057
71718
57697
73089
67208
71380
66942
71607
66645
72365
58026
71714
66703
72098
57785
72418
67256
71654
66741
72241
66807
71016
67033
69813
54459
72481
66478
71982
67116
72375
67118
72370
68056
66565
64978
71931
64923
72264
66327
70757
66832
75739
66059
72265
67471
73509
46517
71377
66929
71118
67325
72436
63055
71202
67093
73994
67268
69587
67188
72754
66805
55609
66455
68679
69528
72433
67266
62174
68519
69295
66722
71807
66970
62824
66747
72087
66791
69495
65339
72165
67394
72411
67304
72023
67329
71739
66789
69036
66799
72468
66950
72220
67048
72111
67074
72351
57986
71974
67574
70761
65187
72223
65604
69499
58760
71741
66745
72049
69405
71609
66938
71982
66991
72353
67177
71256
66246
71916
66813
70972
66499
71922
66985
70910
67579
72864
67535
75546
67110
71713
66930
69496
66768
72030
66960
62623
66732
72046
66880
70960
57412
72338
67106
72207
65733
71686
69082
71505
66661
63820
68542
71789
67053
76533
66819
72744
68095
73418
66687
72165
57097
71828
51346
72012
66888
72421
64817
72035
63210
71144
66298
69085
66520
71985
67020
72356
57711
71608
62523
70823
57523
72128
65942
72342
67948
72308
67170
68927
68839
52488
67020
71025
67492
72285
66653
71882
66373
70914
69162
75530
67290
71655
69153
73821
66998
72336
67201
72359
66266
72370
67325
71928
66503
71977
67007
72531
67137
72545
67165
72332
67342
71532
66695
72025
67062
72349
67059
61109
67040
72413
67156
72215
62321
71743
66877
72181
66928
72831
67220
69705
66915
75848
67328
72457
67373
71853
67338
69763
67207
71145
65242
72511
65692
71437
68678
75036
66891
72467
70345
73924
67023
72470
67035
72576
66750
71127
66686
72131
67043
71419
66207
71914
66971
72435
65516
71585
66811
72186
66998
72434
66997
52805
59453
72557
64810
72142
67261
69975
66595
71965
67524
72534
66148
72573
68673
72283
67043
72414
68659
72287
63575
72238
67016
71043
67177
71584
66495
72351
68550
72056
66921
72056
60138
72322
67124
70843
67635
75015
66822
62933
62563
74386
67247
72265
67629
72387
64989
68905
66738
69655
66782
71735
67267
72335
67079
72269
66821
67436
65687
72300
67187
72412
67309
72086
67724
73841
63077
72359
67167
69910
56834
71747
66832
72216
65528
71697
56628
71742
66760
69270
66860
72746
66792
72332
67488
73591
66390
62112
69011
72480
57977
71560
69390
72137
67468
72405
67085
71374
66798
72148
58481
71903
67244
71772
66649
62746
67340
62106
67086
71029
67662
71500
66623
61105
49278
72255
67167
70242
66859
72272
67190
72625
67339
72475
67726
72098
67087
70950
66553
75970
69024
73786
67259
73824
69014
72059
66856
71435
66871
71922
66568
70448
67425
74991
66840
69334
66778
71369
67259
71495
67078
71627
66857
72343
67125
72484
67099
72241
57427
71532
67043
72276
65385
71987
66802
72536
67111
72465
67080
72372
65836
69277
68987
72364
67351
56442
68690
72031
67283
72318
66877
69780
66716
72347
56136
72302
68863
71891
66790
73333
66465
72340
66980
72496
67318
72624
67257
72250
67727
69863
66959
72514
66045
71302
66849
71419
67109
75344
67058
70244
67163
71023
66727
72188
65292
71767
65147
72369
60157
70843
67041
75297
67036
72423
67182
73944
66890
72295
67425
71084
67072
71626
66713
62951
67345
68645
67271
72820
65940
69306
67277
72049
66836
71804
69286
71705
66892
72514
68400
71946
66845
72291
65381
72209
66605
72007
66340
62651
68227
72148
66758
71827
69342
71677
66714
72231
66952
72295
67161
72679
67213
72540
66100
71701
66817
72244
67032
72247
67152
72009
67318
72226
67283
72239
67093
71689
66961
72968
56701
71776
66744
73641
65308
72629
66490
72285
66867
71659
66863
72478
66994
71452
67465
69951
66264
72500
67427
71417
66639
72307
66863
72119
67480
72352
65808
71892
69408
69968
66797
62946
69055
72355
67221
72506
67214
69808
67020
72366
65200
71444
66891
75778
67244
72453
67410
73994
66867
72483
67165
53121
50691
47518
42987
71681
58055
57394
62367
68299
67219
73857
67010
72432
67077
70416
66454
69514
69238
71402
66846
71962
69201
71559
66680
68993
68541
71450
65481
72428
67323
71624
57973
71951
67176
69447
67437
70747
67350
72210
66393
72301
66861
72225
67160
72216
67269
72249
67378
61828
66873
68039
67248
69568
64599
72005
66414
72490
60268
72090
67012
72590
68718
72293
66952
72409
66173
72294
67068
71627
66752
70470
57764
74211
57924
72369
66902
73721
66702
64054
38176
71563
60991
71841
66925
72353
60313
71256
66580
72193
57852
71971
67067
70032
66012
69358
66561
71811
66672
72176
65075
71886
66838
64439
68269
72065
58201
73282
66956
62445
69675
72379
67286
71267
67146
71694
66900
75473
66309
71594
66827
72932
65738
72503
67294
71929
57853
71927
66773
71510
67148
71633
66674
72198
58197
62802
66701
71668
65713
71970
69192
61927
66905
72286
69162
70609
67145
69517
65093
71722
66810
72451
58767
72556
67010
72286
67396
70999
66782
73913
67044
71745
66954
72412
67090
72357
67387
71038
66915
71831
66838
70924
67382
67488
66029
72945
66835
72343
67106
69045
67097
71272
66116
72045
66245
69788
67129
73421
69570
72006
66397
71758
65753
61699
67006
72481
65650
71801
69441
71250
66953
68635
68142
71492
66886
72132
67017
72373
67223
72661
67129
72281
57652
71872
66970
72215
67186
72888
67106
72521
56766
72170
57740
72099
66480
60485
66954
76159
66862
70990
67177
73373
66231
71767
67021
72299
66507
72375
68048
71070
67381
74907
66991
72408
67157
73589
67147
72249
67197
72389
67110
72046
65052
72324
65691
72137
68967
72500
67278
71117
67672
71681
66725
72020
67180
72520
66014
71871
66408
68988
69154
61059
64955
71331
67264
71287
66116
68873
66826
72179
66954
61739
66916
72124
67133
63065
50452
71924
66968
72446
65917
72157
67129
71726
66788
71161
67358
72268
67145
71644
66690
72048
67264
61009
67190
75860
67178
72368
67269
73760
67141
72519
65602
71821
66770
69064
66848
72401
67853
72059
66973
72384
66479
71528
65475
72481
65904
71622
69500
69733
67144
62861
69279
72421
67081
71024
67326
71685
66849
69065
66923
72134
67020
70821
67388
75011
66927
73144
57047
73692
67259
72341
57639
71679
67096
70983
65284
70603
66391
75248
67210
71842
67538
73875
67202
72187
67178
69802
66979
72359
65978
70102
69211
71545
66826
72257
68244
72097
67041
72319
67103
72441
67587
71058
66340
72175
68803
71518
66628
72207
60189
71915
57222
71715
66714
63246
67326
72557
67455
71449
66842
71875
67230
63057
67446
72328
58243
71885
66943
69540
65710
69653
66995
72545
67293
72473
56710
71338
67025
72512
67616
72308
67180
71052
66744
75566
67237
73543
67270
73301
66775
72371
67022
72323
67206
71352
67288
71340
66821
66457
66967
71917
66572
73442
54057
72735
68522
72020
65249
69431
68690
61341
49186
71451
53864
70206
61662
69914
67202
71303
67055
71055
66453
71996
68004
71860
64630
71894
66863
72232
67117
72318
67218
61914
67202
60380
55958
72076
66922
72703
55653
70617
63007
60613
66500
72031
66413
72216
68814
68887
66871
71756
68675
72185
65801
71495
66702
71763
67379
72533
66938
72865
64524
72352
67027
72158
67442
72343
67398
69620
63950
71388
66976
72765
67125
72493
69580
71268
65944
73850
67104
72480
66893
70921
67067
70752
66069
71629
65558
72359
66014
71742
69500
66190
66951
72344
67410
75761
67361
71625
62029
72192
66997
70967
67372
72133
66489
52444
66972
62703
67212
70562
67555
61532
66925
68576
66867
72275
66815
72128
67466
71276
67095
71848
66960
72309
62240
72273
67529
72270
66071
62534
67784
72570
67420
71659
69138
72367
66975
72318
67427
72799
57577
54535
67150
67029
65248
72433
67012
72336
57795
71891
67038
72293
67133
71283
68194
72461
67728
72296
66275
71529
66890
72230
67182
72517
67125
70986
66862
75277
67102
72709
65664
74567
68405
72181
65642
62003
68439
68867
61899
70650
67353
75017
66953
72613
65462
73013
66064
70509
67300
72792
66165
71970
66560
72232
67026
72378
65947
72525
67134
62435
65998
71698
66746
72077
66929
69839
65246
60960
67172
72112
67537
71463
66805
62415
67519
71391
64860
72413
68886
72123
67225
72499
67075
71092
65231
72549
56472
69880
67980
69944
64227
72310
69817
72584
67872
63088
66600
68581
66948
70842
67338
72726
66331
71687
66805
70557
66280
72051
67315
72168
66956
64436
67279
72972
67069
69475
65942
73903
66928
72465
67002
71240
66617
72698
66687
60940
66869
73638
66672
68721
66693
73502
65611
69697
64182
71876
66884
72427
67201
72393
67058
72398
63971
54676
66163
72367
56584
72101
67885
71832
66975
68254
69148
69638
56001
72598
67262
69872
66788
72289
67712
72528
67026
70264
66887
72317
67487
72276
67049
70940
66713
71783
66748
72459
64527
72203
66948
72174
65537
71837
66862
69429
66747
71712
67236
72526
66347
72332
66498
72194
60365
63997
66788
75398
68617
72158
67108
73664
66807
61260
67097
72090
66999
72373
66087
71290
67292
75309
67094
72675
66999
74122
66881
72458
65369
71791
66855
72207
58523
72428
67307
72503
64886
72008
66996
71126
67399
71772
66146
59578
67302
72414
65896
72025
66893
69444
66808
68791
69501
71434
65649
72353
57948
71746
66752
61875
66945
71869
65588
71303
67107
71881
66128
72716
67195
72329
67413
72251
67356
71335
65402
72348
67361
72014
67307
71112
66784
75077
66263
72794
65189
72006
66086
70365
66890
72410
69404
71967
66925
69529
67207
69365
66671
72125
67132
72118
66993
71905
66967
71548
66657
72159
66800
72115
67340
69946
67461
62733
66369
71827
66339
72543
70766
71955
67434
62423
69158
71708
66856
70761
66270
75330
58220
72183
66708
71651
66947
72148
66040
71214
66860
72068
65307
71378
66909
75610
67192
72678
67245
73753
66988
72456
67328
72426
67832
72376
58532
72203
64385
72415
65826
71766
69626
62828
66748
72054
68397
71911
67014
72324
67071
69753
65384
71407
66583
72245
67221
71056
67373
71953
66280
72150
66927
73382
66961
62672
67277
71649
66528
72308
66902
72508
67151
72181
67307
69954
67038
72327
67374
72520
67244
62544
66400
63070
67682
73174
65932
71933
57657
71083
57686
72132
67024
67136
66811
73406
67468
62208
67525
73741
66259
61255
66885
72096
67112
72346
67157
70953
66815
73961
67313
71603
66631
73447
66671
72138
67005
70994
66930
71786
66806
70603
66549
75279
66346
72375
68797
73484
58249
72714
69512
71807
66706
61170
66593
62412
66355
71785
66424
71582
68653
71503
67441
71540
69427
71973
66361
71594
66970
72097
66956
69637
67019
68890
66981
72197
67128
61066
40070
72164
66974
69532
66790
68603
66770
71785
67512
61932
66921
68036
64638
71904
67138
72252
67243
61915
66772
72427
67210
62410
66602
72267
66983
72350
67121
69926
66868
69464
67319
72039
66972
72302
67058
72584
67165
71544
58012
72222
66126
71308
64470
72358
66301
71889
69378
71898
67146
71695
66924
72151
67168
72356
65752
71824
69499
71394
66514
64932
68081
75068
66895
72390
67061
73884
68078
71776
66912
72423
66962
72922
58296
71063
66780
75576
66892
72559
67349
73981
65487
72408
67234
71524
66640
72178
58314
54280
67724
72081
65767
71245
66761
72097
66900
71702
67326
72606
58281
71751
66140
72445
56969
71966
66819
58188
47551
71667
63110
72249
67097
69700
66850
72345
66546
72428
62143
71783
69400
72393
66703
62147
68660
71992
66951
73168
66900
72497
66860
72657
65705
70714
69565
71645
66835
72414
69655
71155
66834
75636
67163
71189
66452
73845
66110
72028
59968
72026
66883
69523
69133
60159
67118
66044
51180
72345
67335
73856
67054
71103
65138
72485
64385
72123
66914
70673
67140
74900
67017
72675
58572
74043
67004
71201
67532
72286
67994
72657
66347
62295
65990
72992
64999
68980
66868
69567
66700
68695
65263
72127
66643
72346
66825
72191
66814
72772
67138
72556
66539
60479
66393
69676
66979
69963
67255
68467
64989
61265
66717
72018
67080
69549
66470
70256
68280
62196
50429
71969
68692
72422
67092
72666
67287
71499
67235
70143
54540
72434
69941
72189
67032
72190
69535
62353
67169
70717
66511
69276
67147
71953
66857
72403
66567
72855
67217
72185
67378
71383
66622
72046
67142
70678
67206
75102
66885
65792
64762
59042
66732
72438
66952
72574
67266
62462
66677
66699
66270
74794
66061
61942
67018
64578
67269
68309
55788
71909
67271
71447
66531
69796
67200
75267
66975
65306
41282
74356
65541
71928
70023
68321
66969
62444
69373
72462
67848
72095
53292
72206
66919
72212
65974
72580
70365
71918
66905
72581
64772
71746
66800
72321
66969
72458
67272
69575
66921
69518
57941
71356
66951
71878
66801
72382
66920
72209
66253
69979
67078
72094
67326
72534
67179
60720
67090
71726
66501
70871
66244
71783
66876
72267
67083
72403
64888
72299
66852
73203
66868
69592
66791
71424
67265
63894
67108
74938
66968
72282
63519
72302
65774
71835
70269
69464
66773
72243
68361
72113
66994
71933
67059
72551
67169
72392
65901
70715
70810
72365
66350
71590
69289
75767
66667
72594
66874
72692
66854
72398
67074
72586
65596
71925
66871
61343
66770
72191
66612
71216
66997
71874
66867
72409
57130
71744
66694
72560
66920
71774
66233
71864
66801
72210
68165
72046
67094
71076
66154
71826
50247
72324
67306
72443
66259
71489
66861
75402
67349
72723
67335
73845
66935
72508
67021
71195
67243
71668
66502
70738
68644
74836
66637
72742
69457
73967
66978
71705
57523
62173
63599
72866
67169
72693
67176
69172
67013
71191
55051
72000
63330
60665
66866
64173
63931
71958
67327
71284
57598
53263
43807
70501
67064
72561
67449
71948
57762
72015
58287
72538
65763
63457
70253
72616
67196
72284
68843
72272
67721
72100
66996
72555
66092
71829
66483
71136
70703
70070
67059
72218
67683
72564
67543
72757
65989
71724
66831
72135
65711
71308
66770
72078
67167
71944
67170
52633
66267
75823
66732
71198
57854
74245
67233
71324
57735
71038
67352
71796
66620
71282
67077
75268
67545
72351
65487
