32534
54215
68129
33400
68739
66309
69181
63384
71469
66129
70126
64188
72266
66930
70332
64674
69811
64257
70073
64928
60859
65028
69848
65020
70296
64210
68196
65265
70465
65025
69917
58460
67892
65151
71606
64973
69947
65050
69547
65064
70053
63743
68043
65042
70560
65152
71753
65400
70341
65183
67748
65006
66833
64933
67502
64910
70379
65067
70249
65447
69235
64755
73535
65771
70549
65732
71752
64841
70449
67537
70974
64393
60418
64895
69450
56300
73609
65555
70328
65286
69645
64919
70294
65113
69377
65205
69854
65017
61995
65326
70442
65394
70464
65051
68113
65336
70401
55699
70334
40947
70372
65352
70500
65244
70619
63863
60599
68931
68922
57985
70347
67676
70468
64374
60254
65322
70757
65354
63254
63797
69830
66557
69868
64815
70410
67567
69803
64865
70106
65138
70515
61831
70652
65250
70599
65417
51484
65260
70472
65126
70496
65629
67894
64787
69152
65212
69474
65092
73703
64077
69707
65093
71767
60224
67603
64868
70541
65143
70854
65091
69055
65130
70679
64781
70301
65072
72130
64895
70309
63152
69828
64853
70324
54259
70224
65027
70586
54235
70446
65342
70831
65153
70454
67168
70062
65031
70470
66383
70319
65074
70465
63859
69892
62434
70041
68254
70551
65252
70321
65415
70067
65632
70511
65282
69812
64808
70310
63534
69693
56535
69856
65156
69500
62399
45428
39977
70410
65535
69353
64588
66506
63912
67907
65011
64912
65310
59954
65142
66274
51977
69536
64992
73851
65321
68048
64983
68825
64697
70268
65034
50815
64275
59555
68377
69840
64697
70099
67802
70354
65364
69830
63402
69312
64681
70372
64240
70612
67123
70380
65031
71527
67660
69285
64823
67046
64807
70179
65178
71804
63586
70455
64495
69903
65049
68800
64522
73738
65246
70407
65201
62841
64160
70782
65362
69755
64916
69628
65336
59531
64067
61669
64835
66297
65079
60827
50391
44929
36465
70330
65398
69574
64814
70112
64740
69236
63394
70544
65364
70610
65239
70455
60720
69782
64267
70276
66944
70045
64918
68849
67288
74775
64295
61584
64922
71307
64913
70545
65088
70509
65805
70163
64364
58415
65235
51025
66039
72766
63618
70788
64245
69763
56335
70570
64528
70486
63194
70240
65024
70674
64048
60321
65032
70643
65379
69377
64354
69712
66790
70152
65035
70326
67049
70118
64988
62311
65306
70636
64184
69913
54757
69651
64768
70457
63938
70398
65282
61861
64850
70177
65211
70419
63566
68288
64192
69557
64920
74805
63704
69758
64698
72226
64708
70069
65991
70102
60631
67733
67288
69389
64808
72027
57569
69922
64918
58497
65050
61865
63126
70884
64645
70455
66909
69581
65197
73868
66444
70103
65372
62943
48902
69641
65103
69376
65052
70602
64259
69929
64949
70367
55412
71651
64488
69922
64796
70356
65219
70575
66449
70325
63636
69837
64784
70326
65085
69991
65509
70470
65324
69603
64907
70002
65039
67782
64950
70384
65048
70334
65531
70339
55650
70264
65169
69137
63814
68591
65321
72066
57004
70637
63911
69766
65165
70077
65635
69188
66901
70424
65214
69174
64930
66121
65060
70318
65130
70498
64844
69188
64806
65888
65537
70559
65064
71840
63718
70181
66166
70633
63413
70158
64880
68918
64822
73630
65071
67995
61669
70412
65076
70167
44706
67308
54430
69379
61122
69987
67027
69880
64839
70408
67433
69728
64962
70358
56176
61004
64000
70399
65315
70250
65419
70270
64621
70518
64899
70446
65178
70616
65311
70561
66184
70492
65386
67761
64932
70321
65188
69461
65406
69697
64807
70253
65019
70361
63942
70114
67288
69528
64712
70125
65353
70418
65283
70584
65186
69331
65195
69681
64206
73793
66996
69476
65524
72178
67438
69781
65100
70300
63521
69679
64891
70224
65236
71664
64778
70449
65543
69417
56145
70246
65025
70379
65497
70420
65350
70322
65266
69751
64993
68833
65526
70523
65170
69701
65132
70197
65036
69662
55926
43343
65060
63565
65348
69648
64875
72807
64781
69966
65007
71615
65031
70223
65058
70434
63877
69811
64520
69736
67120
73566
65370
60026
67735
62927
65333
70945
64205
68131
65193
67834
63658
69481
67701
73982
65516
70630
67094
71602
64844
70571
65073
70533
51613
69872
63751
67925
66073
70059
63433
69672
65001
70067
65106
70406
65427
67837
65410
61217
62881
70312
56483
60511
61895
69843
64859
67640
55528
68664
64764
69868
63331
62344
64890
67029
63307
69537
64966
70189
63280
69680
65327
70025
65038
70215
65491
70475
65255
70679
63500
69960
64848
68961
65390
69728
64532
70252
65126
70311
60005
70723
65220
69369
65074
73114
65420
70857
65304
72175
64757
70525
65349
69258
65450
69723
64783
68828
65270
73233
64995
70799
64738
71927
56386
70433
63852
69766
66840
69904
64872
70166
67046
60608
65175
70393
63396
68865
55784
69798
63748
69905
67325
68638
64851
70298
67179
69890
64955
70349
66147
68214
64656
70004
56381
70075
65466
70399
63370
70291
65249
70177
65529
70365
64517
70009
64895
69018
65479
60253
65184
70585
66301
69245
64477
67665
65174
69657
63720
73212
64901
70359
64994
71803
64896
70649
65173
69364
65013
69903
64922
68863
65443
73125
65088
70271
65101
72128
63516
68190
64189
70594
66868
69710
59716
70288
67582
70422
66147
69914
64497
70155
64923
70631
65193
70514
64896
70308
65392
70508
65060
69818
64919
70412
65155
69305
48502
69973
65001
69232
56867
69810
65004
70357
65077
70541
64998
70428
65177
60441
65141
70659
63848
70088
67080
70694
65236
69765
67467
58710
65077
70756
65468
69041
64967
73685
63930
60338
61092
74246
64132
68440
64679
70427
65419
69789
65042
70138
64902
70469
65181
68195
64881
70219
65037
71206
65052
70284
63060
70325
63639
69713
64425
70389
67089
69895
64920
70444
68296
68052
63416
70106
64690
68465
65913
69948
64448
72909
65313
71016
65000
72335
65008
70477
65131
69300
64704
68720
65529
69115
64903
73731
65233
70624
65349
63120
65211
70463
64241
67963
65172
67651
65174
70324
65866
70723
65476
69285
67800
70390
65170
71936
64979
70407
65337
70532
65236
69361
64756
66986
64953
70164
64968
70533
65178
67823
64828
70446
64314
69992
64824
69928
64204
60634
52612
46553
65051
70569
67124
70120
65181
70669
65251
70364
62975
70323
65009
69113
64588
66869
64854
70226
64014
70317
65163
72314
65153
69293
64884
58806
64948
73634
65078
68114
65086
71888
64737
67782
65027
69998
65155
70121
65320
69267
64226
73804
67127
70087
64767
71802
67432
69475
63298
70505
65909
70399
65200
69145
61907
70542
62954
70498
64507
70416
64371
69994
64883
70532
64883
62352
65380
69485
64602
70222
65047
66602
65324
70457
65326
69376
55754
70375
65506
71652
62330
70103
64515
70402
67066
69911
64865
70409
66247
70298
65120
61020
64359
62936
64929
70364
63888
69716
67157
69572
64770
70139
67192
69800
64812
70167
65023
70491
65880
70383
56311
69668
64759
70163
65169
70412
65371
70497
64458
69674
65786
68423
65215
73554
64566
70207
65339
71816
64728
70177
65321
70276
65222
69200
65397
69548
65029
73900
65415
70582
65059
70745
65312
70241
66139
69938
65228
69783
64593
70045
65055
67727
65175
70258
64335
70343
67037
70459
65144
70708
65586
70539
62990
70137
65165
70306
65291
70496
65593
70623
65070
70418
64488
69988
64985
70326
64050
67970
65157
69194
66058
68034
65356
69078
64489
70069
64884
69705
63142
69716
65114
69368
64392
67029
65145
70224
68085
67970
65039
70633
63688
58363
65328
72086
54083
69290
58051
68208
65235
70436
65391
70681
65214
68160
64983
69006
65677
74181
65551
70515
65250
72385
63841
69662
67004
69672
64790
70370
67440
69469
64947
71548
54904
69729
64762
64342
52630
68826
64792
70500
65101
69958
64911
70279
65089
70394
65339
69342
64776
60539
65295
69628
64815
70675
64496
58963
65052
70388
65519
69581
64761
69854
65203
70458
63860
60612
67108
70103
65203
70279
67178
57221
65186
70409
65370
71390
65115
59940
64041
70690
65447
70606
54224
57982
66501
68959
65173
69719
56151
70386
62064
69770
59763
70108
64946
70367
64684
67964
64827
70560
65503
67998
62511
70092
65087
70462
65053
70663
65267
67964
65043
70325
65280
69081
64886
73955
65006
67844
65061
71389
64767
70324
64670
70364
65150
70231
65372
70517
64701
69865
65102
70464
65306
70579
65380
70132
65516
70049
65111
70066
64877
70396
64063
70436
67259
69821
65324
70340
67140
70358
56268
70534
64434
69954
64932
71096
63866
69190
67446
70644
65213
71398
67594
70539
65211
68240
62887
70135
65033
67728
65078
70464
64651
59227
43608
70088
64214
71595
55517
70146
62032
70015
64783
70118
64930
70459
65232
69165
64989
72864
65325
69385
64766
72281
65225
60416
65092
60649
64692
71175
64637
69807
65251
67822
65048
70457
63597
68540
65247
70872
65225
70655
65336
70473
64587
69800
64564
70581
67153
68289
65313
70570
67112
70284
65068
70502
65212
70352
65504
67907
64459
67811
67469
70293
64869
70900
59221
71756
65149
70483
65192
72017
55111
69729
64742
70343
65278
70698
65139
66749
56103
69768
64933
69422
65231
69632
64841
71006
63150
70635
55612
70262
64888
68669
65351
69842
64820
69618
63541
69937
64946
70321
65283
70320
48516
69710
64793
70320
65308
71138
65091
73716
65392
70377
65244
63241
64151
70107
67493
69688
64771
70249
66611
69883
65083
70312
63358
69602
64943
60815
64683
70557
64804
70250
65208
70680
65397
69655
66332
70153
56114
70484
55914
70436
65479
70326
65303
69712
55421
70717
65385
61402
63312
69284
65110
69728
62324
73282
67166
69975
56329
70630
64449
70143
64819
70307
65011
70554
65424
70436
65333
60131
64979
70427
65385
70598
65263
67940
63490
66032
64904
70038
64269
70397
64294
69597
65063
71800
64832
69573
65301
72032
63568
70646
65423
69981
64224
70414
67179
69797
65111
70157
67727
70437
65513
69674
64970
70269
65011
70563
65246
67867
65019
70342
64794
70481
65217
70113
64634
69883
65275
59822
64888
70441
65171
70487
64388
60523
65198
70308
65464
67841
64651
69086
65102
73402
65067
69298
63974
72194
67279
70954
65186
70479
65530
69816
65006
70001
64782
73879
55082
70164
65039
72253
64698
70162
64792
69154
63366
70707
62402
70095
54707
69969
64911
70376
56119
69707
64670
45824
64559
70526
57918
70961
65197
68146
64908
70507
65127
70456
63816
69991
67515
67913
65191
65947
66931
70140
64379
69744
64777
70806
64774
70180
65105
69504
59887
67327
64859
70203
64814
69635
65234
70257
64702
70111
65196
67887
64706
70209
64944
61371
65185
70360
64995
70224
65004
70301
64905
60035
64129
70482
66887
70381
63278
69746
67368
60448
50642
69647
64954
72851
64923
69640
64736
70653
65012
70562
65204
69195
55785
69965
62704
69721
56291
73009
64806
70293
65128
71971
64953
69660
65298
70724
64295
69813
64918
70384
64611
62215
50261
70617
64102
69593
67923
70446
65194
70588
64225
69822
64906
60758
65547
69642
64723
70204
65244
70512
65187
70003
65287
67975
55112
69846
64789
69063
55971
70183
64952
70327
63778
69808
68194
69956
65158
70556
67043
69028
65497
69656
64802
61388
65276
69480
65368
60448
64402
70387
55899
69353
65255
73685
64532
70077
65004
71792
64883
70284
63648
68040
65098
70382
63069
69117
65324
73062
64890
60893
64023
73062
67434
69936
65039
70374
66863
70035
65078
71278
65056
70214
65191
70568
65258
70335
65330
69711
56087
52489
64651
70120
65030
70410
54543
69541
65210
51498
65084
58857
65168
69946
56442
70215
56588
70450
64028
69634
64893
71447
68111
70356
64082
70200
66962
70451
64169
64659
66737
70117
64902
70458
65291
65752
64473
69904
64619
70394
66750
69417
56292
73251
66738
60486
65157
72030
64874
69846
66138
70311
65130
70567
64889
70312
65226
68300
65238
69718
65345
70298
64505
70053
64977
70471
65190
69253
65342
69740
63584
70507
56479
69666
64951
69221
65456
68016
65080
71309
65105
61061
64544
69606
64618
70896
65178
71051
65310
67690
64973
70393
65082
69358
64467
69908
66848
70012
64834
70603
67413
69953
64891
70508
64987
70425
63559
69639
63711
70463
62925
67664
64946
69029
64363
74396
58486
69257
65003
71542
64804
70093
64731
70890
63036
70191
65014
68722
64703
71970
56829
69998
64761
71491
64562
69106
65615
70945
65424
69566
67725
61041
64478
70037
55013
69964
65131
59199
64441
61216
66932
60915
65615
66515
67070
69850
65391
67917
65430
70017
55533
69909
64851
70325
65094
70469
56591
69594
58886
48160
64520
69492
55341
70569
65222
70456
61568
69447
64867
70262
65013
70479
65314
70433
65281
70469
64432
69789
63499
70553
64152
69680
65671
63365
65285
70265
63225
70088
62602
69991
65089
70477
65340
68051
65067
68722
64620
73432
64980
69338
64013
71233
67228
69596
65304
69697
67317
69692
64907
70123
64627
70383
65166
70454
64174
70561
66228
69840
64941
70401
65612
67649
65022
70387
64961
62268
65381
70271
64518
67892
65627
69159
56206
70339
64082
69702
56155
71217
64698
60567
58001
67090
64490
66820
64968
65869
65571
69993
65442
70478
65530
70239
65420
69796
63452
70673
64373
70521
65249
71875
64111
69782
64982
58986
65052
73897
54211
69701
65449
70671
65487
70412
64984
70052
64558
70284
65288
70418
65328
70453
58505
70459
65096
70503
65171
70717
65265
70554
66273
61149
48814
65915
65009
69170
65325
69785
64981
70395
65170
70700
64164
67986
65396
70713
65297
70640
65345
58388
64544
73272
64568
70589
65254
72020
65108
70444
63753
69859
67591
70427
64326
69377
67728
71594
63325
69090
65083
70203
65448
70515
53734
70585
66913
69552
65365
70550
66968
60613
64999
66739
65443
69791
65001
67337
64743
70201
65198
69385
63368
70351
64286
69635
64717
69806
63715
69743
56313
70386
64176
70026
63416
71367
65034
61282
65109
70308
62047
69704
64774
70359
65483
70150
65234
60686
64736
69832
65316
70783
65376
69251
64905
66177
64941
71111
65044
70761
64211
72648
67484
59942
65123
70555
66743
69024
65479
70596
65478
64669
65102
70260
65056
70571
65159
67943
53339
70573
65051
70511
54911
64129
63780
48386
63157
69615
63992
69961
64987
61102
65354
69776
65759
68677
62923
70675
64454
70520
65297
70601
53782
70451
65923
70441
65132
70538
67107
70310
65094
68854
64915
65612
65066
69216
64369
62247
67318
69889
64890
70147
58115
70324
65305
68898
65176
73324
65196
69382
64365
69772
65124
70033
65286
70495
65391
67958
65179
70285
65172
70359
63188
70117
65051
70679
65584
67823
64858
70301
65223
69261
65645
60356
65134
70302
65523
59999
65057
70463
65296
69301
64726
69827
65148
70407
63834
68484
62891
69904
62716
69830
64930
70327
66233
70246
64989
70475
65255
69049
64473
59532
67600
70524
65174
69434
67253
70694
63090
68926
63146
73736
64223
69922
64973
71940
65071
69073
65003
60480
65061
70458
65375
71269
65248
70548
65263
70529
65368
70325
65241
58843
65140
69890
64855
70247
65164
70578
65366
70447
63974
61022
39828
69475
64865
69138
67173
61255
48610
69420
64921
68869
65216
73427
64955
69170
63491
72568
65360
60450
65145
70444
64509
70128
63344
68791
63258
71423
55111
70055
64853
72585
65544
69624
54808
53014
64882
70266
64113
70225
64260
70194
67009
68176
65261
70575
67195
70216
65208
70721
65412
70258
65287
70599
63907
70021
67680
69638
64637
70036
66600
69876
64929
70661
65038
70418
56470
69735
64794
69938
65097
70992
65135
70468
65258
67816
64977
70430
65328
70627
63083
70158
64702
67842
65069
70560
63607
62455
64493
63826
63476
67615
64802
71187
64840
68815
64606
69002
55483
70044
64857
67958
64760
70159
64972
67835
64928
68931
65290
69384
64907
71471
64912
67070
60728
73588
45241
69326
67903
70247
65201
60970
64620
70363
64908
70348
65309
70546
65361
69344
56614
52373
42194
70407
65236
69428
65173
69439
50292
49854
65084
69232
64838
66827
64506
58385
68177
66674
52538
69931
67572
60154
65114
71382
62537
53624
62594
69808
64984
70393
65137
70657
65305
70362
65396
70129
64545
69991
61069
70436
65284
70166
65298
69803
64843
71280
64953
70297
65052
70591
65371
69007
65188
72120
52299
49431
65200
71563
68106
63438
64539
70117
63218
69091
64770
67772
64397
75173
65242
69775
65073
69519
65216
48090
60636
56172
65012
69986
65053
69312
65593
69532
65426
70068
68271
70348
64641
70361
67638
70402
65168
70467
63650
69889
65006
61062
65672
70600
65197
69625
64928
53446
63055
70126
65748
70352
65180
70543
65547
70511
65500
60033
65079
70375
65176
69840
65340
69707
64745
70243
65103
70469
65217
70536
65350
70460
64519
69934
66392
69847
65001
70309
67198
69963
65019
69264
64319
73488
65007
70526
65676
62596
65219
70556
65189
70555
65461
70612
65494
69227
64841
73725
64110
70531
65454
72475
65296
67784
64923
70360
65047
70300
65494
70526
65349
69471
65185
69927
64664
69301
65634
70589
64383
70032
67768
69465
66362
69817
64724
70169
64977
55423
63114
69532
67199
69468
64860
70324
67524
70171
65313
69883
56102
70553
60079
69787
65333
70105
65379
67316
65174
70355
65133
67806
64926
70451
65033
70514
65029
70347
63184
68297
64631
69695
65199
73543
64505
69963
64978
70365
65375
70043
65373
70691
65389
70648
65557
69315
64757
73790
65185
70344
65336
72158
63275
69943
64908
70323
64983
70461
64179
70830
67267
67573
64954
70251
67290
70245
65080
70204
65111
59589
41816
69990
64321
70515
67097
70244
56031
69638
63815
67947
64937
70389
65204
70060
54736
70298
65176
70616
65613
68733
65004
70131
65163
70716
65344
70570
65389
70479
56746
70273
65228
69789
64650
59397
63953
70368
65134
69589
62967
70356
65448
70299
64645
70230
65098
60919
65305
60530
65716
70658
64695
59952
64637
68925
64766
73749
65138
70477
65142
72146
65042
70564
63854
69972
67576
69542
65030
69873
67135
73469
65032
70381
65091
71995
64940
70267
64028
69707
67326
60019
64909
70422
58686
70344
65011
67855
65221
70169
64880
67969
52921
69693
66916
70508
65233
70570
67155
69833
55886
71135
65300
69543
65032
69803
64907
70555
56132
69914
64813
70259
55877
70543
65387
69758
64843
70402
65073
69302
65116
67927
52615
70584
64606
70126
65201
70461
65137
70503
66078
64884
63026
70076
63016
70361
64665
69187
64956
73818
64139
70381
65551
71557
44830
69530
64997
69247
65411
70516
61179
69321
65027
72171
65348
67725
65283
70835
65126
53710
64554
66768
67615
70579
65395
60318
66642
67426
64894
69910
65067
60994
64824
70195
64891
67628
63576
70309
65456
70554
65445
70120
65408
69818
64899
67168
64839
70619
65047
70315
65192
70171
65308
70511
56092
70277
65966
68771
63288
70343
63737
67608
56948
69842
64861
70145
67515
69748
65062
70109
65102
70453
65279
69423
64472
70054
65003
69262
64894
70049
65084
68842
65626
70982
65694
73605
65266
69926
65016
67634
64875
70236
65061
60758
64838
70163
64972
69116
55618
70580
65235
70306
63880
69855
67189
69599
64897
61979
66669
69922
65183
74770
64908
70816
66325
71777
64932
70432
55459
70074
49680
70200
65017
70528
62953
70142
61307
69120
64435
67243
64584
70084
65099
70409
55920
69728
60615
68986
55725
70244
64057
70437
66085
70402
65291
67012
66929
50639
65132
69188
65538
70391
64759
69964
64511
69030
67208
73634
65463
69753
67217
71944
65059
70470
65247
70437
64345
70492
65392
69992
64843
70292
65160
70569
65213
70704
65249
70434
65515
69636
64756
70153
65163
70441
65199
59477
65214
70456
65282
70283
60388
69839
65010
70291
65040
70931
65329
67794
64989
73885
65395
70570
65459
69948
65355
67830
65341
69296
63292
70582
63781
69540
66922
73272
64958
70538
68459
72189
65117
70566
65133
70661
65005
69309
64853
70209
65115
69533
64482
70067
65116
70534
63622
69765
64914
70277
65176
70483
65255
51313
57698
70648
62948
70240
65345
68073
64695
70080
65117
70136
64234
70677
66784
70385
65165
70508
66744
70392
61683
70328
65145
69135
65272
69760
64595
70330
66635
70190
64988
70221
58332
70422
65200
68934
65661
73139
64904
61113
60659
72518
65323
70432
65723
70497
63083
67055
64785
67717
64881
69831
65420
70521
65177
70358
64877
65684
63994
70408
65315
70503
65432
70148
65737
71935
61150
70476
65442
67989
55012
69900
64889
70317
63616
69817
54736
69918
64838
67343
64960
70938
64884
70438
65605
71697
64475
60142
67160
70542
56085
69785
67507
70428
65557
70429
65230
69539
64906
70347
56662
69999
65321
69883
64806
60945
65504
60211
65210
69118
65747
69611
64771
59259
47427
70320
65264
68348
64963
70407
65335
70708
65383
70512
65912
70244
65152
69134
64571
74009
67101
71851
65353
72147
67219
70173
65017
69568
64973
69989
64678
68571
65520
73145
64945
67451
64882
69498
65418
69677
65135
69727
64957
70529
65199
70549
65207
70418
55631
69796
65113
70430
63466
70092
64942
70694
65130
70566
65178
70757
64003
67408
67116
70441
65447
54553
66813
70199
65395
70394
65121
67916
64808
70463
54257
70420
66948
70035
64869
71476
64581
70385
65104
70615
65381
70738
65367
70311
65825
67947
65044
70585
64139
69595
65044
69577
65291
73432
65174
68338
65244
69099
64850
70344
63406
69907
63259
70443
58252
68951
65131
73470
65136
70553
65246
72040
64937
70380
65504
69199
65196
69773
64860
61106
65445
66629
65382
70876
64144
67449
65354
70143
64945
69931
67410
69806
64980
70650
66541
70047
64927
70444
63505
70263
64720
70099
64446
60756
66345
70224
64841
69944
67525
69790
64797
70390
65000
70350
65322
70743
65300
70616
64241
69818
64896
70333
65138
70405
65235
70126
65478
70328
65358
70357
65209
69754
65041
71099
54863
69898
64823
71726
63436
70728
64555
70445
64993
69815
64963
70584
65118
69581
65527
68099
64379
70606
65529
69521
64765
70432
65024
70245
65549
70445
63872
70028
67530
68150
64987
61070
67146
70447
65269
70573
65306
67985
65056
70463
63337
69647
64954
73895
65319
70567
65557
72078
64977
70579
65229
50757
47875
45764
41193
69767
56311
55825
60570
66383
65260
71963
65120
70511
65199
68522
64478
67617
67497
69478
64940
70127
67289
69660
64789
67117
66629
69684
63762
70524
65375
69752
56178
70037
65290
67621
65416
68874
65429
70319
64504
70412
64950
70348
65237
70328
65368
70461
65500
60014
64972
66229
65365
67695
62762
70105
64494
70567
58267
70257
65197
70623
66864
70404
65076
70557
64261
70346
65155
69755
65061
68728
55939
72390
56040
70511
65026
71846
64807
62058
36318
69673
59161
69926
65038
70466
58414
69520
64761
70289
56035
70059
65185
68120
64098
67598
64820
69885
64768
70286
63243
70010
64868
62620
66444
70067
56394
71414
65062
60591
67572
70422
65343
69337
65164
69774
64959
73686
64695
69687
64940
71106
63857
70618
65361
70098
55966
70026
64937
69587
65189
69724
64777
70341
56399
60933
64801
69768
63814
70063
67274
60057
64997
70428
67228
68682
65262
67830
63211
69820
64930
70565
56427
70639
65220
70358
65484
69231
64896
72039
65144
69906
65020
70468
65152
70419
65461
69274
64990
69954
64955
68856
65446
65772
64020
71260
65113
70691
65349
67315
65372
69556
64261
70180
64671
67943
65207
71510
67685
70209
64498
69925
63862
59807
65070
70578
63793
69920
67545
69385
65025
66782
66326
69729
64944
70247
65109
70504
65342
70756
65211
70407
55780
70042
65058
70294
65278
70842
65246
70624
54900
70295
55874
70254
64540
58642
65062
74311
65121
69205
65228
71507
64375
69940
65074
70403
64628
70442
66100
69218
65441
73015
65079
70474
65166
71804
65209
70365
65271
70525
65267
70095
63183
70422
63755
70187
67089
70564
65376
69290
65745
69793
64844
70189
65274
70606
64132
69941
64510
67127
67433
59151
63088
69486
65373
69427
64357
67025
64939
70298
65016
59868
65019
70263
65286
61319
48900
70050
65040
70522
64015
70234
65267
69904
64849
69343
65410
70374
65260
69734
64823
70219
65347
59150
65245
73954
65281
70497
65375
71897
65208
70596
63668
69827
64888
67206
65000
70529
65943
70176
65128
70455
64516
69628
63618
70565
64000
69828
67571
67882
65245
61010
67393
70577
65189
69141
65350
69790
64960
67195
65031
70240
65079
68942
65390
73141
65027
71245
55207
71968
65362
70496
55832
69802
65185
69198
63358
68766
64500
73408
65261
69945
65625
71965
65280
70262
65268
67923
65015
70470
64048
68198
67355
69797
64920
70352
66318
70199
65088
70399
65321
70582
65603
69372
64641
70452
67085
69820
64904
70526
58396
69975
55376
69825
64822
61359
65408
70631
65509
69619
64949
69981
65265
61196
65502
70416
56352
70036
65006
67692
63845
67756
65101
70572
65360
70573
54858
69418
65157
70683
65717
70392
65273
69153
64845
73802
65310
71622
65379
71611
64847
70478
65117
70421
65244
69446
65356
69511
64930
64599
65069
70002
64682
71608
52054
70752
66670
70088
63463
67666
66810
59386
47351
69504
51886
68236
59701
67997
65259
69412
65141
69242
64548
70093
66057
70028
62733
69971
64984
70348
65179
70410
65424
60162
65335
58507
53991
70131
64979
70796
53798
68804
61081
58679
64596
70125
64498
70336
66920
67000
64954
69868
66757
70295
63928
69641
64760
69877
65501
70628
65078
70987
62609
70522
65105
70400
65474
70399
65480
67730
62288
69519
65052
70951
65255
70539
67693
69387
64016
71960
65178
70480
65148
69056
65148
68846
64163
69754
63655
70522
64141
69887
67605
64299
65040
70463
65598
73881
65447
69629
60191
70317
65088
69080
65460
70172
64592
50553
65025
60815
65290
68696
65618
59649
65068
66731
64931
70402
64928
70270
65542
69368
65166
70013
65001
70383
60348
70358
65570
70345
64259
60758
65879
70694
65532
69827
67278
70467
65139
70437
65504
70918
55725
52669
65226
65207
63351
70522
65150
70414
55895
70106
65163
70390
65211
69401
66271
70558
65816
70486
64366
69650
65002
70321
65302
70596
65251
69089
64927
73424
65223
70805
63815
72760
66512
70283
63728
60159
66726
67073
60208
68864
65455
73125
65015
70940
63559
71132
64398
68845
65400
70461
63633
70072
64760
70286
65244
70464
64087
70590
65199
60546
64106
69814
64884
70257
64505
68013
63538
59161
65283
70186
65624
69545
64876
60470
65611
69439
62892
70412
66944
70243
65307
70588
65198
69310
63342
70624
54633
67954
66013
67981
62459
70500
67972
70648
65962
61216
64687
66697
65030
68972
65396
70787
64451
69824
64876
68638
64496
70126
65418
70247
65082
62571
65311
71077
65206
67704
64040
71987
65057
70526
65079
69363
64679
70831
64837
59082
64946
71772
64797
66817
64856
71593
63693
67832
62273
69977
64954
70486
65296
70487
65225
70486
62199
53045
64233
70448
54731
70094
65989
69957
65109
66321
67257
67741
54146
70722
65365
67965
64949
70362
65818
70593
65160
68573
64954
70420
65544
70449
65140
69073
64941
69955
64906
70524
62678
70324
65034
70276
63652
69898
64939
67559
64905
69887
65330
70589
64441
70415
64557
70312
58519
62129
64919
73517
66737
70265
65156
71788
64896
59394
65209
70217
65105
70448
64186
69423
65419
73448
65266
70743
65121
72210
64949
70529
63578
69881
64924
70313
56700
70616
65379
70611
63011
70248
65108
69227
65458
69902
64234
57742
65423
70473
64053
70211
64974
67632
64893
66974
67571
69597
63738
70428
56080
69954
64827
60046
65056
70013
63698
69404
65174
69987
64243
70754
65303
70464
65478
70307
65482
69447
63512
70499
65440
70313
65379
69357
64904
73220
64400
70866
63338
70123
63894
68565
65145
70606
67346
70156
64979
67696
65373
67549
64779
70254
65207
70156
65247
70188
65232
69816
64949
70433
65160
70416
65469
68053
65530
60870
64483
69953
64436
70703
68862
70024
65481
60558
67315
69859
64904
68889
64448
73512
56344
70267
65061
69855
65002
70341
64104
69353
64961
70182
63382
69526
65077
73775
65285
70828
65287
71895
65066
70514
65423
70517
65923
70488
56653
70285
62470
70641
63907
69898
67790
60936
64873
70274
66676
70104
65078
70429
65166
67846
63532
69501
64717
70292
65374
69174
65469
70194
64645
70273
65028
71494
65036
60828
65313
69765
64713
70408
65000
70637
65233
70307
65478
68081
65139
70456
65464
70602
65332
60693
64490
61229
65809
71292
64045
70015
55814
69272
55851
70306
65126
65285
65022
71513
65563
60323
65591
71875
64463
59449
64942
70200
65214
70441
65275
69103
64890
72112
65372
69716
64819
71551
64790
70248
65116
69142
65029
69916
64856
68721
64671
73401
64326
70477
66865
71617
56378
70868
67606
69893
64803
59285
64727
60468
64407
69865
64471
69730
66811
69949
65515
69604
67534
70073
64463
69714
65042
70253
65060
67799
65099
67062
65049
70299
65237
59074
38177
70351
65044
67686
64945
66861
64863
69885
65594
60072
65037
66142
62916
70218
65411
70492
65518
60208
65026
70503
65266
60636
64664
70441
65102
70439
65223
68068
64960
67595
65452
70147
65048
70451
65141
70642
65235
69607
56194
70397
64207
69378
62575
70446
64386
70057
67549
69984
65226
69879
65014
70286
65271
70416
63816
69923
67591
69537
64642
63054
66216
73239
64969
70440
65193
72056
66112
69831
64965
70541
65095
70475
56416
69203
64891
73669
65142
70707
65462
72072
63609
70465
65297
69605
64843
70317
56427
52434
65844
70186
63867
69387
64851
70166
65064
69818
65514
70618
56269
69813
64249
70459
55096
70095
64920
56192
45690
69754
61209
70430
65151
67889
64983
70459
64621
70511
60276
69870
67487
70434
64789
60481
67065
70073
65043
71263
65038
70566
64946
70758
63821
68739
67653
69885
65025
70515
67696
69261
64955
73677
65252
69324
64477
72065
64224
70125
58073
70180
64926
67686
67209
58221
65207
64158
49361
70473
65373
71953
65151
69217
63222
70621
62494
70233
65010
68921
65191
73007
65087
70710
56668
72146
65064
69327
65577
70404
66112
70765
64499
60423
64066
70462
63073
67140
64947
67711
64816
66819
63390
70323
64808
70407
65035
70311
65032
70843
65236
70663
64653
58552
64439
67767
65043
68036
65313
66596
63182
59383
64838
70081
65150
67703
64524
68321
66339
60300
48514
70056
66786
70501
65219
70730
65382
69631
65304
68260
52696
70581
68083
70318
65108
70287
67623
60509
65242
68809
64614
67422
65225
70082
64939
70516
64655
70826
65310
70350
65461
69499
64731
70196
65178
68795
65263
73302
64970
63964
63118
57184
64806
70548
65012
70621
65328
60597
64783
64823
64389
72890
64143
60074
65120
62668
65365
66416
53921
70048
65355
69557
64671
67792
65289
73415
65049
63323
39478
72342
63564
69956
68151
66672
65104
60591
67442
70539
65924
70293
51313
70308
64990
70327
64038
70618
68467
70024
64980
70680
62890
69839
64902
70429
65051
70528
65265
67738
65010
67641
56167
69450
65047
69964
64866
70491
64982
70405
64226
68071
65183
70349
65475
70575
65252
58831
65177
69850
64579
68959
64385
70036
65002
70373
65203
70498
62986
70414
64932
71298
64910
67754
64886
69511
65351
61653
65244
73004
65021
70367
61595
70417
63839
69931
68326
67577
64815
70294
66486
70179
65071
70006
65153
70710
65265
70465
64053
68823
68878
70467
64466
69666
67352
73873
64762
70714
64850
70785
64947
70462
65128
70697
63705
70019
64970
59408
64848
70309
64691
69371
65135
70020
64915
70476
55248
69825
64768
70673
64990
69856
64317
69997
64909
70303
66272
70136
65126
69208
64462
70039
48542
70560
65381
70496
64359
69597
64907
73495
65449
70731
65431
71929
65047
70594
65134
69361
65338
69944
64586
68837
66731
72950
64756
70834
67551
72048
65130
69793
55665
60167
61724
70920
65257
70738
65265
67159
65280
69410
53208
70244
61611
59005
65089
62225
61969
70069
65418
69351
55738
51533
41965
68637
65144
70635
65516
70077
55909
70139
56389
70656
63900
61663
68353
70714
65304
70375
66912
70405
65794
70174
65091
70673
64201
69909
64566
69198
68820
68181
65147
70320
65783
70652
65660
70842
64086
69848
64963
70236
63811
69383
64962
70209
65159
70007
65252
50762
64214
73954
64805
69332
55979
72316
65322
69393
55780
69144
65482
69887
64706
69355
65165
73354
65551
70453
63667
