2
3
3
3
3
5
5
5
6
6
6
6
6
6
6
6
6
6
6
6
6
6
6
6
6
7
7
7
7
7
8
8
8
8
8
9
9
9
9
9
10
10
10
10
10
11
11
11
11
11
11
11
11
11
11
11
11
11
11
11
12
12
12
12
12
13
13
13
13
13
14
14
14
14
14
15
15
15
15
15
16
16
16
16
16
17
17
17
17
17
18
18
18
18
18
19
19
19
19
19
20
20
20
20
20
21
21
21
21
21
22
22
22
22
22
23
23
23
23
23
24
24
24
24
24
25
25
25
25
25
27
27
27
27
27
28
28
28
28
28
29
29
29
29
29
31
31
31
31
31
32
32
32
32
32
33
33
33
33
33
35
35
35
35
35
36
36
36
36
36
37
37
37
37
37
38
38
38
38
38
40
40
40
40
40
41
41
41
41
41
42
42
42
42
42
43
43
43
43
43
44
44
44
44
44
46
46
46
46
46
47
47
47
47
47
48
48
48
48
48
49
49
49
49
49
51
51
51
51
51
53
53
53
53
53
54
54
54
54
54
55
55
55
55
55
56
56
56
56
56
57
57
57
57
57
59
59
59
59
59
61
61
61
61
61
62
62
62
62
62
63
63
63
63
63
65
65
65
65
65
66
66
66
66
66
67
67
67
67
67
69
69
69
69
69
70
70
70
70
70
71
71
71
71
71
72
72
72
72
72
73
73
73
73
73
75
75
75
75
75
77
77
77
77
77
78
78
78
78
78
79
79
79
79
79
80
80
80
80
80
81
81
81
81
81
83
83
83
83
83
84
84
84
84
84
85
85
85
85
85
86
86
86
86
86
87
87
87
87
87
88
88
88
88
88
90
90
90
90
90
90
90
90
90
90
91
91
91
91
91
92
92
92
92
92
93
93
93
93
93
95
95
95
95
95
96
96
96
96
96
98
98
98
98
98
99
99
99
99
99
101
101
101
101
101
102
102
102
102
102
103
103
103
103
103
104
104
104
104
104
106
106
106
106
106
107
107
107
107
107
107
107
107
107
107
108
108
108
108
108
109
109
109
109
109
110
110
110
110
110
112
112
112
112
112
113
113
113
113
113
114
114
114
114
114
116
116
116
116
116
118
118
118
118
118
119
119
119
119
119
121
121
121
121
121
123
123
123
123
123
124
124
124
124
124
125
125
125
125
125
126
126
126
126
126
127
127
127
127
127
128
128
128
128
128
129
129
129
129
129
131
131
131
131
131
132
132
132
132
132
133
133
133
133
133
135
135
135
135
135
136
136
136
136
136
137
137
137
137
137
138
138
138
138
138
139
139
139
139
139
140
140
140
140
140
141
141
141
141
141
142
142
142
142
142
143
143
143
143
143
144
144
144
144
144
145
145
145
145
145
146
146
146
146
146
147
147
147
147
147
148
148
148
148
148
149
149
149
149
149
151
151
151
151
151
152
152
152
152
152
153
153
153
153
153
155
155
155
155
155
156
156
156
156
156
157
157
157
157
157
158
158
158
158
158
159
159
159
159
159
160
160
160
160
160
161
161
161
161
161
163
163
163
163
163
164
164
164
164
164
165
165
165
165
165
166
166
166
166
166
167
167
167
167
167
168
168
168
168
168
170
170
170
170
170
171
171
171
171
171
172
172
172
172
172
173
173
173
173
173
174
174
174
174
174
175
175
175
175
175
177
177
177
177
177
178
178
178
178
178
180
180
180
180
180
181
181
181
181
181
182
182
182
182
182
183
183
183
183
183
185
185
185
185
185
186
186
186
186
186
187
187
187
187
187
189
189
189
189
189
190
190
190
190
190
191
191
191
191
191
192
192
192
192
192
193
193
193
193
193
194
194
194
194
194
195
195
195
195
195
196
196
196
196
196
197
197
197
197
197
198
198
198
198
198
199
199
199
199
199
201
201
201
201
201
202
202
202
202
202
204
204
204
204
204
205
205
205
205
205
206
206
206
206
206
208
208
208
208
208
210
210
210
210
210
211
211
211
211
211
212
212
212
212
212
213
213
213
213
213
214
214
214
214
214
216
216
216
216
216
217
217
217
217
217
219
219
219
219
219
219
219
219
219
219
221
221
221
221
221
222
222
222
222
222
224
224
224
224
224
225
225
225
225
225
226
226
226
226
226
227
227
227
227
227
228
228
228
228
228
230
230
230
230
230
232
232
232
232
232
233
233
233
233
233
235
235
235
235
235
237
237
237
237
237
239
239
239
239
239
240
240
240
240
240
240
240
240
240
240
242
242
242
242
242
243
243
243
243
243
243
243
243
243
243
245
245
245
245
245
246
246
246
246
246
247
247
247
247
247
248
248
248
248
248
250
250
250
250
250
251
251
251
251
251
253
253
253
253
253
254
254
254
254
254
256
256
256
256
256
258
258
258
258
258
259
259
259
259
259
260
260
260
260
260
262
262
262
262
262
263
263
263
263
263
264
264
264
264
264
266
266
266
266
266
267
267
267
267
267
268
268
268
268
268
269
269
269
269
269
271
271
271
271
271
272
272
272
272
272
273
273
273
273
273
274
274
274
274
274
275
275
275
275
275
277
277
277
277
277
279
279
279
279
279
281
281
281
281
281
282
282
282
282
282
283
283
283
283
283
284
284
284
284
284
286
286
286
286
286
287
287
287
287
287
288
288
288
288
288
290
290
290
290
290
291
291
291
291
291
293
293
293
293
293
294
294
294
294
294
295
295
295
295
295
296
296
296
296
296
297
297
297
297
297
299
299
299
299
299
300
300
300
300
300
301
301
301
301
301
303
303
303
303
303
304
304
304
304
304
306
306
306
306
306
307
307
307
307
307
308
308
308
308
308
310
310
310
310
310
311
311
311
311
311
312
312
312
312
312
314
314
314
314
314
316
316
316
316
316
317
317
317
317
317
319
319
319
319
319
320
320
320
320
320
322
322
322
322
322
323
323
323
323
323
325
325
325
325
325
326
326
326
326
326
327
327
327
327
327
328
328
328
328
328
330
330
330
330
330
331
331
331
331
331
333
333
333
333
333
334
334
334
334
334
336
336
336
336
336
337
337
337
337
337
338
338
338
338
338
339
339
339
339
339
341
341
341
341
341
342
342
342
342
342
343
343
343
343
343
345
345
345
345
345
347
347
347
347
347
349
349
349
349
349
350
350
350
350
350
351
351
351
351
351
352
352
352
352
352
353
353
353
353
353
354
354
354
354
354
355
355
355
355
355
356
356
356
356
356
358
358
358
358
358
360
360
360
360
360
361
361
361
361
361
362
362
362
362
362
364
364
364
364
364
365
365
365
365
365
367
367
367
367
367
368
368
368
368
368
369
369
369
369
369
370
370
370
370
370
371
371
371
371
371
373
373
373
373
373
374
374
374
374
374
376
376
376
376
376
378
378
378
378
378
379
379
379
379
379
381
381
381
381
381
382
382
382
382
382
383
383
383
383
383
384
384
384
384
384
385
385
385
385
385
386
386
386
386
386
388
388
388
388
388
389
389
389
389
389
390
390
390
390
390
392
392
392
392
392
394
394
394
394
394
395
395
395
395
395
396
396
396
396
396
397
397
397
397
397
397
397
397
397
397
398
398
398
398
398
400
400
400
400
400
401
401
401
401
401
403
403
403
403
403
405
405
405
405
405
406
406
406
406
406
408
408
408
408
408
410
410
410
410
410
412
412
412
412
412
414
414
414
414
414
416
416
416
416
416
418
418
418
418
418
420
420
420
420
420
421
421
421
421
421
423
423
423
423
423
424
424
424
424
424
425
425
425
425
425
426
426
426
426
426
428
428
428
428
428
429
429
429
429
429
430
430
430
430
430
431
431
431
431
431
432
432
432
432
432
433
433
433
433
433
434
434
434
434
434
435
435
435
435
435
437
437
437
437
437
438
438
438
438
438
439
439
439
439
439
441
441
441
441
441
443
443
443
443
443
445
445
445
445
445
446
446
446
446
446
447
447
447
447
447
447
447
447
447
447
448
448
448
448
448
450
450
450
450
450
451
451
451
451
451
451
451
451
451
451
453
453
453
453
453
454
454
454
454
454
455
455
455
455
455
456
456
456
456
456
457
457
457
457
457
458
458
458
458
458
459
459
459
459
459
460
460
460
460
460
462
462
462
462
462
463
463
463
463
463
464
464
464
464
464
465
465
465
465
465
467
467
467
467
467
468
468
468
468
468
470
470
470
470
470
471
471
471
471
471
472
472
472
472
472
474
474
474
474
474
475
475
475
475
475
476
476
476
476
476
477
477
477
477
477
478
478
478
478
478
479
479
479
479
479
480
480
480
480
480
481
481
481
481
481
483
483
483
483
483
484
484
484
484
484
485
485
485
485
485
487
487
487
487
487
489
489
489
489
489
491
491
491
491
491
492
492
492
492
492
493
493
493
493
493
494
494
494
494
494
495
495
495
495
495
497
497
497
497
497
498
498
498
498
498
499
499
499
499
499
500
500
500
500
500
501
501
501
501
501
502
502
502
502
502
503
503
503
503
503
504
504
504
504
504
505
505
505
505
505
506
506
506
506
506
507
507
507
507
507
508
508
508
508
508
509
509
509
509
509
510
510
510
510
510
512
512
512
512
512
514
514
514
514
514
516
516
516
516
516
518
518
518
518
518
519
519
519
519
519
520
520
520
520
520
521
521
521
521
521
523
523
523
523
523
525
525
525
525
525
526
526
526
526
526
527
527
527
527
527
528
528
528
528
528
529
529
529
529
529
530
530
530
530
530
532
532
532
532
532
533
533
533
533
533
534
534
534
534
534
535
535
535
535
535
537
537
537
537
537
538
538
538
538
538
540
540
540
540
540
541
541
541
541
541
543
543
543
543
543
544
544
544
544
544
546
546
546
546
546
547
547
547
547
547
549
549
549
549
549
550
550
550
550
550
551
551
551
551
551
553
553
553
553
553
554
554
554
554
554
556
556
556
556
556
557
557
557
557
557
558
558
558
558
558
559
559
559
559
559
560
560
560
560
560
562
562
562
562
562
563
563
563
563
563
564
564
564
564
564
565
565
565
565
565
566
566
566
566
566
568
568
568
568
568
569
569
569
569
569
570
570
570
570
570
571
571
571
571
571
572
572
572
572
572
573
573
573
573
573
574
574
574
574
574
575
575
575
575
575
577
577
577
577
577
578
578
578
578
578
580
580
580
580
580
582
582
582
582
582
584
584
584
584
584
586
586
586
586
586
588
588
588
588
588
590
590
590
590
590
592
592
592
592
592
593
593
593
593
593
595
595
595
595
595
596
596
596
596
596
597
597
597
597
597
598
598
598
598
598
600
600
600
600
600
602
602
602
602
602
603
603
603
603
603
604
604
604
604
604
605
605
605
605
605
606
606
606
606
606
607
607
607
607
607
608
608
608
608
608
609
609
609
609
609
611
611
611
611
611
612
612
612
612
612
613
613
613
613
613
615
615
615
615
615
616
616
616
616
616
617
617
617
617
617
619
619
619
619
619
621
621
621
621
621
621
621
621
621
621
621
621
621
621
621
622
622
622
622
622
623
623
623
623
623
624
624
624
624
624
624
624
624
624
624
625
625
625
625
625
627
627
627
627
627
628
628
628
628
628
629
629
629
629
629
630
630
630
630
630
632
632
632
632
632
633
633
633
633
633
634
634
634
634
634
636
636
636
636
636
638
638
638
638
638
639
639
639
639
639
640
640
640
640
640
642
642
642
642
642
644
644
644
644
644
645
645
645
645
645
646
646
646
646
646
646
646
646
646
646
648
648
648
648
648
649
649
649
649
649
651
651
651
651
651
653
653
653
653
653
655
655
655
655
655
656
656
656
656
656
657
657
657
657
657
658
658
658
658
658
659
659
659
659
659
660
660
660
660
660
662
662
662
662
662
663
663
663
663
663
664
664
664
664
664
665
665
665
665
665
666
666
666
666
666
667
667
667
667
667
668
668
668
668
668
670
670
670
670
670
671
671
671
671
671
672
672
672
672
672
673
673
673
673
673
674
674
674
674
674
676
676
676
676
676
677
677
677
677
677
679
679
679
679
679
681
681
681
681
681
683
683
683
683
683
685
685
685
685
685
687
687
687
687
687
688
688
688
688
688
689
689
689
689
689
690
690
690
690
690
691
691
691
691
691
692
692
692
692
692
693
693
693
693
693
694
694
694
694
694
695
695
695
695
695
697
697
697
697
697
698
698
698
698
698
699
699
699
699
699
700
700
700
700
700
702
702
702
702
702
703
703
703
703
703
704
704
704
704
704
705
705
705
705
705
706
706
706
706
706
708
708
708
708
708
709
709
709
709
709
711
711
711
711
711
712
712
712
712
712
713
713
713
713
713
715
715
715
715
715
717
717
717
717
717
718
718
718
718
718
719
719
719
719
719
720
720
720
720
720
721
721
721
721
721
723
723
723
723
723
724
724
724
724
724
725
725
725
725
725
726
726
726
726
726
727
727
727
727
727
729
729
729
729
729
730
730
730
730
730
731
731
731
731
731
732
732
732
732
732
734
734
734
734
734
736
736
736
736
736
737
737
737
737
737
739
739
739
739
739
740
740
740
740
740
741
741
741
741
741
742
742
742
742
742
743
743
743
743
743
745
745
745
745
745
746
746
746
746
746
747
747
747
747
747
748
748
748
748
748
750
750
750
750
750
752
752
752
752
752
753
753
753
753
753
754
754
754
754
754
755
755
755
755
755
756
756
756
756
756
758
758
758
758
758
760
760
760
760
760
761
761
761
761
761
763
763
763
763
763
764
764
764
764
764
766
766
766
766
766
767
767
767
767
767
768
768
768
768
768
769
769
769
769
769
771
771
771
771
771
772
772
772
772
772
773
773
773
773
773
775
775
775
775
775
777
777
777
777
777
778
778
778
778
778
779
779
779
779
779
780
780
780
780
780
781
781
781
781
781
781
781
781
781
781
782
782
782
782
782
783
783
783
783
783
785
785
785
785
785
786
786
786
786
786
787
787
787
787
787
788
788
788
788
788
789
789
789
789
789
789
790
790
790
790
790
792
792
792
792
792
793
793
793
793
793
795
795
795
795
795
796
796
796
796
796
797
797
797
797
797
798
798
798
798
798
800
800
800
800
800
802
802
802
802
802
804
804
804
804
804
806
806
806
806
806
808
808
808
808
808
809
809
809
809
809
811
811
811
811
811
812
812
812
812
812
813
813
813
813
813
815
815
815
815
815
817
817
817
817
817
819
819
819
819
819
820
820
820
820
820
821
821
821
821
821
822
822
822
822
822
823
823
823
823
823
825
825
825
825
825
827
827
827
827
827
828
828
828
828
828
829
829
829
829
829
830
830
830
830
830
831
831
831
831
831
833
833
833
833
833
835
835
835
835
835
836
836
836
836
836
837
837
837
837
837
839
839
839
839
839
840
840
840
840
840
842
842
842
842
842
843
843
843
843
843
844
844
844
844
844
845
845
845
845
845
846
846
846
846
846
847
847
847
847
847
849
849
849
849
849
851
851
851
851
851
852
852
852
852
852
853
853
853
853
853
855
855
855
855
855
857
857
857
857
857
859
859
859
859
859
860
860
860
860
860
862
862
862
862
862
864
864
864
864
864
865
865
865
865
865
866
866
866
866
866
867
867
867
867
867
869
869
869
869
869
869
869
869
869
869
870
870
870
870
870
872
872
872
872
872
873
873
873
873
873
874
874
874
874
874
876
876
876
876
876
878
878
878
878
878
879
879
879
879
879
880
880
880
880
880
882
882
882
882
882
883
883
883
883
883
884
884
884
884
884
885
885
885
885
885
887
887
887
887
887
889
889
889
889
889
891
891
891
891
891
892
892
892
892
892
893
893
893
893
893
894
894
894
894
894
895
895
895
895
895
896
896
896
896
896
896
896
896
896
896
896
897
897
897
897
897
898
898
898
898
898
899
899
899
899
899
900
900
900
900
900
901
901
901
901
901
902
902
902
902
902
904
904
904
904
904
905
905
905
905
905
906
906
906
906
906
907
907
907
907
907
908
908
908
908
908
909
909
909
909
909
910
910
910
910
910
911
911
911
911
911
912
912
912
912
912
913
913
913
913
913
914
914
914
914
914
915
915
915
915
915
916
916
916
916
916
916
916
916
916
916
917
917
917
917
917
918
918
918
918
918
919
919
919
919
919
921
921
921
921
921
922
922
922
922
922
923
923
923
923
923
924
924
924
924
924
925
925
925
925
925
926
926
926
926
926
927
927
927
927
927
929
929
929
929
929
930
930
930
930
930
931
931
931
931
931
933
933
933
933
933
935
935
935
935
935
937
937
937
937
937
938
938
938
938
938
939
939
939
939
939
940
940
940
940
940
941
941
941
941
941
942
942
942
942
942
944
944
944
944
944
945
945
945
945
945
946
946
946
946
946
948
948
948
948
948
948
948
948
948
948
949
949
949
949
949
950
950
950
950
950
951
951
951
951
951
952
952
952
952
952
953
953
953
953
953
955
955
955
955
955
957
957
957
957
957
958
958
958
958
958
960
960
960
960
960
961
961
961
961
961
963
963
963
963
963
965
965
965
965
965
966
966
966
966
966
967
967
967
967
967
968
968
968
968
968
970
970
970
970
970
971
971
971
971
971
973
973
973
973
973
974
974
974
974
974
975
975
975
975
975
976
976
976
976
976
978
978
978
978
978
979
979
979
979
979
979
979
979
979
979
980
980
980
980
980
982
982
982
982
982
984
984
984
984
984
985
985
985
985
985
987
987
987
987
987
988
988
988
988
988
990
990
990
990
990
991
991
991
991
991
993
993
993
993
993
994
994
994
994
994
996
996
996
996
996
998
998
998
998
998
999
999
999
999
999
1000
1000
1000
1000
1000
1001
1001
1001
1001
1001
1002
1002
1002
1002
1002
1004
1004
1004
1004
1004
1006
1006
1006
1006
1006
1008
1008
1008
1008
1008
1010
1010
1010
1010
1010
1012
1012
1012
1012
1012
1013
1013
1013
1013
1013
1014
1014
1014
1014
1014
1016
1016
1016
1016
1016
1017
1017
1017
1017
1017
1019
1019
1019
1019
1019
1020
1020
1020
1020
1020
1021
1021
1021
1021
1021
1022
1022
1022
1022
1022
1024
1024
1024
1024
1024
1025
1025
1025
1025
1025
1027
1027
1027
1027
1027
1029
1029
1029
1029
1029
1031
1031
1031
1031
1031
1032
1032
1032
1032
1032
1033
1033
1033
1033
1033
1034
1034
1034
1034
1034
1035
1035
1035
1035
1035
1036
1036
1036
1036
1036
1038
1038
1038
1038
1038
1039
1039
1039
1039
1039
1041
1041
1041
1041
1041
1043
1043
1043
1043
1043
1044
1044
1044
1044
1044
1045
1045
1045
1045
1045
1046
1046
1046
1046
1046
1047
1047
1047
1047
1047
1048
1048
1048
1048
1048
1050
1050
1050
1050
1050
1051
1051
1051
1051
1051
1052
1052
1052
1052
1052
1054
1054
1054
1054
1054
1055
1055
1055
1055
1055
1056
1056
1056
1056
1056
1057
1057
1057
1057
1057
1057
1057
1057
1057
1057
1058
1058
1058
1058
1058
1059
1059
1059
1059
1059
1060
1060
1060
1060
1060
1061
1061
1061
1061
1061
1063
1063
1063
1063
1063
1064
1064
1064
1064
1064
1065
1065
1065
1065
1065
1067
1067
1067
1067
1067
1069
1069
1069
1069
1069
1070
1070
1070
1070
1070
1071
1071
1071
1071
1071
1072
1072
1072
1072
1072
1073
1073
1073
1073
1073
1074
1074
1074
1074
1074
1076
1076
1076
1076
1076
1077
1077
1077
1077
1077
1078
1078
1078
1078
1078
1080
1080
1080
1080
1080
1081
1081
1081
1081
1081
1082
1082
1082
1082
1082
1083
1083
1083
1083
1083
1083
1083
1083
1083
1083
1084
1084
1084
1084
1084
1086
1086
1086
1086
1086
1087
1087
1087
1087
1087
1089
1089
1089
1089
1089
1090
1090
1090
1090
1090
1091
1091
1091
1091
1091
1092
1092
1092
1092
1092
1094
1094
1094
1094
1094
1096
1096
1096
1096
1096
1097
1097
1097
1097
1097
1098
1098
1098
1098
1098
1100
1100
1100
1100
1100
1102
1102
1102
1102
1102
1104
1104
1104
1104
1104
1105
1105
1105
1105
1105
1107
1107
1107
1107
1107
1108
1108
1108
1108
1108
1109
1109
1109
1109
1109
1111
1111
1111
1111
1111
1113
1113
1113
1113
1113
1114
1114
1114
1114
1114
1115
1115
1115
1115
1115
1117
1117
1117
1117
1117
1118
1118
1118
1118
1118
1119
1119
1119
1119
1119
1120
1120
1120
1120
1120
1122
1122
1122
1122
1122
1124
1124
1124
1124
1124
1124
1124
1124
1124
1124
1125
1125
1125
1125
1125
1127
1127
1127
1127
1127
1128
1128
1128
1128
1128
1130
1130
1130
1130
1130
1131
1131
1131
1131
1131
1132
1132
1132
1132
1132
1133
1133
1133
1133
1133
1134
1134
1134
1134
1134
1135
1135
1135
1135
1135
1136
1136
1136
1136
1136
1137
1137
1137
1137
1137
1139
1139
1139
1139
1139
1140
1140
1140
1140
1140
1142
1142
1142
1142
1142
1144
1144
1144
1144
1144
1145
1145
1145
1145
1145
1147
1147
1147
1147
1147
1149
1149
1149
1149
1149
1151
1151
1151
1151
1151
1152
1152
1152
1152
1152
1152
1152
1152
1152
1152
1154
1154
1154
1154
1154
1155
1155
1155
1155
1155
1156
1156
1156
1156
1156
1157
1157
1157
1157
1157
1158
1158
1158
1158
1158
1159
1159
1159
1159
1159
1160
1160
1160
1160
1160
1160
1160
1160
1160
1160
1162
1162
1162
1162
1162
1164
1164
1164
1164
1164
1165
1165
1165
1165
1165
1166
1166
1166
1166
1166
1166
1166
1166
1166
1166
1167
1167
1167
1167
1167
1168
1168
1168
1168
1168
1170
1170
1170
1170
1170
1172
1172
1172
1172
1172
1174
1174
1174
1174
1174
1175
1175
1175
1175
1175
1177
1177
1177
1177
1177
1178
1178
1178
1178
1178
1180
1180
1180
1180
1180
1181
1181
1181
1181
1181
1183
1183
1183
1183
1183
1184
1184
1184
1184
1184
1186
1186
1186
1186
1186
1187
1187
1187
1187
1187
1189
1189
1189
1189
1189
1190
1190
1190
1190
1190
1192
1192
1192
1192
1192
1193
1193
1193
1193
1193
1194
1194
1194
1194
1194
1195
1195
1195
1195
1195
1196
1196
1196
1196
1196
1198
1198
1198
1198
1198
1200
1200
1200
1200
1200
1202
1202
1202
1202
1202
1203
1203
1203
1203
1203
1204
1204
1204
1204
1204
1205
1205
1205
1205
1205
1206
1206
1206
1206
1206
1207
1207
1207
1207
1207
1208
1208
1208
1208
1208
1209
1209
1209
1209
1209
1211
1211
1211
1211
1211
1213
1213
1213
1213
1213
1215
1215
1215
1215
1215
1216
1216
1216
1216
1216
1217
1217
1217
1217
1217
1218
1218
1218
1218
1218
1219
1219
1219
1219
1219
1221
1221
1221
1221
1221
1222
1222
1222
1222
1222
1223
1223
1223
1223
1223
1224
1224
1224
1224
1224
1225
1225
1225
1225
1225
1226
1226
1226
1226
1226
1227
1227
1227
1227
1227
1229
1229
1229
1229
1229
1231
1231
1231
1231
1231
1233
1233
1233
1233
1233
1234
1234
1234
1234
1234
1236
1236
1236
1236
1236
1237
1237
1237
1237
1237
1239
1239
1239
1239
1239
1241
1241
1241
1241
1241
1243
1243
1243
1243
1243
1244
1244
1244
1244
1244
1246
1246
1246
1246
1246
1248
1248
1248
1248
1248
1249
1249
1249
1249
1249
1250
1250
1250
1250
1250
1251
1251
1251
1251
1251
1252
1252
1252
1252
1252
1254
1254
1254
1254
1254
1255
1255
1255
1255
1255
1255
1255
1255
1255
1255
1256
1256
1256
1256
1256
1257
1257
1257
1257
1257
1258
1258
1258
1258
1258
1259
1259
1259
1259
1259
1261
1261
1261
1261
1261
1263
1263
1263
1263
1263
1265
1265
1265
1265
1265
1266
1266
1266
1266
1266
1267
1267
1267
1267
1267
6
1268
7
1268
7
1268
8
1268
8
1268
10
1269
10
1269
10
1269
11
1269
11
1269
11
1270
11
1270
11
1270
11
1270
11
1270
12
1272
12
1272
12
1272
12
1272
13
1272
13
1273
13
1273
13
1273
13
1273
13
1273
13
1275
13
1275
13
1275
13
1275
14
1275
14
1276
14
1276
14
1276
14
1276
15
1276
15
1277
15
1277
15
1277
15
1277
16
1277
16
1278
16
1278
16
1278
16
1278
17
1278
17
1279
17
1279
17
1279
17
1279
19
1279
19
1280
19
1280
19
1280
19
1280
21
1280
21
1281
21
