2707272
2497768
2775344
2435856
2701144
2441528
2751872
3104128
2318040
2595616
2886432
3194568
2293776
2572304
2891792
3195008
2129200
2407728
2777232
3022992
2012648
2302512
2601520
2953776
3195008
1962136
2314392
2621592
2887824
3195008
1986784
2257120
2572512
2941152
3203296
1833704
2206440
2423528
2788072
3067544
1694440
2026216
2329320
2693864
2956008
1893088
2170664
2461480
2813736
3075880
1886952
2140904
2452200
2812648
3074792
1825256
2079208
2394600
2767336
2992600
1828328
2118192
2417200
2761264
3011120
1758952
2048816
2347824
2700080
2962224
1823208
2100784
2391600
2739760
3128880
1812200
2102064
2405168
2769712
3118808
1750240
2040104
2339112
2691368
2953512
1819368
2096944
2387760
2735920
3125040
1812200
2102064
2405168
2769712
3031856
1758952
2048816
2351920
2716464
2978608
1810920
2088496
2485808
2711088
3083824
1808360
2098224
2401328
2765872
2983896
1766632
2056496
2359600
2715952
2974000
1823208
2100784
2498096
2723376
3096112
1792232
2082096
2385200
2749744
3011888
1767400
2057264
2360368
2724912
2987056
1819368
2096944
2490160
2715440
3088176
1816040
2105904
2409008
2773552
3122648
1754344
2044208
2347312
2711856
2974000
1823208
2092592
2461232
2788912
3030576
1808096
2097960
2401064
2765608
3027752
1730272
2020136
2323240
2687784
2949928
1912552
2190128
2480944
2833200
3095344
1785056
2129120
2436320
2661600
3083488
1852384
2220072
2535464
2773032
3162152
1809128
2063080
2370280
2718440
2976472
1824488
2114352
2413360
2765616
3023664
1804520
2094384
2397488
2762032
2980056
1697000
2056496
2359600
2711856
2969904
1823208
2100784
2391600
2747952
3010096
1796072
2085936
2389040
2753584
3015728
1754344
2044208
2347312
2691376
2941232
1823208
2100784
2391600
2739760
2997808
1836776
2126640
2425648
2777904
3012312
1800680
2090544
2393648
2758192
3020336
1771240
2061104
2360112
2712368
2974512
1815264
2092840
2490152
2715432
3088168
1746664
2028336
2421552
2646832
2987736
1819368
2096944
2481968
2699056
3063600
1795808
2085672
2388776
2753320
3102416
1832936
2122800
2421808
2774064
3032112
1750504
2032176
2322992
2675248
2937392
1823208
2100784
2391600
2739760
2997808
1819880
2109744
2412848
2777392
3126488
1750504
2040368
2343472
2708016
2970160
1811688
2081072
2449712
2777392
3019056
1816040
2105904
2404912
2757168
3019312
1758952
2040624
2331440
2683696
2945840
1823208
2100784
2498096
2723376
3096112
1799912
2089776
2388784
2736944
3106520
1775080
2064944
2372144
2736688
2998832
1721576
2036968
2327784
2675944
2933992
1823208
2092592
2461232
2780720
3014192
1746664
2036528
2335536
2687792
2949936
1823208
2092592
2473520
2690608
3051056
1812200
2093872
2380592
2716464
3118808
1816808
2098480
2389296
2741552
3003696
1750504
2032176
2322992
2671152
2929200
1823208
2092592
2461232
2780720
3014192
1828328
2118192
2417200
2769456
3003864
1746664
2036528
2335536
2683696
2941744
1835496
2113072
2510384
2735664
3108400
1799912
2119400
2410216
2758376
3016424
1742824
2032688
2335792
2700336
2962480
1819104
2096680
2387496
2735656
2993704
1836776
2126640
2425648
2777904
3012312
1803752
2135528
2438632
2790888
3048936
1734376
2024240
2327344
2691888
2954032
1921000
2198576
2489392
2841648
3103792
1789144
2133208
2440408
2665688
3087576
1779432
2147120
2462512
2695984
3076912
1811936
2093608
2388520
2736680
2987472
1828328
2118192
2421296
2777648
3035696
1746400
2036264
2339368
2695720
2953768
1839336
2108720
2477360
2796848
3030320
1808360
2098224
2401328
2761776
3114968
1828328
2110000
2396720
2732592
3117616
1734376
2024240
2323248
2671408
2929456
1823208
2092592
2461232
2780720
3014192
1828328
2110000
2400816
2753072
3003864
1816040
2097712
2490928
2716208
3088944
1734376
2024240
2327344
2691888
2954032
1909216
2186792
2477608
2829864
3092008
1785056
2129120
2436320
2661600
3083488
1861096
2172392
2459112
2794984
3180008
1858520
2202584
2509784
2735064
3043216
1763816
2103784
2419176
2796008
3058152
1762792
2052656
2347568
2687536
2941488
1819368
2096944
2387760
2735920
2993968
1819616
2109480
2412584
2768936
2995152
1762792
2052656
2355760
2712112
2970160
1819368
2096944
2490160
2715440
3088176
1812200
2093872
2384688
2720560
3105584
1742056
2031920
2335024
2691376
2949424
1839336
2116912
2407728
2755888
3013936
1811936
2101800
2400808
2748968
3118544
1815776
2097448
2384168
2720040
3105064
1758184
2039856
2330672
2682928
2945072
1819368
2088752
2457392
2785072
3026736
1804520
2094384
2397488
2762032
3111128
1746400
2036264
2339368
2695720
2953768
1847784
2125360
2416176
2768432
3030576
1816040
2097712
2495024
2720304
3093040
1811432
2101296
2400304
2748464
3118040
1730272
2011944
2298664
2634536
3019560
1913320
2190896
2481712
2829872
3087920
1789144
2133208
2440408
2665688
3038424
1828072
2195760
2511152
2748720
3138776
1767656
2095336
2410728
2787560
3049704
1812200
2102064
2401072
2753328
2987736
1762792
2052656
2355760
2720304
2982448
1823208
2092592
2461232
2780720
3014192
1812200
2102064
2405168
2769712
3031856
1750504
2040368
2339376
2691632
2953776
1823208
2092592
2461232
2780720
3014192
1799912
2089776
2392880
2757424
2975448
1836776
2126640
2421552
2761520
3015472
1750240
2031912
2322728
2670888
2928936
1819368
2088752
2457392
2776880
3010352
1828328
2110000
2400816
2748976
3003864
1750504
2040368
2343472
2708016
2970160
1847784
2125360
2518576
2743856
3116592
1795304
2114792
2405608
2753768
3011816
1742056
2031920
2335024
2695472
2957616
1830624
2108200
2394920
2730792
3115816
1823720
2113584
2412592
2760752
3130328
1734376
2024240
2327344
2687792
2949936
1819368
2088752
2469680
2686768
3047216
1828328
2110000
2400816
2753072
3015216
1796072
2085936
2389040
2753584
3102680
1766632
2056496
2355504
2699568
2949424
1826784
2104360
2391080
2726952
3111976
1819880
2109744
2412848
2777392
3039536
1738216
2028080
2331184
2695728
2961968
1830888
2100272
2468912
2796592
3038256
1812200
2102064
2401072
2753328
3118808
1811936
2101800
2404904
2769448
3031592
1758952
2048816
2351920
2716464
2978608
1830888
2108464
2399280
2747440
3136560
1816040
2105904
2409008
2773552
3122648
1745632
2035496
2334504
2686760
2948904
1827048
2104624
2497840
2723120
3095856
1808360
2098224
2397232
2745392
3003440
1771240
2061104
2364208
2720560
2978608
1819368
2134760
2425576
2777832
3039976
1738216
2069992
2373096
2725352
2979288
1822944
2100520
2497832
2723112
3095848
1812200
2102064
2401072
2749232
3118808
1745896
2027568
2314288
2650160
3035184
1823208
2092592
2473520
2690608
3051056
1819616
2109480
2412584
2777128
3039272
1803752
2093616
2396720
2761264
2979288
1766368
2056232
2359336
2723880
2986024
1806816
2084392
2375208
2723368
2981416
1832168
2122032
2421040
2773296
3039536
1742056
2031920
2335024
2699568
2961712
1819104
2088488
2457128
2784808
3026472
1828328
2110000
2400816
2748976
3003864
1807592
2097456
2400560
2765104
3027248
1746400
2036264
2335272
2687528
2949672
1839336
2116912
2407728
2759984
3022128
1812200
2102064
2405168
2765616
3118808
1816040
2105904
2404912
2757168
3019312
1758952
2040624
2331440
2683696
2945840
1835496
2113072
2498096
2715184
3079728
1796072
2127848
2430952
2775016
3102680
1762792
2044464
2335280
2687536
2949680
1799136
2076712
2474024
2699304
3072040
1832168
2122032
2425136
2789680
3051824
1762792
2052656
2355760
2720304
2982448
1834728
2150120
2440936
2793192
3055336
1738216
2069992
2373096
2737640
2979288
1815528
2130920
2421736
2773992
3036136
1808360
2098224
2401328
2765872
3114968
1750240
2040104
2339112
2691368
2953512
1827048
2104624
2395440
2743600
3005744
1816040
2105904
2404912
2753072
3011120
1754344
2044208
2347312
2707760
2969904
1807080
2122472
2413288
2761448
3019496
1816040
2105904
2409008
2773552
2991576
1742560
2024232
2315048
2663208
2921256
1834984
2112560
2399280
2739248
2997296
1819880
2109744
2412848
2777392
3039536
1803752
2093616
2396720
2761264
3110360
1766632
2056496
2359600
2715952
2974000
1823208
2100784
2494000
2719280
3092016
1816040
2097712
2490928
2716208
3088944
1754344
2044208
2347312
2711856
2974000
1794792
2072368
2469680
2694960
3067696
1819616
2109480
2408488
2760744
2995152
1767136
2057000
2356008
2700072
2949928
1831656
2109232
2400048
2752304
3014448
1816040
2105904
2404912
2753072
3011120
1750504
2032176
2322992
2671152
2991576
1807080
2084656
2481968
2707248
3079984
1819880
2101552
2392368
2740528
2995416
1742560
2024232
2315048
2663208
2921256
1913320
2194992
2485808
2838064
3100208
1792984
2137048
2444248
2669528
3042264
1778664
2146352
2461744
2695216
3023832
1816040
2097712
2388528
2740784
3002928
1751272
2032944
2323760
2671920
2929968
1835496
2104880
2473520
2793008
3026480
1812200
2102064
2401072
2749232
3118808
1820648
2110512
2413616
2778160
3040304
1738984
2028848
2331952
2696496
2958640
1835496
2113072
2403888
2752048
3010096
1808360
2090032
2380848
2729008
3114968
1816040
2097712
2388528
2736688
2994736
1742560
2032424
2335528
2700072
2962216
1925608
2203184
2494000
2842160
3100208
1792984
2137048
2444248
2669528
3091416
1758696
2126384
2441776
2675248
3056176
1836512
2126376
2429480
2773544
3012048
1820648
2102320
2393136
2741296
2999344
1746664
2028336
2319152
2667312
2925360
1839336
2116912
2407728
2755888
3013936
1807592
2097456
2396464
2744624
3114200
1819880
2101552
2388272
2724144
3109168
1738216
2028080
2331184
2695728
2957872
1859304
2136880
2427696
2775856
3033904
1799912
2119400
2410216
2762472
3106520
1812200
2102064
2401072
2749232
3007280
1746664
2028336
2315056
2650928
2987736
1831656
2109232
2395952
2731824
3116848
1816040
2105904
2404912
2753072
3122648
1746664
2028336
2421552
2646832
3019568
1838568
2116144
2509360
2734640
3107376
1796072
2127848
2422760
2762728
3012584
1812200
2102064
2405168
2761520
2987736
1754080
2043944
2347048
2711592
2973736
1827048
2096432
2477360
2694448
3054896
1820648
2110512
2413616
2778160
3040304
1754848
2036520
2323240
2659112
2995920
1823208
2100784
2498096
2723376
3096112
1799648
2089512
2388520
2736680
3106256
1754080
2043944
2347048
2711592
2973736
1835496
2104880
2485808
2702896
3063344
1823720
2113584
2412592
2760752
3018800
1742056
2073832
2376936
2729192
2983128
1831656
2109232
2506544
2731824
3104560
1815272
2147048
2450152
2794216
3121880
1730272
2062048
2365152
2717408
2975456
1901032
2170416
2539056
2858544
3092016
1792984
2137048
2444248
2669528
3042264
1844200
2211888
2527280
2760752
3154904
1809128
2063080
2370280
2722536
2984680
1840616
2130480
2425392
2765360
3016152
1746664
2036528
2335536
2687792
2949936
1835496
2104880
2473520
2801200
3042864
1795808
2085672
2388776
2753320
3015464
1828328
2118192
2417200
2769456
3003864
1742824
2024496
2315312
2667568
2929712
1835232
2112808
2403624
2755880
3018024
1811936
2101800
2404904
2769448
3031592
1812200
2093872
2384688
2732848
2987736
1758952
2048816
2351920
2716464
2978608
1823208
2092592
2461232
2780720
3014192
1799912
2089776
2392880
2757424
3019568
1839584
2129448
2424360
2764328
3015120
1742824
2032688
2339888
2696240
2954288
1835496
2104880
2473520
2793008
3026480
1819616
2109480
2408488
2756648
3014696
1746664
2036528
2335536
2683696
2941744
1807080
2084656
2481968
2707248
3079984
1816040
2097712
2388528
2736688
2991576
1754080
2043944
2347048
2703400
2961448
1822944
2092328
2473256
2690344
3050792
1836008
2117680
2408496
2760752
3022896
1742824
2032688
2335792
2696240
2958384
1810920
2080304
2448944
2776624
3018288
1824488
2106160
2396976
2749232
3000024
1762792
2052656
2355760
2720304
2982448
1810920
2126312
2417128
2769384
3031528
1746664
2028336
2319152
2667312
3056432
1826784
2104360
2497576
2722856
3095592
1808360
2098224
2397232
2745392
3003440
1766368
2048040
2338856
2691112
2953256
1807080
2122472
2413288
2765544
3027688
1766632
2048304
2335024
2670896
3007704
1803240
2118632
2409448
2761704
3023848
1758952
2040624
2331440
2667312
3000024
1810920
2126312
2417128
2769384
3031528
1742824
2024496
2417712
2642992
2983896
1815528
2093104
2383920
2732080
2990128
1812200
2093872
2384688
2732848
2987736
1824488
2114352
2417456
2782000
3044144
1742560
2032424
2335528
2700072
2962216
1921000
2198576
2489392
2837552
3095600
1789144
2133208
2440408
2665688
3087576
1790952
2158640
2474032
2711600
3100720
1796072
2077744
2470960
2696240
3102680
1839584
2129448
2428456
2780712
3038760
1734376
2024240
2327344
2691888
2954032
1892584
2170160
2460976
2813232
3075376
1821416
2071272
2472680
2697960
2988760
1840616
2130480
2429488
2781744
3043888
1799912
2089776
2388784
2741040
3106520
1758952
2048816
2351920
2716464
2978608
1819368
2088752
2457392
2785072
3026736
1819880
2101552
2392368
2744624
3006768
1798120
2079792
2370608
2722864
2985008
1709288
2068784
2371888
2724144
2986288
1762016
2039592
2436904
2662184
3034920
1749992
2065384
2356200
2708456
2970600
1725416
2040808
2331624
2683880
2946024
1781480
2050864
2431792
2648880
3013424
1729760
2032864
2413792
2630880
2995424
1773800
2051376
2436400
2653488
3018032
1749728
2073312
2376416
2740960
3003104
1753568
2068960
2359776
2707936
2965984
1762016
2073312
2360032
2695904
3080928
1717736
2077232
2380336
2732592
2990640
1793768
2071344
2468656
2693936
3066672
1791208
2081072
2384176
2748720
3010864
1737704
2040808
2421736
2638824
3003368
1758176
2073568
2360288
2700256
2958304
1766120
2081512
2372328
2720488
2978536
1757672
2125360
2440752
2674224
3055152
1721576
2081072
2384176
2736432
2994480
1741544
2056936
2347752
2700008
2962152
1769960
2039344
2407984
2735664
2977328
1741280
2056672
2347488
2699744
2961888
1749992
2065384
2352104
2687976
2946024
1749728
2065120
2355936
2704096
2962144
1733864
2049256
2340072
2688232
2946280
1753832
2031408
2416432
2633520
2998064
1769696
2047272
2444584
2669864
3042600
1749992
2065384
2356200
2704360
2962408
1745384
2060776
2351592
2699752
2957800
1746152
2061544
2352360
2700520
2958568
1757672
2073064
2363880
2716136
2978280
1748960
2052064
2432992
2650080
3014624
1733864
2036968
2413800
2630888
2991336
1762280
2039856
2437168
2662448
3035184
1753832
2069224
2360040
2708200
2966248
1729760
2032864
2409696
2626784
2987232
1761512
2039088
2424112
2641200
3005744
1745384
2060776
2351592
2703848
2965992
1745384
2022960
2420272
2645552
3018288
1757672
2035248
2420272
2637360
3001904
1778144
2093536
2380256
2720224
2978272
1729256
2088752
2391856
2744112
3002160
1745888
2061280
2352096
2704352
2966496
1773536
2076640
2359264
2695136
3080160
1721576
2081072
2384176
2736432
2994480
1777640
2093032
2383848
2736104
2998248
1725416
2084912
2388016
2740272
2998320
1757672
2073064
2363880
2716136
2978280
1741544
2044648
2421480
2638568
2999016
1753568
2068960
2359776
2712032
2974176
1749992
2065384
2356200
2708456
2970600
1745384
2060776
2351592
2703848
2965992
1749728
2065120
2351840
2691808
2949856
1769960
2085352
2372072
2712040
2970088
1733600
2101288
2416680
2654248
3043368
1753832
2069224
2360040
2712296
2974440
1745384
2060776
2351592
2703848
2965992
1761512
2064616
2343144
2679016
3064040
1737704
2053096
2343912
2696168
2958312
1749480
2064872
2355688
2707944
2970088
1753568
2068960
2359776
2712032
2974176
1749992
2065384
2356200
2708456
2970600
1749992
2065384
2356200
2708456
2970600
1753568
2056672
2335200
2671072
3056096
1753832
2069224
2364136
2716392
2978536
1733600
2036704
2417632
2634720
2999264
1761512
2039088
2436400
2661680
3034416
1745384
2060776
2351592
2699752
2957800
1745384
2060776
2351592
2703848
2965992
1753832
2069224
2360040
2712296
2974440
1753568
2056672
2335200
2671072
3056096
1757672
2073064
2363880
2716136
2978280
1748960
2052064
2432992
2650080
3014624
1740776
2043880
2420712
2637800
2998248
1764584
2067688
2346216
2682088
3067112
1733864
2049256
2340072
2692328
2954472
1733864
2036968
2315496
2651368
3036392
1766120
2043696
2330416
2666288
3051312
1749992
2053096
2331624
2667496
3052520
1782248
2085352
2363880
2699752
3084776
1795048
2084912
2388016
2740272
2998320
1725416
2040808
2331624
2679784
2937832
1777640
2047024
2415664
2743344
2985008
1733096
2036200
2413032
2630120
2990568
1757672
2035248
2432560
2657840
3030576
1769960
2073064
2355688
2691560
3076584
1725416
2093104
2408496
2641968
3022896
1737704
2053096
2343912
2696168
2958312
1769696
2047272
2338088
2686248
3075368
1726184
2041576
2332392
2680552
2938600
1773800
2043184
2411824
2739504
2981168
1729760
2045152
2335968
2684128
2942176
1789664
2067240
2358056
2706216
2964264
1738472
2106160
2421552
2655024
3035952
1769960
2093544
2396648
2761192
3023336
1795048
2084912
2388016
2732080
2981936
1729256
2032360
2409192
2626280
2990824
1781984
2051368
2432296
2653480
3026216
1717472
2085160
2400552
2634024
3014952
1774304
2051880
2342696
2690856
3079976
1748960
2052064
2432992
2650080
3014624
1730024
2033128
2409960
2627048
2987496
1766120
2043696
2428720
2645808
3010352
1757672
2073064
2363880
2712040
2970088
1737704
2061288
2364392
2728936
2991080
1758440
2073832
2364648
2716904
2979048
1749992
2053096
2429928
2647016
3015656
1746152
2061544
2352360
2700520
2958568
1733864
2036968
2413800
2630888
2995432
1765856
2043432
2440744
2666024
3038760
1749992
2053096
2429928
2647016
3011560
1753832
2056936
2433768
2650856
3015400
1761512
2076904
2367720
2715880
2973928
1737440
2105128
2420520
2653992
3034920
1733096
2036200
2417128
2634216
2998760
1753064
2030640
2427952
2653232
3025968
1766120
2081512
2372328
2724584
2986728
1737440
2052832
2343648
2691808
2949856
1753832
2056936
2335464
2671336
3056360
1737704
2053096
2343912
2696168
2958312
1757672
2035248
2420272
2637360
3001904
1745384
2060776
2347496
2687464
2945512
1761248
2038824
2436136
2661416
3034152
1746152
2061544
2352360
2704616
2966760
1757672
2060776
2339304
2675176
3060200
1745120
2060512
2351328
2699488
2957536
1757408
2072800
2359520
2695392
2949344
1725416
2028520
2417640
2642920
3015656
1773800
2055472
2346288
2694448
2952496
1737704
2053096
2343912
2692072
2950120
1753832
2069224
2360040
2712296
2974440
1753832
2069224
2360040
2712296
2974440
1746152
2061544
2352360
2700520
2958568
1769960
2085352
2372072
2707944
2961896
1729256
2096944
2412336
2645808
3026736
1761512
2076904
2367720
2719976
2982120
1745888
2061280
2352096
2700256
2958304
1745384
2048488
2425320
2642408
3006952
1737440
2052832
2343648
2695904
2958048
1765352
2042928
2427952
2645040
3009584
1758176
2073568
2364384
2712544
2970592
1757672
2081256
2384360
2748904
3011048
1741544
2109232
2424624
2662192
3051312
1729256
2044648
2335464
2683624
2941672
1774568
2043952
2412592
2740272
2981936
1741544
2052840
2339560
2675432
3060456
1741544
2044648
2421480
2638568
3003112
1793768
2096872
2375400
2711272
3096296
1786600
2076464
2379568
2744112
3006256
1749992
2053096
2446312
2671592
3044328
1733600
2057184
2360288
2724832
2986976
1762016
2077408
2368224
2720480
2982624
1730024
2033128
2409960
2627048
2991592
1762280
2039856
2433072
2658352
3031088
1746152
2061544
2352360
2704616
2966760
1762016
2039592
2436904
2662184
3034920
1725416
2040808
2331624
2679784
2937832
1773800
2043184
2424112
2641200
3001648
1769960
2085352
2376168
2724328
2982376
1733864
2093360
2396464
2748720
3006768
1749992
2053096
2429928
2647016
3007464
1762280
2065384
2442216
2659304
3019752
1730024
2097712
2413104
2650672
3039792
1769960
2085352
2376168
2728424
2990568
1729256
2096944
2412336
2649904
3039024
1741544
2056936
2347752
2700008
2962152
1773800
2051376
2436400
2653488
3018032
1725416
2049000
2352104
2716648
2978792
1773800
2051376
2436400
2653488
3018032
1730024
2053608
2356712
2721256
2983400
1757408
2034984
2436392
2661672
3034408
1766120
2081512
2372328
2724584
2986728
1742048
2109736
2425128
2658600
3039528
1741544
2056936
2347752
2700008
2962152
1741544
2056936
2343656
2679528
2933480
1741544
2019120
2416432
2641712
3014448
1757408
2034984
2325800
2673960
2932008
1761512
2039088
2436400
2661680
3034416
1769960
2085352
2376168
2728424
2990568
1717736
2085424
2400816
2634288
3015216
1757672
2035248
2420272
2637360
3001904
1753832
2069224
2355944
2695912
2953960
1758440
2073832
2360552
2696424
2950376
1781984
2085088
2466016
2683104
3047648
1778920
2068784
2367792
2720048
2982192
1769960
2085352
2376168
2728424
2990568
1725152
2092840
2408232
2645800
3034920
1769696
2047272
2444584
2669864
3042600
1737704
2040808
2409448
2737128
2978792
1742312
2057704
2344424
2680296
2934248
1769696
2047272
2444584
2669864
3042600
1730024
2045416
2336232
2692584
2954728
1769960
2073064
2351592
2687464
3072488
1725416
2093104
2408496
2641968
3022896
1757672
2035248
2432560
2657840
3030576
1753832
2069224
2355944
2691816
2945768
1745120
2060512
2351328
2699488
2957536
1749992
2065384
2356200
2708456
2970600
1745384
2060776
2351592
2703848
2965992
1749992
2027568
2424880
2650160
3022896
1769960
2047536
2444848
2670128
3042864
1709288
2012392
2381032
2708712
2950376
1847016
2124592
2415408
2763568
3021616
1811936
2143712
2446816
2799072
3057120
1746664
2036528
2335536
2687792
2949936
1807080
2084656
2469680
2686768
3051312
1832168
2122032
2421040
2773296
3007704
1754344
2044208
2347312
2711856
2974000
1819104
2096680
2493992
2719272
3092008
1828328
2118192
2421296
2781744
3043888
1755112
2086888
2389992
2742248
2996184
1815264
2130656
2421472
2773728
3031776
1714408
2046184
2349288
2693352
2943208
1909480
2187056
2477872
2826032
3084080
1854680
2198744
2505944
2731224
3039376
1767656
2087144
2377960
2726120
2984168
1820648
2110512
2405424
2745392
2996184
1832936
2122800
2417712
2757680
3007536
1755112
2036784
2327600
2675760
2933808
1822440
2100016
2386736
2722608
3107632
1803752
2093616
2396720
2761264
2979288
1762792
2044464
2335280
2687536
2949680
1810920
2080304
2461232
2678320
3038768
1840616
2130480
2433584
2798128
3060272
1734376
2024240
2323248
2671408
2929456
1908712
2178096
2559024
2776112
3136560
1785056
2129120
2436320
2661600
3083488
1877224
2188520
2475240
2811112
3196136
1850592
2194656
2501856
2727136
3035288
1783784
2115560
2418664
2783208
3045352
1754344
2044208
2347312
2711856
2974000
1807080
2076464
2445104
2764592
2998064
1824488
2114352
2413360
2761520
3000024
1758952
2048816
2351920
2716464
2978608
1831656
2109232
2400048
2748208
3006256
1803752
2093616
2396720
2761264
3023408
1742824
2024496
2315312
2663472
2921520
1904104
2181680
2468400
2808368
3066416
1792984
2137048
2444248
2669528
3091416
1779432
2147120
2462512
2695984
3076912
1808360
2098224
2401328
2765872
2983896
1836776
2126640
2425648
2777904
3040048
1746664
2036528
2339632
2704176
2966320
1834728
2112304
2403120
2751280
3140400
1816040
2147816
2450920
2803176
3122648
1750504
2040368
2343472
2708016
2970160
1798632
2114024
2404840
2757096
3019240
1832168
2122032
2425136
2781488
3039536
1758184
2048048
2351152
2715696
2977840
1835496
2113072
2510384
2735664
3108400
1783784
2115560
2418664
2783208
3090392
1742824
2032688
2335792
2700336
2962480
1904608
2182184
2473000
2825256
3087400
1805288
2059240
2366440
2718696
2976744
1819880
2109744
2408752
2761008
2995416
1851872
2141736
2440744
2793000
3051048
1741792
2023464
2420776
2646056
2982864
1835496
2104880
2473520
2801200
3042864
1783784
2115560
2410472
2750440
3090392
1819880
2109744
2412848
2769200
3027248
1758952
2048816
2351920
2708272
2966320
1815528
2084912
2453552
2773040
3006512
1848296
2138160
2441264
2797616
3023832
1718248
2050024
2353128
2705384
2963432
1912288
2189864
2480680
2832936
3095080
1858520
2202584
2509784
2735064
3107800
1783784
2123752
2439144
2815976
3024856
1824488
2114352
2417456
2773808
3031856
1730536
2020400
2323504
2688048
2950192
1900768
2178344
2469160
2817320
3075368
1801448
2055400
2362600
2714856
2968792
1767144
2126640
2429744
2782000
3040048
1820384
2110248
2413352
2777896
2995920
1758952
2048816
2351920
2716464
2978608
1807080
2076464
2445104
2772784
3018544
1836776
2126640
2425648
2777904
3040048
1762792
2052656
2355760
2720304
2982448
1798632
2114024
2400744
2736616
2990568
1750504
2032176
2322992
2675248
2937392
1827048
2096432
2465072
2792752
3034416
1819616
2109480
2412584
2777128
3126224
1734376
2024240
2327344
2691888
2954032
1904872
2182448
2473264
2825520
3087664
1792984
2137048
2444248
2669528
3042264
1787112
2154800
2470192
2703664
3032280
1811936
2093608
2486824
2712104
3084840
1820648
2110512
2413616
2778160
2996184
1754344
2044208
2347312
2711856
2974000
1790688
2068264
2453288
2670376
3034920
1767144
2126640
2429744
2782000
3040048
1758184
2048048
2347056
2699312
2961456
1814760
2092336
2383152
2731312
2989360
1828328
2110000
2400816
2748976
3003864
1738216
2028080
2331184
2695728
2957872
1900768
2178344
2469160
2817320
3075368
1789144
2133208
2440408
2665688
3042520
1791720
2159408
2474800
2708272
3036888
1796072
2085936
2384944
2733104
2991152
1824488
2114352
2413360
2765616
3000024
1747432
2037296
2340400
2704944
2967088
1823208
2100784
2391600
2739760
2997808
1819880
2109744
2412848
2777392
3039536
1812200
2102064
2405168
2769712
2987736
1746400
2036264
2339368
2703912
2966056
1548480
1826056
2116872
2469128
2731272
3055768
1722856
2012720
2315824
2680368
2942512
1901032
2170416
2555440
2784816
3146200
1805024
2058976
2366176
2714336
2972384
1836776
2126640
2429744
2773808
3012312
1804256
2085928
2376744
2724904
2982952
1849064
2138928
2433840
2773808
3024600
1766632
2056496
2355504
2707760
2969904
1742048
2045152
2421984
2639072
2999520
1733600
2048992
2335712
2671584
2925536
1749992
2027568
2318384
2666544
2924592
1757672
2035248
2326064
2674224
2932272
1753832
2031408
2428720
2654000
3030832
1753832
2069224
2360040
2712296
2974440
1733600
2048992
2339808
2692064
2954208
1757672
2035248
2428464
2653744
3026480
1753832
2031408
2428720
2654000
3026736
1757672
2073064
2363880
2716136
2978280
1753832
2069224
2360040
2708200
2966248
1741544
2044648
2425576
2642664
3007208
1749728
2065120
2351840
2687712
2941664
1761512
2076904
2363624
2699496
2953448
1741544
2065128
2368232
2732776
2994920
1741544
2056936
2347752
2695912
2953960
1749728
2065120
2355936
2708192
2970336
1769960
2047536
2444848
2670128
3042864
1730024
2033128
2401768
2729448
2971112
1749728
2027304
2424616
2649896
3022632
1757672
2035248
2432560
2657840
3030576
1753832
2069224
2355944
2691816
2945768
1748960
2064352
2355168
2703328
2961376
1733864
2049256
2340072
2692328
2954472
1757672
2035248
2428464
2653744
3026480
1769960
2047536
2444848
2670128
3042864
1725416
2093104
2408496
2641968
3022896
1733096
2010672
2407984
2633264
3006000
1762280
2039856
2330672
2682928
2945072
1757672
2035248
2420272
2637360
3001904
1774568
2089960
2380776
2728936
2986984
1741544
2109232
2424624
2662192
3051312
1737704
2053096
2343912
2692072
2950120
1746152
2049256
2327784
2663656
3048680
1741544
2019120
2416432
2641712
3014448
1766120
2035504
2416432
2637616
3010352
1749992
2065384
2356200
2708456
2970600
1741544
2056936
2347752
2700008
2962152
1741544
2019120
2416432
2641712
3014448
1766120
2043696
2334512
2682672
2940720
1753568
2068960
2359776
2712032
2974176
1766120
2081512
2372328
2724584
2986728
1737704
2105392
2420784
2658352
3047472
1749224
2052328
2429160
2646248
3010792
1753832
2069224
2360040
2708200
2966248
1749992
2053096
2434024
2651112
3015656
1769960
2073064
2453992
2671080
3035624
1783528
2073392
2368304
2708272
2958128
1778408
2093800
2384616
2736872
2999016
1725416
2084912
2388016
2740272
2998320
1749224
2064616
2351336
2687208
2941160
1753568
2068960
2359776
2712032
2974176
1757672
2073064
2363880
2716136
2978280
1733096
2048488
2339304
2687464
2945512
1790696
2068272
2465584
2690864
3063600
1799656
2089520
2384432
2724400
2974256
1753568
2056672
2425312
2752992
2994656
1757408
2125096
2440488
2678056
3067176
1741544
2101040
2404144
2756400
3014448
1733096
2036200
2417128
2748904
2994664
1746152
2061544
2352360
2704616
2966760
1753568
2031144
2428456
2653736
3026472
1749992
2065384
2356200
2708456
2970600
1774568
2089960
2380776
2733032
2995176
1749728
2117416
2432808
2666280
3047208
1753832
2121520
2436912
2670384
3051312
1737704
2097200
2400304
2752560
3010608
1753832
2077416
2380520
2749160
3011304
1683688
2051376
2366768
2604336
2993456
3207296
1798296
2076824
2396312
2760856
3023000
1868776
2184168
2474984
2827240
3089384
1854680
2198744
2505944
2731224
3103960
1759712
2079200
2370016
2718176
3000784
1770984
2130480
2433584
2785840
3043888
1755112
2044976
2343984
2696240
2958384
1794792
2064176
2432816
2760496
3002160
1770984
2130480
2433584
2785840
3016152
1816040
2105904
2409008
2773552
3035696
1746664
2036528
2339632
2704176
2966320
1847784
2117168
2502192
2731568
3116592
1823720
2113584
2416688
2777136
3130328
1811432
2143208
2446312
2798568
3056616
1745896
2035760
2334768
2687024
2949168
1831392
2108968
2493992
2711080
3075624
1795808
2127584
2430688
2782944
3102416
1832168
2122032
2425136
2789680
3051824
1730272
2020136
2323240
2687784
2949928
1904872
2182448
2473264
2821424
3079472
1805024
2149088
2456288
2681568
3012376
1824488
2114352
2413360
2765616
3023664
1844960
2134824
2437928
2802472
3020496
1730536
2020400
2323504
2688048
2950192
1876456
2145840
2526768
2743856
3104304
1825256
2079208
2394600
2767336
3029480
1836512
2126376
2425384
2777640
3012048
1808360
2098224
2401328
2765872
3028016
1767400
2057264
2356272
2708528
2970672
1806816
2084392
2469416
2686504
3051048
1836776
2126640
2429744
2794288
3012312
1746400
2036264
2335272
2687528
2949672
1818336
2095912
2480936
2698024
3062568
1812200
2102064
2405168
2769712
3031856
1750504
2032176
2322992
2671152
2929200
1839072
2108456
2477096
2796584
3030056
1799912
2081584
2478896
2704176
3106520
1811936
2093608
2384424
2732584
2990632
1750504
2040368
2343472
2699824
2957872
1831656
2109232
2400048
2752304
3014448
1828328
2118192
2421296
2777648
3003864
1816040
2105904
2409008
2769456
3031600
1746400
2036264
2343464
2708008
2970152
1822944
2100520
2485544
2702632
3067176
1816040
2105904
2409008
2769456
3122648
1734376
2024240
2327344
2691888
2954032
1908712
2186288
2477104
2829360
3091504
1789144
2133208
2440408
2665688
3038424
1832416
2200104
2515496
2753064
3143120
1825256
2079208
2390504
2755048
3017192
1766632
2056496
2351408
2691376
2941232
1839336
2108720
2477360
2805040
3046704
1783784
2115560
2418664
2770920
3090392
1824488
2114352
2409264
2749232
3003184
1750504
2040368
2343472
2708016
2970160
1827048
2104624
2395440
2743600
3001648
1840616
2130480
2433584
2798128
3016152
1816040
2105904
2404912
2753072
3011120
1730536
2020400
2323504
2683952
2946096
1892584
2170160
2456880
2796848
3054896
1792984
2137048
2444248
2669528
3091416
1844200
2211888
2527280
2760752
3141680
1825760
2079712
2386912
2739168
2993104
1812200
2093872
2388784
2736944
2994992
1751272
2041136
2344240
2708784
2970928
1823208
2092592
2473520
2690608
3051056
1824488
2106160
2396976
2749232
3000024
1812200
2102064
2405168
2769712
3031856
1746400
2028072
2318888
2667048
2925096
1839336
2116912
2407728
2755888
3013936
1812200
2102064
2401072
2749232
3118808
1796072
2085936
2389040
2753584
3015728
1791208
2081072
2375984
2715952
2969904
1725416
2040808
2331624
2679784
2937832
1753832
2023216
2391856
2711344
2944816
1753832
2031408
2318128
2654000
3039024
1781984
2051368
2432296
2653480
3026216
1725416
2093104
2408496
2641968
3022896
1766120
2043696
2441008
2666288
3039024
1741544
2044648
2425576
2642664
3007208
1746152
2061544
2348264
2684136
2938088
1745888
2061280
2348000
2687968
2946016
1757672
2035248
2432560
2657840
3030576
1749992
2065384
2356200
2708456
2970600
1757672
2073064
2363880
2716136
2982376
1733864
2049256
2340072
2688232
2946280
1761512
2039088
2436400
2661680
3034416
1733096
2048488
2339304
2687464
2945512
1745384
2022960
2407984
2625072
2989616
1753568
2031144
2321960
2670120
2928168
1762280
2039856
2433072
2658352
3031088
1753832
2069224
2360040
2712296
2974440
1761248
2076640
2367456
2719712
2981856
1753832
2077416
2380520
2745064
3007208
1753832
2121520
2436912
2674480
3063600
1733864
2101552
2416944
2654512
3043632
1762016
2077408
2368224
2716384
2974432
1733096
2036200
2417128
2748904
2994664
1749992
2065384
2356200
2708456
2970600
1777640
2080744
2359272
2695144
3080168
1725416
2084912
2388016
2740272
2998320
1748960
2064352
2355168
2707424
2969568
1754600
2069992
2360808
2713064
2975208
1746152
2061544
2352360
2700520
2958568
1762016
2077408
2368224
2720480
2982624
1749992
2065384
2356200
2708456
2966504
1741544
2052840
2339560
2675432
3060456
1741544
2044648
2421480
2638568
3003112
1769192
2072296
2350824
2686696
3071720
1725416
2093104
2408496
2641968
3022896
1757672
2035248
2432560
2657840
3030576
1741544
2056936
2343656
2679528
2933480
1786088
2063664
2460976
2686256
3058992
1705448
2064944
2368048
2720304
2978352
1843176
2120752
2411568
2759728
3017776
1796072
2115560
2406376
2758632
3020776
1742824
2032688
2335792
2700336
2962480
1847520
2125096
2415912
2768168
3030312
1796072
2127848
2430952
2775016
3102680
1812200
2093872
2384688
2732848
2990896
1754344
2044208
2347312
2711856
2974000
1839072
2116648
2407464
2755624
3013672
1812200
2102064
2401072
2749232
3118808
1807592
2097456
2400560
2765104
3027248
1767400
2057264
2360368
2716720
2974768
1810920
2088496
2485808
2711088
3083824
1812200
2102064
2405168
2765616
3118808
1742560
2024232
2315048
2663208
2921256
1835232
2112808
2399528
2735400
3120424
1796072
2085936
2389040
2753584
3015728
1824488
2114352
2409264
2749232
3000024
1762792
2052656
2351664
2703920
2961968
1819104
2088488
2457128
2776616
3010088
1844456
2126128
2416944
2765104
3023152
1718248
2050024
2353128
2697192
2947048
1904872
2182448
2469168
2809136
3067184
1850592
2194656
2501856
2727136
3035288
1775840
2107616
2410720
2775264
3037408
1816040
2105904
2404912
2757168
2991576
1824488
2114352
2409264
2749232
3003184
1755112
2044976
2348080
2712624
2974768
1819368
2096944
2387760
2740016
3002160
1812200
2102064
2401072
2753328
2987736
1828064
2117928
2412840
2752808
3002664
1766632
2056496
2359600
2724144
2986288
1834464
2112040
2497064
2714152
3078696
1791464
2123240
2426344
2778600
3098072
1758952
2048816
2351920
2708272
2970416
1806816
2084392
2477608
2702888
3075624
1820648
2110512
2413616
2769968
3028016
1755112
2044976
2348080
2712624
2974768
1843176
2112560
2481200
2800688
3034160
1795808
2127584
2430688
2774752
3102416
1819880
2101552
2392368
2740528
2998576
1763560
2045232
2336048
2684208
2942256
1827048
2104624
2501936
2727216
3099952
1803752
2135528
2438632
2790888
3110360
1751008
2040872
2343976
2700328
2958376
1806816
2084392
2375208
2723368
2981416
1824224
2114088
2413096
2765352
3027496
1771240
2061104
2364208
2728752
2990896
1819104
2134496
2421216
2761184
3019232
1738216
2028080
2331184
2695728
2957872
1835496
2113072
2403888
2752048
3010096
1811936
2143712
2446816
2799072
3118544
1799912
2089776
2392880
2753328
3015472
1754344
2044208
2343216
2695472
2957616
1839072
2116648
2407464
2759720
3021864
1808360
2098224
2401328
2765872
3114968
1738216
2028080
2331184
2695728
2957872
1921000
2198576
2489392
2841648
3103792
1785056
2129120
2436320
2661600
3034336
1856488
2167784
2454504
2790376
3167192
1870824
2214888
2522088
2747368
3120104
1825256
2079208
2394600
2771432
2992600
1770976
2060840
2363944
2716200
2974248
1831392
2100776
2469416
2797096
3038760
1816040
2105904
2404912
2757168
3019312
1755112
2044976
2348080
2712624
2974768
1807080
2084656
2481968
2707248
3079984
1812200
2093872
2384688
2736944
2987736
1762528
2052392
2355496
2720040
2982184
1814760
2092336
2383152
2731312
2989360
1823720
2105392
2396208
2744368
3002416
1755112
2044976
2348080
2712624
2974768
1819104
2096680
2481704
2698792
3063336
1812200
2102064
2405168
2769712
3118808
1746664
2028336
2319152
2667312
2925360
1839336
2116912
2407728
2755888
3013936
1811936
2101800
2400808
2748968
3007016
1792232
2082096
2385200
2745648
3098840
1771240
2061104
2356016
2695984
2949936
1807080
2084656
2375472
2723632
2981680
1824488
2114352
2413360
2765616
3027760
1771240
2061104
2364208
2728752
2990896
1810920
2126312
2413032
2753000
3011048
1754344
2044208
2347312
2711856
2974000
1823208
2100784
2498096
2723376
3096112
1812200
2102064
2405168
2769712
3118808
1734376
2024240
2327344
2691888
2954032
1900264
2177840
2468656
2820912
3083056
1809128
2153192
2460392
2685672
3058408
1836776
2126640
2429744
2794288
3012312
1820384
2110248
2413352
2777896
3040040
1746664
2036528
2339632
2704176
2966320
1814760
2084144
2452784
2780464
3022128
1819616
2109480
2408488
2760744
2995152
1820384
2110248
2409256
2761512
3023656
1758952
2048816
2351920
2716464
2978608
1827048
2104624
2395440
2743600
3001648
1808360
2098224
2397232
2749488
3114968
1755112
2044976
2348080
2712624
2974768
1810920
2088496
2473520
2690608
3055152
1816544
2098216
2389032
2741288
3003432
1746664
2036528
2339632
2704176
2966320
1823208
2100784
2391600
2743856
3006000
1840616
2130480
2429488
2781744
3016152
1808360
2098224
2401328
2765872
3028016
1750504
2040368
2343472
2708016
2970160
1807080
2076464
2457392
2678576
3051312
1812200
2102064
2405168
2769712
2987736
1771240
2061104
2360112
2704176
2954032
1819368
2096944
2490160
2715440
3088176
1816040
2105904
2409008
2773552
3035696
1746664
2028336
2319152
2671408
2933552
1819104
2088488
2457128
2776616
3010088
1824224
2105896
2396712
2744872
2999760
1819880
2101552
2392368
2744624
3006768
1755112
2036784
2327600
2679856
2942000
1810920
2088496
2481712
2706992
3079728
1831904
2113576
2404392
2752552
3007440
1738720
2020392
2311208
2659368
3048488
1819368
2088752
2461488
2780976
3014448
1828328
2118192
2421296
2777648
3035696
1807592
2097456
2400560
2761008
3114200
1746664
2028336
2319152
2667312
2925360
1831392
2108968
2399784
2747944
3005992
1815776
2097448
2384168
2720040
3105064
1812200
2093872
2384688
2736944
2987736
1762792
2052656
2355760
2712112
2970160
1831656
2109232
2502448
2727728
3100464
1799912
2081584
2478896
2704176
3076912
1757920
2039592
2330408
2678568
2936616
1819368
2088752
2469680
2690864
3063600
1832168
2113840
2400560
2736432
3138776
1730536
2012208
2409520
2634800
3007536
1908448
2177832
2546472
2865960
3099432
1792984
2137048
2444248
2669528
3042264
1770216
2137904
2453296
2686768
3015384
1828328
2118192
2421296
2785840
3047984
1746664
2028336
2319152
2671408
2933552
1802976
2072360
2453288
2670376
3030824
1836008
2125872
2428976
2773040
3011544
1812200
2093872
2384688
2732848
2994992
1746664
2036528
2339632
2695984
2954032
1843176
2120752
2407472
2743344
3128368
1795808
2085672
2384680
2732840
3102416
1829096
2118960
2422064
2786608
3048752
1762792
2044464
2335280
2687536
2949680
1807080
2084656
2481968
2707248
3079984
1832168
2113840
2404656
2756912
3007704
1742560
2032424
2331432
2683688
2945832
1831656
2109232
2400048
2748208
3006256
1819880
2109744
2412848
2777392
3039536
1742824
2032688
2335792
2700336
2962480
1823208
2092592
2461232
2788912
3030576
1803752
2093616
2392624
2740784
3110360
1819880
2101552
2392368
2740528
2998576
1763560
2045232
2336048
2684208
2942256
1827048
2104624
2501936
2727216
3099952
1812200
2093872
2491184
2716464
3118808
1746664
2036528
2339632
2700080
2962224
1827048
2104624
2497840
2723120
3095856
1808360
2098224
2397232
2745392
3003440
1746664
2036528
2339632
2700080
2958128
1835496
2113072
2403888
2752048
3010096
1796072
2127848
2430952
2783208
3102680
1812200
2102064
2401072
2753328
3015472
1771240
2061104
2364208
2728752
2990896
1819368
2096944
2481968
2699056
3063600
1799912
2089776
2392880
2757424
3106520
1754344
2044208
2347312
2711856
2974000
1835496
2113072
2403888
2756144
3018288
1816040
2105904
2409008
2773552
3035696
1808096
2097960
2401064
2765608
2983632
1775080
2064944
2368048
2732592
2994736
2734336
1807080
2461568
2122472
2760576
2409192
2451088
2749160
2737808
3007208
2453888
1750504
2772424
2040368
3149256
2339376
2445104
2691632
2734968
2953776
3038072
1806312
2302856
2083888
2618552
2374704
3011768
2722864
3237048
2980912
2257120
1819880
2523352
2109744
2851032
2412848
3231960
2777392
2043184
3039536
2387248
1766632
2694448
2056496
2919728
2359600
3252440
2715952
1986784
2974000
2339040
1806816
2654432
2084392
2924760
2481704
3252440
2706984
1928512
3079720
2301248
1812200
2518336
2093872
2882880
2384688
3145024
2732848
1830192
2987736
2174256
1758952
2481456
2048816
2706736
2351920
3128624
2708272
1870144
2966320
2237832
1823208
2553224
2092592
2790792
2461232
3179912
2780720
1788992
3014192
2108480
1832168
2399296
2122032
2747456
2425136
3030064
2781488
1807944
3039536
2175632
1750504
2495120
2040368
2728592
2339376
3109520
2687536
1799752
2945584
2089616
1807080
2392720
