0
32
32
32
52
52
94
94
128
128
150
150
195
195
232
232
265
265
315
315
357
357
391
391
413
413
461
461
507
507
541
541
590
590
629
629
668
668
696
696
743
743
781
781
808
808
857
857
896
896
929
929
950
950
994
994
1032
1032
1064
1064
1114
1114
1161
1161
1199
1199
1225
1225
1278
1278
1321
1321
1348
1348
1397
1397
1439
1439
1470
1470
1500
1500
1544
1544
1582
1582
1610
1610
1660
1660
1700
1700
1733
1733
1754
1754
1801
1801
1840
1840
1874
1874
1924
1924
1970
1970
2009
2009
2036
2036
2083
2083
2126
2126
2160
2160
2210
2210
2249
2249
2283
2283
2317
2317
2362
2362
2400
2400
2429
2429
2478
2478
2516
2516
2549
2549
2571
2571
2618
2618
2657
2657
2685
2685
2734
2734
2773
2773
2811
2811
2840
2840
2888
2888
2933
2933
2962
2962
3011
3011
3054
3054
3087
3087
3109
3109
3154
3154
3191
3191
3226
3226
3275
3275
3314
3314
3348
3348
3374
3374
3423
3423
3468
3468
3497
3497
3547
3547
3586
3586
3621
3621
3647
3647
3691
3691
3729
3729
3763
3763
3813
3813
3852
3852
3886
3886
3931
3931
3977
3977
4015
4015
4048
4048
4099
4099
4138
4138
4176
4176
4199
4199
4243
4243
4281
4281
4315
4315
4364
4364
4404
4404
4434
4434
4456
4456
4503
4503
4547
4547
4580
4580
4631
4631
4669
4669
4703
4703
4726
4726
4770
4770
4811
4811
4840
4840
4889
4889
4938
4938
4972
4972
4995
4995
5040
5040
5078
5078
5112
5112
5162
5162
5209
5209
5242
5242
5269
5269
5318
5318
5356
5356
5384
5384
5434
5434
5474
5474
5507
5507
5534
5534
5579
5579
5617
5617
5645
5645
5695
5695
5742
5742
5781
5781
5803
5803
5848
5848
5893
5893
5930
5930
5980
5980
6052
6052
6083
6083
6106
6106
6155
6155
6193
6193
6228
6228
6278
6278
6323
6323
6364
6364
6389
6389
6435
6435
6473
6473
6507
6507
6557
6557
6597
6597
6636
6636
6664
6664
6707
6707
6752
6752
6787
6787
6836
6836
6875
6875
6915
6915
6938
6938
6987
6987
7025
7025
7053
7053
7103
7103
7142
7142
7173
7173
7196
7196
7243
7243
7289
7289
7322
7322
7370
7370
7419
7419
7453
7453
7476
7476
7524
7524
7566
7566
7591
7591
7640
7640
7687
7687
7722
7722
7745
7745
7792
7792
7831
7831
7859
7859
7908
7908
7956
7956
7990
7990
8013
8013
8061
8061
8099
8099
8130
8130
8179
8179
8224
8224
8258
8258
8281
8281
8326
8326
8372
8372
8400
8400
8450
8450
8497
8497
8538
8538
8561
8561
8605
8605
8645
8645
8678
8678
8729
8729
8780
8780
8814
8814
8841
8841
8888
8888
8931
8931
8960
8960
9010
9010
9050
9050
9084
9084
9110
9110
9153
9153
9188
9188
9217
9217
9265
9265
9305
9305
9339
9339
9366
9366
9414
9414
9452
9452
9480
9480
9530
9530
9578
9578
9611
9611
