41438184
21829816
41437512
61520680
21184856
41188840
21180264
41193384
20984864
40999368
20992344
40996280
21257112
41270384
21224088
41242416
21230128
41246584
20992792
41000496
20977696
41297632
21298336
41314352
21296232
41002240
20989256
40998368
20984808
40996928
21006136
41013728
20994456
40998512
20990392
41000336
20997224
41010864
21002584
41003800
20992592
41000112
21377296
41390248
21386672
41397528
21386288
41394344
21006632
41013848
21005408
41016984
21035688
41043680
21035240
41044608
21007552
41015672
21007552
41015592
21006832
41015032
21007264
41015112
21008184
41016864
21008296
41017056
21007816
40968616
20970080
40988048
20986728
41001752
20995608
41000592
20991640
41002752
20998904
41011824
21007768
41016880
21007752
41017232
21005728
41017480
21036392
41043856
21007584
41016856
21007712
41016776
21008208
41017288
21008400
41016024
21007712
41016536
21007808
41017224
21008304
41016712
21007584
41015512
21008200
41015584
21035096
41043664
21035416
41042736
21034360
41042688
21008424
41014424
21009312
41016504
21008144
41016904
21008224
41017160
21008480
41016568
21009184
41017528
21008336
41014816
21009000
41014064
21010072
41017728
21009048
41018272
21008968
41017088
21009320
41018256
21009512
41017280
21008824
41018160
21009112
41017024
21009416
41018432
21009048
41017440
21008904
41018720
21008888
41150872
21156024
41004736
20992584
41001536
20995000
41008560
21004168
41018224
21008440
41017088
21009160
41017056
21009384
41018448
21009528
41017600
21008904
41018896
21009192
41018336
21008904
41018688
21008776
41017136
21009352
41017328
21009400
41019120
21009288
41017424
21008904
41018192
21009000
41018240
21009496
41018576
21009128
41016960
21009352
41015480
21010256
41014608
21009944
41017904
21009384
41018496
21009672
41018896
21009960
41019120
21009256
41017296
21009832
41018480
21010120
41019312
21010104
41017952
21009592
41017840
21009784
41018272
21009688
41019264
21009256
41018528
21009528
41018848
21009576
41018480
21010072
41018080
21009384
41018624
21009672
41018688
21009672
41018016
21005512
41015744
21009976
41020032
21010296
41019088
21010296
41017744
21009592
41017968
21009576
41018480
21009864
41019040
21009608
41017824
21009384
41018448
21009880
41018288
21010072
41019264
21009592
41017232
21011872
41014208
21010848
41019552
21004072
41012208
21003416
41013632
21010416
41018968
21035792
41038424
20999648
41009256
21001584
41011560
21006304
41019784
21003856
41009624
20999472
41010200
21006304
41020352
21016888
41023520
21016040
41024544
21016440
41022816
21017464
41026432
21016088
41025008
21013904
41025720
21016720
41027112
21016736
41025752
21016192
41025000
21016384
41026216
21016288
41025672
21016288
41023720
21017520
41025592
21017792
41025784
21017328
41025128
21016672
41298616
21293768
41306648
21301256
41313728
21004832
41009368
21000640
41011736
21007040
41020056
21016320
41024664
21016576
41024712
21016864
41025432
21017136
41025864
21016240
41024600
21016672
41025832
21016840
41026000
21017272
41025312
21016584
41024208
21016792
41025968
21016888
41025888
21016456
41025216
21016728
41024640
21017080
41024432
21017208
41025760
21016584
41025808
21016872
41025968
21016872
41025968
21016808
41026224
21016840
41024576
21017080
41026576
20985128
40992368
20984440
40992672
20984840
40992272
20984920
40994000
20984312
40992912
20984440
40993248
20984936
40993904
20984792
40992656
20935520
40943304
20936000
40944968
20933800
40945152
20964648
40970672
20936640
40944304
21234752
40890648
20913504
40958848
20947616
40955840
20922120
40935256
20931288
40944504
20936248
40944680
20936408
40944152
20936952
40944824
20937272
40942984
20936520
40944408
20936712
40943784
20937080
40945896
20936232
40944056
20936312
40945016
20936568
40945336
20936664
40944808
20936520
40945080
20936408
40945336
20936904
40945864
20936184
40943544
20936864
40944784
20936912
40944064
20937376
40944144
20936320
40944688
20936816
40944640
20937008
40945360
20936288
40943792
20936720
40945136
20936912
40945328
20937104
40944464
20936528
40944672
20936816
40943648
20936896
40944576
20936288
40943616
20936576
40944928
20936752
40945216
20937376
40945856
20936624
40944496
20936816
40944848
20936720
40978912
20935584
40944192
20936464
40943936
20937184
40945072
20936944
40943712
20936528
40944944
20936816
40945792
20937008
40946576
20936640
40944480
20936416
40944816
20936912
40944736
20936768
40943952
20936952
40944904
20937544
40944776
20937256
40945672
20937128
40945064
20937256
40945208
20937448
40945832
