2.210651
0.025512
0.025492
0.020604
0.028267
0.031488
0.037150
0.032583
0.031971
0.029516
0.030776
0.031375
0.033843
0.029026
0.028453
0.031626
0.031204
0.031335
0.030717
0.025382
0.029366
0.027911
0.026290
0.031468
0.029646
0.029244
0.024659
0.026558
0.028121
0.038816
0.031928
0.031170
0.029094
0.030412
0.031221
0.026171
0.027699
0.018264
0.027579
0.029005
0.029145
0.032079
0.039768
0.031682
0.029367
0.031038
0.030717
0.030567
0.023127
0.030398
0.031542
0.031336
0.031474
0.031335
0.031791
0.033006
0.040236
0.032075
0.032695
0.021635
0.027309
0.030935
0.031608
0.031916
0.031740
0.029189
0.030520
0.032636
0.031148
0.031527
0.033311
0.032170
0.030443
0.032280
0.031831
0.032091
0.032007
0.032774
0.031811
0.031257
0.031261
0.030815
0.040042
0.034039
0.032999
0.032714
0.033223
0.031687
0.033304
0.033892
0.032536
0.031979
0.030284
0.033323
0.036892
0.032480
0.020563
0.020325
0.020196
0.103753
0.031185
0.031081
0.032200
0.018988
0.028248
0.032919
0.032045
0.031932
0.031487
0.033631
0.031932
0.031923
0.032099
0.031944
0.020062
0.029379
0.030110
0.031862
0.031396
0.032096
0.031150
0.021956
0.022642
0.034765
0.023547
0.026595
0.016485
0.023478
0.027845
0.026940
0.031088
0.032423
0.031485
0.032193
0.032017
0.031427
0.031998
0.040962
0.033316
0.023550
0.032408
0.031869
0.032134
0.032764
0.031550
0.031744
0.030483
0.031538
0.032893
0.019107
0.026955
0.034046
0.033648
0.031617
0.032592
0.032201
0.031181
0.033012
0.030349
0.031300
0.018702
0.028255
0.034409
0.031321
0.032619
0.032683
0.033173
0.032262
0.031873
0.031278
0.031693
0.019419
0.026651
0.024922
0.031661
0.041008
0.033608
0.032132
0.032216
0.032054
0.031919
0.032026
0.023640
0.031569
0.024828
0.026403
0.025889
0.028152
0.039229
0.033425
0.031544
0.031761
0.031700
0.032037
0.018982
0.026251
0.030832
0.031865
0.032043
0.034519
0.032192
0.031599
0.033258
0.032091
0.031482
0.031582
0.032222
0.028682
0.031552
0.027403
0.021730
0.021241
0.029192
0.032194
0.031416
0.032133
0.040897
0.020742
0.078927
0.032804
0.033320
0.033707
0.031414
0.031807
0.032738
0.031828
0.031161
0.028562
0.033370
0.031437
0.033420
0.031975
0.032080
0.032366
0.032219
0.032119
0.032500
0.031300
0.031882
0.029674
0.031877
0.032401
0.032771
0.031690
0.031995
0.029726
0.032744
0.032306
0.032004
0.032314
0.032129
0.026238
0.032969
0.042819
0.032771
0.032113
0.031912
0.033088
0.031848
0.031945
0.025131
0.030737
0.033080
0.031504
0.031322
0.032565
0.032199
0.040603
0.031354
0.031450
0.031792
0.021075
0.025827
0.022867
0.032122
0.031859
0.031815
0.032190
0.031398
0.032289
0.032027
0.041093
0.020351
0.028021
0.031366
0.035011
0.032994
0.033330
0.032154
0.031815
0.033235
0.032080
0.031677
0.018781
0.027326
0.027295
0.032170
0.033418
0.032159
0.035622
0.031504
0.032547
0.032254
0.032164
0.018743
0.037513
0.025279
0.025867
0.026387
0.026306
0.027660
0.028639
0.031834
0.031407
0.032244
0.031341
0.033189
0.040294
0.031606
0.022074
0.024481
0.027883
0.028369
0.025750
0.025943
0.026421
0.032474
0.030142
0.028414
0.032358
0.041251
0.031616
0.031829
0.110799
0.031701
0.031088
0.027279
0.024716
0.028754
0.030898
0.032410
0.031070
0.032998
0.041337
0.032882
0.030616
0.030407
0.031320
0.020071
0.026903
0.026880
0.031341
0.030795
0.030031
0.030961
0.031288
0.031861
0.041174
0.031482
0.027944
0.031292
0.027384
0.031032
0.031141
0.031083
0.031355
0.030880
0.031065
0.030177
0.030385
0.030884
0.028247
0.027890
0.027343
0.031709
0.031157
0.030114
0.031537
0.031038
0.031656
0.031448
0.031847
0.028841
0.038654
0.031152
0.031846
0.031542
0.031692
0.030391
0.031717
0.023574
0.019695
0.032244
0.032108
0.018802
0.037442
0.031284
0.032289
0.038355
0.034084
0.030724
0.031634
0.031476
0.031500
0.031750
0.031494
0.030911
0.028356
0.041584
0.033806
0.030593
0.032389
0.028103
0.033556
0.033421
0.031880
0.033242
0.019282
0.020345
0.026433
0.031483
0.031362
0.042083
0.032632
0.032066
0.032439
0.031463
0.032598
0.031256
0.030782
0.027351
0.031068
0.030808
0.020935
0.018504
0.019733
0.036354
0.024144
0.029902
0.030440
0.031040
0.031761
0.026192
0.031196
0.030931
0.031715
0.030447
0.030971
0.030000
0.039845
0.031666
0.031785
0.032613
0.029196
0.032624
0.031744
0.032067
0.029040
0.031158
0.020679
0.019191
0.022465
0.026715
0.029244
0.026983
0.028941
0.030283
0.031219
0.031293
0.030910
0.030859
0.030574
0.031107
0.032055
0.026104
0.033314
0.040378
0.033607
0.030957
0.031085
0.030658
0.031139
0.032347
0.031581
0.031656
0.021931
0.029301
0.026987
0.031096
0.030316
0.031475
0.032259
0.032034
0.030623
0.031021
0.031683
0.031238
0.031415
0.029000
0.035767
0.032498
0.032426
0.031358
0.032253
0.031223
0.032238
0.030639
0.030721
0.032314
0.029693
0.032489
0.030535
0.030799
0.041906
0.032323
0.031620
0.030662
0.030697
0.026106
0.032216
0.030707
0.031929
0.030614
0.033176
0.032948
0.041569
0.033359
0.031930
0.031772
0.019126
0.028161
0.031691
0.031398
0.032491
0.031378
0.031504
0.031763
0.033491
0.032102
0.041212
0.018959
0.029199
0.028336
0.031427
0.019198
0.019205
0.020760
0.031862
0.031556
0.032288
0.031763
0.031440
0.040037
0.028197
0.032550
0.032456
0.032820
0.032265
0.032165
0.030198
0.033060
0.032177
0.031466
0.041892
0.028112
0.031950
0.031891
0.032413
0.032745
0.029576
0.032578
0.032553
0.032644
0.030650
0.112593
0.033446
0.032267
0.031985
0.032449
0.033396
0.032216
0.032079
0.032373
0.023128
0.031321
0.029859
0.032198
0.032288
0.038934
0.033946
0.032491
0.031854
0.031711
0.031665
0.022324
0.030661
0.030861
0.031442
0.031532
0.036245
0.031657
0.031695
0.042770
0.031908
0.031960
0.020679
0.027713
0.030063
0.032421
0.032342
0.031477
0.031095
0.031731
0.031169
0.032202
0.041739
0.020745
0.029033
0.028532
0.032144
0.032200
0.031503
0.030708
0.031625
0.032072
0.031540
0.032056
0.030891
0.033647
0.027968
0.033590
0.031334
0.032856
0.041242
0.033116
0.031849
0.032013
0.033363
0.030180
0.032407
0.029636
0.031799
0.032554
0.030350
0.031875
0.029890
0.032626
0.032181
0.033320
0.032605
0.031757
0.029244
0.041306
0.029899
0.022341
0.018494
0.027097
0.031946
0.032325
0.032198
0.031416
0.019335
0.025156
0.031690
0.032072
0.041210
0.031863
0.031718
0.031663
0.033432
0.032401
0.031614
0.018942
0.027648
0.032140
0.032345
0.031794
0.032448
0.040053
0.032364
0.031706
0.031574
0.031952
0.024408
0.030755
0.031128
0.031886
0.031849
0.031619
0.031855
0.031734
0.038570
0.033109
0.032660
0.026350
0.030822
0.028309
0.033383
0.030431
0.035551
0.032224
0.033367
0.031057
0.031347
0.032572
0.037698
0.032718
0.028447
0.033029
0.031644
0.033043
0.040458
0.031862
0.032366
0.031426
0.032589
0.021961
0.030142
0.030995
0.031608
0.031650
0.031520
0.032618
0.031671
0.031961
0.031498
0.032121
0.022575
0.034418
0.030100
0.032460
0.032026
0.031993
0.032875
0.031548
0.031714
0.030978
0.031411
0.028362
0.031322
0.029472
0.040746
0.031661
0.031963
0.032015
0.031817
0.031771
0.033116
0.033517
0.026717
0.032606
0.031274
0.031934
0.032212
0.041069
0.031976
0.032570
0.031639
0.032278
0.031720
0.030844
0.032703
0.032206
0.033307
0.027764
0.022407
0.020126
0.040545
0.033856
0.031765
0.033076
0.031617
0.022062
0.028400
0.031943
0.032136
0.031546
0.032732
0.032499
0.032525
0.040418
0.032860
0.032052
0.023746
0.027108
0.030638
0.032257
0.032271
0.031432
0.032044
0.039263
0.033330
0.032339
0.025797
0.018121
0.017662
0.027212
0.033798
0.032280
0.035523
0.032185
0.032052
0.032446
0.031477
0.031084
0.025335
0.031788
0.031484
0.031404
0.032406
0.031865
0.032243
0.096606
0.033010
0.032390
0.032009
0.031802
0.027310
0.033019
0.031566
0.032877
0.032126
0.032403
0.031934
0.032910
0.032244
0.028021
0.031578
0.033175
0.034484
0.033407
0.032754
0.032017
0.032494
0.032421
0.031700
0.030852
0.023340
0.030915
0.030565
0.032324
0.031837
0.039071
0.031854
0.032493
0.033075
0.031764
0.032291
0.025411
0.029974
0.033104
0.031853
0.032144
0.031758
0.032274
0.041875
0.031889
0.031446
0.032921
0.020220
0.028262
0.031677
0.031869
0.032017
0.031267
0.031881
0.031883
0.040499
0.039611
0.032848
0.019792
0.027378
0.032065
0.032254
0.019249
0.018197
0.022024
0.029567
0.032079
0.032591
0.031175
0.040461
0.032325
0.029907
0.032425
0.032538
0.031535
0.032176
0.030686
0.030128
0.031726
0.031122
0.031636
0.032226
0.028583
0.031394
0.031008
0.032573
0.032073
0.035415
0.033206
0.032574
0.032828
0.024653
0.020523
0.029845
0.030005
0.028278
0.027139
0.031444
0.031722
0.032692
0.031416
0.031312
0.030921
0.019901
0.031973
0.028987
0.032115
0.031303
0.031635
0.031590
0.030894
0.032083
0.031468
0.033005
0.018438
0.029491
0.038646
0.031386
0.030115
0.030498
0.031184
0.031260
0.031597
0.031302
0.031675
0.021623
0.030419
0.027274
0.030680
0.030333
0.039775
0.031391
0.030840
0.031242
0.031608
0.031589
0.031494
0.032895
0.025643
0.026021
0.027729
0.032359
0.040755
0.031535
0.032069
0.033315
0.032068
0.032019
0.031963
0.030058
0.031603
0.030984
0.031967
0.031201
0.036750
0.034030
0.032188
0.032335
0.031019
0.031886
0.022956
0.030594
0.031026
0.032059
0.030340
0.031160
0.031064
0.041789
0.030886
0.031585
0.025823
0.025805
0.031838
0.030918
0.022676
0.018408
0.017287
0.033117
0.030722
0.032090
0.041226
0.023672
0.028774
0.030336
0.032343
0.031713
0.032122
0.035448
0.031870
0.031942
0.031197
0.031710
0.027812
0.033210
0.031152
0.032245
0.047903
0.031938
0.031792
0.032020
0.032106
0.032241
0.032007
0.025061
0.036463
0.031989
0.031774
0.033145
0.031316
0.032017
0.030209
0.030312
0.031009
0.031575
0.026502
0.029433
0.039087
0.032518
0.031873
0.031511
0.031349
0.031716
0.032088
0.032928
0.032942
0.026271
0.031492
0.032554
0.031831
0.040936
0.031754
0.031489
0.031862
0.033120
0.031968
0.032290
0.024645
0.031110
0.027175
0.030923
0.031453
0.041402
0.032669
0.032588
0.032370
0.032628
0.029934
0.024986
0.030129
0.030786
0.032264
0.031392
0.031760
0.030668
0.032780
0.031954
0.030411
0.030135
0.030261
0.032746
0.031014
0.031111
0.031461
0.031048
0.031975
0.031172
0.039158
0.031793
0.031151
0.019536
0.028209
0.027220
0.031816
0.033246
0.031188
0.030693
0.031473
0.031345
0.031438
0.039570
0.022789
0.031268
0.027683
0.029815
0.023593
0.020805
0.018990
0.032971
0.030591
0.030785
0.032540
0.031734
0.034740
0.030186
0.029927
0.029744
0.032251
0.031333
0.031853
0.031838
0.032131
0.032425
0.037948
0.033604
0.029563
0.034359
0.031873
0.032073
0.031696
0.031450
0.031192
0.031853
0.032017
0.031471
0.033028
0.019495
0.021903
0.031442
0.031045
0.031617
0.032532
0.030842
0.031004
0.029731
0.030456
0.028564
0.033973
0.033376
0.032930
0.031217
0.031995
0.031878
0.032237
0.031862
0.032048
0.032244
0.032706
0.033542
0.031676
0.031747
0.031625
0.032599
0.031362
0.031802
0.031793
0.031322
0.022361
0.028838
0.029171
0.032066
0.031237
0.031549
0.031945
0.031930
0.031704
0.031545
0.031015
0.022094
0.031091
0.031821
0.031914
0.032199
0.031953
0.030928
0.032769
0.032013
0.030868
0.031722
0.027473
0.040758
0.027593
0.031991
0.031856
0.031089
0.031462
0.030611
0.040181
0.031928
0.032538
0.026552
0.030973
0.030514
0.032277
0.030838
0.034102
0.030740
0.030980
0.031778
0.042779
0.033569
0.022827
0.030779
0.028610
0.032109
0.026667
0.018622
0.030137
0.031954
0.031950
0.031389
0.030203
0.039525
0.033849
0.026718
0.033644
0.031780
0.031951
0.032251
0.031616
0.031709
0.030754
0.030967
0.031340
0.033085
0.029589
0.031804
0.031975
0.031989
0.032037
0.032663
0.031401
0.032000
0.031288
0.032073
0.043345
0.030555
0.032355
0.032219
0.032564
0.032504
0.032265
0.031494
0.031566
0.032302
0.032115
0.043183
0.028750
0.034033
0.032095
0.031575
0.031760
0.031857
0.032326
0.032633
0.031620
0.029613
0.032328
0.028960
0.033053
0.032324
0.031925
0.031662
0.031921
0.032735
0.032338
0.032218
0.025398
0.031478
0.031731
0.041149
0.032603
0.031768
0.031576
0.032019
0.031691
0.031362
0.031374
0.019413
0.030125
0.028314
0.031331
0.040713
0.032349
0.031827
0.032200
0.032019
0.030963
0.032341
0.021116
0.029668
0.028708
0.030938
0.031963
0.039665
0.033670
0.033895
0.034120
0.032349
0.031486
0.020710
0.028728
0.035399
0.032206
0.031567
0.031341
0.031644
0.039840
0.032589
0.031053
0.031867
0.018858
0.027208
0.032409
0.031875
0.022804
0.018527
0.025877
0.031646
0.031849
0.040236
0.032488
0.030062
0.032335
0.028647
0.031996
0.032294
0.032265
0.032003
0.031690
0.031423
0.030952
0.040754
0.032975
0.031581
0.031063
0.031576
0.032484
0.032167
0.032459
0.031813
0.032542
0.032120
0.032288
0.034228
0.021820
0.031568
0.031538
0.032737
0.032387
0.032201
0.032182
0.032082
0.032334
0.032146
0.031848
0.019331
0.028839
0.031507
0.032630
0.031496
0.032647
0.032265
0.032467
0.032473
0.031605
0.031889
0.019616
0.035239
0.031919
0.032563
0.032549
0.033026
0.028968
0.026814
0.031693
0.033999
0.031174
0.025273
0.032493
0.030113
0.029143
0.031305
0.031287
0.031329
0.031543
0.031569
0.031022
0.031219
0.030647
0.032282
0.027747
0.031345
0.032073
0.031626
0.032039
0.030981
0.030918
0.031942
0.030609
0.031514
0.019424
0.037784
0.029975
0.028488
0.027509
0.028661
0.027841
0.032319
0.031441
0.030946
0.031285
0.019308
0.028552
0.036653
0.032706
0.032203
0.032074
0.032764
0.032813
0.031739
0.031893
0.030976
0.021363
0.031487
0.031780
0.031585
0.034952
0.020873
0.021906
0.031972
0.032455
0.031770
0.031744
0.031242
0.019094
0.029401
0.027124
0.032115
0.040520
0.033825
0.032489
0.031719
0.032954
0.031421
0.029371
0.031502
0.032801
0.026471
0.031899
0.031207
0.040587
0.032068
0.032466
0.117162
0.032228
0.032216
0.032650
0.029966
0.031235
0.028360
0.021330
0.025084
0.031714
0.041230
0.032232
0.031561
0.031324
0.019557
0.029614
0.032603
0.031130
0.033564
0.031580
0.032194
0.031542
0.031758
0.032660
0.032271
0.019936
0.028936
0.029636
0.031582
0.031655
0.032649
0.030623
0.031306
0.040301
0.033928
0.033700
0.018944
0.028654
0.033046
0.032861
0.031851
0.034596
0.032777
0.032783
0.032637
0.033107
0.040688
0.022793
0.033406
0.031350
0.033752
0.031625
0.032507
0.031447
0.032067
0.032698
0.032962
0.032254
0.037584
0.027349
0.023486
0.032422
0.030416
0.028885
0.028161
0.032145
0.031800
0.032231
0.033051
0.033285
0.036719
0.027920
0.033155
0.032041
0.032292
0.031348
0.031793
0.032040
0.032656
0.031199
0.032322
0.032966
0.031582
0.032035
0.026667
0.020221
0.020284
0.016589
0.021889
0.029944
0.031037
0.032095
0.030968
0.032797
0.028345
0.032446
0.029917
0.030070
0.029011
0.029138
0.031286
0.031061
0.030198
0.031906
0.029743
0.025895
0.032127
0.031699
0.031042
0.030676
0.031259
0.030518
0.031069
0.029865
0.032045
0.019767
0.036478
0.031134
0.040789
0.043702
0.032113
0.032298
0.030926
0.030648
0.030713
0.030505
0.020392
0.025897
0.023036
0.031050
0.031007
0.032003
0.031663
0.032816
0.031716
0.031532
0.030941
0.031079
0.031769
0.027239
0.031217
0.041280
0.031813
0.031640
0.030662
0.029811
0.033793
0.032744
0.034255
0.032931
0.023582
0.031386
0.039081
0.032151
0.030745
0.031432
0.030681
0.031852
0.031405
0.032779
0.026303
0.025174
0.029015
0.032493
0.040933
0.032340
0.032130
0.031191
0.032041
0.031686
0.032172
0.021343
0.022227
0.031686
0.030744
0.038448
0.032349
0.031970
0.033199
0.032609
0.032210
0.032036
0.021429
0.028744
0.025025
0.031729
0.031537
0.039425
0.032005
0.032271
0.031852
0.032624
0.032162
0.019810
0.025661
0.036780
0.032167
0.024622
0.018830
0.022236
0.033813
0.032731
0.032081
0.031886
0.031456
0.033230
0.028519
0.031494
0.031123
0.032449
0.033532
0.040574
0.032926
0.031833
0.031724
0.024156
0.031891
0.027457
0.031890
0.030539
0.032534
0.031733
0.031847
0.031535
0.041007
0.031364
0.031214
0.023721
0.027728
0.027791
0.031521
0.030801
0.032010
0.030845
0.030778
0.039064
0.032645
0.032189
0.019542
0.027288
0.028786
0.031657
0.033619
0.031839
0.031817
0.031408
0.032104
0.041021
0.036456
0.020918
0.030141
0.028969
0.032041
0.031098
0.032886
0.033310
0.031382
0.031728
0.032906
0.042120
0.020176
0.027471
0.031494
0.032588
0.032484
0.031797
0.031732
0.031618
0.031649
0.030832
0.031311
0.026972
0.026980
0.040208
0.032789
0.031505
0.031420
0.032261
0.031703
0.031372
0.030926
0.031672
0.032736
0.031523
0.027525
0.024577
0.031348
0.031676
0.030716
0.029596
0.031048
0.031673
0.031061
0.030628
0.024195
0.026514
0.027298
0.031619
0.031737
0.031210
0.030294
0.032661
0.031234
0.031583
0.030529
0.031519
0.039650
0.027386
0.033317
0.025894
0.021121
0.019593
0.021472
0.031474
0.031878
0.031411
0.031854
0.022032
0.029690
0.031183
0.031435
0.031713
0.031712
0.032066
0.031586
0.031094
0.031836
0.031672
0.022030
0.033158
0.028947
0.031960
0.027512
0.030166
0.031239
0.031396
0.029809
0.031549
0.032852
0.031729
0.040319
0.031408
0.031712
0.031081
0.031249
0.025999
0.020131
0.022059
0.035332
0.032095
0.031307
0.020835
0.023893
0.031510
0.031918
0.035727
0.032004
0.032399
0.034625
0.032054
0.032371
0.031433
0.020766
0.038091
0.032221
0.031589
0.031606
0.031740
0.032002
0.031423
0.034504
0.032145
0.032316
0.019644
0.038147
0.033964
0.032687
0.032514
0.030839
0.031146
0.030996
0.030877
0.031252
0.030318
0.534365
0.040396
0.031529
0.032016
0.031275
0.031242
0.032785
0.026939
0.031398
0.031702
0.031695
0.031547
0.030343
0.040535
0.032936
0.031999
0.030310
0.031723
0.028295
0.032665
0.032507
0.031554
0.032645
0.031458
0.030790
0.039603
0.032001
0.024261
0.031195
0.030426
0.029969
0.021384
0.020252
0.020180
0.029608
0.031818
0.039778
0.031757
0.031777
0.024094
0.030429
0.029490
0.031575
0.030995
0.038374
0.027769
0.038195
0.032961
0.025635
0.023844
0.029705
0.030569
0.031791
0.032249
0.031140
0.031581
0.031314
0.029254
0.041746
0.031785
0.030829
0.029312
0.029686
0.031738
0.036261
0.031632
0.032474
0.031692
0.031936
0.040839
0.032037
0.030705
0.032756
0.030786
0.031291
0.032617
0.032859
0.032231
0.031802
0.032147
0.032258
0.040162
0.023396
0.030586
0.032718
0.031813
0.032080
0.186526
0.031143
0.030547
0.032031
0.024957
0.031922
0.025632
0.031881
0.032322
0.032328
0.031371
0.031731
0.031827
0.032630
0.031224
0.026521
0.031552
0.033021
0.031357
0.032164
0.031594
0.031450
0.031598
0.032035
0.031361
0.031472
0.026390
0.033681
0.031850
0.032544
0.031500
0.030922
0.030956
0.031398
0.038920
0.031283
0.032413
0.024559
0.037786
0.033248
0.038039
0.035301
0.032362
0.032496
0.031712
0.031947
0.031926
0.032798
0.025310
0.043494
0.030794
0.030782
0.021574
0.020936
0.029047
0.027417
0.029601
0.029120
0.027230
0.027255
0.036905
0.029124
0.028800
0.028840
0.027654
0.026661
0.026942
0.031460
0.031423
0.032199
0.031636
0.027177
0.031048
0.032221
0.031948
0.031454
0.031679
0.032094
0.035034
0.032204
0.031742
0.032790
0.031897
0.027533
0.032553
0.032536
0.031700
0.031713
0.032071
0.032106
0.031102
0.032170
0.031631
0.031840
0.038936
0.032266
0.031289
0.031165
0.033053
0.031618
0.031709
0.031246
0.031698
0.028686
0.032351
0.041465
0.032827
0.031690
0.031394
0.031431
0.030919
0.031156
0.038489
0.032777
0.021315
0.028871
0.030909
0.036514
0.032574
0.032823
0.031999
0.032818
0.031764
0.032308
0.033912
0.030307
0.032158
0.030624
0.040770
0.033319
0.032580
0.033974
0.031856
0.031913
0.032217
0.031525
0.026932
0.029366
0.030791
0.036475
0.031801
0.031828
0.031912
0.031146
0.031692
0.031633
0.032137
0.024840
0.032249
0.028600
0.036408
0.032749
0.031988
0.031668
0.031717
0.031921
0.033082
0.031628
0.032207
0.031408
0.026636
0.032484
0.041775
0.020340
0.025208
0.031954
0.031369
0.032050
0.032053
0.031604
0.029623
0.029117
0.033704
0.033676
0.032381
0.031952
0.031946
0.031722
0.035905
0.032194
0.031780
0.025880
0.030275
0.031962
0.040567
0.033189
0.031521
0.031546
0.033208
0.031861
0.031818
0.031865
0.029498
0.025774
0.031651
0.030647
0.040328
0.032691
0.032109
0.031110
0.020714
0.021846
0.025636
0.020842
0.025179
0.029282
0.031055
0.038762
0.032104
0.030810
0.030309
0.048892
0.032927
0.032121
0.017473
0.029192
0.029762
0.031788
0.040590
0.032751
0.033948
0.032874
0.031979
0.031296
0.031746
0.019605
0.024689
0.029968
0.031442
0.031675
0.040310
0.031895
0.032079
0.031243
0.031569
0.031959
0.022291
0.027179
0.029709
0.026725
0.039791
0.031479
0.032422
0.031904
0.031852
0.032133
0.031379
0.023717
0.027743
0.029451
0.040039
0.032716
0.033176
0.030658
0.032165
0.031742
0.031200
0.031341
0.022536
0.030953
0.024512
0.035964
0.033430
0.032755
0.032425
0.032838
0.032172
0.031563
0.031535
0.025068
0.031219
0.027191
0.033904
0.022940
0.019209
0.019622
0.023509
0.025490
0.034957
0.030268
0.030231
0.017347
0.029947
0.025855
0.032843
0.030416
0.032293
0.031440
0.030648
0.031585
0.031298
0.030940
0.019354
0.036843
0.032651
0.031194
0.031888
0.031741
0.030655
0.031655
0.031238
0.031776
0.030458
0.024155
0.037144
0.030931
0.031642
0.031038
0.031905
0.031665
0.030756
0.030563
0.030951
0.031618
0.025563
0.032108
0.032940
0.032080
0.031447
0.031758
0.031863
0.031055
0.031463
0.032384
0.031269
0.032073
0.032407
0.025944
0.032056
0.031683
0.032631
0.031703
0.032484
0.033512
0.032148
0.032884
0.031024
0.025813
0.036656
0.031874
0.031444
0.031900
0.032192
0.031169
0.037565
0.031773
0.031111
0.031735
0.020299
0.027026
0.027648
0.030793
0.031395
0.026997
0.031051
0.031450
0.098144
0.031422
0.031460
0.032140
0.027186
0.031560
0.030271
0.031644
0.031814
0.030177
0.031553
0.031348
0.031781
0.031365
0.024178
0.027747
0.032216
0.031025
0.031664
0.032254
0.030970
0.031579
0.035358
0.031982
0.033722
0.019277
0.036493
0.030890
0.031549
0.019277
0.019560
0.020330
0.030452
0.032239
0.031284
0.032027
0.030941
0.033330
0.026243
0.032688
0.031484
0.031654
0.032186
0.032315
0.032084
0.032210
0.032758
0.032806
0.022568
0.027463
0.031191
0.032010
0.032671
0.031533
0.031500
0.031764
0.033312
0.092243
0.022477
0.036358
0.028529
0.031196
0.031302
0.031611
0.030745
0.039255
0.032987
0.030870
0.032299
0.020252
0.029071
0.032429
0.032264
0.032264
0.031233
0.030994
0.030965
0.031917
0.030829
0.031733
0.019317
0.032969
0.030774
0.031371
0.031752
0.031693
0.031532
0.030699
0.033054
0.032101
0.030751
0.018884
0.036915
0.031294
0.031057
0.032432
0.031114
0.030362
0.029256
0.031034
0.030646
0.032789
0.023409
0.032189
0.031283
0.031203
0.031490
0.032689
0.030734
0.031624
0.031997
0.031849
0.031315
0.027482
0.032294
0.026833
0.031556
0.031936
0.031482
0.031234
0.033651
0.032717
0.035601
0.029662
0.025580
0.031002
0.023700
0.030245
0.029482
0.033074
0.029393
0.030894
0.032861
0.031634
0.029991
0.031746
0.037982
0.025102
0.031569
0.029814
0.021720
0.017382
0.020920
0.026114
0.023903
0.026790
0.025670
0.035918
0.030337
0.032052
0.032000
0.031690
0.032758
0.032037
0.031822
0.031393
0.032582
0.032457
0.030627
0.028068
0.026564
0.032409
0.032063
0.031828
0.031386
0.032334
0.030514
0.031611
0.039969
0.018910
0.027771
0.027424
0.032429
0.031344
0.031499
0.031544
0.031302
0.031663
0.031348
0.034169
0.020974
0.023969
0.026554
0.031022
0.033811
0.031479
0.031971
0.032114
0.031046
0.031929
0.040953
0.032043
0.031533
0.020427
0.032360
0.031062
0.031108
0.030998
0.030965
0.030729
0.039923
0.032790
0.030725
0.018844
0.027989
0.031187
0.031257
0.030950
0.031255
0.031895
0.031791
0.038702
0.031190
0.032203
0.019662
0.030037
0.032951
0.031807
0.032000
0.031496
0.031962
0.032417
0.044296
0.031361
0.031514
0.020082
0.031296
0.033469
0.030938
0.030984
0.028457
0.030485
0.037240
0.033627
0.032498
0.032547
0.031224
0.019349
0.025128
0.030129
0.031959
0.031614
0.040713
0.033207
0.032200
0.031848
0.030951
0.032393
0.033530
0.033398
0.031152
0.032257
0.033340
0.019212
0.019086
0.021979
0.022762
0.032008
0.031195
0.031021
0.031903
0.032334
0.026104
0.040628
0.032312
0.032182
0.031467
0.031272
0.031754
0.032172
0.031422
0.031800
0.026469
0.034831
0.031849
0.032115
0.031484
0.030794
0.031276
0.031748
0.034090
0.032358
0.031767
0.018812
0.038879
0.027333
0.032186
0.034087
0.032160
0.032374
0.031903
0.031071
0.032122
0.031623
0.019986
0.035451
0.031999
0.031419
0.039309
0.032506
0.032007
0.031465
0.031998
0.032163
0.031509
0.019710
0.035211
0.027952
0.029840
0.032150
0.031741
0.031442
0.033591
0.031339
0.032000
0.031743
0.019529
0.037518
0.032435
0.032053
0.031924
0.031634
0.034984
0.031453
0.031807
0.031255
0.031582
0.019704
0.036843
0.030030
0.032070
0.032343
0.031216
0.031931
0.031013
0.032188
0.031731
0.031647
0.023371
0.031074
0.030659
0.032107
0.031593
0.031572
0.032773
0.031031
0.031064
0.031139
0.031485
0.025603
0.030887
0.030910
0.030956
0.030893
0.031856
0.030782
0.030923
0.031095
0.030446
0.030855
0.024085
0.031004
0.026694
0.032372
0.022967
0.020614
0.018120
0.026454
0.031961
0.032410
0.032092
0.031250
0.029650
0.029092
0.038628
0.031924
0.033577
0.031989
0.032674
0.032925
0.031852
0.031589
0.031757
0.026187
0.026260
0.032405
0.031453
0.031362
0.032664
0.031209
0.031247
0.032692
0.032214
0.031006
0.020301
0.026167
0.027751
0.031831
0.032225
0.032425
0.030593
0.030434
0.031519
0.031852
0.032395
0.031601
0.032799
0.032355
0.033436
0.079368
0.031834
0.032366
0.031570
0.031843
0.031711
0.041000
0.030488
0.025383
0.032059
0.031150
0.031500
0.032613
0.035022
0.030291
0.033128
0.031259
0.040097
0.021004
0.029065
0.032289
0.031278
0.030261
0.031866
0.031062
0.032130
0.030847
0.031594
0.038701
0.020262
0.025373
0.028522
0.030357
0.032007
0.031391
0.031644
0.031269
0.030605
0.038204
0.034231
0.021401
0.029318
0.030804
0.033827
0.032965
0.033168
0.032888
0.032095
0.040186
0.033537
0.032449
0.019745
0.030678
0.033344
0.032065
0.031193
0.118496
0.032591
0.040501
0.033075
0.031620
0.026817
0.032553
0.033507
0.031949
0.026262
0.021226
0.027285
0.041291
0.032770
0.032038
0.030931
0.032460
0.032359
0.029193
0.033091
0.028847
0.031904
0.039850
0.033279
0.031880
0.030601
0.032485
0.020158
0.029167
0.028569
0.031148
0.030997
0.032614
0.033670
0.031847
0.031890
0.031616
0.031456
0.025605
0.032522
0.028991
0.031113
0.031980
0.033038
0.032485
0.031875
0.031156
0.031110
0.030934
0.027011
0.032200
0.024044
0.021111
0.022940
0.041844
0.034130
0.032868
0.036475
0.122277
0.026871
0.031098
0.031551
0.031353
0.031994
0.040321
0.031235
0.031278
0.030568
0.031414
0.029902
0.020343
0.031327
0.030422
0.031004
0.041193
0.031522
0.032276
0.031520
0.031621
0.030789
0.030426
0.026825
0.032175
0.027299
0.040133
0.032533
0.033021
0.030800
0.031415
0.031356
0.031482
0.031049
0.030758
0.031411
0.033631
0.031350
0.032380
0.030294
0.030428
0.262793
0.031920
0.020511
0.025603
0.032764
0.031803
0.077358
0.032285
0.018710
0.021571
0.027144
0.042151
0.031576
0.021366
0.022353
0.029270
0.028956
0.022168
0.032630
0.019809
0.022478
0.017896
0.020481
0.023568
0.019650
0.019039
0.019867
0.028549
0.032228
0.031968
0.031757
0.031233
0.030914
0.030884
0.031922
0.032413
0.034382
0.020335
0.024670
0.030514
0.032114
0.031933
0.030720
0.031312
0.032544
0.032319
0.032009
0.032186
0.027807
0.033692
0.027538
0.031392
0.031845
0.031791
0.030591
0.031517
0.031214
0.031920
0.023300
0.022743
0.031018
0.030575
0.032282
0.031293
0.030528
0.030357
0.031555
0.031363
0.033063
0.030632
0.040784
0.023564
0.028051
0.031415
0.031083
0.031611
0.032462
0.031681
0.031538
0.031036
0.039827
0.032975
0.018597
0.030878
0.029859
0.032178
0.031411
0.031355
0.031667
0.030573
0.031992
0.032456
0.032336
0.030963
0.033117
0.031419
0.031779
0.031818
0.033007
0.032459
0.042086
0.032190
0.031913
0.031782
0.030601
0.032512
0.032067
0.031827
0.031673
0.031760
0.038935
0.031303
0.032061
0.031791
0.031584
0.029824
0.032700
0.026421
0.025734
0.031751
0.040843
0.032566
0.031505
0.030943
0.031146
0.033483
0.031558
0.032465
0.031718
0.031909
0.029236
0.022123
0.020586
0.032906
0.031906
0.031997
0.031984
0.032417
0.032577
0.021462
0.039973
0.031814
0.029082
0.031026
0.033090
0.031376
0.033349
0.031628
0.025458
0.029369
0.031401
0.031774
0.033008
0.030978
0.031825
0.031737
0.031099
0.031234
0.035612
0.028811
0.039910
0.033756
0.031842
0.032773
0.034160
0.031717
0.032124
0.031558
0.031894
0.032367
0.019569
0.034685
0.032487
0.031360
0.031460
0.032401
0.032824
0.032275
0.032253
0.031484
0.031328
0.020067
0.029610
0.030863
0.031850
0.032167
0.031845
0.031659
0.031568
0.032322
0.032650
0.030973
0.018288
0.025260
0.030403
0.031591
0.033475
0.031742
0.031623
0.032140
0.031407
0.031338
0.031844
0.026965
0.027070
0.031443
0.031593
0.031814
0.031272
0.032003
0.031968
0.032450
0.032630
0.039435
0.027639
0.032110
0.023686
0.032702
0.031412
0.032129
0.032108
0.030671
0.031360
0.040682
0.032602
0.032563
0.031459
0.026091
0.034394
0.032624
0.031563
0.027912
0.032093
0.033296
0.031712
0.032967
0.032062
0.024530
0.028111
0.032742
0.030030
0.026057
0.017872
0.031768
0.032193
0.030709
0.031985
0.031675
0.017977
0.025464
0.028984
0.031627
0.038468
0.032109
0.030732
0.031360
0.032203
0.031059
0.034413
0.019220
0.028763
0.027933
0.031219
0.042342
0.032020
0.031141
0.031300
0.031654
0.031183
0.031388
0.031510
0.021197
0.035273
0.033273
0.032384
0.032295
0.031945
0.031074
0.031185
0.031624
0.031316
0.031695
0.022444
0.038561
0.028570
0.032016
0.028281
0.020648
0.021718
0.024543
0.027889
0.026628
0.028346
0.026395
0.026724
0.033129
0.029489
0.031981
0.031868
0.031889
0.139165
0.031251
0.030398
0.032017
0.027450
0.033115
0.025117
0.031756
0.030991
0.036340
0.030853
0.030308
0.033173
0.032552
0.031854
0.032348
0.038539
0.030023
0.031989
0.031711
0.031631
0.030760
0.031440
0.032201
0.034053
0.031206
0.040179
0.031655
0.031659
0.026406
0.032306
0.030756
0.030550
0.029373
0.031472
0.031805
0.040638
0.032016
0.028857
0.027417
0.032553
0.032014
0.031559
0.031564
0.031621
0.031515
0.043321
0.032113
0.032038
0.031649
0.030322
0.031919
0.031800
0.020114
0.018462
0.022221
0.037987
0.031959
0.035575
0.031812
0.020776
0.028855
0.033306
0.031505
0.032378
0.031825
0.040511
0.033194
0.031946
0.031061
0.033046
0.021204
0.031096
0.032360
0.031170
0.031353
0.040153
0.031459
0.031547
0.031617
0.031644
0.030601
0.031338
0.025593
0.029100
0.031948
0.036760
0.031519
0.033266
0.031186
0.031951
0.031496
0.031576
0.031207
0.019772
0.028394
0.038433
0.031619
0.030061
0.032079
0.032259
0.031031
0.031582
0.030967
0.031546
0.021685
0.039436
0.031408
0.031779
0.030483
0.030657
0.031632
0.032016
0.032323
0.031811
0.031819
0.025630
0.038685
0.030743
0.032271
0.033826
0.031331
0.031939
0.031599
0.031087
0.032353
0.031312
0.023792
0.030584
0.027577
0.032230
0.031714
0.032293
0.031991
0.031849
0.032103
0.032051
0.031011
0.027401
0.032334
0.028883
0.031646
0.031194
0.030615
0.031165
0.031313
0.031360
0.031567
0.032700
0.030890
0.033316
0.029910
0.034480
0.031835
0.031283
0.031358
0.055075
0.031492
0.034953
0.042492
0.018920
0.027692
0.038263
0.032022
0.020872
0.019703
0.021500
0.032852
0.030097
0.031846
0.032011
0.029888
0.031469
0.028002
0.031423
0.030943
0.086640
0.031811
0.039955
0.033026
0.032574
0.031374
0.022766
0.027329
0.028651
0.032418
0.031540
0.031351
0.039553
0.033587
0.032165
0.031131
0.031516
0.019418
0.027290
0.028318
0.032740
0.031760
0.033193
0.033448
0.031759
0.030808
0.031396
0.031684
0.026473
0.031607
0.023106
0.030883
0.031653
0.041152
0.032324
0.031176
0.031383
0.030851
0.030854
0.028367
0.033544
0.029886
0.030859
0.031457
0.040814
0.030228
0.031088
0.031703
0.029978
0.029816
0.020881
0.028576
0.027191
0.031727
0.039558
0.031519
0.106158
0.031601
0.030612
0.030724
0.029373
0.031615
0.033089
0.041874
0.033117
0.030517
0.031631
0.030902
0.031303
0.031401
0.031595
0.020959
0.031671
0.030478
0.033728
0.030745
0.032114
0.032660
0.031878
0.027949
0.030240
0.031629
0.034688
0.032737
0.039680
0.033221
0.030918
0.031120
0.030971
0.031988
0.033028
0.032676
0.031733
0.022646
0.028787
0.039694
0.032056
0.019695
0.018165
0.023148
0.025261
0.031260
0.032179
0.032142
0.033193
0.033134
0.030279
0.032728
0.031957
0.031104
0.031019
0.030902
0.031392
0.031735
0.032046
0.031508
0.039949
0.029159
0.032140
0.032057
0.031554
0.030651
0.032326
0.030671
0.032002
0.031638
0.032338
0.033815
0.027639
0.031321
0.031788
0.030894
0.031166
0.031687
0.031169
0.030385
0.033536
0.030390
0.033340
0.025815
0.023192
0.031000
0.031292
0.030488
0.025840
0.018389
0.020740
0.023050
0.039591
0.028281
0.032807
0.026588
0.026783
0.030659
0.031215
0.031980
0.031166
0.031239
0.040060
0.033243
0.032860
0.032760
0.030135
0.031011
0.030912
0.030770
0.031676
0.031755
0.041650
0.032669
0.031369
0.020154
0.030251
0.030303
0.033083
0.030723
0.030781
0.039136
0.032008
0.032245
0.031666
0.031994
0.034242
0.032165
0.027756
0.025609
0.030851
0.040573
0.031911
0.032916
0.031467
0.029798
0.025607
0.032680
0.032506
0.030085
0.033181
0.041688
0.032783
0.032325
0.033238
0.032437
0.032197
0.034324
0.022363
0.031435
0.030766
0.040474
0.022117
0.019202
0.017749
0.024865
0.032561
0.031989
0.032181
0.031463
0.029536
0.028649
0.032634
0.032886
0.032259
0.031978
0.031289
0.032247
0.031533
0.033258
0.031328
0.020592
0.030556
0.031946
0.031907
0.032321
0.033600
0.031421
0.105608
0.030205
0.031342
0.022752
0.032548
0.029343
0.032268
0.030426
0.031151
0.031418
0.031509
0.030613
0.031209
0.031095
0.031266
0.025958
0.025902
0.027908
0.031799
0.030926
0.032260
0.031923
0.032475
0.031995
0.031527
0.040459
0.021438
0.029240
0.024913
0.030468
0.032436
0.032577
0.031183
0.031628
0.041166
0.031909
0.032936
0.027641
0.033185
0.028595
0.032002
0.031655
0.031787
0.039287
0.033448
0.031593
0.032492
0.033037
0.027310
0.029932
0.025662
0.032321
0.039626
0.034245
0.032653
0.031436
0.031610
0.031714
0.030951
0.031942
0.033501
0.037952
0.035355
0.032729
0.032437
0.031646
0.028661
0.031095
0.031706
0.032349
0.031813
0.020234
0.024673
0.028902
0.031250
0.031618
0.032996
0.031577
0.032070
0.031277
0.031418
0.031151
0.031143
0.041068
0.028781
0.020934
0.030401
0.018997
0.017874
0.021325
0.031735
0.031042
0.032247
0.032475
0.033305
0.032789
0.027030
0.031445
0.032857
0.031615
0.032123
0.031006
0.030251
0.031000
0.041565
0.033115
0.018967
0.028622
0.024782
0.031877
0.031901
0.031893
0.031336
0.031446
0.032800
0.031224
0.031349
0.031128
0.020075
0.026882
0.027800
0.030534
0.031520
0.066955
0.040959
0.032266
0.033481
0.031817
0.031669
0.024461
0.032797
0.030080
0.032230
0.040603
0.033627
0.030414
0.031606
0.032866
0.032797
0.031415
0.032298
0.019846
0.027391
0.039689
0.033262
0.032504
0.031710
0.031297
0.034449
0.033807
0.031741
0.032426
0.031671
0.027552
0.033209
0.031782
0.032305
0.032744
0.033807
0.031118
0.031994
0.031762
0.032515
0.029210
0.030566
0.031367
0.032075
0.031560
0.031809
0.031536
0.031915
0.032223
0.032208
0.031181
0.019281
0.029653
0.031879
0.032154
0.031357
0.031897
0.030214
0.031304
0.031994
0.032351
0.031826
0.017664
0.025855
0.030647
0.031726
0.032196
0.033800
0.031932
0.031136
0.032198
0.031711
0.031700
0.019282
0.031070
0.029239
0.029318
0.026146
0.021364
0.022282
0.028535
0.030910
0.030469
0.031502
0.032324
0.020028
0.027316
0.026511
0.024910
0.029769
0.039184
0.032347
0.032001
0.033365
0.031896
0.031736
0.020069
0.024734
0.031614
0.033573
0.031286
0.031414
0.040291
0.033345
0.032788
0.032096
0.031633
0.018590
0.024003
0.029620
0.032081
0.031107
0.041210
0.031723
0.031139
0.030787
0.032275
0.031303
0.020031
0.027118
0.026261
0.038702
0.032992
0.032039
0.029954
0.035422
0.028009
0.019766
0.025117
0.030847
0.034456
0.032063
0.032714
0.032062
0.030921
0.031968
0.032225
0.031376
0.031144
0.032632
0.029035
0.032397
0.030409
0.031816
0.032336
0.033358
0.033029
0.032063
0.032511
0.031223
0.030915
0.028811
0.033108
0.033032
0.031987
0.031876
0.031821
0.031490
0.031277
0.031426
0.031294
0.032089
0.024407
0.033198
0.028408
0.031797
0.032397
0.031753
0.031711
0.031633
0.032367
0.030799
0.031232
0.027482
0.030090
0.031297
0.032485
0.031399
0.031847
0.032038
0.032379
0.032665
0.032956
0.040561
0.019973
0.023433
0.031286
0.033197
0.022752
0.019132
0.024524
0.019715
0.027223
0.033115
0.032703
0.032627
0.033417
0.028948
0.032594
0.032946
0.030975
0.040659
0.033520
0.031408
0.026234
0.031479
0.022738
0.031230
0.032399
0.032177
0.032761
0.042517
0.032669
0.032757
0.031616
0.031686
0.032057
0.019792
0.028518
0.031952
0.042227
0.029669
0.030184
0.032336
0.032114
0.035817
0.032387
0.034657
0.020779
0.026910
0.038176
0.032942
0.031941
0.031362
0.032183
0.032375
0.032078
0.029555
0.031374
0.019661
0.038173
0.032576
0.031274
0.031384
0.031887
0.030622
0.031517
0.031402
0.032101
0.030049
0.019232
0.026878
0.026707
0.031871
0.031132
0.031651
0.032398
0.031705
0.031270
0.033689
0.032653
0.020063
0.030176
0.030271
0.031550
0.031418
0.031555
0.031797
0.032128
0.030555
0.031393
0.031822
0.034670
0.028864
0.032167
0.031594
0.031603
0.032125
0.031714
0.032988
0.033988
0.032954
0.039590
0.019516
0.027540
0.026948
0.031343
0.031269
0.031311
0.031456
0.030102
0.071557
0.031865
0.031761
0.023587
0.028585
0.030460
0.030921
0.019954
0.018274
0.019142
0.023389
0.032067
0.030879
0.031774
0.031331
0.027321
0.028574
0.031671
0.032221
0.040809
0.031798
0.032180
0.030837
0.031783
0.031288
0.031261
0.029215
0.029219
0.039263
0.032416
0.031299
0.031810
0.032824
0.032375
0.034248
0.030959
0.031465
0.018905
0.033733
0.033005
0.032730
0.028220
0.022974
0.021758
0.019037
0.023191
0.019081
0.021621
0.026565
0.018274
0.021472
0.022538
0.022179
0.020469
0.020650
0.031590
0.031971
0.023573
0.020392
0.030148
0.037752
0.017774
0.169608
0.137322
0.032691
0.063365
0.031432
0.030444
0.030444
0.026271
0.025657
0.027861
0.029945
0.030475
0.031273
0.031446
0.031321
0.031991
0.035674
0.032917
0.019127
0.024782
0.026548
0.029556
0.030616
0.031932
0.030894
0.031272
0.040077
0.031367
0.031107
0.023688
0.030494
0.031617
0.031917
0.031745
0.033348
0.047933
0.033778
0.031522
0.031729
0.031674
0.018853
0.028169
0.030215
0.031540
0.039545
0.032264
0.033143
0.031039
0.031057
0.031336
0.031712
0.019324
0.026327
0.026822
0.039045
0.020613
0.019531
0.022347
0.022760
0.022312
0.024387
0.032380
0.031568
0.019605
0.035895
0.031624
0.033517
0.032604
0.031979
0.030827
0.030553
0.031219
0.034559
0.031150
0.018971
0.035160
0.030630
0.031185
0.031094
0.031436
0.033206
0.031815
0.031294
0.032101
0.031802
0.027136
0.033206
0.027041
0.031523
0.031296
0.032613
0.031900
0.031469
0.031447
0.031390
0.030490
0.039440
0.033517
0.028169
0.030163
0.030805
0.031882
0.030364
0.032099
0.031464
0.030301
0.037590
0.020810
0.020614
0.025072
0.026558
0.032566
0.031568
0.031382
0.032410
0.040782
0.031813
0.031617
0.031022
0.027233
0.024892
0.030599
0.031208
0.032283
0.037505
0.033317
0.031955
0.030732
0.031735
0.076410
0.030013
0.031167
0.032434
0.032226
0.033012
0.032707
0.031762
0.031488
0.031212
0.031563
0.031492
0.033074
0.020829
0.031209
0.041238
0.032148
0.032433
0.031744
0.031708
0.031337
0.031373
0.031073
0.033853
0.037370
0.032035
0.032149
0.031742
0.032531
0.031642
0.031132
0.031873
0.031180
0.029156
0.039298
0.027297
0.031387
0.023868
0.020456
0.020366
0.032028
0.032390
0.031362
0.035797
0.031930
0.018698
0.027706
0.032598
0.031235
0.030226
0.032092
0.031859
0.031592
0.031255
0.031986
0.032739
0.023693
0.028462
0.032815
0.032258
0.032272
0.032621
0.032493
0.031536
0.032291
0.043143
0.031443
0.020510
0.029456
0.031034
0.031938
0.032658
0.031881
0.031585
0.040487
0.031878
0.031827
0.032019
0.028142
0.032527
0.027578
0.032705
0.031760
0.039873
0.032869
0.030772
0.032018
0.031080
0.031287
0.031786
0.028013
0.025792
0.033000
0.032478
0.032289
0.032263
0.031445
0.032839
0.032542
0.032114
0.031945
0.030838
0.027931
0.031860
0.032005
0.031913
0.032485
0.032093
0.032182
0.031648
0.031487
0.031817
0.019910
0.024417
0.030893
0.031316
0.032166
0.031727
0.031749
0.031397
0.031564
0.031480
0.031611
0.028642
0.032778
0.031510
0.033461
0.031460
0.032516
0.033440
0.032439
0.032621
0.040736
0.033032
0.021190
0.027469
0.029457
0.030741
0.031827
0.031830
0.032897
0.031745
0.039767
0.036428
0.031981
0.017969
0.027862
0.026933
0.031817
0.026683
0.019181
0.035671
0.031088
0.031347
0.031396
0.031548
0.030936
0.032333
0.025947
0.039305
0.031470
0.033504
0.031567
0.031277
0.031182
0.030750
0.031050
0.032662
0.031854
0.026190
0.031283
0.030981
0.030443
0.030759
0.031139
0.031089
0.031685
0.030135
0.030217
0.022685
0.028318
0.030976
0.029882
0.031533
0.028611
0.031842
0.030589
0.031211
0.031478
0.031025
0.027324
0.032107
0.028752
0.032527
0.031158
0.031616
0.030939
0.030024
0.029850
0.029928
0.037518
0.031940
0.022990
0.027076
0.027420
0.032504
0.032240
0.032153
0.031551
0.047583
0.033071
0.030909
0.031861
0.020339
0.026442
0.031466
0.030767
0.030847
0.032091
0.040607
0.031641
0.030817
0.031342
0.031207
0.018762
0.030742
0.027302
0.039834
0.032516
0.033004
0.031061
0.031032
0.031044
0.032068
0.031080
0.025280
0.032029
0.118967
0.031244
0.029864
0.031181
0.030610
0.031266
0.033826
0.031355
0.029428
0.032762
0.028711
0.031757
0.031460
0.031974
0.030799
0.031485
0.031659
0.031051
0.031018
0.031666
0.041785
0.020625
0.031832
0.027188
0.019969
0.022442
0.032665
0.031970
0.031362
0.031362
0.032390
0.026455
0.029789
0.031680
0.031075
0.031840
0.037087
0.031163
0.032807
0.031822
0.040161
0.033467
0.021179
0.028044
0.028217
0.031922
0.030905
0.032535
0.032371
0.039574
0.031442
0.031032
0.033092
0.020250
0.030164
0.029310
0.032714
0.031598
0.031811
0.040417
0.030999
0.031592
0.032402
0.032087
0.028668
0.031775
0.027432
0.031727
0.039565
0.032030
0.031618
0.031284
0.031809
0.031073
0.030860
0.027467
0.032530
0.020129
0.024138
0.026945
0.029809
0.031265
0.031952
0.031727
0.033692
0.031814
0.031945
0.033485
0.028576
0.031329
0.032040
0.032434
0.032971
0.032073
0.032343
0.032638
0.032301
0.032686
0.037760
0.028957
0.032049
0.032012
0.032141
0.031548
0.032818
0.033042
0.035623
0.032743
0.030869
0.032991
0.029688
0.031830
0.031922
0.031968
0.031043
0.032934
0.034246
0.032681
0.040482
0.026492
0.031118
0.024287
0.032739
0.033134
0.031720
0.031500
0.031090
0.031239
0.041967
0.031975
0.025627
0.030750
0.024710
0.030921
0.030296
0.019755
0.019419
0.025430
0.032651
0.032084
0.031934
0.032268
0.032487
0.026232
0.032286
0.032780
0.039660
0.032470
0.034602
0.032109
0.032057
0.032395
0.031746
0.032353
0.026519
0.042060
0.033066
0.032750
0.032732
0.032029
0.031535
0.032108
0.031769
0.031713
0.033384
0.034740
0.033418
0.032411
0.031971
0.031646
0.032077
0.032198
0.032524
0.031985
0.026899
0.037807
0.031520
0.032512
0.031851
0.031799
0.034311
0.032983
0.034125
0.032758
0.031734
0.023876
0.027821
0.029029
0.033677
0.032891
0.032231
0.030832
0.032046
0.030957
0.032021
0.032469
0.023064
0.029323
0.031863
0.031640
0.031390
0.031878
0.031335
0.032399
0.031615
0.031006
0.035098
0.024613
0.030462
0.030152
0.031848
0.031371
0.033595
0.031218
0.031756
0.041173
0.033321
0.032546
0.026873
0.031965
0.033308
0.032032
0.031576
0.031472
0.032054
0.039062
0.032678
0.035119
0.034264
0.020174
0.028836
0.023405
0.031820
0.031686
0.041109
0.033562
0.032777
0.031896
0.030972
0.031598
0.021142
0.030424
0.027822
0.032721
0.032777
0.017908
0.024786
0.031146
0.032890
0.031932
0.032065
0.030837
0.032385
0.039080
0.032649
0.031275
0.031435
0.030798
0.031583
0.031666
0.031702
0.031163
0.030739
0.032284
0.029395
0.030603
0.032411
0.031834
0.031824
0.030996
0.031045
0.031019
0.031017
0.025006
0.038992
0.031413
0.034514
0.031703
0.033408
0.032352
0.031947
0.031133
0.031915
0.032088
0.024362
0.031012
0.027708
0.032085
0.032139
0.031910
0.126331
0.031551
0.032627
0.031387
0.031892
0.027863
0.031938
0.032064
0.032572
0.032377
0.031668
0.032770
0.032056
0.031429
0.040715
0.020864
0.029596
0.032976
0.032890
0.033584
0.034997
0.031940
0.032476
0.042716
0.032708
0.032846
0.020910
0.029274
0.029248
0.031716
0.030840
0.029064
0.040736
0.032170
0.031963
0.032579
0.031968
0.018885
0.027135
0.026929
0.032188
0.038157
0.031517
0.031792
0.031679
0.031057
0.029908
0.031832
0.030841
0.032578
0.029824
0.032114
0.030635
0.031362
0.031309
0.031891
0.032027
0.031104
0.031348
0.031722
0.029564
0.022321
0.032279
0.030456
0.022509
0.018016
0.018955
0.028840
0.032134
0.031917
0.031272
0.025116
0.031363
0.023369
0.030790
0.031919
0.031777
0.031769
0.030766
0.031595
0.031931
0.039434
0.031539
0.033364
0.025789
0.032073
0.031153
0.030546
0.032192
0.031906
0.040394
0.032296
0.032020
0.032284
0.032171
0.024027
0.031736
0.031942
0.031505
0.039748
0.032926
0.031679
0.032135
0.031278
0.031349
0.032155
0.031532
0.029990
0.029160
0.040535
0.031674
0.031475
0.031054
0.031112
0.029123
0.033380
0.033356
0.030786
0.040176
0.021941
0.022973
0.031636
0.031511
0.031002
0.031556
0.031089
0.031966
0.031615
0.029506
0.032127
0.031282
0.031142
0.031627
0.031839
0.031674
0.033953
0.031905
0.032138
0.031026
0.028519
0.032829
0.031326
0.030406
0.031189
0.031407
0.031427
0.031620
0.033249
0.031806
0.028096
0.026449
0.030943
0.031265
0.029660
0.028677
0.031355
0.030811
0.031032
0.040971
0.032766
0.019511
0.029130
0.032028
0.032371
0.031719
0.032164
0.023902
0.030950
0.039893
0.031702
0.030819
0.024472
0.031261
0.122648
0.024043
0.018846
0.030234
0.025377
0.025333
0.024966
0.023387
0.024346
0.017940
0.022458
0.031990
0.040663
0.032333
0.032339
0.032249
0.031819
0.032729
0.032754
0.032260
0.020546
0.038843
0.032687
0.031484
0.031416
0.031461
0.031667
0.030930
0.031572
0.031961
0.031605
0.019248
0.029648
0.031203
0.030578
0.032363
0.031552
0.039824
0.033902
0.031392
0.030333
0.030675
0.020648
0.029853
0.035725
0.032332
0.031752
0.031121
0.031784
0.032594
0.031941
0.032984
0.041512
0.022068
0.028493
0.028768
0.029448
0.030092
0.028640
0.116380
0.031099
0.040982
0.032945
0.027226
0.031185
0.027611
0.032041
0.031341
0.031456
0.032129
0.042491
0.033910
0.032299
0.032428
0.025134
0.031207
0.027606
0.028697
0.028950
0.036098
0.031333
0.032174
0.031020
0.030838
0.030627
0.031830
0.032594
0.025499
0.040951
0.032199
0.031498
0.031703
0.031575
0.031382
0.032254
0.031274
0.031427
0.032870
0.029859
0.031664
0.032009
0.032187
0.033287
0.031477
0.032500
0.031233
0.031221
0.031672
0.039204
0.029732
0.032815
0.027761
0.023485
0.021513
0.025158
0.027834
0.028490
0.030167
0.032177
0.028469
0.027992
0.032213
0.032056
0.030990
0.031569
0.032449
0.031365
0.039686
0.033004
0.031785
0.022360
0.029027
0.031582
0.031359
0.034167
0.031295
0.040174
0.032664
0.033388
