391144
409336
420792
432248
443704
455160
466632
478088
489544
501000
512456
523912
535368
546824
558280
569736
581192
592648
604104
615560
627016
638472
649928
661384
672840
684296
695752
707208
718664
730120
741576
753032
764488
775944
787400
798856
810312
821768
833224
844680
856136
867592
879048
890504
901960
913416
924872
936328
947784
959240
970696
982152
993608
1005064
1016520
1027976
1039432
1050888
1062344
1073800
1085256
1096712
1108168
1119624
1131080
1142536
1153992
1165448
1176904
1188360
1199816
1211560
1223016
1234472
1245928
1257384
1268840
1280296
1291752
1303208
1314664
1326120
1337576
1349032
1360488
1371944
1383400
1394856
1406312
1417768
1429224
1440680
1452136
1463592
1475048
1486504
1497960
1509416
1520872
1532328
1543784
1555240
1566696
1578152
1589608
1601064
1612520
1623976
1635432
1646888
1658344
1669800
1681544
1693000
1704456
1715912
1727368
1738824
1750280
1761736
1773192
1784648
1796104
1807560
1819016
1830472
1841928
1853384
1864840
1876296
1887752
1899208
1910664
1922120
1933576
1945032
1956488
1967944
1979400
1990856
2002312
2013768
2025224
2036680
2048136
2059592
2071048
2082504
2093960
2105416
2116872
2128328
2140072
2151528
2162984
2174440
2185896
2197352
2208808
2220264
2231720
2243176
2254632
2266088
2277544
2289000
2300456
2311912
2323368
2334824
2346280
2357736
2369192
2380648
2392104
2403848
2415304
2426760
2438216
2449672
2461128
2472584
2484040
2495496
2506952
2518408
2529864
2541320
2552776
2564232
2575688
2587144
2598600
2610056
2621512
2632968
2644424
2655880
2667336
2678792
2690248
2701704
2713160
2724616
2736072
2747528
2758984
2770440
2781896
2793352
2804808
2816264
2827720
2839176
2850632
2862088
2873544
2885000
2896456
2907912
2919368
2930824
2942280
2953736
2965192
2976648
2988104
2999560
3011016
3022472
3033928
3045384
3056840
3068296
3079752
3091208
3102664
3114120
3125576
3137032
3148488
3159944
3171400
3182856
3194312
3205768
3217224
3228680
3240424
3251880
3263336
3274792
3286248
3297704
3309160
3320616
3332072
3343528
3354984
3366440
3377896
3389352
3400808
3412264
3423720
3435176
3446632
3458088
3469544
3481000
3492456
3503912
3515368
3526824
3538280
3549736
3561192
3572648
3584104
3595560
3607016
3618472
3629928
3641384
3652840
3664296
3675752
3687208
3698664
3710120
3721576
3733032
3744488
3755944
3782888
410984
423552
435008
447568
459024
470480
481936
493392
504848
516304
527760
539504
550960
562416
573872
585328
596784
608240
619696
631152
642608
654064
665520
676976
688432
700176
711632
723088
734544
746000
757456
768912
780368
792112
803568
815024
826480
837936
849392
860848
872304
883760
895216
906672
918128
929584
941040
952496
963952
975408
986864
998320
1009776
1021232
1032688
1044144
1055600
1067056
1078512
1089968
1101424
1112880
1124336
1135792
1147248
1158704
1170160
1181616
1193072
1204528
1215984
1227440
1238896
1250352
1261808
1273264
1284720
1296176
1307632
1319088
1330544
1342000
1353456
1364912
1376368
1387824
1399280
1410736
1422192
1433648
1445104
1456560
1468016
1479472
1490928
1502384
1513840
1525296
1536752
1548208
1559664
1571120
1582576
1594032
1605488
1616944
1628400
1639856
1651312
1662768
1674224
1685968
1697424
1708880
1720336
1731792
1743248
1754704
1766160
1777616
1789072
1800528
1811984
1823440
1834896
1846352
1857808
1869264
1880720
1892176
1903632
1915088
1926544
1938000
1949456
1960912
1972368
1983824
1995280
2006736
2018192
2029648
2041104
2052560
2064016
2075472
2086928
2098384
2109840
2121296
2133040
2144496
2155952
2167408
2178864
2190320
2201776
2213232
2224688
2236144
2247600
2259056
2270512
2281968
2293424
2304880
2316336
2327792
2339248
2350704
2362160
2373616
2385072
2396528
2407984
2419440
2430896
2442352
2453808
2465264
2476720
2488176
2499632
2511088
2522544
2534288
2545744
2557200
2568656
2580112
2591568
2603024
2614480
2625936
2637392
2648848
2660304
2671760
2683216
2694672
2706128
2717584
2729040
2740496
2751952
2763408
2774864
2786320
2797776
2809232
2820688
2832144
2843600
2855056
2866512
2877968
2889424
2900880
2912336
2923792
2935248
2946704
2958448
2969904
2981360
2992816
3004272
3016016
3027472
3038928
3050384
3061840
3073296
3084752
3096208
3107664
3119120
3130576
3142032
3153488
3164944
3176400
3187856
3199312
3210768
3222224
3233680
3245136
3256592
3268048
3279504
3290960
3302416
3313872
3325328
3336784
3348240
3359696
3371152
3382608
3394064
3405520
3416976
3428432
3439888
3451344
3462800
3474256
3485712
3497168
3508624
3520080
3531536
3542992
3554736
3566192
3577648
3589104
3600560
3612016
3623472
3634928
3646384
3657840
3669296
3680752
3692208
3703664
3715120
3726576
3738032
3749488
3760944
3772400
415848
428392
439848
451304
462760
474216
485672
497416
508872
520328
531784
543240
554696
566152
577608
589064
600520
611976
623432
634888
646344
657800
669256
680712
692168
703624
715080
726536
737992
749448
760904
772360
784104
795560
807016
818472
829928
841384
852840
864296
875752
887208
898664
910120
921576
933032
944488
955944
967400
978856
990312
1001768
1013224
1024680
1036136
1047592
1059048
1070504
1081960
1093416
1104872
1116328
1127784
1139240
1150696
1162152
1173608
1185064
1196520
1207976
1219432
1230888
1242344
1253800
1265256
1276712
1288168
1299624
1311080
1322536
1333992
1345448
1356904
1368360
1379816
1391272
1402728
1414184
1425640
1437096
1448552
1460008
1471464
1482920
1494376
1505832
1517288
1528744
1540200
1551656
1563112
1574568
1586024
1597480
1608936
1620392
1631848
1643304
1654760
1666216
1677672
1689128
1700872
1712328
1723784
1735240
1746696
1758152
1769608
1781064
1792520
1803976
1815432
1826888
1838344
1849800
1861256
1872712
1884168
1895624
1907080
1918536
1929992
1941448
1952904
1964360
1975816
1987272
1998728
2010184
2021640
2033096
2044552
2056008
2067464
2078920
2090376
2101832
2113288
2124744
2136200
2147656
2159112
2170568
2182024
2193480
2204936
2216392
2227848
2239304
2250760
2262216
2273672
2285128
2296584
2308040
2319496
2330952
2342696
2354152
2365608
2377064
2388520
2399976
2411432
2422888
2434344
2445800
2457256
2468712
2480168
2491624
2503080
2514536
2525992
2537448
2548904
2560360
2571816
2583272
2594728
2606184
2617640
2629096
2640552
2652008
2663464
2674920
2686376
2697832
2709288
2720744
2732200
2743656
2755112
2766568
2778024
2789480
2800936
2812392
2823848
2835304
2846760
2858216
2869672
2881128
2892584
2904040
2915496
2926952
2938408
2949864
2961320
2972776
2984232
2995688
3007144
3018600
3030056
3041512
3052968
3064424
3075880
3087336
3098792
3110248
3121704
3133160
3144616
3156072
3167528
3178984
3190440
3201896
3213352
3224808
3236264
3247720
3259176
3270632
3282088
3293544
3305000
3316456
3327912
3339368
3350824
3362280
3373736
3385192
3396648
3408104
3419560
3431016
3442472
3453928
3465384
3476840
3488296
3499752
3511208
3522952
3534408
3545864
3557320
3568776
3580232
3591688
3603144
3614600
3626056
3637512
3648968
3660424
3671880
3683336
3694792
3706248
3717704
3729160
3740904
3752360
3763816
3775272
415768
427224
439768
451224
462680
474136
485592
497048
508504
519960
531416
542872
554328
565784
577528
589272
600728
612184
623640
635096
646552
658008
669464
680920
692376
703832
715288
727032
738488
749944
761400
772856
784312
795768
807224
818680
830136
841592
853048
864504
875960
887416
898872
910328
921784
933240
944696
956152
967608
979064
990520
1001976
1013432
1024888
1036344
1047800
1059256
1070712
1082168
1093624
1105080
1116536
1127992
1139448
1150904
1162360
1173816
1185272
1196728
1208184
1219640
1231096
1242552
1254008
1265464
1276920
1288376
1299832
1311288
1322744
1334200
1345656
1357112
1368568
1380024
1391480
1402936
1414680
1426136
1437592
1449048
1460504
1471960
1483416
1494872
1506328
1517784
1529240
1540696
1552152
1563608
1575064
1586520
1597976
1609432
1620888
1632344
1643800
1655256
1667000
1678456
1689912
1701368
1712824
1724280
1735736
1747208
1758680
1770152
1781624
1793096
1804568
1816040
1827512
1838984
1850456
1861928
1873400
1884872
1896344
1907816
1919288
1930760
1942232
1953704
1965176
1976648
1988120
1999592
2011064
2022536
2034008
2045480
2056952
2068424
2079896
2091368
2102840
2114312
2125784
2137256
2148728
2160200
2171672
2183144
2194616
2206088
2217560
2229032
2240504
2251976
2263448
2274920
2286392
2297864
2309336
2320808
2332280
2343752
2355224
2366696
2378168
2389640
2401112
2412584
2424056
2435528
2447000
2458472
2469944
2481416
2492888
2504360
2515832
2527304
2538776
2550248
2561720
2573192
2584664
2596136
2607608
2619080
2630552
2642312
2653784
2665256
2676728
2688200
2699672
2711144
2722616
2734088
2745560
2757032
2768504
2779976
2791448
2802920
2814392
2825864
2837336
2848808
2860280
2871752
2883224
2894696
2906168
2917640
2929112
2940584
2952056
2963528
2975000
2986472
2997944
3009416
3020888
3032360
3043832
3055304
3066776
3078248
3089720
3101480
3112952
3124424
3135896
3147368
3158840
3170312
3181784
3193256
3204728
3216200
3227672
3239144
3250616
3262088
3273560
3285032
3296504
3307976
3319448
3330920
3342392
3353864
3365336
3376808
3388280
3399752
3411224
3422696
3434168
3445640
3457112
3468584
3480056
3491528
3503000
3514472
3525944
3537416
3548888
3560360
3571832
3583304
3594776
3606248
3617720
3629192
3640664
3652136
3663608
3675080
3686552
3698024
3709496
3720968
3732440
3743912
3755384
3766856
3778328
416400
428960
440432
451904
463376
474848
486320
497792
509264
520736
532208
543680
555152
566624
578096
589568
601040
612512
623984
635456
646928
658400
669872
681344
692816
704288
715760
727232
738704
750176
761648
773120
784592
796064
807536
819008
830480
841952
853424
864896
876368
887840
899312
910784
922256
933728
945200
956672
968144
979616
991088
1002560
1014032
1025504
1036976
1048448
1059920
1071392
1082864
1094336
1105808
1117280
1128752
1140224
1151696
1163168
1174640
1186112
1197584
1209056
1220528
1232000
1243472
1254944
1266416
1277888
1289360
1300832
1312304
1323776
1335248
1346720
1358192
1369664
1381136
1392608
1404080
1415552
1427024
1438496
1449968
1461440
1472912
1484384
1495856
1507328
1518800
1530272
1541744
1553216
1564688
1576160
1587632
1599104
1610576
1622048
1633520
1644992
1656464
1667936
1679408
1690880
1702352
1713824
1725296
1736768
1748240
1759712
1771184
1782656
1794128
1805600
1817072
1828544
1840016
1851488
1862960
1874432
1885904
1897376
1908848
1920608
1932080
1943552
1955024
1966496
1977968
1989440
2000912
2012384
2023856
2035328
2046800
2058272
2069744
2081216
2092688
2104160
2115632
2127104
2138576
2150048
2161520
2172992
2184464
2195936
2207408
2218880
2230352
2241824
2253296
2264768
2276240
2287712
2299184
2310656
2322128
2333600
2345072
2356544
2368016
2379488
2390960
2402432
2413904
2425376
2436848
2448320
2459792
2471264
2482736
2494208
2505680
2517152
2528624
2540096
2551568
2563040
2574512
2585984
2597456
2608928
2620400
2631872
2643344
2654816
2666288
2677760
2689232
2700704
2712176
2723648
2735120
2746592
2758064
2769536
2781008
2792480
2803952
2815424
2826896
2838368
2849840
2861312
2872784
2884256
2895728
2907200
2918672
2930144
2941616
2953088
2964560
2976032
2987504
2998976
3010448
3021920
3033392
3044864
3056336
3067808
3079280
3090752
3102224
3113696
3125168
3136640
3148112
3159584
3171056
3182528
3194000
3205472
3216944
3228416
3239888
3251360
3262832
3274304
3285776
3297248
3308720
3320192
3331664
3343136
3354608
3366080
3377552
3389024
3400496
3411968
3423440
3434912
3446384
3457856
3469328
3480800
3492272
3503744
3515216
3526688
3538160
3549632
3561104
3572576
3584048
3595520
3606992
3618464
3629936
3641408
3652880
3664352
3675824
3687296
3698768
3710240
3721712
3733184
3744656
3756128
3767600
3715800
424808
437368
449128
460600
472072
483544
495304
506776
518248
529720
541192
552664
564136
575608
587080
598552
610024
621496
632968
644440
655912
667384
678856
690328
701800
713272
724744
736216
747688
759160
770632
782104
793576
805048
816520
827992
839464
850936
862408
873880
885352
896824
908296
919768
931240
942712
954184
965656
977128
988600
1000072
1011544
1023016
1034488
1045960
1057432
1068904
1080376
1091848
1103320
1114792
1126264
1137736
1149208
1160680
1172152
1183624
1195096
1206568
1218040
1229512
1240984
1252456
1263928
1275400
1286872
1298344
1309816
1321288
1332760
1344232
1355704
1367176
1378648
1390120
1401592
1413064
1424536
1436008
1447480
1458952
1470424
1481896
1493368
1504840
1516600
1528072
1539544
1551016
1562488
1573960
1585432
1596904
1608376
1619848
1631320
1642792
1654264
1665736
1677208
1688680
1700152
1711624
1723096
1734568
1746040
1757512
1768984
1780456
1791928
1803400
1814872
1826344
1837816
1849288
1860760
1872232
1883704
1895176
1906648
1918120
1929592
1941064
1952536
1964008
1975480
1986952
1998424
2009896
2021368
2032840
2044312
2055784
2067256
2078728
2090200
2101672
2113432
2125192
2136664
2148424
2159896
2171368
2182840
2194312
2205784
2217256
2228728
2240200
2251672
2263144
2274616
2286088
2297560
2309032
2320504
2331976
2343448
2354920
2366392
2377864
2389336
2400808
2412280
2423752
2435224
2446696
2458168
2469640
2481112
2492584
2504056
2515528
2527000
2538472
2549944
2561416
2572888
2584360
2595832
2607304
2618776
2630248
2641720
2653192
2664664
2676136
2687608
2699080
2710552
2722024
2733496
2744968
2756440
2767912
2779384
2790856
2802328
2813800
2825272
2836744
2848216
2859688
2871160
2882632
2894104
2905576
2917048
2928520
2939992
2951464
2962936
2974408
2985880
2997352
3008824
3020296
3031768
3043240
3054712
3066184
3077656
3089128
3100600
3112072
3123544
3135016
3146488
3157960
3169432
3180904
3192376
3203848
3215320
3226792
3238264
3249736
3261208
3272680
3284152
3295624
3307096
3318568
3330040
3341512
3352984
3364456
3375928
3387400
3398872
3410344
3421816
3433288
3444760
3456232
3467704
3479176
3490648
3502408
3513880
3525352
3536824
3548296
3559768
3571240
3582712
3594184
3605656
3617128
3628600
3640072
3651544
3663016
3674488
3685960
3697432
3708904
3720376
3731848
3743320
3754792
3766264
3777736
416144
428720
440896
452368
463840
475312
486784
498256
509728
521200
532672
544144
555616
567088
578560
590032
601504
612976
624448
635920
647392
658864
670336
681808
693280
704752
716224
727696
739168
750640
762112
773584
785056
796528
808000
819472
830944
842416
853888
865360
876832
888304
899776
911248
922720
934192
945664
957136
968608
980080
991552
1003024
1014496
1025968
1037440
1048912
1060384
1071856
1083616
1095088
1106560
1118032
1129504
1140976
1152448
1163920
1175392
1186864
1198336
1209808
1221280
1232752
1244224
1255696
1267168
1278640
1290112
1301584
1313056
1324528
1336000
1347472
1358944
1370416
1381888
1393360
1404832
1416304
1427776
1439248
1450720
1462192
1473664
1485136
1496608
1508080
1519552
1531024
1542496
1553968
1565440
1576912
1588384
1599856
1611328
1622800
1634272
1645744
1657216
1668688
1680160
1691632
1703104
1714576
1726048
1737520
1748992
1760464
1771936
1783408
1794880
1806352
1817824
1829296
1840768
1852240
1863712
1875184
1886656
1898128
1909600
1921072
1932544
1944016
1955488
1966960
1978432
1989904
2001376
2012848
2024320
2035792
2047264
2058736
2070208
2081680
2093152
2104624
2116096
2127568
2139040
2150512
2162272
2173744
2185216
2196688
2208160
2219632
2231104
2242576
2254048
2265520
2276992
2288464
2299936
2311408
2322880
2334352
2345824
2357296
2368768
2380240
2391712
2403184
2414656
2426128
2437600
2449072
2460544
2472016
2483488
2494960
2506432
2517904
2529376
2540848
2552320
2563792
2575264
2586736
2598208
2609680
2621152
2632624
2644096
2655568
2667040
2678512
2689984
2701456
2712928
2724400
2735872
2747344
2758816
2770288
2781760
2793232
2804704
2816176
2827648
2839120
2850592
2862064
2873536
2885008
2896480
2907952
2919424
2930896
2942368
2953840
2965312
2976784
2988256
2999728
3011200
3022672
3034144
3045616
3057088
3068560
3080032
3091504
3102976
3114448
3125920
3137392
3148864
3160336
3171808
3183280
3194752
3206224
3217696
3229168
3240640
3252112
3263584
3275056
3286528
3298000
3309472
3320944
3332416
3343888
3355360
3366832
3378304
3389776
3401248
3412720
3424192
3435664
3447136
3458608
3470080
3481552
3493024
3504496
3515968
3527440
3538912
3550384
3561856
3573328
3584800
3596272
3607744
3619216
3630688
3642160
3653632
3665104
3676576
3688048
3699808
3711280
3722752
3734224
3745696
3757168
3768640
3780112
416672
429248
441808
453280
464752
476224
487696
499168
510640
522112
533584
545056
556528
568000
579472
590944
602416
613888
625360
636832
648304
659776
671248
682720
694192
705664
717136
728608
740080
751552
763024
774496
785968
797440
808912
820384
831856
843328
854800
866272
877744
889216
900688
912160
923632
935104
946576
958048
969520
980992
992464
1003936
1015408
1027168
1038640
1050112
1061584
1073056
1084528
1096000
1107472
1118944
1130416
1141888
1153360
1164832
1176304
1187776
1199248
1210720
1222192
1233664
1245136
1256608
1268080
1279552
1291024
1302496
1313968
1325440
1336912
1348384
1359856
1371328
1382800
1394272
1405744
1417216
1428688
1440160
1451632
1463104
1474576
1486048
1497520
1508992
1520464
1531936
1543408
1554880
1566352
1577824
1589296
1600768
1612240
1623712
1635184
1646656
1658128
1669600
1681072
1692544
1704016
1715488
1726960
1738432
1749904
1761376
1772848
1784320
1795792
1807264
1818736
1830496
1841968
1853440
1864912
1876384
1887856
1899328
1910800
1922272
1933744
1945216
1956688
1968160
1979632
1991104
2002576
2014048
2025520
2036992
2048464
2059936
2071408
2082880
2094352
2105824
2117296
2128768
2140240
2151712
2163184
2174656
2186128
2197600
2209072
2220544
2232016
2243488
2254960
2266432
2277904
2289376
2300848
2312320
2323792
2335264
2346736
2358496
2369968
2381440
2392912
2404384
2415856
2427328
2438800
2450272
2461744
2473216
2484688
2496160
2507632
2519104
2530576
2542048
2553520
2564992
2576464
2587936
2599408
2610880
2622352
2633824
2645296
2656768
2668240
2679712
2691184
2702656
2714128
2725600
2737072
2748544
2760016
2771488
2782960
2794432
2805904
2817376
2828848
2840320
2851792
2863264
2874736
2886208
2897680
2909152
2920624
2932096
2943568
2955040
2966512
2977984
2989456
3000928
3012400
3023872
3035344
3046816
3058288
3069760
3081232
3092704
3104176
3115648
3127120
3138592
3150064
3161536
3173008
3184480
3195952
3207424
3218896
3230368
3241840
3253312
3264784
3276256
3287728
3299200
3310672
3322144
3333616
3345088
3356560
3368032
3379504
3390976
3402448
3413920
3425392
3436864
3448336
3459808
3471280
3482752
3494224
3505696
3517168
3528640
3540112
3551584
3563056
3574528
3586000
3597472
3608944
3620416
3631888
3643360
3654832
3666304
3677776
3689248
3700720
3712192
3723664
3735136
3746608
3758080
3769552
3781024
425176
436824
449384
460856
472328
483800
495272
506744
518216
529688
541160
552632
564104
575576
587048
598520
609992
621464
632936
644408
655880
667352
678824
690296
702056
713528
725000
736472
747944
759416
770888
782360
793832
805304
816776
828248
839720
851192
862664
874136
885608
897080
908552
920024
931496
942968
954440
965912
977384
988856
1000328
1011800
1023272
1034744
1046216
1057688
1069160
1080632
1092104
1103576
1115048
1126520
1137992
1149464
1160936
1172408
1183880
1195352
1206824
1218296
1229768
1241240
1252712
1264184
1275656
1287128
1298600
1310072
1321544
1333016
1344488
1355960
1367432
1378904
1390376
1401848
1413320
1424792
1436264
1447736
1459208
1470680
1482152
1493624
1505096
1516568
1528040
1539512
1550984
1562456
1573928
1585400
1596872
1608344
1619816
1631288
1642760
1654232
1665704
1677176
1688648
1700120
1711592
1723064
1734536
1746008
1757480
1768952
1780424
1791896
1803368
1814840
1826312
1837784
1849256
1860728
1872200
1883672
1895144
1906616
1918088
1929560
1941032
1952504
1963976
1975448
1986920
1998392
2009864
2021336
2032808
2044280
2055752
2067224
2078696
2090168
2101640
2113112
2124584
2136056
2147528
2159000
2170472
2181944
2193416
2204888
2216360
2227832
2239304
2250776
2262248
2273720
2285192
2296664
2308136
2319608
2331080
2342552
2354024
2365496
2376968
2388440
2399912
2411384
2422856
2434328
2445800
2457272
2468744
2480216
2491688
2503160
2514632
2526392
2537864
2549336
2560808
2572280
2583752
2595224
2606696
2618168
2629640
2641112
2652584
2664056
2675528
2687000
2698472
2709944
2721416
2732888
2744360
2755832
2767304
2778776
2790248
2801720
2813192
2824664
2836136
2847608
2859080
2870552
2882024
2893496
2904968
2916440
2927912
2939384
2950856
2962328
2973800
2985560
2997032
3008504
3019976
3031448
3042920
3054392
3065864
3077336
3088808
3100280
3111752
3123224
3134696
3146168
3157640
3169112
3180584
3192056
3203528
3215000
3226472
3237944
3249416
3260888
3272360
3283832
3295304
3306776
3318248
3329720
3341192
3352664
3364136
3375608
3387080
3398552
3410024
3421496
3432968
3444440
3455912
3467384
3478856
3490328
3501800
3513272
3524744
3536216
3547688
3559160
3570632
3582104
3593576
3605048
3616520
3627992
3639464
3650936
3662408
3673880
3685352
3696824
3708296
3719768
3731240
3742712
3754184
3765656
3777128
416776
429352
441912
453384
465144
476616
488088
499560
511032
522504
533976
545448
556920
568392
579864
591336
602808
614280
625752
637224
648984
660456
671928
683400
694872
706344
717816
729288
740760
752232
763704
775176
786648
798120
809592
821064
832536
844008
855480
866952
878424
889896
901368
912840
924312
935784
947256
958728
970200
981672
993144
1004616
1016088
1027560
1039032
1050504
1061976
1073448
1084920
1096392
1107864
1119336
1130808
1142280
1153752
1165224
1176696
1188168
1199640
1211112
1222584
1234056
1245528
1257000
1268472
1279944
1291416
1302888
1314360
1325832
1337304
1348776
1360248
1371720
1383192
1394664
1406136
1417608
1429080
1440552
1452024
1463496
1474968
1486440
1497912
1509672
1521144
1532616
1544088
1555560
1567032
1578504
1589976
1601448
1612920
1624392
1635864
1647336
1658808
1670280
1681752
1693224
1704696
1716168
1727640
1739112
1750584
1762056
1773528
1785000
1796472
1807944
1819416
1830888
1842360
1853832
1865304
1876776
1888248
1899720
1911192
1922664
1934136
1945608
1957080
1968552
1980024
1991496
2002968
2014440
2025912
2037384
2048856
2060328
2071800
2083272
2094744
2106216
2117688
2129160
2140632
2152104
2163576
2175048
2186520
2197992
2209464
2220936
2232408
2243880
2255352
2266824
2278296
2289768
2301240
2312712
2324184
2335656
2347128
2358600
2370072
2381544
2393016
2404488
2415960
2427432
2438904
2450376
2461848
2473320
2484792
2496264
2507736
2519208
2530680
2542152
2553624
2565096
2576568
2588040
2599512
2610984
2622456
2633928
2645400
2656872
2668344
2679816
2691288
2702760
2714232
2725704
2737176
2748648
2760120
2771592
2783064
2794536
2806008
2817480
2828952
2840424
2852184
2863656
2875128
2886600
2898072
2909544
2921016
2932488
2943960
2955432
2967192
2978664
2990136
3001896
3013368
3024840
3036312
3047784
3059256
3070728
3082200
3093672
3105144
3116616
3128088
3139560
3151320
3162792
3174264
3185736
3197208
3208680
3220152
3231624
3243096
3254568
3266040
3277512
3288984
3300456
3311928
3323400
3334872
3346344
3357816
3369288
3380760
3392232
3403704
3415176
3426648
3438120
3449592
3461064
3472536
3484008
3495768
3507240
3518712
3530184
3541656
3553128
3564600
3576072
3587544
3599304
3610776
3622248
3633720
3645192
3656664
3668136
3679608
3691080
3702552
3714024
3725496
3736968
3748440
3759912
3771384
3782856
425056
436528
448000
459472
470944
482416
493888
505360
516832
528592
540064
551536
563008
574480
585952
597424
608896
620368
631840
643312
654784
666256
677728
689200
700672
712144
723616
735088
746560
758032
769504
780976
792448
803920
815392
826864
838336
849808
861280
872752
884224
895696
907168
918640
930112
941872
953344
964816
976288
987760
999232
1010704
1022176
1033648
1045120
1056592
1068064
1079536
1091008
1102480
1113952
1125424
1136896
1148368
1159840
1171600
1183072
1194544
1206016
1217488
1228960
1240432
1251904
1263376
1274848
1286320
1297792
1309264
1320736
1332208
1343680
1355152
1366624
1378096
1389568
1401040
1412512
1423984
1435456
1446928
1458400
1469872
1481344
1492816
1504288
1515760
1527232
1538704
1550176
1561648
1573120
1584592
1596064
1607536
1619008
1630480
1641952
1653424
1664896
1676368
1687840
1699312
1710784
1722256
1733728
1745200
1756672
1768144
1779904
1791376
1802848
1814320
1825792
1837264
1848736
1860208
1871680
1883152
1894624
1906096
1917568
1929040
1940512
1951984
1963456
1974928
1986400
1997872
2009344
2020816
2032288
2043760
2055232
2066704
2078176
2089648
2101120
2112592
2124064
2135536
2147296
2158768
2170240
2181712
2193184
2204656
2216128
2227600
2239360
2250832
2262304
2273776
2285248
2296720
2308192
2319664
2331136
2342608
2354080
2365552
2377024
2388496
2399968
2411440
2422912
2434384
2445856
2457328
2468800
2480272
2491744
2503216
2514688
2526160
2537920
2549392
2561152
2572624
2584096
2595568
2607040
2618512
2629984
2641456
2652928
2664400
2675872
2687344
2698816
2710288
2721760
2733232
2744704
2756176
2767648
2779120
2790592
2802064
2813536
2825008
2836480
2847952
2859424
2870896
2882368
2893840
2905312
2916784
2928256
2940016
2951488
2963248
2974720
2986192
2997664
3009136
3020608
3032080
3043552
3055024
3066496
3077968
3089440
3100912
3112384
3123856
3135328
3146800
3158272
3169744
3181216
3192688
3204160
3215632
3227104
3238576
3250048
3261520
3272992
3284464
3295936
3307408
3318880
3330352
3341824
3353296
3364768
3376240
3387712
3399184
3410656
3422128
3433600
3445072
3456544
3468016
3479488
3490960
3502432
3513904
3525376
3536848
3548320
3559792
3571264
3582736
3594208
3605680
3617152
3628624
3640096
3651568
3663040
3674512
3685984
3697456
3708928
3720400
3731872
3743344
3754816
3766288
3777760
416008
428584
441144
452616
464088
475560
487032
498504
509976
521448
532920
544392
555864
567336
578808
590280
601752
613224
624696
636168
647640
659112
670584
682056
693528
705000
716472
727944
739416
750888
762360
773832
785304
797064
808536
820008
831480
842952
854424
865896
877368
888840
900312
911784
923256
934728
946200
957672
969144
980616
992088
1003560
1015032
1026504
1037976
1049448
1060920
1072392
1083864
1095336
1106808
1118280
1129752
1141224
1152696
1164168
1175640
1187112
1198584
1210056
1221528
1233000
1244472
1255944
1267416
1278888
1290360
1301832
1313304
1324776
1336248
1347720
1359192
1370664
1382136
1393608
1405080
1416552
1428024
1439496
1450968
1462440
1473912
1485384
1496856
1508328
1519800
1531272
1542744
1554216
1565688
1577160
1588632
1600104
1611576
1623048
1634520
1645992
1657464
1668936
1680408
1691880
1703352
1714824
1726296
1737768
1749240
1760712
1772184
1783656
1795128
1806600
1818072
1829544
1841016
1852488
1863960
1875432
1886904
1898376
1910136
1921608
1933080
1944552
1956024
1967496
1978968
1990440
2001912
2013384
2024856
2036616
2048088
2059560
2071032
2082504
2093976
2105448
2116920
2128392
2139864
2151336
2162808
2174280
2185752
2197224
2208696
2220168
2231640
2243112
2254584
2266056
2277528
2289000
2300472
2311944
2323416
2334888
2346360
2357832
2369304
2380776
2392248
2403720
2415192
2426664
2438136
2449608
2461080
2472552
2484024
2495496
2506968
2518440
2529912
2541384
2552856
2564328
2575800
2587272
2598744
2610216
2621976
2633448
2644920
2656392
2667864
2679336
2690808
2702280
2713752
2725224
2736696
2748168
2759640
2771112
2782584
2794056
2805528
2817000
2828472
2839944
2851416
2862888
2874360
2885832
2897304
2908776
2920248
2931720
2943192
2954664
2966136
2977608
2989080
3000552
3012024
3023496
3035256
3046728
3058200
3069672
3081144
3092616
3104088
3115560
3127032
3138504
3149976
3161448
3172920
3184392
3195864
3207336
3218808
3230280
3241752
3253224
3264984
3276456
3287928
3299400
3310872
3322344
3333816
3345288
3356760
3368232
3379704
3391176
3402648
3414120
3425592
3437064
3448536
3460008
3471480
3482952
3494424
3505896
3517368
3528840
3540312
3551784
3563256
3574728
3586200
3597672
3609144
3620616
3632088
3643560
3655032
3666504
3677976
3689448
3700920
3712392
3723864
3735336
3746808
3758280
3769752
3711848
424896
436368
447840
459312
470784
482256
493728
505200
516672
528144
539616
551088
562560
574032
585504
596976
608448
619920
631392
642864
654336
665808
677280
688752
700224
711696
723168
734640
746112
757584
769056
780528
792000
803472
814944
826416
837888
849360
860832
872304
883776
895248
906720
918192
929664
941136
952608
964080
975552
987024
998496
1009968
1021440
1032912
1044384
1055856
1067328
1078800
1090560
1102032
1113504
1124976
1136448
1147920
1159392
1170864
1182336
1193808
1205280
1216752
1228224
1239696
1251168
1262640
1274112
1285584
1297056
1308528
1320000
1331472
1342944
1354416
1365888
1377648
1389120
1400592
1412064
1423536
1435008
1446480
1457952
1469424
1480896
1492368
1503840
1515312
1526784
1538256
1549728
1561200
1572672
1584144
1595616
1607088
1618560
1630032
1641504
1652976
1664448
1675920
1687392
1698864
1710336
1721808
1733280
1744752
1756224
1767696
1779168
1790640
1802112
1813584
1825056
1836528
1848000
1859472
1870944
1882416
1893888
1905360
1916832
1928304
1939776
1951248
1962720
1974480
1985952
1997424
2008896
2020368
2031840
2043312
2054784
2066256
2077728
2089200
2100672
2112144
2123616
2135376
2146848
2158320
2169792
2181264
2192736
2204208
2215680
2227152
2238624
2250096
2261568
2273040
2284512
2295984
2307456
2318928
2330400
2341872
2353344
2364816
2376288
2387760
2399232
2410704
2422176
2433648
2445120
2456592
2468064
2479536
2491008
2502480
2513952
2525424
2536896
2548368
2559840
2571312
2582784
2594256
2605728
2617200
2628672
2640144
2651616
2663088
2674560
2686032
2697504
2708976
2720448
2731920
2743392
2754864
2766336
2777808
2789280
2800752
2812224
2823696
2835168
2846640
2858400
2869872
2881344
2892816
2904288
2915760
2927232
2938704
2950176
2961648
2973120
2984592
2996064
3007536
3019008
3030480
3041952
3053424
3064896
3076368
3087840
3099312
3110784
3122256
3133728
3145200
3156672
3168144
3179616
3191088
3202560
3214032
3225504
3236976
3248448
3259920
3271392
3282864
3294336
3305808
3317280
3328752
3340224
3351696
3363168
3374640
3386112
3397584
3409056
3420528
3432000
3443472
3454944
3466416
3477888
3489360
3500832
3512304
3523776
3535248
3546720
3558192
3569664
3581136
3592608
3604080
3615552
3627024
3638496
3649968
3661440
3672912
3684384
3695856
3707328
3718800
3730272
3741744
3753216
3764688
3776160
416952
429528
441000
452472
463944
475416
486888
498360
509832
521592
533064
544536
556008
567480
578952
590424
601896
613368
624840
636312
648072
659544
671016
682488
693960
705432
716904
728376
739848
751320
762792
774264
785736
797208
808680
820152
831624
843096
854568
866040
877512
888984
900456
911928
923400
934872
946632
958104
969576
981048
992520
1003992
1015464
1026936
1038408
1049880
1061352
1072824
1084296
1095768
1107240
1118712
1130184
1141656
1153128
1164600
1176072
1187544
1199016
1210488
1221960
1233432
1244904
1256376
1267848
1279320
1290792
1302264
1313736
1325208
1336680
1348152
1359624
1371096
1382568
1394040
1405512
1416984
1428456
1439928
1451400
1462872
1474344
1485816
1497288
1508760
1520232
1531704
1543464
1554936
1566408
1577880
1589352
1600824
1612296
1623768
1635240
1646712
1658184
1669656
1681128
1692600
1704072
1715544
1727016
1738488
1749960
1761432
1772904
1784376
1795848
1807320
1818792
1830264
1841736
1853208
1864680
1876152
1887624
1899096
1910856
1922328
1933800
1945272
1956744
1968216
1979688
1991160
2002632
2014104
2025576
2037048
2048520
2059992
2071464
2082936
2094408
2105880
2117352
2128824
2140296
2151768
2163240
2174712
2186184
2197656
2209128
2220600
2232072
2243544
2255016
2266488
2277960
2289432
2300904
2312376
2323848
2335320
2346792
2358264
2369736
2381208
2392680
2404152
2415624
2427096
2438568
2450040
2461512
2472984
2484744
2496216
2507688
2519160
2530632
2542104
2553576
2565048
2576520
2587992
2599464
2610936
2622408
2633880
2645352
2656824
2668296
2679768
2691240
2702712
2714184
2725656
2737128
2748600
2760072
2771544
2783016
2794488
2805960
2817432
2828904
2840376
2851848
2863320
2874792
2886264
2897736
2909208
2920680
2932152
2943624
2955096
2966568
2978040
2989512
3000984
3012456
3023928
3035400
3046872
3058344
3069816
3081288
3092760
3104232
3115704
3127176
3138648
3150120
3161592
3173064
3184536
3196008
3207480
3218952
3230424
3241896
3253368
3264840
3276312
3287784
3299256
3310728
3322200
3333672
3345432
3356904
3368376
3379848
3391320
3402792
3414264
3425736
3437208
3448680
3460152
3471624
3483096
3494568
3506040
3517512
3529272
3540744
3552216
3563688
3575160
3586632
3598104
3609576
3621048
3632520
3643992
3655464
3666936
3678408
3689880
3701352
3712824
3724296
3735768
3747240
3758712
3770184
3781656
416632
428808
441368
453128
464600
476072
487544
499016
510488
521960
533432
544904
556376
567848
579320
590792
602264
613736
625208
636680
648152
659624
671384
682856
694328
705800
717272
728744
740216
751688
763160
774632
786104
797576
809048
820520
831992
843464
854936
866408
877880
889352
900824
912584
924056
935528
947000
958472
969944
981416
992888
1004360
1015832
1027304
1038776
1050248
1061720
1073192
1084664
1096136
1107608
1119080
1130552
1142024
1153496
1164968
1176440
1187912
1199384
1210856
1222328
1233800
1245272
1256744
1268216
1279688
1291160
1302632
1314104
1325576
1337048
1348520
1359992
1371464
1382936
1394408
1406168
1417640
1429112
1440584
1452056
1463528
1475000
1486472
1497944
1509416
1520888
1532360
1543832
1555304
1566776
1578248
1589720
1601192
1612664
1624136
1635608
1647080
1658552
1670024
1681496
1692968
1704440
1715912
1727384
1738856
1750328
1761800
1773272
1784744
1796216
1807688
1819160
1830632
1842104
1853576
1865048
1876520
1887992
1899464
1910936
1922408
1933880
1945352
1956824
1968296
1979768
1991240
2002712
2014472
2025944
2037416
2048888
2060360
2071832
2083304
2094776
2106248
2117720
2129192
2140664
2152136
2163608
2175080
2186552
2198024
2209496
2220968
2232440
2243912
2255384
2266856
2278328
2289800
2301272
2313032
2324504
2335976
2347448
2358920
2370392
2381864
2393336
2404808
2416280
2427752
2439224
2450696
2462168
2473640
2485112
2496584
2508056
2519528
2531000
2542472
2553944
2565416
2576888
2588360
2599832
2611304
2622776
2634248
2645720
2657192
2668664
2680136
2691608
2703080
2714552
2726024
2737496
2748968
2760440
2771912
2783384
2794856
2806328
2817800
2829272
2840744
2852216
2863688
2875160
2886632
2898104
2909576
2921048
2932520
2943992
2955464
2967224
2978696
2990168
3001640
3013112
3024584
3036056
3047528
3059000
3070472
3081944
3093416
3104888
3116360
3127832
3139304
3150776
3162248
3173720
3185192
3196664
3208136
3219608
3231080
3242552
3254024
3265496
3276968
3288440
3299912
3311384
3322856
3334328
3345800
3357272
3368744
3380216
3391688
3403160
3414632
3426104
3437576
3449048
3460520
3471992
3483464
3494936
3506408
3517880
3529352
3540824
3552296
3563768
3575240
3586712
3598184
3609656
3621128
3632600
3644072
3655544
3667016
3678488
3689960
3701432
3712904
3724376
3735848
3747320
3758792
3770264
3309432
424640
436112
447584
459056
470528
482000
493472
504944
516416
527888
539360
550832
562304
573776
585248
596720
608192
619664
631136
642608
654080
665552
677024
688496
699968
711440
722912
734384
745856
757328
768800
780272
791744
803216
814688
826160
837632
849104
860576
872336
883808
895280
906752
918224
929696
941168
952640
964112
975584
987056
998528
1010000
1021472
1032944
1044416
1055888
1067360
1078832
1090304
1101776
1113248
1124720
1136192
1147664
1159136
1170608
1182080
1193552
1205024
1216496
1227968
1239440
1250912
1262384
1273856
1285328
1296800
1308272
1319744
1331216
1342688
1354160
1365632
1377104
1388576
1400048
1411520
1422992
1434464
1445936
1457408
1468880
1480640
1492112
1503584
1515056
1526528
1538000
1549472
1560944
1572416
1583888
1595360
1606832
1618304
1629776
1641248
1652720
1664192
1675664
1687136
1698608
1710080
1721552
1733024
1744496
1755968
1767440
1778912
1790384
1801856
1813328
1824800
1836272
1847744
1859216
1870688
1882160
1893632
1905104
1916576
1928048
1939520
1950992
1962464
1973936
1985408
1996880
2008352
2019824
2031296
2042768
2054240
2065712
2077184
2088656
2100128
2111600
2123072
2134544
2146016
2157488
2168960
2180432
2191904
2203376
2214848
2226320
2237792
2249264
2260736
2272208
2283680
2295152
2306912
2318384
2329856
2341328
2352800
2364272
2375744
2387216
2398688
2410160
2421632
2433104
2444576
2456048
2467520
2478992
2490464
2501936
2513408
2524880
2536352
2547824
2559296
2570768
2582240
2593712
2605184
2616656
2628128
2639600
2651072
2662544
2674016
2685488
2696960
2708432
2719904
2731376
2742848
2754320
2765792
2777264
2788736
2800208
2811680
2823440
2834912
2846384
2857856
2869328
2880800
2892272
2903744
2915216
2926688
2938160
2949632
2961104
2972576
2984048
2995520
3006992
3018464
3029936
3041408
3052880
3064352
3075824
3087296
3098768
3110240
3121712
3133184
3144656
3156128
3167600
3179072
3190544
3202016
3213488
3224960
3236432
3247904
3259376
3270848
3282320
3293792
3305264
3316736
3328208
3339680
3351152
3362624
3374096
3385568
3397040
3408512
3419984
3431456
3442928
3454400
3465872
3477344
3488816
3500288
3511760
3523232
3534704
3546464
3557936
3569408
3580880
3592352
3603824
3615296
3626768
3638240
3649712
3661184
3672656
3684128
3695600
3707072
3718544
3730016
3741488
3752960
3764432
3775904
417144
429992
441464
452936
464408
475880
487352
498824
510296
521768
533240
544712
556184
567656
579128
590600
602072
613544
625016
636488
647960
659432
670904
682376
693848
705320
716792
728264
739736
751208
762680
774152
785624
797096
808568
820040
831512
842984
854456
866216
877688
889160
900632
912104
923576
935048
946520
957992
969464
980936
992408
1003880
1015352
1026824
1038296
1049768
1061240
1072712
1084184
1095656
1107128
1118600
1130072
1141544
1153016
1164488
1175960
1187432
1198904
1210376
1221848
1233320
1244792
1256264
1267736
1279208
1290680
1302152
1313624
1325096
1336856
1348328
1359800
1371272
1382744
1394216
1405688
1417160
1428632
1440104
1451576
1463048
1474520
1485992
1497464
1508936
1520408
1531880
1543352
1554824
1566296
1577768
1589240
1600712
1612184
1623656
1635128
1646600
1658072
1669544
1681016
1692488
1703960
1715432
1726904
1738376
1749848
1761320
1772792
1784264
1795736
1807208
1818680
1830152
1841624
1853096
1864568
1876040
1887512
1898984
1910456
1921928
1933400
1944872
1956344
1967816
1979288
1990760
2002232
2013704
2025176
2036648
2048120
2059592
2071064
2082536
2094008
2105480
2116952
2128424
2139896
2151368
2162840
2174312
2185784
2197256
2208728
2220200
2231672
2243144
2254616
2266088
2277848
2289320
2300792
2312552
2324024
2335496
2346968
2358440
2369912
2381384
2392856
2404328
2415800
2427272
2438744
2450216
2461688
2473160
2484632
2496104
2507576
2519048
2530520
2541992
2553752
2565224
2576696
2588168
2599640
2611112
2622584
2634056
2645528
2657000
2668472
2679944
2691416
2702888
2714360
2725832
2737304
2748776
2760248
2771720
2783192
2794664
2806136
2817608
2829080
2840552
2852024
2863496
2874968
2886440
2897912
2909384
2920856
2932328
2943800
2955272
2966744
2978216
2989688
3001160
3012632
3024104
3035576
3047048
3058520
3069992
3081464
3092936
3104408
3115880
3127352
3138824
3150296
3161768
3173240
3184712
3196184
3207656
3219128
3230600
3242072
3253544
3265016
3276488
3287960
3299432
3310904
3322376
3333848
3345320
3356792
3368264
3379736
3391208
3402680
3414152
3425624
3437096
3448856
3460328
3471800
3483272
3494744
3506216
3517688
3529160
3540632
3552104
3563576
3575048
3586520
3597992
3609464
3620936
3632408
3643880
3655352
3666824
3678296
3689768
3701240
3712712
3724184
3735656
3747128
3758600
3770072
3781544
417656
430232
442584
454056
465528
477000
