66150400
66068480
66052096
66052096
66052096
66035712
66027520
66027520
66011136
66011136
66011136
65978368
65970176
65970176
65945600
65945600
65945600
65937408
65937408
65937408
65937408
65929216
65912832
65880064
65880064
65871872
65847296
65839104
65822720
65806336
65806336
65806336
65781760
65773568
65765376
65748992
65748992
65748992
65732608
65716224
65716224
65691648
65683456
65675264
65650688
65642496
65626112
65609728
65609728
65609728
65585152
65585152
65576960
65560576
65552384
65536000
65495040
65495040
65495040
65478656
65478656
65478656
65445888
65437696
65437696
65404928
65396736
65388544
65372160
65355776
65347584
65331200
65331200
65323008
65306624
65306624
65298432
65273856
65257472
65257472
65241088
65241088
65241088
65216512
65175552
65175552
65159168
65150976
65142784
65118208
65118208
65110016
65077248
65077248
65077248
65052672
65052672
65052672
65028096
65011712
65011712
64987136
64987136
64987136
64962560
64954368
64946176
64929792
64929792
64929792
64897024
64888832
64872448
64847872
64847872
64831488
64815104
64798720
64798720
64782336
64782336
64765952
64749568
64741376
64741376
64724992
64708608
64700416
64675840
64675840
64675840
64651264
64634880
64634880
64610304
64610304
64610304
64593920
64577536
64577536
64536576
64528384
64528384
64495616
64487424
64479232
64462848
64462848
64454656
64438272
64438272
64430080
64413696
64413696
64389120
64372736
64364544
64356352
64339968
64339968
64339968
64307200
64299008
64299008
64282624
64266240
64258048
64233472
64217088
64192512
64167936
64167936
64167936
64143360
64143360
64143360
64110592
64110592
64102400
64086016
64086016
64086016
64061440
64053248
64028672
64012288
64012288
64004096
63979520
63979520
63963136
63938560
63938560
63938560
63922176
63913984
63889408
63873024
63856640
63848448
63832064
63823872
63823872
63807488
63807488
63807488
63782912
63766528
63766528
63733760
63717376
63717376
63684608
63684608
63684608
63668224
63668224
63668224
63643648
63643648
63635456
63610880
63602688
63594496
63569920
63561728
63553536
63537152
63537152
63528960
63496192
63488000
63479808
63455232
63447040
63447040
63422464
63422464
63414272
63397888
63389696
63389696
63365120
63356928
63356928
63340544
63332352
63332352
63315968
63307776
63307776
63275008
63266816
63234048
63193088
63176704
63176704
63152128
63152128
63152128
63135744
63135744
63119360
63102976
63094784
63086592
63062016
63062016
63053824
63037440
63037440
63037440
63021056
63012864
63012864
62980096
62955520
62947328
62930944
62922752
62914560
62889984
62889984
62881792
62865408
62857216
62849024
62832640
62816256
62816256
62791680
62791680
62791680
62775296
62521344
62472192
62767104
63037440
63102976
63102976
63086592
63086592
63086592
63070208
63070208
63070208
63037440
63037440
63037440
63012864
63012864
63004672
62988288
62988288
62988288
62971904
62971904
62955520
62939136
62939136
62939136
62922752
62914560
62906368
62889984
62889984
62889984
62865408
62849024
62849024
62832640
62832640
62832640
62808064
62808064
62808064
62791680
62783488
62775296
62734336
62734336
62726144
62726144
62726144
62717952
62717952
62717952
62717952
62717952
62717952
62717952
62717952
62717952
62717952
62717952
62717952
62717952
62717952
62717952
62717952
62717952
62717952
62717952
62717952
62717952
62717952
62717952
62717952
62717952
62717952
62717952
62717952
62717952
62717952
62717952
62717952
62717952
62717952
62717952
62717952
62717952
62717952
62717952
62717952
62717952
62717952
62717952
62717952
62717952
62717952
62717952
62717952
62717952
62717952
62717952
62717952
62717952
62717952
62717952
62717952
62717952
62717952
62717952
62717952
62717952
62717952
62717952
62717952
62717952
62717952
62717952
62717952
62717952
62717952
62717952
62717952
62717952
62717952
62717952
62717952
62717952
62717952
62717952
62717952
62717952
62717952
62717952
62717952
62717952
62717952
62717952
62717952
62717952
62717952
62717952
62717952
62717952
62717952
62717952
62717952
62717952
62717952
62717952
62717952
62717952
62717952
62717952
62717952
62717952
62717952
62717952
62717952
62717952
62717952
62717952
62717952
62717952
62717952
62717952
62717952
62717952
62717952
62717952
62717952
62717952
62717952
62717952
62717952
62717952
62717952
62717952
62717952
62717952
62717952
62717952
62717952
62717952
62717952
62717952
62717952
62717952
62717952
62717952
62717952
62717952
62717952
62717952
62717952
62717952
62717952
62717952
62717952
62717952
62717952
62717952
62717952
62717952
62717952
62717952
62717952
62717952
62717952
62717952
62717952
62717952
62717952
62717952
62717952
62717952
62717952
62717952
62717952
62717952
62717952
62717952
62717952
62717952
62717952
62717952
62717952
62717952
62717952
62717952
62717952
62717952
62717952
62717952
62717952
62717952
62717952
62717952
62717952
62717952
62717952
62717952
62717952
62717952
62717952
62717952
62717952
62717952
62717952
62717952
62717952
62717952
62717952
62717952
62717952
62717952
62717952
62717952
62717952
62717952
62717952
62717952
62717952
62717952
62717952
62717952
62717952
62717952
62717952
62717952
62717952
62717952
62717952
62717952
62717952
62717952
62717952
62717952
62717952
62717952
62717952
62717952
62717952
62717952
62717952
62717952
62693376
62693376
62685184
62660608
62652416
62644224
62627840
62627840
62627840
62611456
62832640
63053824
63037440
63037440
63037440
63021056
63021056
63021056
63004672
63004672
63004672
62971904
62971904
62971904
62947328
62947328
62939136
62922752
62922752
62922752
62906368
62906368
62889984
62873600
62873600
62873600
62857216
62849024
62840832
62824448
62824448
62824448
62808064
62791680
62791680
62775296
62775296
62775296
62750720
62750720
62750720
62750720
62750720
62750720
62750720
62750720
62750720
62750720
62750720
62750720
62750720
62750720
62750720
62750720
62750720
62750720
62750720
62750720
62750720
62750720
62750720
62750720
62750720
62750720
62750720
62750720
62750720
62750720
62750720
62750720
62750720
62750720
62750720
62750720
62750720
62750720
62750720
62750720
62750720
62750720
62750720
62750720
62750720
62750720
62750720
62750720
62750720
62750720
62750720
62750720
62750720
62750720
62750720
62750720
62750720
62750720
62750720
62750720
62750720
62750720
62750720
62750720
62750720
62750720
62750720
62750720
62750720
62750720
62750720
62750720
62750720
62750720
62750720
62750720
62750720
62750720
62750720
62750720
62750720
62750720
62750720
62750720
62750720
62750720
62750720
62750720
62750720
62750720
62750720
62750720
62750720
62750720
62750720
62750720
62750720
62750720
62750720
62750720
62750720
62750720
62750720
62750720
62750720
62750720
62750720
62750720
62750720
62750720
62750720
62750720
62750720
62750720
62750720
62750720
62750720
62750720
62750720
62750720
62750720
62750720
62750720
62750720
62750720
62750720
62750720
62750720
62750720
62750720
62750720
62750720
62750720
62750720
62750720
62750720
62750720
62750720
62750720
62750720
62750720
62750720
62750720
62750720
62750720
62750720
62750720
62750720
62750720
62750720
62750720
62750720
62750720
62750720
62750720
62750720
62750720
62750720
62750720
62750720
62750720
62750720
62750720
62750720
62750720
62750720
62750720
62750720
62750720
62750720
62750720
62750720
62750720
62750720
62750720
62750720
62750720
62750720
62750720
62750720
62750720
62750720
62750720
62750720
62750720
62750720
62750720
62750720
62750720
62750720
62750720
62750720
62750720
62750720
62750720
62750720
62750720
62750720
62750720
62750720
62750720
62750720
62750720
62750720
62750720
62750720
62750720
62750720
62750720
62750720
62750720
62750720
62750720
62750720
62750720
62750720
62750720
62750720
62750720
62750720
62750720
62750720
62750720
62750720
62750720
62750720
62750720
62750720
62750720
62750720
62750720
62750720
62750720
62750720
62750720
62750720
62750720
62750720
62750720
62742528
62726144
62717952
62701568
62685184
62685184
62685184
62652416
62652416
62644224
62619648
62611456
62611456
62586880
62586880
62586880
62570496
62758912
62955520
62930944
62930944
62930944
62914560
62914560
62914560
62898176
62898176
62898176
62881792
62881792
62881792
62873600
62873600
62873600
62873600
62873600
62873600
62873600
62873600
62873600
62873600
62873600
62873600
62873600
62873600
62873600
62873600
62873600
62873600
62873600
62873600
62873600
62873600
62873600
62873600
62873600
62873600
62873600
62873600
62873600
62873600
62873600
62873600
62873600
62873600
62873600
62873600
62873600
62873600
62873600
62873600
62873600
62873600
62873600
62873600
62873600
62873600
62873600
62873600
62873600
62873600
62873600
62873600
62873600
62873600
62873600
62873600
62873600
62873600
62873600
62873600
62873600
62873600
62873600
62873600
62873600
62873600
62873600
62873600
62873600
62873600
62873600
62873600
62873600
62873600
62873600
62873600
62873600
62873600
62873600
62873600
62873600
62873600
62873600
62873600
62873600
62873600
62873600
62873600
62873600
62873600
62873600
62873600
62873600
62873600
62873600
62873600
62873600
62873600
62873600
62873600
62873600
62873600
62873600
62873600
62873600
62873600
62873600
62873600
62873600
62873600
62873600
62873600
62873600
62873600
62873600
62873600
62873600
62873600
62873600
62873600
62873600
62873600
62873600
62873600
62873600
62873600
62873600
62873600
62873600
62873600
62873600
62873600
62873600
62873600
62873600
62873600
62873600
62873600
62873600
62873600
62873600
62873600
62873600
62873600
62873600
62873600
62873600
62873600
62873600
62873600
62873600
62873600
62873600
62873600
62873600
62873600
62873600
62873600
62873600
62873600
62873600
62873600
62873600
62873600
62873600
62873600
62873600
62873600
62873600
62873600
62873600
62873600
62873600
62873600
62873600
62873600
62873600
62873600
62873600
62873600
62873600
62873600
62873600
62873600
62873600
62873600
62873600
62873600
62873600
62873600
62873600
62873600
62873600
62873600
62873600
62873600
62873600
62873600
62873600
62873600
62873600
62873600
62873600
62873600
62873600
62873600
62873600
62873600
62873600
62873600
62873600
62873600
62873600
62873600
62873600
62873600
62873600
62873600
62873600
62873600
62873600
62873600
62873600
62873600
62873600
62873600
62873600
62873600
62873600
62873600
62873600
62873600
62873600
62873600
62873600
62873600
62873600
62873600
62873600
62873600
62873600
62873600
62873600
62865408
62865408
62865408
62849024
62849024
62849024
62832640
62824448
62816256
62791680
62783488
62783488
62767104
62758912
62758912
62742528
62734336
62726144
62701568
62685184
62676992
62652416
62652416
62644224
62619648
62619648
62611456
62578688
62578688
62570496
62554112
62545920
62537728
62521344
62521344
62521344
62504960
62726144
62988288
62971904
62971904
62971904
62955520
62955520
62955520
62939136
62939136
62939136
62906368
62906368
62906368
62881792
62881792
62873600
62857216
62857216
62857216
62840832
62840832
62824448
62808064
62808064
62808064
62791680
62791680
62775296
62758912
62758912
62758912
62734336
62717952
62717952
62701568
62701568
62701568
62685184
62676992
62676992
62660608
62652416
62644224
62611456
62611456
62603264
62603264
62603264
62603264
62595072
62595072
62595072
62595072
62595072
62595072
62595072
62595072
62595072
62595072
62595072
62595072
62595072
62595072
62595072
62595072
62595072
62595072
62595072
62595072
62595072
62595072
62595072
62595072
62595072
62595072
62595072
62595072
62595072
62595072
62595072
62595072
62595072
62595072
62595072
62595072
62595072
62595072
62595072
62595072
62595072
62595072
62595072
62595072
62595072
62595072
62595072
62595072
62595072
62595072
62595072
62595072
62595072
62595072
62595072
62595072
62595072
62595072
62595072
62595072
62595072
62595072
62595072
62595072
62595072
62595072
62595072
62595072
62595072
62595072
62595072
62595072
62595072
62595072
62595072
62595072
62595072
62595072
62595072
62595072
62595072
62595072
62595072
62595072
62595072
62595072
62595072
62595072
62595072
62595072
62595072
62595072
62595072
62595072
62595072
62595072
62595072
62595072
62595072
62595072
62595072
62595072
62595072
62595072
62595072
62595072
62595072
62595072
62595072
62595072
62595072
62595072
62595072
62595072
62595072
62595072
62595072
62595072
62595072
62595072
62595072
62595072
62595072
62595072
62595072
62595072
62595072
62595072
62595072
62595072
62595072
62595072
62595072
62595072
62595072
62595072
62595072
62595072
62595072
62595072
62595072
62595072
62595072
62595072
62595072
62595072
62595072
62595072
62595072
62595072
62595072
62595072
62595072
62595072
62595072
62595072
62595072
62595072
62595072
62595072
62595072
62595072
62595072
62595072
62595072
62595072
62595072
62595072
62595072
62595072
62595072
62595072
62595072
62595072
62595072
62595072
62595072
62595072
62595072
62595072
62595072
62595072
62595072
62595072
62595072
62595072
62595072
62595072
62595072
62595072
62595072
62595072
62595072
62595072
62595072
62595072
62595072
62595072
62595072
62595072
62595072
62595072
62595072
62595072
62595072
62595072
62595072
62595072
62595072
62595072
62595072
62595072
62595072
62595072
62595072
62595072
62595072
62595072
62595072
62595072
62595072
62595072
62595072
62595072
62595072
62595072
62595072
62595072
62595072
62595072
62595072
62595072
62595072
62595072
62595072
62586880
62578688
62562304
62554112
62554112
62537728
62529536
62529536
62472192
62775296
62996480
62996480
62996480
62980096
62980096
62980096
62963712
62963712
62963712
62939136
62930944
62930944
62906368
62906368
62906368
62881792
62881792
62881792
62865408
62865408
62857216
62832640
62832640
62832640
62816256
62816256
62799872
62783488
62783488
62783488
62758912
62750720
62742528
62726144
62726144
62726144
62709760
62701568
62701568
62685184
62676992
62668800
62668800
62668800
62668800
62668800
62668800
62668800
62668800
62668800
62668800
62668800
62668800
62668800
62668800
62668800
62668800
62668800
62668800
62668800
62668800
62668800
62668800
62668800
62668800
62668800
62668800
62668800
62668800
62668800
62668800
62668800
62668800
62668800
62668800
62668800
62668800
62668800
62668800
62668800
62668800
62668800
62668800
62668800
62668800
62668800
62668800
62668800
62668800
62668800
62668800
62668800
62668800
62668800
62668800
62668800
62668800
62668800
62668800
62668800
62668800
62668800
62668800
62668800
62668800
62668800
62668800
62668800
62668800
62668800
62668800
62668800
62668800
62668800
62668800
62668800
62668800
62668800
62668800
62668800
62668800
62668800
62668800
62668800
62668800
62668800
62668800
62668800
62668800
62668800
62668800
62668800
62668800
62668800
62668800
62668800
62668800
62668800
62668800
62668800
62668800
62668800
62668800
62668800
62668800
62668800
62668800
62668800
62668800
62668800
62668800
62668800
62668800
62668800
62668800
62668800
62668800
62668800
62668800
62668800
62668800
62668800
62668800
62668800
62668800
62668800
62668800
62668800
62668800
62668800
62668800
62668800
62668800
62668800
62668800
62668800
62668800
62668800
62668800
62668800
62668800
62668800
62668800
62668800
62668800
62668800
62668800
62668800
62668800
62668800
62668800
62668800
62668800
62668800
62668800
62668800
62668800
62668800
62668800
62668800
62668800
62668800
62668800
62668800
62668800
62668800
62668800
62668800
62668800
62668800
62668800
62668800
62668800
62668800
62668800
62668800
62668800
62668800
62668800
62668800
62668800
62668800
62668800
62668800
62668800
62668800
62668800
62668800
62668800
62668800
62668800
62668800
62668800
62668800
62668800
62668800
62668800
62668800
62668800
62668800
62668800
62668800
62668800
62668800
62668800
62668800
62668800
62668800
62668800
62668800
62668800
62668800
62668800
62668800
62668800
62668800
62668800
62668800
62668800
62668800
62668800
62668800
62668800
62668800
62668800
62668800
62668800
62668800
62668800
62668800
62668800
62668800
62668800
62668800
62668800
62668800
62660608
62652416
62636032
62611456
62611456
62611456
62586880
62578688
62578688
62554112
62545920
62545920
62521344
62521344
62521344
62496768
62783488
62963712
62947328
62947328
62947328
62930944
62930944
62930944
62914560
62914560
62914560
62881792
62881792
62881792
62857216
62857216
62849024
62832640
62832640
62832640
62816256
62816256
62799872
62783488
62783488
62783488
62767104
62767104
62750720
62734336
62734336
62734336
62717952
62701568
62701568
62685184
62685184
62685184
62668800
62660608
62660608
62644224
62636032
62627840
62595072
62595072
62586880
62570496
62570496
62570496
62545920
62545920
62545920
62545920
62545920
62545920
62545920
62545920
62545920
62545920
62545920
62545920
62545920
62545920
62545920
62545920
62545920
62545920
62545920
62545920
62545920
62545920
62545920
62545920
62545920
62545920
62545920
62545920
62545920
62545920
62545920
62545920
62545920
62545920
62545920
62545920
62545920
62545920
62545920
62545920
62545920
62545920
62545920
62545920
62545920
62545920
62545920
62545920
62545920
62545920
62545920
62545920
62545920
62545920
62545920
62545920
62545920
62545920
62545920
62545920
62545920
62545920
62545920
62545920
62545920
62545920
62545920
62545920
62545920
62545920
62545920
62545920
62545920
62545920
62545920
62545920
62545920
62545920
62545920
62545920
62545920
62545920
62545920
62545920
62545920
62545920
62545920
62545920
62545920
62545920
62545920
62545920
62545920
62545920
62545920
62545920
62545920
62545920
62545920
62545920
62545920
62545920
62545920
62545920
62545920
62545920
62545920
62545920
62545920
62545920
62545920
62545920
62545920
62545920
62545920
62545920
62545920
62545920
62545920
62545920
62545920
62545920
62545920
62545920
62545920
62545920
62545920
62545920
62545920
62545920
62545920
62545920
62545920
62545920
62545920
62545920
62545920
62545920
62545920
62545920
62545920
62545920
62545920
62545920
62545920
62545920
62545920
62545920
62545920
62545920
62545920
62545920
62545920
62545920
62545920
62545920
62545920
62545920
62545920
62545920
62545920
62545920
62545920
62545920
62545920
62545920
62545920
62545920
62545920
62545920
62545920
62545920
62545920
62545920
62545920
62545920
62545920
62545920
62545920
62545920
62545920
62545920
62545920
62545920
62545920
62545920
62545920
62545920
62545920
62545920
62545920
62545920
62545920
62545920
62545920
62545920
62545920
62545920
62545920
62545920
62545920
62545920
62545920
62545920
62545920
62545920
62545920
62545920
62545920
62545920
62545920
62545920
62545920
62545920
62545920
62545920
62545920
62537728
62529536
62513152
62513152
62513152
62496768
62496768
62480384
62455808
62439424
62431232
62414848
62406656
62390272
62365696
62365696
62365696
62341120
62332928
62324736
62308352
62300160
62300160
62275584
62275584
62275584
62251008
62488576
62791680
62963712
62963712
62963712
62947328
62947328
62947328
62930944
62930944
62930944
62898176
62898176
62898176
62873600
62873600
62865408
62849024
62849024
62849024
62832640
62832640
62816256
62799872
62799872
62799872
62783488
62783488
62767104
62750720
62750720
62750720
62734336
62734336
62734336
62734336
62734336
62734336
62734336
62734336
62734336
62734336
62734336
62734336
62734336
62734336
62734336
62734336
62734336
62734336
62734336
62734336
62734336
62734336
62734336
62734336
62734336
62734336
62734336
62734336
62734336
62734336
62734336
62734336
62734336
62734336
62734336
62734336
62734336
62734336
62734336
62734336
62734336
62734336
62734336
62734336
62734336
62734336
62734336
62734336
62734336
62734336
62734336
62734336
62734336
62734336
62734336
62734336
62734336
62734336
62734336
62734336
62734336
62734336
62734336
62734336
62734336
62734336
62734336
62734336
62734336
62734336
62734336
62734336
62734336
62734336
62734336
62734336
62734336
62734336
62734336
62734336
62734336
62734336
62734336
62734336
62734336
62734336
62734336
62734336
62734336
62734336
62734336
62734336
62734336
62734336
62734336
62734336
62734336
62734336
62734336
62734336
62734336
62734336
62734336
62734336
62734336
62734336
62734336
62734336
62734336
62734336
62734336
62734336
62734336
62734336
62734336
62734336
62734336
62734336
62734336
62734336
62734336
62734336
62734336
62734336
62734336
62734336
62734336
62734336
62734336
62734336
62734336
62734336
62734336
62734336
62734336
62734336
62734336
62734336
62734336
62734336
62734336
62734336
62734336
62734336
62734336
62734336
62734336
62734336
62734336
62734336
62734336
62734336
62734336
62734336
62734336
62734336
62734336
62734336
62734336
62734336
62734336
62734336
62734336
62734336
62734336
62734336
62734336
62734336
62734336
62734336
62734336
62734336
62734336
62734336
62734336
62734336
62734336
62734336
62734336
62734336
62734336
62734336
62734336
62734336
62734336
62734336
62734336
62734336
62734336
62734336
62734336
62734336
62734336
62734336
62734336
62734336
62734336
62734336
62734336
62734336
62734336
62734336
62734336
62734336
62734336
62734336
62734336
62734336
62734336
62734336
62734336
62734336
62734336
62734336
62734336
62734336
62734336
62734336
62734336
62734336
62734336
62734336
62709760
62685184
62685184
62660608
62660608
62660608
62644224
62644224
62636032
62619648
62611456
62603264
62578688
62570496
62562304
62545920
62545920
62545920
62529536
62513152
62513152
62488576
62472192
62464000
62447616
62439424
62414848
62398464
62398464
62398464
62373888
62365696
62357504
62341120
62332928
62332928
62308352
62308352
62308352
62251008
62611456
62963712
62980096
62980096
62980096
62980096
62980096
62980096
62980096
62980096
62980096
62980096
62980096
62980096
62980096
62980096
62980096
62980096
62980096
62980096
62980096
62980096
62980096
62980096
62980096
62980096
62980096
62980096
62980096
62980096
62980096
62980096
62980096
62980096
62980096
62980096
62980096
62980096
62980096
62980096
62980096
62980096
62980096
62980096
62980096
62980096
62980096
62980096
62980096
62980096
62980096
62980096
62980096
62980096
62980096
62980096
62980096
62980096
62980096
62980096
62980096
62980096
62980096
62980096
62980096
62980096
62980096
62980096
62980096
62980096
62980096
62980096
62980096
62980096
62980096
62980096
62980096
62980096
62980096
62980096
62980096
62980096
62980096
62980096
62980096
62980096
62980096
62980096
62980096
62980096
62980096
62980096
62980096
62980096
62980096
62980096
62980096
62980096
62980096
62980096
62980096
62980096
62980096
62980096
62980096
62980096
62980096
62980096
62980096
62980096
62980096
62980096
62980096
62980096
62980096
62980096
62980096
62980096
62980096
62980096
62980096
62980096
62980096
62980096
62980096
62980096
62980096
62980096
62980096
62980096
62980096
62980096
62980096
62980096
62980096
62980096
62980096
62980096
62980096
62980096
62980096
62980096
62980096
62980096
62980096
62980096
62980096
62980096
62980096
62980096
62980096
62980096
62980096
62980096
62980096
62980096
62980096
62980096
62980096
62980096
62980096
62980096
62980096
62980096
62980096
62980096
62980096
62980096
62980096
62980096
62980096
62980096
62980096
62980096
62980096
62980096
62980096
62980096
62980096
62980096
62980096
62980096
62980096
62980096
62980096
62980096
62980096
62980096
62980096
62980096
62980096
62980096
62980096
62980096
62980096
62980096
62980096
62980096
62980096
62980096
62980096
62980096
62980096
62980096
62980096
62980096
62980096
62980096
62980096
62980096
62980096
62980096
62980096
62980096
62980096
62980096
62980096
62980096
62980096
62980096
62980096
62980096
62980096
62980096
62980096
62980096
62980096
62980096
62980096
62980096
62980096
62980096
62980096
62980096
62980096
62980096
62980096
62980096
62980096
62980096
62980096
62980096
62980096
62980096
62980096
62980096
62980096
62980096
62980096
62980096
62980096
62980096
62971904
62930944
62906368
62898176
62873600
62873600
62873600
62857216
62857216
62857216
62832640
62832640
62824448
62791680
62791680
62775296
62758912
62758912
62758912
62742528
62742528
62726144
62709760
62693376
62676992
62660608
62660608
62636032
62611456
62611456
62611456
62595072
62578688
62578688
62554112
62545920
62545920
62529536
62521344
62521344
62496768
62750720
62988288
62988288
62988288
62988288
62988288
62988288
62988288
62988288
62988288
62988288
62988288
62988288
62988288
62988288
62988288
62988288
62988288
62988288
62988288
62988288
62988288
62988288
62988288
62988288
62988288
62988288
62988288
62988288
62988288
62988288
62988288
62988288
62988288
62988288
62988288
62988288
62988288
62988288
62988288
62988288
62988288
62988288
62988288
62988288
62988288
62988288
62988288
62988288
62988288
62988288
62988288
62988288
62988288
62988288
62988288
62988288
62988288
62988288
62988288
62988288
62988288
62988288
62988288
62988288
62988288
62988288
62988288
62988288
62988288
62988288
62988288
62988288
62988288
62988288
62988288
62988288
62988288
62988288
62988288
62988288
62988288
62988288
62988288
62988288
62988288
62988288
62988288
62988288
62988288
62988288
62988288
62988288
62988288
62988288
62988288
62988288
62988288
62988288
62988288
62988288
62988288
62988288
62988288
62988288
62988288
62988288
62988288
62988288
62988288
62988288
62988288
62988288
62988288
62988288
62988288
62988288
62988288
62988288
62988288
62988288
62988288
62988288
62988288
62988288
62988288
62988288
62988288
62988288
62988288
62988288
62988288
62988288
62988288
62988288
62988288
62988288
62988288
62988288
62988288
62988288
62988288
62988288
62988288
62988288
62988288
62988288
62988288
62988288
62988288
62988288
62988288
62988288
62988288
62988288
62988288
62988288
62988288
62988288
62988288
62988288
62988288
62988288
62988288
62988288
62988288
62988288
62988288
62988288
62988288
62988288
62988288
62988288
62988288
62988288
62988288
62988288
62988288
62988288
62988288
62988288
62988288
62988288
62988288
62988288
62988288
62988288
62988288
62988288
62988288
62988288
62988288
62988288
62988288
62988288
62988288
62988288
62988288
62988288
62988288
62988288
62988288
62988288
62988288
62988288
62988288
62988288
62988288
62988288
62988288
62988288
62988288
62988288
62988288
62988288
62988288
62988288
62988288
62988288
62988288
62988288
62988288
62988288
62988288
62988288
62988288
62988288
62988288
62988288
62988288
62988288
62988288
62988288
62988288
62988288
62988288
62988288
62988288
62988288
62988288
62988288
62988288
62988288
62988288
62988288
62988288
62988288
62988288
62988288
62988288
62988288
62988288
62980096
62963712
62930944
62906368
62898176
62881792
62881792
62881792
62865408
62857216
62857216
62840832
62832640
62824448
62799872
62783488
62783488
62767104
62767104
62767104
62742528
62734336
62734336
62709760
62693376
62685184
62660608
62660608
62636032
62619648
62619648
62611456
62586880
62586880
62578688
62562304
62554112
62545920
62529536
62529536
62529536
62472192
62783488
62971904
62971904
62971904
62955520
62955520
62955520
62939136
62939136
62939136
62914560
62906368
62906368
62881792
62881792
62881792
62857216
62857216
62857216
62840832
62840832
62832640
62808064
62799872
62799872
62783488
62783488
62767104
62750720
62750720
62750720
62734336
62734336
62717952
62701568
62701568
62701568
62701568
62701568
62701568
62701568
62701568
62701568
62701568
62701568
62701568
62701568
62701568
62701568
62701568
62701568
62701568
62701568
62701568
62701568
62701568
62701568
62701568
62701568
62701568
62701568
62701568
62701568
62701568
62701568
62701568
62701568
62701568
62701568
62701568
62701568
62701568
62701568
62701568
62701568
62701568
62701568
62701568
62701568
62701568
62701568
62701568
62701568
62701568
62701568
62701568
62701568
62701568
62701568
62701568
62701568
62701568
62701568
62701568
62701568
62701568
62701568
62701568
62701568
62701568
62701568
62701568
62701568
62701568
62701568
62701568
62701568
62701568
62701568
62701568
62701568
62701568
62701568
62701568
62701568
62701568
62701568
62701568
62701568
62701568
62701568
62701568
62701568
62701568
62701568
62701568
62701568
62701568
62701568
62701568
62701568
62701568
62701568
62701568
62701568
62701568
62701568
62701568
62701568
62701568
62701568
62701568
62701568
62701568
62701568
62701568
62701568
62701568
62701568
62701568
62701568
62701568
62701568
62701568
62701568
62701568
62701568
62701568
62701568
62701568
62701568
62701568
62701568
62701568
62701568
62701568
62701568
62701568
62701568
62701568
62701568
62701568
62701568
62701568
62701568
62701568
62701568
62701568
62701568
62701568
62701568
62701568
62701568
62701568
62701568
62701568
62701568
62701568
62701568
62701568
62701568
62701568
62701568
62701568
62701568
62701568
62701568
62701568
62701568
62701568
62701568
62701568
62701568
62701568
62701568
62701568
62701568
62701568
62701568
62701568
62701568
62701568
62701568
62701568
62701568
62701568
62701568
62701568
62701568
62701568
62701568
62701568
62701568
62701568
62701568
62701568
62701568
62701568
62701568
62701568
62701568
62701568
62701568
62701568
62701568
62701568
62701568
62701568
62701568
62701568
62701568
62701568
62701568
62701568
62701568
62701568
62701568
62701568
62701568
62701568
62701568
62701568
62701568
62701568
62701568
62701568
62701568
62701568
62701568
62701568
62701568
62701568
62701568
62701568
62701568
62701568
62701568
62701568
62701568
62701568
62701568
62701568
62701568
62701568
62701568
62701568
62701568
62676992
62676992
62660608
62636032
62636032
62636032
62611456
62603264
62603264
62578688
62570496
62562304
62545920
62545920
62545920
62521344
62840832
63004672
62988288
62988288
62988288
62971904
62971904
62971904
62955520
62955520
62955520
62922752
62922752
62922752
62898176
62898176
62889984
62873600
62873600
62873600
62857216
62857216
62840832
62824448
62824448
62824448
62808064
62808064
62791680
62775296
62775296
62775296
62758912
62742528
62742528
62726144
62726144
62726144
62709760
62701568
62701568
62685184
62676992
62668800
62636032
62636032
62627840
62611456
62611456
62611456
62586880
62586880
62586880
62570496
62562304
62545920
62537728
62537728
62537728
62537728
62537728
62537728
62537728
62537728
62537728
62537728
62537728
62537728
62537728
62537728
62537728
62537728
62537728
62537728
62537728
62537728
62537728
62537728
62537728
62537728
62537728
62537728
62537728
62537728
62537728
62537728
62537728
62537728
62537728
62537728
62537728
62537728
62537728
62537728
62537728
62537728
62537728
62537728
62537728
62537728
62537728
62537728
62537728
62537728
62537728
62537728
62537728
62537728
62537728
62537728
62537728
62537728
62537728
62537728
62537728
62537728
62537728
62537728
62537728
62537728
62537728
62537728
62537728
62537728
62537728
62537728
62537728
62537728
62537728
62537728
62537728
62537728
62537728
62537728
62537728
62537728
62537728
62537728
62537728
62537728
62537728
62537728
62537728
62537728
62537728
62537728
62537728
62537728
62537728
62537728
62537728
62537728
62537728
62537728
62537728
62537728
62537728
62537728
62537728
62537728
62537728
62537728
62537728
62537728
62537728
62537728
62537728
62537728
62537728
62537728
62537728
62537728
62537728
62537728
62537728
62537728
62537728
62537728
62537728
62537728
62537728
62537728
62537728
62537728
62537728
62537728
62537728
62537728
62537728
62537728
62537728
62537728
62537728
62537728
62537728
62537728
62537728
62537728
62537728
62537728
62537728
62537728
62537728
62537728
62537728
62537728
62537728
62537728
62537728
62537728
62537728
62537728
62537728
62537728
62537728
62537728
62537728
62537728
62537728
62537728
62537728
62537728
62537728
62537728
62537728
62537728
62537728
62537728
62537728
62537728
62537728
62537728
62537728
62537728
62537728
62537728
62537728
62537728
62537728
62537728
62537728
62537728
62537728
62537728
62537728
62537728
62537728
62537728
62537728
62537728
62537728
62537728
62537728
62537728
62537728
62537728
62537728
62537728
62537728
62537728
62537728
62537728
62537728
62537728
62537728
62537728
62537728
62537728
62537728
62537728
62537728
62537728
62537728
62537728
62537728
62537728
62537728
62537728
62537728
62537728
62537728
62537728
62537728
62537728
62537728
62537728
62537728
62537728
62537728
62537728
62521344
62521344
62521344
62439424
62742528
62939136
62939136
62939136
62939136
62939136
62939136
62939136
62939136
62939136
62930944
62922752
62922752
62922752
62922752
62922752
62922752
62922752
62922752
62922752
62922752
62922752
62922752
62922752
62922752
62922752
62922752
62922752
62922752
62922752
62922752
62922752
62922752
62922752
62922752
62922752
62922752
62922752
62922752
62922752
62922752
62922752
62922752
62922752
62922752
62922752
62922752
62922752
62922752
62922752
62922752
62922752
62922752
62922752
62922752
62922752
62922752
62922752
62922752
62922752
62922752
62922752
62922752
62922752
62922752
62922752
62922752
62922752
62922752
62922752
62922752
62922752
62922752
62922752
62922752
62922752
62922752
62922752
62922752
62922752
62922752
62922752
62922752
62922752
62922752
62922752
62922752
62922752
62922752
62922752
62922752
62922752
62922752
62922752
62922752
62922752
62922752
62922752
62922752
62922752
62922752
62922752
62922752
62922752
62922752
62922752
62922752
62922752
62922752
62922752
62922752
62922752
62922752
62922752
62922752
62922752
62922752
62922752
62922752
62922752
62922752
62922752
62922752
62922752
62922752
62922752
62922752
62922752
62922752
62922752
62922752
62922752
62922752
62922752
62922752
62922752
62922752
62922752
62922752
62922752
62922752
62922752
62922752
62922752
62922752
62922752
62922752
62922752
62922752
62922752
62922752
62922752
62922752
62922752
62922752
62922752
62922752
62922752
62922752
62922752
62922752
62922752
62922752
62922752
62922752
62922752
62922752
62922752
62922752
62922752
62922752
62922752
62922752
62922752
62922752
62922752
62922752
62922752
62922752
62922752
62922752
62922752
62922752
62922752
62922752
62922752
62922752
62922752
62922752
62922752
62922752
62922752
62922752
62922752
62922752
62922752
62922752
62922752
62922752
62922752
62922752
62922752
62922752
62922752
62922752
62922752
62922752
62922752
62922752
62922752
62922752
62922752
62922752
62922752
62922752
62922752
62922752
62922752
62922752
62922752
62922752
62922752
62922752
62922752
62922752
62922752
62922752
62922752
62922752
62922752
62922752
62922752
62922752
62922752
62922752
62922752
62922752
62922752
62922752
62922752
62922752
62922752
62922752
62922752
62922752
62922752
62922752
62922752
62922752
62922752
62922752
62922752
62922752
62922752
62922752
62922752
62898176
62898176
62898176
62881792
62881792
62873600
62857216
62857216
62849024
62816256
62816256
62799872
62783488
62783488
62783488
62767104
62767104
62758912
62734336
62717952
62701568
62685184
62676992
62660608
62636032
62636032
62636032
62619648
62603264
62603264
62578688
62570496
62570496
62545920
62545920
62545920
62521344
62734336
62996480
62980096
62980096
62980096
62963712
62963712
62963712
62947328
62947328
62947328
62914560
62914560
62914560
62889984
62889984
62881792
62865408
62865408
62865408
62849024
62849024
62832640
62816256
62816256
62816256
62816256
62808064
62799872
62799872
62799872
62799872
62799872
62799872
62799872
62799872
62799872
62799872
62799872
62799872
62799872
62799872
62799872
62799872
62799872
62799872
62799872
62799872
62799872
62799872
62799872
62799872
62799872
62799872
62799872
62799872
62799872
62799872
62799872
62799872
62799872
62799872
62799872
62799872
62799872
62799872
62799872
62799872
62799872
62799872
62799872
62799872
62799872
62799872
62799872
62799872
62799872
62799872
62799872
62799872
62799872
62799872
62799872
62799872
62799872
62799872
62799872
62799872
62799872
62799872
62799872
62799872
62799872
62799872
62799872
62799872
62799872
62799872
62799872
62799872
62799872
62799872
62799872
62799872
62799872
62799872
62799872
62799872
62799872
62799872
62799872
62799872
62799872
62799872
62799872
62799872
62799872
62799872
62799872
62799872
62799872
62799872
62799872
62799872
62799872
62799872
62799872
62799872
62799872
62799872
62799872
62799872
62799872
62799872
62799872
62799872
62799872
62799872
62799872
62799872
62799872
62799872
62799872
62799872
62799872
62799872
62799872
62799872
62799872
62799872
62799872
62799872
62799872
62799872
62799872
62799872
62799872
62799872
62799872
62799872
62799872
62799872
62799872
62799872
62799872
62799872
62799872
62799872
62799872
62799872
62799872
62799872
62799872
62799872
62799872
62799872
62799872
62799872
62799872
62799872
62799872
62799872
62799872
62799872
62799872
62799872
62799872
62799872
62799872
62799872
62799872
62799872
62799872
62799872
62799872
62799872
62799872
62799872
62799872
62799872
62799872
62799872
62799872
62799872
62799872
62799872
62799872
62799872
62799872
62799872
62799872
62799872
62799872
62799872
62799872
62799872
62799872
62799872
62799872
62799872
62799872
62799872
62799872
62799872
62799872
62799872
62799872
62799872
62799872
62799872
62799872
62799872
62799872
62799872
62799872
62799872
62799872
62799872
62799872
62799872
62799872
62799872
62799872
62799872
62799872
62799872
62799872
62799872
62799872
62799872
62799872
62799872
62799872
62799872
62799872
62799872
62799872
62799872
62799872
62799872
62799872
62799872
62799872
62799872
62791680
62783488
62758912
62742528
62742528
62726144
62726144
62726144
62701568
62701568
62693376
62668800
62652416
62644224
62619648
62619648
62603264
62578688
62578688
62578688
62545920
62545920
62537728
62521344
62513152
62504960
62488576
62488576
62488576
62464000
62742528
62963712
62963712
62963712
62963712
62963712
62963712
62963712
62963712
62963712
62963712
62963712
62963712
62963712
62963712
62963712
62963712
62963712
62963712
62963712
62963712
62963712
62963712
62963712
62963712
62963712
62963712
62963712
62963712
62963712
62963712
62963712
62963712
62963712
62963712
62963712
62963712
62963712
62963712
62963712
62963712
62963712
62963712
62963712
62963712
62963712
62963712
62963712
62963712
62963712
62963712
62963712
62963712
62963712
62963712
62963712
62963712
62963712
62963712
62963712
62963712
62963712
62963712
62963712
62963712
62963712
62963712
62963712
62963712
62963712
62963712
62963712
62963712
62963712
62963712
62963712
62963712
62963712
62963712
62963712
62963712
62963712
62963712
62963712
62963712
62963712
62963712
62963712
62963712
62963712
62963712
62963712
62963712
62963712
62963712
62963712
62963712
62963712
62963712
62963712
62963712
62963712
62963712
62963712
62963712
62963712
62963712
62963712
62963712
62963712
62963712
62963712
62963712
62963712
62963712
62963712
62963712
62963712
62963712
62963712
62963712
62963712
62963712
62963712
62963712
62963712
62963712
62963712
62963712
62963712
62963712
62963712
62963712
62963712
62963712
62963712
62963712
62963712
62963712
62963712
62963712
62963712
62963712
62963712
62963712
62963712
62963712
62963712
62963712
62963712
62963712
62963712
62963712
62963712
62963712
62963712
62963712
62963712
62963712
62963712
62963712
62963712
62963712
62963712
62963712
62963712
62963712
62963712
62963712
62963712
62963712
62963712
62963712
62963712
62963712
62963712
62963712
62963712
62963712
62963712
62963712
62963712
62963712
62963712
62963712
62963712
62963712
62963712
62963712
62963712
62963712
62963712
62963712
62963712
62963712
62963712
62963712
62963712
62963712
62963712
62963712
62963712
62963712
62963712
62963712
62963712
62963712
62963712
62963712
62963712
62963712
62963712
62963712
62963712
62963712
62963712
62963712
62963712
62963712
62963712
62963712
62963712
62963712
62963712
62963712
62963712
62963712
62963712
62963712
62963712
62963712
62963712
62963712
62963712
62963712
62963712
62963712
62963712
62963712
62963712
62963712
62963712
62963712
62963712
62963712
62963712
62963712
62963712
62963712
62963712
62963712
62963712
62963712
62963712
62930944
62906368
62898176
62881792
62881792
62881792
62865408
62857216
62857216
62840832
62832640
62824448
62799872
62783488
62783488
62767104
62767104
62767104
62750720
62734336
62734336
62709760
62693376
62685184
62660608
62660608
62644224
62619648
62619648
62619648
62586880
62586880
62578688
62562304
62554112
62545920
62529536
62529536
62529536
62464000
62849024
62955520
62955520
62955520
62955520
62955520
62955520
62955520
62955520
62955520
62947328
62939136
62939136
62930944
62930944
62930944
62930944
62930944
62930944
62930944
62930944
62930944
62930944
62930944
62930944
62930944
62930944
62930944
62930944
62930944
62930944
62930944
62930944
62930944
62930944
62930944
62930944
62930944
62930944
62930944
62930944
62930944
62930944
62930944
62930944
62930944
62930944
62930944
62930944
62930944
62930944
62930944
62930944
62930944
62930944
62930944
62930944
62930944
62930944
62930944
62930944
62930944
62930944
62930944
62930944
62930944
62930944
62930944
62930944
62930944
62930944
62930944
62930944
62930944
62930944
62930944
62930944
62930944
62930944
62930944
62930944
62930944
62930944
62930944
62930944
62930944
62930944
62930944
62930944
62930944
62930944
62930944
62930944
62930944
62930944
62930944
62930944
62930944
62930944
62930944
62930944
62930944
62930944
62930944
62930944
62930944
62930944
62930944
62930944
62930944
62930944
62930944
62930944
62930944
62930944
62930944
62930944
62930944
62930944
62930944
62930944
62930944
62930944
62930944
62930944
62930944
62930944
62930944
62930944
62930944
62930944
62930944
62930944
62930944
62930944
62930944
62930944
62930944
62930944
62930944
62930944
62930944
62930944
62930944
62930944
62930944
62930944
62930944
62930944
62930944
62930944
62930944
62930944
62930944
62930944
62930944
62930944
62930944
62930944
62930944
62930944
62930944
62930944
62930944
62930944
62930944
62930944
62930944
62930944
62930944
62930944
62930944
62930944
62930944
62930944
62930944
62930944
62930944
62930944
62930944
62930944
62930944
62930944
62930944
62930944
62930944
62930944
62930944
62930944
62930944
62930944
62930944
62930944
62930944
62930944
62930944
62930944
62930944
62930944
62930944
62930944
62930944
62930944
62930944
62930944
62930944
62930944
62930944
62930944
62930944
62930944
62930944
62930944
62930944
62930944
62930944
62930944
62930944
62930944
62930944
62930944
62930944
62930944
62930944
62930944
62930944
62930944
62930944
62930944
62930944
62930944
62930944
62930944
62930944
62930944
62930944
62930944
62930944
62930944
62930944
62930944
62930944
62930944
62930944
62930944
62930944
62930944
62930944
62930944
62930944
62930944
62930944
62930944
62930944
62922752
62914560
62889984
62889984
62889984
62873600
62873600
62873600
62849024
62849024
62840832
62808064
62808064
62791680
62775296
62775296
62775296
62758912
62758912
62750720
62726144
62709760
62693376
62676992
62668800
62652416
62627840
62627840
62627840
62611456
62595072
62595072
62570496
62562304
62562304
62537728
62537728
62537728
62513152
62750720
62996480
62980096
62980096
62980096
62963712
62963712
62963712
62947328
62947328
62947328
62914560
62914560
62914560
62889984
62889984
62881792
62865408
62865408
62865408
62849024
62849024
62832640
62816256
62816256
62816256
62799872
62791680
62783488
62767104
62767104
62767104
62750720
62734336
62734336
62717952
62717952
62717952
62701568
62693376
62693376
62676992
62668800
62668800
62668800
62668800
62668800
62668800
62668800
62668800
62668800
62668800
62668800
62668800
62668800
62668800
62668800
62668800
62668800
62668800
62668800
62668800
62668800
62668800
62668800
62668800
62668800
62668800
62668800
62668800
62668800
62668800
62668800
62668800
62668800
62668800
62668800
62668800
62668800
62668800
62668800
62668800
62668800
62668800
62668800
62668800
62668800
62668800
62668800
62668800
62668800
62668800
62668800
62668800
62668800
62668800
62668800
62668800
62668800
62668800
62668800
62668800
62668800
62668800
62668800
62668800
62668800
62668800
62668800
62668800
62668800
62668800
62668800
62668800
62668800
62668800
62668800
62668800
62668800
62668800
62668800
62668800
62668800
62668800
62668800
62668800
62668800
62668800
62668800
62668800
62668800
62668800
62668800
62668800
62668800
62668800
62668800
62668800
62668800
62668800
62668800
62668800
62668800
62668800
62668800
62668800
62668800
62668800
62668800
62668800
62668800
62668800
62668800
62668800
62668800
62668800
62668800
62668800
62668800
62668800
62668800
62668800
62668800
62668800
62668800
62668800
62668800
62668800
62668800
62668800
62668800
62668800
62668800
62668800
62668800
62668800
62668800
62668800
62668800
62668800
62668800
62668800
62668800
62668800
62668800
62668800
62668800
62668800
62668800
62668800
62668800
62668800
62668800
62668800
62668800
62668800
62668800
62668800
62668800
62668800
62668800
62668800
62668800
62668800
62668800
62668800
62668800
62668800
62668800
62668800
62668800
62668800
62668800
62668800
62668800
62668800
62668800
62668800
62668800
62668800
62668800
62668800
62668800
62668800
62668800
62668800
62668800
62668800
62668800
62668800
62668800
62668800
62668800
62668800
62668800
62668800
62668800
62668800
62668800
62668800
62668800
62668800
62668800
62668800
62668800
62668800
62668800
62668800
62668800
62668800
62668800
62668800
62668800
62668800
62668800
62668800
62668800
62668800
62668800
62668800
62668800
62668800
62668800
62668800
62668800
62668800
62668800
62668800
62668800
62668800
62668800
62668800
62668800
62668800
62668800
62668800
62668800
62668800
62652416
62652416
62636032
62611456
62611456
62611456
62578688
62578688
62570496
62554112
62545920
62537728
62521344
62521344
62521344
62496768
62726144
62971904
62955520
62955520
62955520
62955520
