66183168
66101248
66084864
66084864
66084864
66068480
66060288
66060288
66043904
66043904
66043904
66011136
66002944
66002944
65978368
65978368
65978368
65953792
65953792
65953792
65937408
65929216
65912832
65880064
65880064
65871872
65847296
65839104
65822720
65806336
65806336
65806336
65781760
65773568
65765376
65748992
65748992
65748992
65732608
65716224
65716224
65691648
65683456
65675264
65650688
65642496
65626112
65609728
65609728
65609728
65585152
65585152
65576960
65560576
65552384
65536000
65495040
65495040
65495040
65478656
65478656
65478656
65445888
65437696
65437696
65404928
65396736
65388544
65372160
65355776
65347584
65331200
65331200
65323008
65306624
65306624
65298432
65273856
65257472
65257472
65241088
65241088
65241088
65216512
65175552
65175552
65159168
65150976
65142784
65118208
65118208
65110016
65077248
65077248
65077248
65052672
65052672
65052672
65028096
65011712
65011712
64987136
64987136
64987136
64962560
64954368
64946176
64929792
64929792
64929792
64897024
64888832
64872448
64847872
64847872
64831488
64815104
64798720
64798720
64782336
64782336
64765952
64749568
64741376
64741376
64724992
64708608
64700416
64675840
64675840
64675840
64651264
64634880
64634880
64610304
64610304
64610304
64593920
64577536
64577536
64536576
64528384
64528384
64495616
64487424
64479232
64462848
64462848
64454656
64438272
64438272
64430080
64413696
64413696
64389120
64372736
64364544
64356352
64339968
64339968
64339968
64307200
64299008
64299008
64282624
64266240
64258048
64233472
64217088
64192512
64167936
64167936
64167936
64143360
64143360
64143360
64110592
64110592
64102400
64086016
64086016
64086016
64061440
64053248
64028672
64012288
64012288
64004096
63979520
63979520
63963136
63938560
63938560
63938560
63922176
63913984
63889408
63873024
63856640
63848448
63832064
63823872
63823872
63807488
63807488
63807488
63782912
63766528
63766528
63733760
63717376
63717376
63684608
63684608
63684608
63668224
63668224
63668224
63643648
63643648
63635456
63610880
63602688
63594496
63569920
63561728
63553536
63537152
63537152
63528960
63496192
63488000
63479808
63455232
63447040
63447040
63422464
63422464
63414272
63397888
63389696
63389696
63365120
63356928
63356928
63340544
63332352
63332352
63315968
63307776
63307776
63275008
63266816
63234048
63193088
63176704
63176704
63152128
63152128
63152128
63135744
63135744
63119360
63102976
63094784
63086592
63062016
63062016
63053824
63037440
63037440
63037440
63021056
63012864
63012864
62980096
62955520
62947328
62930944
62922752
62914560
62889984
62889984
62881792
62865408
62857216
62849024
62832640
62816256
62816256
62791680
62791680
62791680
62775296
62521344
65863680
65847296
65814528
65814528
65814528
65798144
65798144
65798144
65781760
65781760
65781760
65748992
65748992
65748992
65724416
65724416
65716224
65699840
65699840
65699840
65683456
65683456
65667072
65650688
65650688
65650688
65634304
65626112
65617920
65601536
65601536
65601536
65576960
65560576
65560576
65544192
65544192
65544192
65519616
65519616
65519616
65503232
65495040
65486848
65445888
65445888
65437696
65421312
65421312
65413120
65396736
65396736
65396736
65380352
65363968
65347584
65314816
65314816
65314816
65298432
65298432
65290240
65273856
65265664
65257472
65232896
65216512
65208320
65191936
65183744
65175552
65159168
65150976
65150976
65134592
65134592
65126400
65085440
65085440
65085440
65069056
65069056
65060864
65036288
65011712
65003520
64987136
64978944
64970752
64946176
64929792
64929792
64905216
64905216
64897024
64880640
64880640
64880640
64847872
64839680
64831488
64815104
64815104
64815104
64790528
64774144
64774144
64757760
64757760
64757760
64724992
64708608
64700416
64667648
64667648
64659456
64634880
64626688
64626688
64610304
64610304
64593920
64569344
64569344
64561152
64544768
64536576
64528384
64503808
64503808
64495616
64479232
64462848
64454656
64438272
64438272
64430080
64413696
64405504
64389120
64364544
64356352
64356352
64315392
64307200
64307200
64290816
64290816
64282624
64266240
64258048
64258048
64241664
64241664
64217088
64192512
64184320
64184320
64167936
64159744
64159744
64126976
64126976
64126976
64110592
64094208
64094208
64061440
64053248
64028672
64004096
64004096
63995904
63979520
63979520
63979520
63946752
63946752
63938560
63922176
63922176
63922176
63881216
63873024
63864832
63848448
63848448
63832064
63807488
63799296
63799296
63774720
63774720
63774720
63750144
63741952
63725568
63709184
63692800
63684608
63660032
63660032
63660032
63643648
63643648
63635456
63610880
63602688
63602688
63569920
63553536
63545344
63520768
63520768
63520768
63504384
63504384
63496192
63479808
63479808
63471616
63447040
63430656
63430656
63397888
63397888
63397888
63373312
63356928
63356928
63332352
63324160
63315968
63283200
63283200
63275008
63258624
63258624
63250432
63225856
63225856
63225856
63201280
63193088
63184896
63168512
63168512
63168512
63143936
63143936
63127552
63102976
63078400
63062016
63029248
63012864
63004672
62988288
62988288
62988288
62971904
62955520
62955520
62939136
62930944
62922752
62898176
62889984
62889984
62873600
62873600
62873600
62849024
62849024
62832640
62808064
62791680
62783488
62758912
62758912
62750720
62726144
62726144
62717952
62693376
62693376
62685184
62660608
62652416
62644224
62627840
62627840
62627840
62611456
65748992
65748992
65732608
65732608
65732608
65716224
65716224
65716224
65699840
65699840
65699840
65667072
65667072
65667072
65642496
65642496
65634304
65617920
65617920
65617920
65601536
65601536
65585152
65568768
65568768
65568768
65552384
65544192
65536000
65519616
65519616
65519616
65503232
65486848
65486848
65470464
65470464
65470464
65445888
65445888
65445888
65429504
65421312
65413120
65380352
65380352
65372160
65355776
65355776
65355776
65331200
65331200
65331200
65314816
65306624
65290240
65257472
65257472
65257472
65241088
65241088
65232896
65216512
65208320
65208320
65183744
65159168
65159168
65142784
65134592
65126400
65110016
65101824
65101824
65085440
65085440
65077248
65052672
65044480
65044480
65028096
65028096
65019904
64995328
64970752
64962560
64946176
64937984
64929792
64897024
64888832
64888832
64864256
64864256
64856064
64839680
64839680
64839680
64806912
64798720
64790528
64774144
64774144
64774144
64749568
64741376
64733184
64716800
64716800
64716800
64675840
64667648
64651264
64626688
64626688
64618496
64602112
64585728
64585728
64569344
64569344
64552960
64528384
64528384
64520192
64503808
64495616
64487424
64462848
64462848
64454656
64438272
64421888
64413696
64397312
64389120
64389120
64372736
64364544
64348160
64323584
64315392
64315392
64274432
64274432
64266240
64249856
64249856
64241664
64225280
64217088
64217088
64200704
64200704
64176128
64159744
64143360
64143360
64118784
64118784
64118784
64086016
64086016
64086016
64069632
64053248
64053248
64020480
64012288
63987712
63963136
63963136
63954944
63938560
63938560
63938560
63905792
63905792
63897600
63881216
63881216
63873024
63840256
63840256
63823872
63807488
63807488
63791104
63766528
63758336
63758336
63733760
63733760
63733760
63717376
63692800
63684608
63668224
63651840
63643648
63619072
63619072
63619072
63602688
63594496
63594496
63569920
63561728
63561728
63528960
63512576
63512576
63479808
63479808
63479808
63463424
63463424
63455232
63438848
63438848
63430656
63406080
63397888
63389696
63356928
63356928
63356928
63324160
63315968
63315968
63291392
63283200
63275008
63250432
63242240
63234048
63217664
63217664
63209472
63193088
63184896
63184896
63160320
63152128
63152128
63127552
63127552
63127552
63102976
63102976
63086592
63062016
63037440
63021056
62988288
62971904
62963712
62947328
62947328
62947328
62930944
62922752
62914560
62898176
62889984
62881792
62857216
62857216
62849024
62832640
62832640
62832640
62816256
62799872
62791680
62767104
62750720
62742528
62726144
62717952
62701568
62685184
62685184
62685184
62652416
62652416
62644224
62619648
62611456
62611456
62586880
62586880
62586880
62570496
65667072
65658880
65634304
65634304
65634304
65617920
65617920
65617920
65601536
65601536
65601536
65568768
65568768
65568768
65544192
65544192
65536000
65519616
65519616
65519616
65503232
65503232
65486848
65470464
65470464
65470464
65454080
65445888
65437696
65421312
65421312
65421312
65404928
65388544
65388544
65372160
65372160
65372160
65347584
65347584
65347584
65331200
65323008
65323008
65290240
65290240
65282048
65265664
65265664
65257472
65241088
65241088
65241088
65224704
65224704
65208320
65175552
65175552
65175552
65159168
65159168
65150976
65134592
65126400
65126400
65101824
65085440
65077248
65060864
65052672
65044480
65028096
65019904
65019904
65003520
65003520
64995328
64962560
64962560
64962560
64946176
64946176
64946176
64921600
64897024
64888832
64872448
64864256
64847872
64831488
64815104
64815104
64790528
64790528
64782336
64765952
64765952
64765952
64733184
64724992
64716800
64700416
64700416
64700416
64675840
64659456
64659456
64643072
64643072
64643072
64610304
64593920
64585728
64552960
64552960
64544768
64520192
64512000
64512000
64495616
64495616
64479232
64454656
64454656
64454656
64430080
64421888
64405504
64389120
64380928
64380928
64364544
64348160
64339968
64323584
64323584
64315392
64299008
64290816
64274432
64249856
64241664
64233472
64200704
64192512
64192512
64176128
64176128
64167936
64151552
64143360
64143360
64126976
64126976
64102400
64069632
64069632
64069632
64053248
64045056
64045056
64012288
64012288
64012288
63995904
63979520
63979520
63946752
63930368
63913984
63889408
63889408
63881216
63864832
63864832
63864832
63832064
63832064
63823872
63807488
63807488
63799296
63766528
63758336
63750144
63733760
63733760
63717376
63700992
63684608
63684608
63660032
63660032
63651840
63627264
63627264
63610880
63594496
63578112
63569920
63545344
63545344
63545344
63528960
63528960
63520768
63488000
63479808
63479808
63455232
63438848
63430656
63406080
63406080
63406080
63389696
63389696
63381504
63365120
63356928
63348736
63324160
63315968
63315968
63283200
63283200
63283200
63258624
63242240
63242240
63217664
63209472
63193088
63168512
63160320
63160320
63143936
63143936
63135744
63111168
63111168
63111168
63086592
63078400
63078400
63045632
63045632
63045632
63029248
63029248
63021056
62996480
62980096
62955520
62922752
62906368
62898176
62873600
62873600
62873600
62857216
62849024
62849024
62832640
62824448
62816256
62791680
62783488
62783488
62767104
62758912
62758912
62742528
62734336
62726144
62701568
62685184
62676992
62652416
62652416
62644224
62619648
62619648
62611456
62578688
62578688
62570496
62554112
62545920
62537728
62521344
62521344
62521344
62504960
65708032
65699840
65683456
65683456
65683456
65667072
65667072
65667072
65650688
65650688
65650688
65617920
65617920
65617920
65593344
65593344
65585152
65568768
65568768
65568768
65552384
65552384
65536000
65519616
65519616
65519616
65503232
65503232
65486848
65470464
65470464
65470464
65445888
65429504
65429504
65413120
65413120
65413120
65396736
65388544
65388544
65372160
65363968
65355776
65323008
65323008
65314816
65298432
65298432
65298432
65273856
65273856
65273856
65257472
65249280
65241088
65200128
65200128
65200128
65183744
65183744
65175552
65159168
65150976
65150976
65126400
65110016
65101824
65085440
65077248
65069056
65052672
65044480
65044480
65028096
65028096
65019904
64995328
64987136
64987136
64970752
64970752
64962560
64946176
64913408
64905216
64888832
64880640
64864256
64831488
64831488
64831488
64806912
64806912
64806912
64782336
64782336
64782336
64749568
64741376
64733184
64708608
64708608
64708608
64692224
64684032
64675840
64659456
64659456
64659456
64626688
64618496
64593920
64569344
64561152
64552960
64536576
64528384
64528384
64512000
64512000
64495616
64479232
64471040
64471040
64446464
64438272
64421888
64397312
64397312
64397312
64380928
64364544
64364544
64339968
64331776
64331776
64315392
64307200
64282624
64258048
64249856
64249856
64217088
64217088
64208896
64192512
64192512
64184320
64167936
64167936
64159744
64135168
64135168
64110592
64094208
64086016
64086016
64061440
64061440
64061440
64036864
64028672
64028672
64012288
63987712
63987712
63954944
63946752
63930368
63905792
63905792
63905792
63881216
63881216
63881216
63848448
63848448
63840256
63815680
63815680
63807488
63782912
63782912
63766528
63750144
63750144
63733760
63717376
63709184
63700992
63668224
63668224
63668224
63651840
63643648
63627264
63610880
63594496
63586304
63569920
63561728
63561728
63537152
63528960
63528960
63512576
63496192
63496192
63471616
63455232
63455232
63422464
63422464
63422464
63406080
63397888
63397888
63373312
63373312
63365120
63340544
63340544
63332352
63299584
63299584
63299584
63266816
63266816
63250432
63225856
63217664
63209472
63184896
63184896
63176704
63160320
63160320
63152128
63135744
63127552
63127552
63094784
63086592
63086592
63070208
63062016
63062016
63045632
63037440
63029248
63004672
62988288
62963712
62930944
62906368
62906368
62881792
62881792
62881792
62865408
62865408
62865408
62840832
62832640
62824448
62799872
62791680
62783488
62767104
62767104
62767104
62750720
62742528
62734336
62709760
62693376
62685184
62668800
62660608
62644224
62619648
62619648
62619648
62595072
62586880
62578688
62562304
62554112
62554112
62537728
62529536
62529536
62504960
65667072
65667072
65667072
65667072
65650688
65650688
65650688
65634304
65634304
65634304
65609728
65601536
65601536
65576960
65576960
65576960
65552384
65552384
65552384
65536000
65536000
65527808
65503232
65503232
65503232
65486848
65486848
65470464
65454080
65454080
65454080
65429504
65421312
65413120
65396736
65396736
65396736
65380352
65372160
65372160
65355776
65347584
65339392
65323008
65298432
65298432
65273856
65273856
65273856
65249280
65249280
65249280
65232896
65232896
65224704
65183744
65175552
65175552
65159168
65159168
65150976
65134592
65126400
65126400
65110016
65101824
65085440
65060864
65060864
65044480
65028096
65028096
65019904
65003520
65003520
65003520
64978944
64962560
64962560
64946176
64946176
64946176
64921600
64897024
64897024
64872448
64872448
64856064
64823296
64823296
64815104
64798720
64790528
64790528
64765952
64765952
64765952
64741376
64733184
64716800
64692224
64692224
64692224
64675840
64667648
64659456
64643072
64643072
64643072
64618496
64602112
64585728
64569344
64544768
64544768
64520192
64512000
64512000
64495616
64495616
64487424
64462848
64454656
64446464
64430080
64421888
64405504
64380928
64380928
64380928
64364544
64356352
64348160
64323584
64323584
64323584
64299008
64299008
64282624
64241664
64241664
64233472
64217088
64200704
64192512
64176128
64176128
64167936
64151552
64143360
64143360
64118784
64118784
64110592
64077824
64069632
64069632
64053248
64053248
64045056
64020480
64012288
64012288
63995904
63987712
63971328
63946752
63930368
63913984
63897600
63889408
63889408
63864832
63864832
63864832
63848448
63832064
63815680
63799296
63799296
63799296
63774720
63766528
63758336
63733760
63733760
63733760
63692800
63684608
63684608
63651840
63651840
63651840
63635456
63627264
63610880
63594496
63594496
63569920
63553536
63545344
63545344
63528960
63520768
63520768
63488000
63488000
63479808
63463424
63438848
63438848
63406080
63406080
63406080
63389696
63381504
63373312
63356928
63356928
63356928
63324160
63324160
63315968
63283200
63283200
63283200
63266816
63258624
63234048
63217664
63209472
63201280
63168512
63160320
63160320
63143936
63143936
63135744
63119360
63111168
63111168
63086592
63078400
63070208
63045632
63045632
63045632
63029248
63029248
63029248
63004672
62980096
62971904
62930944
62906368
62898176
62873600
62873600
62873600
62857216
62857216
62849024
62832640
62832640
62824448
62791680
62791680
62775296
62758912
62758912
62758912
62742528
62734336
62734336
62709760
62693376
62676992
62660608
62652416
62636032
62611456
62611456
62611456
62586880
62578688
62578688
62554112
62545920
62545920
62521344
62521344
62521344
62496768
65683456
65658880
65642496
65642496
65642496
65626112
65626112
65626112
65609728
65609728
65609728
65576960
65576960
65576960
65552384
65552384
65544192
65527808
65527808
65527808
65511424
65511424
65495040
65478656
65478656
65478656
65462272
65462272
65445888
65429504
65429504
65429504
65413120
65396736
65396736
65380352
65380352
65380352
65363968
65355776
65355776
65339392
65331200
65323008
65290240
65290240
65282048
65265664
65265664
65265664
65241088
65241088
65241088
65224704
65216512
65208320
65175552
65175552
65175552
65159168
65159168
65150976
65134592
65126400
65126400
65101824
65093632
65085440
65069056
65060864
65052672
65036288
65028096
65028096
65011712
65003520
64995328
64970752
64962560
64962560
64946176
64946176
64946176
64921600
64897024
64888832
64872448
64864256
64847872
64823296
64815104
64815104
64790528
64790528
64790528
64765952
64765952
64765952
64733184
64724992
64716800
64692224
64692224
64692224
64675840
64667648
64659456
64643072
64643072
64643072
64610304
64593920
64585728
64552960
64544768
64536576
64520192
64512000
64512000
64495616
64495616
64479232
64462848
64454656
64446464
64430080
64421888
64405504
64380928
64380928
64380928
64364544
64348160
64348160
64323584
64323584
64315392
64299008
64290816
64266240
64241664
64233472
64233472
64200704
64200704
64192512
64176128
64176128
64167936
64151552
64151552
64143360
64118784
64118784
64094208
64077824
64069632
64069632
64053248
64045056
64045056
64020480
64012288
64012288
63995904
63971328
63971328
63938560
63930368
63913984
63889408
63889408
63889408
63864832
63864832
63864832
63832064
63832064
63815680
63799296
63799296
63799296
63766528
63766528
63750144
63733760
63733760
63717376
63692800
63692800
63684608
63651840
63651840
63651840
63635456
63627264
63610880
63594496
63578112
63569920
63553536
63545344
63545344
63520768
63520768
63512576
63488000
63479808
63479808
63455232
63438848
63438848
63406080
63406080
63406080
63389696
63381504
63381504
63356928
63356928
63348736
63324160
63324160
63315968
63283200
63283200
63283200
63258624
63250432
63234048
63209472
63201280
63193088
63168512
63160320
63160320
63143936
63143936
63135744
63119360
63111168
63111168
63078400
63070208
63070208
63053824
63045632
63045632
63029248
63029248
63029248
62996480
62971904
62955520
62922752
62898176
62898176
62873600
62873600
62873600
62857216
62857216
62849024
62832640
62824448
62816256
62791680
62783488
62775296
62758912
62758912
62758912
62742528
62742528
62726144
62701568
62685184
62676992
62660608
62652416
62636032
62611456
62611456
62611456
62586880
62578688
62570496
62554112
62545920
62545920
62521344
62521344
62521344
62496768
65691648
65667072
65650688
65650688
65650688
65634304
65634304
65634304
65617920
65617920
65617920
65585152
65585152
65585152
65560576
65560576
65552384
65536000
65536000
65536000
65519616
65519616
65503232
65486848
65486848
65486848
65470464
65470464
65454080
65437696
65437696
65437696
65421312
65404928
65404928
65388544
65388544
65388544
65372160
65363968
65363968
65347584
65339392
65339392
65306624
65306624
65298432
65282048
65282048
65282048
65257472
65257472
65257472
65241088
65232896
65216512
65183744
65183744
65183744
65167360
65167360
65159168
65142784
65134592
65134592
65110016
65101824
65093632
65077248
65069056
65060864
65044480
65036288
65036288
65019904
65011712
65003520
64978944
64970752
64970752
64954368
64954368
64954368
64929792
64905216
64897024
64880640
64872448
64856064
64823296
64823296
64823296
64798720
64798720
64798720
64774144
64774144
64774144
64741376
64733184
64724992
64700416
64700416
64700416
64684032
64675840
64667648
64651264
64651264
64651264
64618496
64610304
64593920
64569344
64561152
64552960
64536576
64528384
64528384
64512000
64512000
64495616
64479232
64471040
64462848
64446464
64438272
64421888
64397312
64397312
64397312
64380928
64364544
64364544
64339968
64331776
64331776
64315392
64307200
64282624
64258048
64249856
64249856
64217088
64217088
64208896
64192512
64192512
64184320
64167936
64159744
64159744
64135168
64135168
64110592
64094208
64086016
64086016
64061440
64061440
64061440
64036864
64028672
64028672
64012288
63987712
63987712
63954944
63946752
63930368
63905792
63905792
63905792
63881216
63881216
63881216
63848448
63848448
63832064
63815680
63815680
63807488
63782912
63782912
63766528
63750144
63750144
63733760
63709184
63700992
63700992
63668224
63668224
63668224
63651840
63635456
63627264
63610880
63594496
63586304
63569920
63561728
63561728
63537152
63528960
63528960
63504384
63496192
63496192
63471616
63455232
63455232
63422464
63422464
63422464
63406080
63397888
63389696
63373312
63373312
63365120
63340544
63340544
63332352
63299584
63299584
63299584
63266816
63266816
63250432
63225856
63217664
63209472
63184896
63176704
63176704
63160320
63160320
63152128
63135744
63127552
63127552
63094784
63086592
63086592
63062016
63062016
63062016
63045632
63045632
63037440
63012864
62988288
62971904
62939136
62914560
62914560
62889984
62889984
62889984
62873600
62873600
62865408
62849024
62840832
62832640
62808064
62799872
62791680
62775296
62775296
62775296
62758912
62742528
62742528
62717952
62701568
62693376
62676992
62668800
62644224
62627840
62627840
62627840
62603264
62595072
62586880
62570496
62562304
62562304
62537728
62537728
62537728
62480384
65650688
65650688
65642496
65642496
65626112
65626112
65626112
65609728
65609728
65609728
65585152
65576960
65576960
65552384
65552384
65552384
65527808
65527808
65527808
65511424
65511424
65511424
65478656
65478656
65478656
65462272
65462272
65445888
65429504
65429504
65429504
65413120
65413120
65396736
65380352
65380352
65380352
65363968
65355776
65355776
65339392
65331200
65323008
65306624
65290240
65290240
65265664
65265664
65265664
65241088
65241088
65241088
65224704
65224704
65216512
65175552
65167360
65167360
65150976
65150976
65150976
65126400
65118208
65118208
65101824
65093632
65069056
65052672
65052672
65036288
65019904
65019904
65011712
64995328
64995328
64995328
64970752
64954368
64954368
64937984
64937984
64937984
64921600
64897024
64897024
64872448
64872448
64864256
64839680
64823296
64823296
64806912
64798720
64798720
64774144
64774144
64774144
64749568
64741376
64733184
64700416
64700416
64700416
64684032
64684032
64667648
64651264
64651264
64651264
64626688
64610304
64593920
64569344
64552960
64552960
64528384
64528384
64520192
64503808
64503808
64495616
64471040
64462848
64462848
64438272
64430080
64413696
64397312
64389120
64389120
64372736
64364544
64356352
64331776
64331776
64323584
64307200
64307200
64290816
64249856
64249856
64241664
64225280
64208896
64208896
64184320
64184320
64176128
64159744
64159744
64151552
64126976
64126976
64118784
64086016
64086016
64077824
64061440
64053248
64053248
64036864
64020480
64020480
64004096
63995904
63979520
63963136
63938560
63930368
63905792
63897600
63897600
63881216
63873024
63873024
63856640
63840256
63832064
63807488
63807488
63807488
63774720
63774720
63774720
63741952
63741952
63741952
63709184
63700992
63692800
63660032
63660032
63660032
63643648
63643648
63619072
63602688
63602688
63578112
63561728
63553536
63553536
63537152
63528960
63520768
63504384
63496192
63488000
63471616
63447040
63447040
63422464
63414272
63414272
63397888
63389696
63389696
63365120
63365120
63365120
63332352
63332352
63332352
63291392
63291392
63291392
63275008
63258624
63242240
63225856
63217664
63209472
63184896
63176704
63168512
63152128
63152128
63143936
63127552
63119360
63119360
63094784
63086592
63078400
63062016
63053824
63053824
63037440
63037440
63037440
63012864
62996480
62980096
62939136
62914560
62906368
62881792
62881792
62881792
62865408
62865408
62865408
62840832
62840832
62832640
62799872
62799872
62783488
62767104
62767104
62767104
62750720
62750720
62734336
62717952
62701568
62685184
62668800
62668800
62644224
62619648
62619648
62619648
62603264
62586880
62586880
62562304
62554112
62554112
62537728
62529536
62529536
62504960
65683456
65658880
65642496
65642496
65642496
65626112
65626112
65626112
65609728
65609728
65609728
65576960
65576960
65576960
65552384
65552384
65544192
65527808
65527808
65527808
65511424
65511424
65495040
65478656
65478656
65478656
65462272
65454080
65445888
65429504
65429504
65429504
65413120
65396736
65396736
65380352
65380352
65380352
65355776
65355776
65355776
65339392
65331200
65331200
65298432
65298432
65290240
65273856
65273856
65273856
65249280
65249280
65249280
65232896
65224704
65208320
65183744
65183744
65183744
65167360
65167360
65159168
65142784
65134592
65134592
65110016
65093632
65093632
65077248
65069056
65060864
65044480
65036288
65036288
65019904
65011712
65003520
64978944
64970752
64970752
64954368
64954368
64954368
64929792
64905216
64897024
64880640
64872448
64856064
64823296
64823296
64823296
64798720
64798720
64790528
64774144
64774144
64774144
64741376
64733184
64724992
64700416
64700416
64700416
64684032
64667648
64667648
64651264
64651264
64651264
64610304
64602112
64585728
64561152
64552960
64544768
64528384
64520192
64520192
64503808
64503808
64487424
64462848
64462848
64454656
64438272
64430080
64413696
64389120
64389120
64389120
64372736
64356352
64348160
64331776
64323584
64323584
64307200
64299008
64274432
64249856
64241664
64241664
64208896
64208896
64200704
64184320
64184320
64176128
64159744
64151552
64151552
64126976
64126976
64102400
64086016
64077824
64077824
64053248
64053248
64053248
64020480
64020480
64020480
64004096
63979520
63979520
63946752
63938560
63922176
63897600
63897600
63897600
63873024
63873024
63873024
63840256
63840256
63823872
63807488
63807488
63799296
63774720
63774720
63758336
63741952
63741952
63725568
63700992
63692800
63692800
63660032
63660032
63660032
63643648
63627264
63619072
63602688
63586304
63578112
63561728
63553536
63553536
63528960
63520768
63520768
63496192
63488000
63488000
63463424
63447040
63447040
63414272
63414272
63414272
63397888
63389696
63381504
63365120
63365120
63356928
63332352
63332352
63324160
63291392
63291392
63291392
63258624
63250432
63242240
63217664
63209472
63201280
63176704
63168512
63168512
63152128
63152128
63143936
63119360
63119360
63119360
63086592
63078400
63078400
63053824
63053824
63053824
63037440
63037440
63021056
63004672
62980096
62963712
62930944
62906368
62898176
62881792
62881792
62881792
62865408
62857216
62857216
62840832
62832640
62824448
62799872
62783488
62783488
62767104
62767104
62767104
62742528
62734336
62734336
62709760
62693376
62685184
62660608
62660608
62636032
62619648
62619648
62611456
62586880
62586880
62578688
62562304
62554112
62545920
62529536
62529536
62529536
62472192
65642496
65642496
65642496
65642496
65626112
65626112
65626112
65609728
65609728
65609728
65585152
65576960
65576960
65552384
65552384
65552384
65527808
65527808
65527808
65511424
65511424
65503232
65478656
65470464
65470464
65454080
65454080
65437696
65421312
65421312
65421312
65404928
65404928
65388544
65372160
65372160
65372160
65355776
65347584
65347584
65331200
65323008
65323008
65306624
65290240
65290240
65265664
65265664
65265664
65241088
65241088
65241088
65224704
65224704
65216512
65175552
65167360
65167360
65150976
65150976
65142784
65126400
65118208
65118208
65101824
65093632
65077248
65060864
65060864
65044480
65028096
65019904
65019904
65003520
65003520
65003520
64978944
64962560
64962560
64946176
64946176
64946176
64929792
64905216
64905216
64880640
64880640
64864256
64831488
64831488
64831488
64815104
64806912
64806912
64782336
64782336
64782336
64757760
64749568
64733184
64708608
64708608
64708608
64692224
64692224
64675840
64659456
64659456
64659456
64634880
64626688
64610304
64593920
64569344
64569344
64544768
64536576
64536576
64520192
64520192
64512000
64487424
64479232
64479232
64454656
64446464
64430080
64405504
64405504
64405504
64389120
64380928
64372736
64348160
64348160
64348160
64323584
64323584
64307200
64266240
64266240
64258048
64241664
64225280
64217088
64200704
64200704
64192512
64176128
64176128
64167936
64143360
64143360
64135168
64102400
64094208
64094208
64077824
64077824
64069632
64045056
64036864
64036864
64020480
64012288
63995904
63971328
63954944
63946752
63922176
63913984
63913984
63889408
63889408
63889408
63873024
63856640
63840256
63823872
63823872
63823872
63799296
63791104
63782912
63758336
63758336
63758336
63725568
63709184
63709184
63676416
63676416
63676416
63660032
63651840
63635456
63619072
63619072
63594496
63569920
63569920
63569920
63553536
63545344
63545344
63512576
63512576
63504384
63488000
63463424
63455232
63430656
63430656
63430656
63414272
63406080
63397888
63381504
63381504
63381504
63348736
63340544
63340544
63315968
63307776
63307776
63291392
63275008
63258624
63242240
63234048
63225856
63193088
63184896
63184896
63168512
63168512
63160320
63135744
63135744
63135744
63111168
63102976
63094784
63070208
63070208
63070208
63053824
63053824
63045632
63029248
63012864
62996480
62955520
62930944
62914560
62898176
62898176
62898176
62881792
62873600
62873600
62857216
62857216
62849024
62816256
62808064
62799872
62783488
62783488
62783488
62767104
62758912
62758912
62734336
62717952
62701568
62676992
62676992
62660608
62636032
62636032
62636032
62611456
62603264
62603264
62578688
62570496
62562304
62545920
62545920
62545920
62521344
65699840
65691648
65675264
65675264
65675264
65658880
65658880
65658880
65642496
65642496
65642496
65609728
65609728
65609728
65585152
65585152
65576960
65560576
65560576
65560576
65544192
65544192
65527808
65511424
65511424
65511424
65495040
65495040
65478656
65462272
65462272
65462272
65445888
65429504
65429504
65413120
65413120
65413120
65396736
65388544
65388544
65372160
65363968
65355776
65323008
65323008
65314816
65298432
65298432
65298432
65273856
65273856
65273856
65257472
65249280
65232896
65200128
65200128
65200128
65183744
65183744
65175552
65159168
65150976
65150976
65126400
65110016
65101824
65085440
65077248
65069056
65052672
65044480
65044480
65028096
65019904
65011712
64987136
64978944
64978944
64962560
64962560
64954368
64929792
64905216
64897024
64880640
64872448
64856064
64823296
64823296
64823296
64798720
64798720
64798720
64774144
64774144
64774144
64741376
64733184
64724992
64700416
64700416
64700416
64684032
64675840
64667648
64651264
64651264
64651264
64618496
64602112
64585728
64561152
64552960
64544768
64528384
64520192
64520192
64503808
64503808
64487424
64471040
64462848
64454656
64438272
64430080
64413696
64389120
64389120
64389120
64372736
64356352
64356352
64331776
64323584
64323584
64307200
64299008
64274432
64249856
64241664
64241664
64208896
64208896
64200704
64184320
64184320
64176128
64159744
64151552
64151552
64126976
64126976
64102400
64086016
64077824
64077824
64053248
64053248
64053248
64020480
64020480
64020480
64004096
63979520
63979520
63946752
63938560
63922176
63897600
63897600
63897600
63873024
63873024
63873024
63840256
63840256
63823872
63807488
63807488
63799296
63774720
63774720
63758336
63741952
63741952
63725568
63700992
63692800
63692800
63660032
63660032
63660032
63643648
63635456
63619072
63602688
63586304
63578112
63553536
63553536
63553536
63528960
63520768
63520768
63496192
63488000
63488000
63463424
63447040
63447040
63414272
63414272
63414272
63397888
63389696
63381504
63365120
63365120
63356928
63332352
63332352
63324160
63291392
63291392
63291392
63258624
63250432
63242240
63217664
63209472
63201280
63176704
63168512
63168512
63152128
63152128
63143936
63119360
63119360
63119360
63086592
63078400
63078400
63053824
63053824
63053824
63037440
63037440
63021056
63004672
62980096
62963712
62930944
62906368
62898176
62881792
62881792
62881792
62865408
62865408
62857216
62840832
62832640
62824448
62799872
62783488
62783488
62767104
62767104
62767104
62750720
62734336
62734336
62709760
62693376
62685184
62660608
62660608
62644224
62619648
62619648
62619648
62586880
62586880
62578688
62562304
62554112
62554112
62529536
62529536
62529536
62472192
65658880
65634304
65634304
65634304
65617920
65617920
65617920
65601536
65601536
65601536
65576960
65568768
65568768
65544192
65544192
65544192
65519616
65519616
65519616
65503232
65503232
65503232
65470464
65470464
65470464
65454080
65454080
65437696
65421312
65421312
65421312
65404928
65404928
65388544
65372160
65372160
65372160
65355776
65347584
65347584
65331200
65323008
65314816
65298432
65282048
65282048
65257472
65257472
65257472
65241088
65232896
65232896
65216512
65216512
65208320
65167360
65159168
65159168
65142784
65142784
65142784
65118208
65118208
65118208
65101824
65093632
65077248
65052672
65052672
65036288
65019904
65019904
65011712
64995328
64995328
64995328
64970752
64954368
64954368
64937984
64937984
64937984
64913408
64888832
64888832
64864256
64864256
64856064
64823296
64823296
64815104
64798720
64790528
64790528
64765952
64765952
64765952
64741376
64733184
64724992
64700416
64700416
64700416
64684032
64684032
64667648
64651264
64651264
64651264
64626688
64610304
64593920
64577536
64561152
64561152
64536576
64528384
64528384
64512000
64512000
64503808
64479232
64471040
64471040
64454656
64446464
64430080
64413696
64405504
64405504
64389120
64380928
64372736
64348160
64348160
64348160
64323584
64323584
64315392
64266240
64266240
64258048
64241664
64225280
64217088
64200704
64200704
64192512
64176128
64176128
64167936
64143360
64143360
64135168
64102400
64094208
64094208
64077824
64077824
64069632
64053248
64036864
64036864
64020480
64012288
63995904
63971328
63954944
63946752
63922176
63913984
63913984
63889408
63889408
63889408
63873024
63856640
63848448
63823872
63823872
63823872
63799296
63791104
63782912
63758336
63758336
63758336
63725568
63717376
63709184
63676416
63676416
63676416
63660032
63651840
63635456
63619072
63619072
63594496
63578112
63569920
63569920
63553536
63545344
63545344
63520768
63512576
63504384
63488000
63463424
63463424
63430656
63430656
63430656
63414272
63406080
63406080
63381504
63381504
63381504
63348736
63348736
63340544
63315968
63307776
63307776
63291392
63283200
63258624
63242240
63234048
63225856
63201280
63184896
63184896
63168512
63168512
63160320
63143936
63135744
63135744
63111168
63102976
63094784
63078400
63070208
63070208
63053824
63053824
63053824
63029248
63012864
62996480
62955520
62930944
62922752
62898176
62898176
62898176
62881792
62881792
62873600
62857216
62857216
62849024
62816256
62816256
62799872
62783488
62783488
62783488
62767104
62767104
62758912
62734336
62717952
62701568
62685184
62676992
62660608
62636032
62636032
62636032
62619648
62603264
62603264
62578688
62570496
62570496
62545920
62545920
62545920
62521344
65675264
65675264
65658880
65658880
65658880
65642496
65642496
65642496
65626112
65626112
65626112
65593344
65593344
65593344
65568768
65568768
65560576
65544192
65544192
65544192
65527808
65527808
65511424
65495040
65495040
65495040
65478656
65470464
65462272
65445888
65445888
65445888
65429504
65413120
65413120
65396736
65396736
65396736
65372160
65372160
65372160
65355776
65347584
65339392
65306624
65306624
65298432
65282048
65282048
65273856
65257472
65257472
65257472
65241088
65232896
65216512
65183744
65183744
65183744
65167360
65167360
65159168
65142784
65134592
65134592
65110016
65093632
65085440
65069056
65060864
65052672
65036288
65028096
65028096
65011712
65003520
64995328
64962560
64962560
64962560
64946176
64946176
64946176
64921600
64897024
64888832
64872448
64864256
64847872
64823296
64815104
64815104
64790528
64790528
64782336
64765952
64765952
64765952
64733184
64724992
64716800
64692224
64692224
64692224
64675840
64659456
64659456
64643072
64643072
64643072
64610304
64593920
64585728
64552960
64544768
64536576
64512000
64512000
64512000
64495616
64495616
64479232
64454656
64454656
64446464
64430080
64421888
64405504
64380928
64380928
64380928
64364544
64348160
64339968
64323584
64323584
64315392
64299008
64290816
64266240
64241664
64233472
64233472
64200704
64192512
64192512
64176128
64176128
64167936
64151552
64143360
64143360
64118784
64118784
64094208
64069632
64069632
64069632
64053248
64045056
64045056
64012288
64012288
64012288
63995904
63971328
63971328
63938560
63930368
63913984
63889408
63889408
63881216
63864832
63864832
63864832
63832064
63832064
63815680
63799296
63799296
63799296
63766528
63758336
63750144
63733760
63733760
63717376
63692800
63684608
63684608
63651840
63651840
63651840
63627264
63627264
63610880
63594496
63578112
63569920
63545344
63545344
63545344
63520768
63520768
63512576
63488000
63479808
63479808
63455232
63438848
63430656
63406080
63406080
63406080
63389696
63381504
63373312
63356928
63356928
63348736
63324160
63315968
63315968
63283200
63283200
63283200
63258624
63242240
63234048
63209472
63201280
63193088
63168512
63160320
63160320
63143936
63143936
63135744
63111168
63111168
63111168
63078400
63070208
63070208
63045632
63045632
63045632
63029248
63029248
63021056
62996480
62971904
62955520
62922752
62898176
62889984
62873600
62873600
62873600
62857216
62849024
62849024
62832640
62824448
62816256
62791680
62775296
62775296
62758912
62758912
62758912
62734336
62734336
62726144
62701568
62685184
62676992
62652416
62652416
62636032
62611456
62611456
62611456
62578688
62578688
62570496
62554112
62545920
62537728
62521344
62521344
62521344
62496768
65691648
65667072
65650688
65650688
65650688
65634304
65634304
65634304
65617920
65617920
65617920
65585152
65585152
65585152
65560576
65560576
65552384
65536000
65536000
65536000
65519616
65519616
65503232
65486848
65486848
65486848
65470464
65462272
65454080
65437696
65437696
65437696
65421312
65404928
65404928
65388544
65388544
65388544
65363968
65363968
65363968
65347584
65339392
65339392
65306624
65306624
65298432
65282048
65282048
65273856
65257472
65257472
65257472
65241088
65232896
65216512
65183744
65183744
65183744
65167360
65167360
65159168
65142784
65134592
65134592
65110016
65093632
65093632
65077248
65069056
65060864
65044480
65036288
65036288
65019904
65011712
65003520
64970752
64970752
64970752
64954368
64954368
64954368
64929792
64905216
64897024
64880640
64872448
64847872
64823296
64823296
64823296
64798720
64798720
64790528
64774144
64774144
64774144
64741376
64733184
64724992
64700416
64700416
64700416
64684032
64667648
64667648
64651264
64651264
64651264
64618496
64602112
64585728
64561152
64552960
64544768
64520192
64520192
64520192
64503808
64503808
64487424
64462848
64462848
64454656
64438272
64430080
64413696
64389120
64389120
64389120
64372736
64356352
64348160
64331776
64323584
64323584
64307200
64299008
64274432
64249856
64241664
64241664
64208896
64200704
64200704
64184320
64184320
64176128
64159744
64151552
64151552
64126976
64126976
64102400
64077824
64077824
64077824
64053248
64053248
64053248
64020480
64020480
64020480
64004096
63979520
63971328
63946752
63938560
63922176
63897600
63897600
63889408
63873024
63873024
63873024
63840256
63840256
63823872
63807488
63807488
63799296
63774720
63766528
63758336
63741952
63741952
63725568
63700992
63692800
63692800
63660032
63660032
63660032
63635456
63635456
63619072
63602688
63586304
63578112
63553536
63553536
63553536
63528960
63520768
63520768
63496192
63488000
63488000
63463424
63447040
63438848
63414272
63414272
63414272
63397888
63389696
63381504
63365120
63365120
63356928
63332352
63324160
63324160
63291392
63291392
63291392
63258624
63250432
63242240
63217664
63209472
63201280
63168512
63168512
63168512
63152128
63152128
63143936
63119360
63119360
63119360
63086592
63078400
63078400
63053824
63053824
63053824
63037440
63037440
63021056
63004672
62980096
62963712
62930944
62906368
62898176
62881792
62881792
62881792
62865408
62857216
62857216
62840832
62832640
62824448
62799872
62783488
62783488
62767104
62767104
62767104
62750720
62734336
62734336
62709760
62693376
62685184
62660608
62660608
62644224
62619648
62619648
62619648
62586880
62586880
62578688
62562304
62554112
62545920
62529536
62529536
62529536
62824448
65683456
65642496
65642496
65642496
65626112
65626112
65626112
65609728
65609728
65609728
65585152
65576960
65576960
65552384
65552384
65552384
65527808
65527808
65527808
65511424
65511424
65511424
65478656
65478656
65478656
65462272
65462272
65445888
65429504
65429504
65429504
65413120
65413120
65396736
65380352
65380352
65380352
65363968
65355776
65355776
65339392
65331200
65323008
65306624
65282048
65282048
65257472
65257472
65257472
65232896
65232896
65232896
65216512
65216512
65208320
65167360
65159168
65159168
65142784
65142784
65142784
65118208
65118208
65118208
65101824
65093632
65077248
65052672
65052672
65036288
65019904
65019904
65011712
64995328
64995328
64995328
64970752
64954368
64954368
64937984
64937984
64937984
64921600
64897024
64897024
64872448
64872448
64864256
64839680
64831488
64823296
64806912
64798720
64798720
64774144
64774144
64774144
64749568
64741376
64733184
64700416
64700416
64700416
64684032
64684032
64667648
64651264
64651264
64651264
64626688
64610304
64593920
64577536
64552960
64552960
64528384
64520192
64520192
64503808
64503808
64495616
64471040
64462848
64462848
64446464
64438272
64421888
64405504
64397312
64397312
64380928
64372736
64364544
64339968
64339968
64339968
64315392
64315392
64307200
64258048
64258048
64249856
64233472
64217088
64208896
64192512
64192512
64184320
64167936
64167936
64159744
64135168
64135168
64126976
64094208
64094208
64086016
64069632
64069632
64061440
64045056
64028672
64028672
64012288
64004096
63987712
63971328
63946752
63938560
63913984
63905792
63905792
63881216
63881216
63881216
63864832
63848448
63840256
63815680
63815680
63815680
63791104
63782912
63774720
63750144
63750144
63750144
63717376
63709184
63700992
63668224
63668224
63668224
63651840
63651840
63627264
63610880
63610880
63586304
63569920
63561728
63561728
63545344
63537152
63537152
63512576
63504384
63496192
63479808
63455232
63455232
63422464
63422464
63422464
63406080
63397888
63397888
63373312
63373312
63373312
63340544
63340544
63332352
63307776
63299584
63299584
63283200
63275008
63250432
63234048
63225856
63217664
63193088
63184896
63176704
63160320
63160320
63152128
63135744
63127552
63127552
63102976
63094784
63086592
63070208
63062016
63062016
63045632
63045632
63045632
63021056
63004672
62988288
62947328
62922752
62914560
62889984
62889984
62889984
62873600
62873600
62873600
62849024
62849024
62840832
62808064
62808064
62791680
62775296
62775296
62775296
62758912
62758912
62750720
62726144
62709760
62693376
62676992
62668800
62652416
62627840
62627840
62627840
62611456
62595072
62595072
62570496
62562304
62562304
62537728
62537728
62537728
62513152
65683456
65683456
65667072
65667072
65667072
65650688
65650688
65650688
65634304
65634304
65634304
65601536
65601536
65601536
65576960
65576960
65568768
65552384
65552384
65552384
65536000
65536000
65519616
65503232
65503232
65503232
65486848
65478656
65470464
65454080
65454080
65454080
65437696
65421312
65421312
65404928
65404928
65404928
65388544
65380352
65380352
65363968
65355776
65347584
65314816
65314816
65306624
65290240
65290240
65290240
65265664
65265664
65265664
65249280
65241088
65224704
65191936
65191936
65191936
65175552
65175552
65167360
65150976
65142784
65142784
65118208
65101824
65093632
65077248
65069056
65060864
65044480
65036288
65036288
65019904
65011712
65003520
64978944
64970752
64970752
64954368
64954368
64946176
64921600
64897024
64888832
64872448
64864256
64847872
64823296
64815104
64815104
64790528
64790528
64782336
64765952
64765952
64765952
64733184
64724992
64716800
64692224
64692224
64692224
64675840
64659456
64659456
64643072
64643072
64643072
64610304
64593920
64585728
64552960
64544768
64536576
64520192
64512000
64512000
64495616
64495616
64479232
64454656
64454656
64446464
64430080
64421888
64405504
64380928
64380928
64380928
64364544
64348160
64339968
64323584
64323584
64315392
64299008
64290816
64266240
64241664
64233472
64233472
64200704
64200704
64192512
64176128
64176128
64167936
64151552
64143360
64143360
64118784
64118784
64094208
64077824
64069632
64069632
64053248
64045056
64045056
64012288
64012288
64012288
63995904
63971328
63971328
63938560
63930368
63913984
63889408
63889408
63881216
63864832
63864832
63864832
63832064
63832064
63815680
63799296
63799296
63799296
63766528
63758336
63750144
63733760
63733760
63717376
63692800
63684608
63684608
63651840
63651840
63651840
63627264
63627264
63610880
63594496
63578112
63569920
63545344
63545344
63545344
63520768
63520768
63512576
63488000
63479808
63479808
63455232
63438848
63430656
63406080
63406080
63406080
63389696
63381504
63373312
63356928
63356928
63348736
63324160
63315968
63315968
63283200
63283200
63283200
63258624
63242240
63234048
63209472
63201280
63193088
63168512
63160320
63160320
63143936
63143936
63135744
63111168
63111168
63111168
63078400
63070208
63070208
63045632
63045632
63045632
63029248
63029248
63021056
62996480
62971904
62955520
62922752
62898176
62889984
62873600
62873600
62873600
62857216
62857216
62849024
62832640
62824448
62816256
62791680
62775296
62775296
62758912
62758912
62758912
62742528
62734336
62726144
62701568
62685184
62676992
62652416
62652416
62636032
62611456
62611456
62611456
62578688
62578688
62570496
62554112
62545920
62537728
62521344
62521344
62521344
62496768
65675264
65658880
65642496
65642496
65642496
65626112
