663552
712704
729088
729088
729088
745472
753664
753664
770048
770048
770048
802816
811008
811008
835584
835584
835584
860160
860160
860160
876544
884736
901120
933888
933888
942080
966656
974848
991232
1007616
1007616
1007616
1032192
1040384
1048576
1064960
1064960
1064960
1081344
1097728
1097728
1122304
1130496
1138688
1163264
1171456
1187840
1204224
1204224
1204224
1228800
1228800
1236992
1253376
1261568
1277952
1318912
1318912
1318912
1335296
1335296
1335296
1368064
1376256
1376256
1409024
1417216
1425408
1441792
1458176
1466368
1482752
1482752
1490944
1507328
1507328
1515520
1540096
1556480
1556480
1572864
1572864
1572864
1597440
1638400
1638400
1654784
1662976
1671168
1695744
1695744
1703936
1736704
1736704
1736704
1761280
1761280
1761280
1785856
1802240
1802240
1826816
1826816
1826816
1851392
1859584
1867776
1884160
1884160
1884160
1916928
1925120
1941504
1966080
1966080
1982464
1998848
2015232
2015232
2031616
2031616
2048000
2064384
2072576
2072576
2088960
2105344
2113536
2138112
2138112
2138112
2162688
2179072
2179072
2203648
2203648
2203648
2220032
2236416
2236416
2277376
2285568
2285568
2318336
2326528
2334720
2351104
2351104
2359296
2375680
2375680
2383872
2400256
2400256
2424832
2441216
2449408
2457600
2473984
2473984
2473984
2506752
2514944
2514944
2531328
2547712
2555904
2580480
2596864
2621440
2646016
2646016
2646016
2670592
2670592
2670592
2703360
2703360
2711552
2727936
2727936
2727936
2752512
2760704
2785280
2801664
2801664
2809856
2834432
2834432
2850816
2875392
2875392
2875392
2891776
2899968
2924544
2940928
2957312
2965504
2981888
2990080
2990080
3006464
3006464
3006464
3031040
3047424
3047424
3080192
3096576
3096576
3129344
3129344
3129344
3145728
3145728
3145728
3170304
3170304
3178496
3203072
3211264
3219456
3244032
3252224
3260416
3276800
3276800
3284992
3317760
3325952
3334144
3358720
3366912
3366912
3391488
3391488
3399680
3416064
3424256
3424256
3448832
3457024
3457024
3473408
3481600
3481600
3497984
3506176
3506176
3538944
3547136
3579904
3620864
3637248
3637248
3661824
3661824
3661824
3678208
3678208
3694592
3710976
3719168
3727360
3751936
3751936
3760128
3776512
3776512
3776512
3792896
3801088
3801088
3833856
3858432
3866624
3883008
3891200
3899392
3923968
3923968
3932160
3948544
3956736
3964928
3981312
3997696
3997696
4022272
4022272
4022272
4038656
4096000
786432
802816
835584
835584
835584
851968
851968
851968
868352
868352
868352
901120
901120
901120
925696
925696
933888
950272
950272
950272
966656
966656
983040
999424
999424
999424
1015808
1024000
1032192
1048576
1048576
1048576
1073152
1089536
1089536
1105920
1105920
1105920
1130496
1130496
1130496
1146880
1155072
1163264
1204224
1204224
1212416
1228800
1228800
1236992
1253376
1253376
1253376
1269760
1286144
1302528
1335296
1335296
1335296
1351680
1351680
1359872
1376256
1384448
1392640
1417216
1433600
1441792
1458176
1466368
1474560
1490944
1499136
1499136
1515520
1515520
1523712
1564672
1564672
1564672
1581056
1581056
1589248
1613824
1638400
1646592
1662976
1671168
1679360
1703936
1720320
1720320
1744896
1744896
1753088
1769472
1769472
1769472
1802240
1810432
1818624
1835008
1835008
1835008
1859584
1875968
1875968
1892352
1892352
1892352
1925120
1941504
1949696
1982464
1982464
1990656
2015232
2023424
2023424
2039808
2039808
2056192
2080768
2080768
2088960
2105344
2113536
2121728
2146304
2146304
2154496
2170880
2187264
2195456
2211840
2211840
2220032
2236416
2244608
2260992
2285568
2293760
2293760
2334720
2342912
2342912
2359296
2359296
2367488
2383872
2392064
2392064
2408448
2408448
2433024
2457600
2465792
2465792
2482176
2490368
2490368
2523136
2523136
2523136
2539520
2555904
2555904
2588672
2596864
2621440
2646016
2646016
2654208
2670592
2670592
2670592
2703360
2703360
2711552
2727936
2727936
2727936
2768896
2777088
2785280
2801664
2801664
2818048
2842624
2850816
2850816
2875392
2875392
2875392
2899968
2908160
2924544
2940928
2957312
2965504
2990080
2990080
2990080
3006464
3006464
3014656
3039232
3047424
3047424
3080192
3096576
3104768
3129344
3129344
3129344
3145728
3145728
3153920
3170304
3170304
3178496
3203072
3219456
3219456
3252224
3252224
3252224
3276800
3293184
3293184
3317760
3325952
3334144
3366912
3366912
3375104
3391488
3391488
3399680
3424256
3424256
3424256
3448832
3457024
3465216
3481600
3481600
3481600
3506176
3506176
3522560
3547136
3571712
3588096
3620864
3637248
3645440
3661824
3661824
3661824
3678208
3694592
3694592
3710976
3719168
3727360
3751936
3760128
3760128
3776512
3776512
3776512
3801088
3801088
3817472
3842048
3858432
3866624
3891200
3891200
3899392
3923968
3923968
3932160
3956736
3956736
3964928
3989504
3997696
4005888
4022272
4022272
4022272
4038656
868352
868352
884736
884736
884736
901120
901120
901120
917504
917504
917504
950272
950272
950272
974848
974848
983040
999424
999424
999424
1015808
1015808
1032192
1048576
1048576
1048576
1064960
1073152
1081344
1097728
1097728
1097728
1114112
1130496
1130496
1146880
1146880
1146880
1171456
1171456
1171456
1187840
1196032
1204224
1236992
1236992
1245184
1261568
1261568
1261568
1286144
1286144
1286144
1302528
1310720
1327104
1359872
1359872
1359872
1376256
1376256
1384448
1400832
1409024
1409024
1433600
1458176
1458176
1474560
1482752
1490944
1507328
1515520
1515520
1531904
1531904
1540096
1564672
1572864
1572864
1589248
1589248
1597440
1622016
1646592
1654784
1671168
1679360
1687552
1720320
1728512
1728512
1753088
1753088
1761280
1777664
1777664
1777664
1810432
1818624
1826816
1843200
1843200
1843200
1867776
1875968
1884160
1900544
1900544
1900544
1941504
1949696
1966080
1990656
1990656
1998848
2015232
2031616
2031616
2048000
2048000
2064384
2088960
2088960
2097152
2113536
2121728
2129920
2154496
2154496
2162688
2179072
2195456
2203648
2220032
2228224
2228224
2244608
2252800
2269184
2293760
2301952
2301952
2342912
2342912
2351104
2367488
2367488
2375680
2392064
2400256
2400256
2416640
2416640
2441216
2457600
2473984
2473984
2498560
2498560
2498560
2531328
2531328
2531328
2547712
2564096
2564096
2596864
2605056
2629632
2654208
2654208
2662400
2678784
2678784
2678784
2711552
2711552
2719744
2736128
2736128
2744320
2777088
2777088
2793472
2809856
2809856
2826240
2850816
2859008
2859008
2883584
2883584
2883584
2899968
2924544
2932736
2949120
2965504
2973696
2998272
2998272
2998272
3014656
3022848
3022848
3047424
3055616
3055616
3088384
3104768
3104768
3137536
3137536
3137536
3153920
3153920
3162112
3178496
3178496
3186688
3211264
3219456
3227648
3260416
3260416
3260416
3293184
3301376
3301376
3325952
3334144
3342336
3366912
3375104
3383296
3399680
3399680
3407872
3424256
3432448
3432448
3457024
3465216
3465216
3489792
3489792
3489792
3514368
3514368
3530752
3555328
3579904
3596288
3629056
3645440
3653632
3670016
3670016
3670016
3686400
3694592
3702784
3719168
3727360
3735552
3760128
3760128
3768320
3784704
3784704
3784704
3801088
3817472
3825664
3850240
3866624
3874816
3891200
3899392
3915776
3932160
3932160
3932160
3964928
3964928
3973120
3997696
4005888
4005888
4030464
4030464
4030464
4046848
884736
892928
917504
917504
917504
933888
933888
933888
950272
950272
950272
983040
983040
983040
1007616
1007616
1015808
1032192
1032192
1032192
1048576
1048576
1064960
1081344
1081344
1081344
1097728
1105920
1114112
1130496
1130496
1130496
1146880
1163264
1163264
1179648
1179648
1179648
1204224
1204224
1204224
1220608
1228800
1228800
1261568
1261568
1269760
1286144
1286144
1294336
1310720
1310720
1310720
1327104
1327104
1343488
1376256
1376256
1376256
1392640
1392640
1400832
1417216
1425408
1425408
1449984
1466368
1474560
1490944
1499136
1507328
1523712
1531904
1531904
1548288
1548288
1556480
1589248
1589248
1589248
1605632
1605632
1605632
1630208
1654784
1662976
1679360
1687552
1703936
1720320
1736704
1736704
1761280
1761280
1769472
1785856
1785856
1785856
1818624
1826816
1835008
1851392
1851392
1851392
1875968
1892352
1892352
1908736
1908736
1908736
1941504
1957888
1966080
1998848
1998848
2007040
2031616
2039808
2039808
2056192
2056192
2072576
2097152
2097152
2097152
2121728
2129920
2146304
2162688
2170880
2170880
2187264
2203648
2211840
2228224
2228224
2236416
2252800
2260992
2277376
2301952
2310144
2318336
2351104
2359296
2359296
2375680
2375680
2383872
2400256
2408448
2408448
2424832
2424832
2449408
2482176
2482176
2482176
2498560
2506752
2506752
2539520
2539520
2539520
2555904
2572288
2572288
2605056
2621440
2637824
2662400
2662400
2670592
2686976
2686976
2686976
2719744
2719744
2727936
2744320
2744320
2752512
2785280
2793472
2801664
2818048
2818048
2834432
2850816
2867200
2867200
2891776
2891776
2899968
2924544
2924544
2940928
2957312
2973696
2981888
3006464
3006464
3006464
3022848
3022848
3031040
3063808
3072000
3072000
3096576
3112960
3121152
3145728
3145728
3145728
3162112
3162112
3170304
3186688
3194880
3203072
3227648
3235840
3235840
3268608
3268608
3268608
3293184
3309568
3309568
3334144
3342336
3358720
3383296
3391488
3391488
3407872
3407872
3416064
3440640
3440640
3440640
3465216
3473408
3473408
3506176
3506176
3506176
3522560
3522560
3530752
3555328
3571712
3596288
3629056
3645440
3653632
3678208
3678208
3678208
3694592
3702784
3702784
3719168
3727360
3735552
3760128
3768320
3768320
3784704
3792896
3792896
3809280
3817472
3825664
3850240
3866624
3874816
3899392
3899392
3907584
3932160
3932160
3940352
3973120
3973120
3981312
3997696
4005888
4014080
4030464
4030464
4030464
4046848
843776
851968
868352
868352
868352
884736
884736
884736
901120
901120
901120
933888
933888
933888
958464
958464
966656
983040
983040
983040
999424
999424
1015808
1032192
1032192
1032192
1048576
1048576
1064960
1081344
1081344
1081344
1105920
1122304
1122304
1138688
1138688
1138688
1155072
1163264
1163264
1179648
1187840
1196032
1228800
1228800
1236992
1253376
1253376
1253376
1277952
1277952
1277952
1294336
1302528
1310720
1351680
1351680
1351680
1368064
1368064
1376256
1392640
1400832
1400832
1425408
1441792
1449984
1466368
1474560
1482752
1499136
1507328
1507328
1523712
1523712
1531904
1556480
1564672
1564672
1581056
1581056
1589248
1605632
1638400
1646592
1662976
1671168
1687552
1720320
1720320
1720320
1744896
1744896
1744896
1769472
1769472
1769472
1802240
1810432
1818624
1843200
1843200
1843200
1859584
1867776
1875968
1892352
1892352
1892352
1925120
1933312
1957888
1982464
1990656
1998848
2015232
2023424
2023424
2039808
2039808
2056192
2072576
2080768
2080768
2105344
2113536
2129920
2154496
2154496
2154496
2170880
2187264
2187264
2211840
2220032
2220032
2236416
2244608
2269184
2293760
2301952
2301952
2334720
2334720
2342912
2359296
2359296
2367488
2383872
2383872
2392064
2416640
2416640
2441216
2457600
2465792
2465792
2490368
2490368
2490368
2514944
2523136
2523136
2539520
2564096
2564096
2596864
2605056
2621440
2646016
2646016
2646016
2670592
2670592
2670592
2703360
2703360
2711552
2736128
2736128
2744320
2768896
2768896
2785280
2801664
2801664
2818048
2834432
2842624
2850816
2883584
2883584
2883584
2899968
2908160
2924544
2940928
2957312
2965504
2981888
2990080
2990080
3014656
3022848
3022848
3039232
3055616
3055616
3080192
3096576
3096576
3129344
3129344
3129344
3145728
3153920
3153920
3178496
3178496
3186688
3211264
3211264
3219456
3252224
3252224
3252224
3284992
3284992
3301376
3325952
3334144
3342336
3366912
3366912
3375104
3391488
3391488
3399680
3416064
3424256
3424256
3457024
3465216
3465216
3481600
3489792
3489792
3506176
3514368
3522560
3547136
3563520
3588096
3620864
3645440
3645440
3670016
3670016
3670016
3686400
3686400
3686400
3710976
3719168
3727360
3751936
3760128
3768320
3784704
3784704
3784704
3801088
3809280
3817472
3842048
3858432
3866624
3883008
3891200
3907584
3932160
3932160
3932160
3956736
3964928
3973120
3989504
3997696
3997696
4014080
4022272
4022272
4014080
884736
884736
884736
884736
901120
901120
901120
917504
917504
917504
942080
950272
950272
974848
974848
974848
999424
999424
999424
1015808
1015808
1024000
1048576
1048576
1048576
1064960
1064960
1081344
1097728
1097728
1097728
1122304
1130496
1138688
1155072
1155072
1155072
1171456
1179648
1179648
1196032
1204224
1212416
1228800
1253376
1253376
1277952
1277952
1277952
1302528
1302528
1302528
1318912
1318912
1327104
1368064
1376256
1376256
1392640
1392640
1400832
1417216
1425408
1425408
1441792
1449984
1466368
1490944
1490944
1507328
1523712
1523712
1531904
1548288
1548288
1548288
1572864
1589248
1589248
1605632
1605632
1605632
1630208
1654784
1654784
1679360
1679360
1695744
1728512
1728512
1736704
1753088
1761280
1761280
1785856
1785856
1785856
1810432
1818624
1835008
1859584
1859584
1859584
1875968
1884160
1892352
1908736
1908736
1908736
1933312
1949696
1966080
1982464
2007040
2007040
2031616
2039808
2039808
2056192
2056192
2064384
2088960
2097152
2105344
2121728
2129920
2146304
2170880
2170880
2170880
2187264
2195456
2203648
2228224
2228224
2228224
2252800
2252800
2269184
2310144
2310144
2318336
2334720
2351104
2359296
2375680
2375680
2383872
2400256
2408448
2408448
2433024
2433024
2441216
2473984
2482176
2482176
2498560
2498560
2506752
2531328
2539520
2539520
2555904
2564096
2580480
2605056
2621440
2637824
2654208
2662400
2662400
2686976
2686976
2686976
2703360
2719744
2736128
2752512
2752512
2752512
2777088
2785280
2793472
2818048
2818048
2818048
2859008
2867200
2867200
2899968
2899968
2899968
2916352
2924544
2940928
2957312
2957312
2981888
2998272
3006464
3006464
3022848
3031040
3031040
3063808
3063808
3072000
3088384
3112960
3112960
3145728
3145728
3145728
3162112
3170304
3178496
3194880
3194880
3194880
3227648
3227648
3235840
3268608
3268608
3268608
3284992
3293184
3317760
3334144
3342336
3350528
3383296
3391488
3391488
3407872
3407872
3416064
3432448
3440640
3440640
3465216
3473408
3481600
3506176
3506176
3506176
3522560
3522560
3522560
3547136
3571712
3579904
3620864
3645440
3653632
3678208
3678208
3678208
3694592
3694592
3702784
3719168
3719168
3727360
3760128
3760128
3776512
3792896
3792896
3792896
3809280
3817472
3817472
3842048
3858432
3874816
3891200
3899392
3915776
3940352
3940352
3940352
3964928
3973120
3973120
3997696
4005888
4005888
4030464
4030464
4030464
4055040
868352
892928
909312
909312
909312
925696
925696
925696
942080
942080
942080
974848
974848
974848
999424
999424
1007616
1024000
1024000
1024000
1040384
1040384
1056768
1073152
1073152
1073152
1089536
1089536
1105920
1122304
1122304
1122304
1138688
1155072
1155072
1171456
1171456
1171456
1187840
1196032
1196032
1212416
1220608
1228800
1261568
1261568
1269760
1286144
1286144
1286144
1310720
1310720
1310720
1327104
1335296
1343488
1376256
1376256
1376256
1392640
1392640
1400832
1417216
1425408
1425408
1449984
1458176
1466368
1482752
1490944
1499136
1515520
1523712
1523712
1540096
1548288
1556480
1581056
1589248
1589248
1605632
1605632
1605632
1630208
1654784
1662976
1679360
1687552
1703936
1728512
1736704
1736704
1761280
1761280
1761280
1785856
1785856
1785856
1818624
1826816
1835008
1859584
1859584
1859584
1875968
1884160
1892352
1908736
1908736
1908736
1941504
1957888
1966080
1998848
2007040
2015232
2031616
2039808
2039808
2056192
2056192
2072576
2088960
2097152
2105344
2121728
2129920
2146304
2170880
2170880
2170880
2187264
2203648
2203648
2228224
2228224
2236416
2252800
2260992
2285568
2310144
2318336
2318336
2351104
2351104
2359296
2375680
2375680
2383872
2400256
2400256
2408448
2433024
2433024
2457600
2473984
2482176
2482176
2498560
2506752
2506752
2531328
2539520
2539520
2555904
2580480
2580480
2613248
2621440
2637824
2662400
2662400
2662400
2686976
2686976
2686976
2719744
2719744
2736128
2752512
2752512
2752512
2785280
2785280
2801664
2818048
2818048
2834432
2859008
2859008
2867200
2899968
2899968
2899968
2916352
2924544
2940928
2957312
2973696
2981888
2998272
3006464
3006464
3031040
3031040
3039232
3063808
3072000
3072000
3096576
3112960
3112960
3145728
3145728
3145728
3162112
3170304
3170304
3194880
3194880
3203072
3227648
3227648
3235840
3268608
3268608
3268608
3293184
3301376
3317760
3342336
3350528
3358720
3383296
3391488
3391488
3407872
3407872
3416064
3432448
3440640
3440640
3473408
3481600
3481600
3497984
3506176
3506176
3522560
3522560
3522560
3555328
3579904
3596288
3629056
3653632
3653632
3678208
3678208
3678208
3694592
3694592
3702784
3719168
3727360
3735552
3760128
3768320
3776512
3792896
3792896
3792896
3809280
3809280
3825664
3850240
3866624
3874816
3891200
3899392
3915776
3940352
3940352
3940352
3964928
3973120
3981312
3997696
4005888
4005888
4030464
4030464
4030464
4055040
860160
884736
901120
901120
901120
917504
917504
917504
933888
933888
933888
966656
966656
966656
991232
991232
999424
1015808
1015808
1015808
1032192
1032192
1048576
1064960
1064960
1064960
1081344
1081344
1097728
1114112
1114112
1114112
1130496
1146880
1146880
1163264
1163264
1163264
1179648
1187840
1187840
1204224
1212416
1212416
1245184
1245184
1253376
1269760
1269760
1269760
1294336
1294336
1294336
1310720
1318912
1335296
1368064
1368064
1368064
1384448
1384448
1392640
1409024
1417216
1417216
1441792
1449984
1458176
1474560
1482752
1490944
1507328
1515520
1515520
1531904
1540096
1548288
1572864
1581056
1581056
1597440
1597440
1597440
1622016
1646592
1654784
1671168
1679360
1695744
1728512
1728512
1728512
1753088
1753088
1753088
1777664
1777664
1777664
1810432
1818624
1826816
1851392
1851392
1851392
1867776
1875968
1884160
1900544
1900544
1900544
1933312
1941504
1957888
1982464
1990656
1998848
2015232
2023424
2023424
2039808
2039808
2056192
2072576
2080768
2088960
2105344
2113536
2129920
2154496
2154496
2154496
2170880
2187264
2187264
2211840
2220032
2220032
2236416
2244608
2269184
2293760
2301952
2301952
2334720
2334720
2342912
2359296
2359296
2367488
2383872
2392064
2392064
2416640
2416640
2441216
2457600
2465792
2465792
2490368
2490368
2490368
2514944
2523136
2523136
2539520
2564096
2564096
2596864
2605056
2621440
2646016
2646016
2646016
2670592
2670592
2670592
2703360
2703360
2719744
2736128
2736128
2744320
2768896
2768896
2785280
2801664
2801664
2818048
2842624
2850816
2850816
2883584
2883584
2883584
2899968
2916352
2924544
2940928
2957312
2965504
2981888
2990080
2990080
3014656
3022848
3022848
3047424
3055616
3055616
3080192
3096576
3096576
3129344
3129344
3129344
3145728
3153920
3162112
3178496
3178496
3186688
3211264
3211264
3219456
3252224
3252224
3252224
3284992
3284992
3301376
3325952
3334144
3342336
3366912
3375104
3375104
3391488
3391488
3399680
3416064
3424256
3424256
3457024
3465216
3465216
3489792
3489792
3489792
3506176
3506176
3514368
3538944
3563520
3579904
3612672
3637248
3637248
3661824
3661824
3661824
3678208
3678208
3686400
3702784
3710976
3719168
3743744
3751936
3760128
3776512
3776512
3776512
3792896
3809280
3809280
3833856
3850240
3858432
3874816
3883008
3907584
3923968
3923968
3923968
3948544
3956736
3964928
3981312
3989504
3989504
4014080
4014080
4014080
4038656
901120
901120
909312
909312
925696
925696
925696
942080
942080
942080
966656
974848
974848
999424
999424
999424
1024000
1024000
1024000
1040384
1040384
1040384
1073152
1073152
1073152
1089536
1089536
1105920
1122304
1122304
1122304
1138688
1138688
1155072
1171456
1171456
1171456
1187840
1196032
1196032
1212416
1220608
1228800
1245184
1261568
1261568
1286144
1286144
1286144
1310720
1310720
1310720
1327104
1327104
1335296
1376256
1384448
1384448
1400832
1400832
1400832
1425408
1433600
1433600
1449984
1458176
1482752
1499136
1499136
1515520
1531904
1531904
1540096
1556480
1556480
1556480
1581056
1597440
1597440
1613824
1613824
1613824
1630208
1654784
1654784
1679360
1679360
1687552
1712128
1728512
1728512
1744896
1753088
1753088
1777664
1777664
1777664
1802240
1810432
1818624
1851392
1851392
1851392
1867776
1867776
1884160
1900544
1900544
1900544
1925120
1941504
1957888
1982464
1998848
1998848
2023424
2023424
2031616
2048000
2048000
2056192
2080768
2088960
2088960
2113536
2121728
2138112
2154496
2162688
2162688
2179072
2187264
2195456
2220032
2220032
2228224
2244608
2244608
2260992
2301952
2301952
2310144
2326528
2342912
2342912
2367488
2367488
2375680
2392064
2392064
2400256
2424832
2424832
2433024
2465792
2465792
2473984
2490368
2498560
2498560
2514944
2531328
2531328
2547712
2555904
2572288
2588672
2613248
2621440
2646016
2654208
2654208
2670592
2678784
2678784
2695168
2711552
2719744
2744320
2744320
2744320
2777088
2777088
2777088
2809856
2809856
2809856
2842624
2850816
2859008
2891776
2891776
2891776
2908160
2908160
2932736
2949120
2949120
2973696
2990080
2998272
2998272
3014656
3022848
3031040
3047424
3055616
3063808
3080192
3104768
3104768
3129344
3137536
3137536
3153920
3162112
3162112
3186688
3186688
3186688
3219456
3219456
3219456
3260416
3260416
3260416
3276800
3293184
3309568
3325952
3334144
3342336
3366912
3375104
3383296
3399680
3399680
3407872
3424256
3432448
3432448
3457024
3465216
3473408
3489792
3497984
3497984
3514368
3514368
3514368
3538944
3555328
3571712
3612672
3637248
3645440
3670016
3670016
3670016
3686400
3686400
3686400
3710976
3710976
3719168
3751936
3751936
3768320
3784704
3784704
3784704
3801088
3801088
3817472
3833856
3850240
3866624
3883008
3883008
3907584
3932160
3932160
3932160
3948544
3964928
3964928
3989504
3997696
3997696
4014080
4022272
4022272
4046848
868352
892928
909312
909312
909312
925696
925696
925696
942080
942080
942080
974848
974848
974848
999424
999424
1007616
1024000
1024000
1024000
1040384
1040384
1056768
1073152
1073152
1073152
1089536
1097728
1105920
1122304
1122304
1122304
1138688
1155072
1155072
1171456
1171456
1171456
1196032
1196032
1196032
1212416
1220608
1220608
1253376
1253376
1261568
1277952
1277952
1277952
1302528
1302528
1302528
1318912
1327104
1343488
1368064
1368064
1368064
1384448
1384448
1392640
1409024
1417216
1417216
1441792
1458176
1458176
1474560
1482752
1490944
1507328
1515520
1515520
1531904
1540096
1548288
1572864
1581056
1581056
1597440
1597440
1597440
1622016
1646592
1654784
1671168
1679360
1695744
1728512
1728512
1728512
1753088
1753088
1761280
1777664
1777664
1777664
1810432
1818624
1826816
1851392
1851392
1851392
1867776
1884160
1884160
1900544
1900544
1900544
1941504
1949696
1966080
1990656
1998848
2007040
2023424
2031616
2031616
2048000
2048000
2064384
2088960
2088960
2097152
2113536
2121728
2138112
2162688
2162688
2162688
2179072
2195456
2203648
2220032
2228224
2228224
2244608
2252800
2277376
2301952
2310144
2310144
2342912
2342912
2351104
2367488
2367488
2375680
2392064
2400256
2400256
2424832
2424832
2449408
2465792
2473984
2473984
2498560
2498560
2498560
2531328
2531328
2531328
2547712
2572288
2572288
2605056
2613248
2629632
2654208
2654208
2654208
2678784
2678784
2678784
2711552
2711552
2727936
2744320
2744320
2752512
2777088
2777088
2793472
2809856
2809856
2826240
2850816
2859008
2859008
2891776
2891776
2891776
2908160
2924544
2932736
2949120
2965504
2973696
2990080
2998272
2998272
3022848
3031040
3031040
3055616
3063808
3063808
3088384
3104768
3104768
3137536
3137536
3137536
3153920
3162112
3170304
3186688
3186688
3194880
3219456
3219456
3227648
3260416
3260416
3260416
3293184
3301376
3309568
3334144
3342336
3350528
3375104
3383296
3383296
3399680
3399680
3407872
3432448
3432448
3432448
3465216
3473408
3473408
3497984
3497984
3497984
3514368
3514368
3530752
3547136
3571712
3588096
3620864
3645440
3653632
3670016
3670016
3670016
3686400
3694592
3694592
3710976
3719168
3727360
3751936
3768320
3768320
3784704
3784704
3784704
3809280
3817472
3817472
3842048
3858432
3866624
3891200
3891200
3915776
3932160
3932160
3940352
3964928
3964928
3973120
3989504
3997696
4005888
4022272
4022272
4022272
4046848
909312
909312
909312
909312
925696
925696
925696
942080
942080
942080
966656
974848
974848
999424
999424
999424
1024000
1024000
1024000
1040384
1040384
1048576
1073152
1081344
1081344
1097728
1097728
1114112
1130496
1130496
1130496
1146880
1146880
1163264
1179648
1179648
1179648
1196032
1204224
1204224
1220608
1228800
1228800
1245184
1261568
1261568
1286144
1286144
1286144
1310720
1310720
1310720
1327104
1327104
1335296
1376256
1384448
1384448
1400832
1400832
1409024
1425408
1433600
1433600
1449984
1458176
1474560
1490944
1490944
1507328
1523712
1531904
1531904
1548288
1548288
1548288
1572864
1589248
1589248
1605632
1605632
1605632
1622016
1646592
1646592
1671168
1671168
1687552
1720320
1720320
1720320
1736704
1744896
1744896
1769472
1769472
1769472
1794048
1802240
1818624
1843200
1843200
1843200
1859584
1859584
1875968
1892352
1892352
1892352
1916928
1925120
1941504
1957888
1982464
1982464
2007040
2015232
2015232
2031616
2031616
2039808
2064384
2072576
2072576
2097152
2105344
2121728
2146304
2146304
2146304
2162688
2170880
2179072
2203648
2203648
2203648
2228224
2228224
2244608
2285568
2285568
2293760
2310144
2326528
2334720
2351104
2351104
2359296
2375680
2375680
2383872
2408448
2408448
2416640
2449408
2457600
2457600
2473984
2473984
2482176
2506752
2514944
2514944
2531328
2539520
2555904
2580480
2596864
2605056
2629632
2637824
2637824
2662400
2662400
2662400
2678784
2695168
2711552
2727936
2727936
2727936
2752512
2760704
2768896
2793472
2793472
2793472
2826240
2842624
2842624
2875392
2875392
2875392
2891776
2899968
2916352
2932736
2932736
2957312
2981888
2981888
2981888
2998272
3006464
3006464
3039232
3039232
3047424
3063808
3088384
3096576
3121152
3121152
3121152
3137536
3145728
3153920
3170304
3170304
3170304
3203072
3211264
3211264
3235840
3244032
3244032
3260416
3276800
3293184
3309568
3317760
3325952
3358720
3366912
3366912
3383296
3383296
3391488
3416064
3416064
3416064
3440640
3448832
3457024
3481600
3481600
3481600
3497984
3497984
3506176
3522560
3538944
3555328
3596288
3620864
3637248
3653632
3653632
3653632
3670016
3678208
3678208
3694592
3694592
3702784
3735552
3743744
3751936
3768320
3768320
3768320
3784704
3792896
3792896
3817472
3833856
3850240
3874816
3874816
3891200
3915776
3915776
3915776
3940352
3948544
3948544
3973120
3981312
3989504
4005888
4005888
4005888
4030464
851968
860160
876544
876544
876544
892928
892928
892928
909312
909312
909312
942080
942080
942080
966656
966656
974848
991232
991232
991232
1007616
1007616
1024000
1040384
1040384
1040384
1056768
1056768
1073152
1089536
1089536
1089536
1105920
1122304
1122304
1138688
1138688
1138688
1155072
1163264
1163264
1179648
1187840
1196032
1228800
1228800
1236992
1253376
1253376
1253376
1277952
1277952
1277952
1294336
1302528
1318912
1351680
1351680
1351680
1368064
1368064
1376256
1392640
1400832
1400832
1425408
1441792
1449984
1466368
1474560
1482752
1499136
1507328
1507328
1523712
1531904
1540096
1564672
1572864
1572864
1589248
1589248
1597440
1622016
1646592
1654784
1671168
1679360
1695744
1728512
1728512
1728512
1753088
1753088
1753088
1777664
1777664
1777664
1810432
1818624
1826816
1851392
1851392
1851392
1867776
1875968
1884160
1900544
1900544
1900544
1933312
1949696
1966080
1990656
1998848
2007040
2023424
2031616
2031616
2048000
2048000
2064384
2080768
2088960
2097152
2113536
2121728
2138112
2162688
2162688
2162688
2179072
2195456
2195456
2220032
2228224
2228224
2244608
2252800
2277376
2301952
2310144
2310144
2342912
2342912
2351104
2367488
2367488
2375680
2392064
2400256
2400256
2424832
2424832
2449408
2465792
2473984
2473984
2498560
2498560
2498560
2531328
2531328
2531328
2547712
2572288
2572288
2605056
2613248
2629632
2654208
2654208
2654208
2678784
2678784
2678784
2711552
2711552
2727936
2744320
2744320
2752512
2777088
2777088
2793472
2809856
2809856
2826240
2850816
2859008
2859008
2891776
2891776
2891776
2908160
2916352
2932736
2949120
2965504
2973696
2998272
2998272
2998272
3022848
3031040
3031040
3055616
3063808
3063808
3088384
3104768
3104768
3137536
3137536
3137536
3153920
3162112
3170304
3186688
3186688
3194880
3219456
3219456
3227648
3260416
3260416
3260416
3293184
3301376
3309568
3334144
3342336
3350528
3375104
3383296
3383296
3399680
3399680
3407872
3432448
3432448
3432448
3465216
3473408
3473408
3497984
3497984
3497984
3514368
3514368
3530752
3547136
3571712
3588096
3620864
3645440
3653632
3670016
3670016
3670016
3686400
3686400
3694592
3710976
3719168
3727360
3751936
3768320
3768320
3784704
3784704
3784704
3801088
3817472
3817472
3842048
3858432
3866624
3891200
3891200
3907584
3932160
3932160
3932160
3964928
3964928
3973120
3989504
3997696
3997696
4022272
4022272
4022272
4046848
892928
917504
917504
917504
933888
933888
933888
950272
950272
950272
974848
983040
983040
1007616
1007616
1007616
1032192
1032192
1032192
1048576
1048576
1048576
1081344
1081344
1081344
1097728
1097728
1114112
1130496
1130496
1130496
1146880
1146880
1163264
1179648
1179648
1179648
1196032
1204224
1204224
1220608
1228800
1236992
1253376
1269760
1269760
1294336
1294336
1294336
1310720
1318912
1318912
1335296
1335296
1343488
1384448
1392640
1392640
1409024
1409024
1409024
1433600
1433600
1433600
1449984
1458176
1474560
1499136
1499136
1515520
1531904
1531904
1540096
1556480
1556480
1556480
1581056
1597440
1597440
1613824
1613824
1613824
1638400
1662976
1662976
1687552
1687552
1695744
1728512
1728512
1736704
1753088
1761280
1761280
1785856
1785856
1785856
1810432
1818624
1826816
1851392
1851392
1851392
1867776
1867776
1884160
1900544
1900544
1900544
1925120
1941504
1957888
1974272
1990656
1990656
2015232
2023424
2023424
2039808
2039808
2048000
2072576
2080768
2080768
2097152
2105344
2121728
2138112
2146304
2146304
2162688
2170880
2179072
2203648
2203648
2203648
2228224
2228224
2236416
2285568
2285568
2293760
2310144
2326528
2334720
2351104
2351104
2359296
2375680
2375680
2383872
2408448
2408448
2416640
2449408
2457600
2457600
2473984
2473984
2482176
2498560
2514944
2514944
2531328
2539520
2555904
2580480
2596864
2605056
2629632
2637824
2637824
2662400
2662400
2662400
2678784
2695168
2703360
2727936
2727936
2727936
2752512
2760704
2768896
2793472
2793472
2793472
2826240
2834432
2842624
2875392
2875392
2875392
2891776
2899968
2916352
2932736
2932736
2957312
2973696
2981888
2981888
2998272
3006464
3006464
3031040
3039232
3047424
3063808
3088384
3088384
3121152
3121152
3121152
3137536
3145728
3145728
3170304
3170304
3170304
3203072
3203072
3211264
3235840
3244032
3244032
3260416
3268608
3293184
3309568
3317760
3325952
3350528
3366912
3366912
3383296
3383296
3391488
3407872
3416064
3416064
3440640
3448832
3457024
3473408
3481600
3481600
3497984
3497984
3497984
3522560
3538944
3555328
3596288
3620864
3629056
3653632
3653632
3653632
3670016
3670016
3678208
3694592
3694592
3702784
3735552
3735552
3751936
3768320
3768320
3768320
3784704
3784704
3792896
3817472
3833856
3850240
3866624
3874816
3891200
3915776
3915776
3915776
3932160
3948544
3948544
3973120
3981312
3981312
4005888
4005888
4005888
4030464
876544
876544
892928
892928
892928
909312
909312
909312
925696
925696
925696
958464
958464
958464
983040
983040
991232
1007616
1007616
1007616
1024000
1024000
1040384
1056768
1056768
1056768
1073152
1081344
1089536
1105920
1105920
1105920
1122304
1138688
1138688
1155072
1155072
1155072
1179648
1179648
1179648
1196032
1204224
1212416
1245184
1245184
1253376
1269760
1269760
1277952
1294336
1294336
1294336
1310720
1318912
1335296
1368064
1368064
1368064
1384448
1384448
1392640
1409024
1417216
1417216
1441792
1458176
1466368
1482752
1490944
1499136
1515520
1523712
1523712
1540096
1548288
1556480
1589248
1589248
1589248
1605632
1605632
1605632
1630208
1654784
1662976
1679360
1687552
1703936
1728512
1736704
1736704
1761280
1761280
1769472
1785856
1785856
1785856
1818624
1826816
1835008
1859584
1859584
1859584
1875968
1892352
1892352
1908736
1908736
1908736
1941504
1957888
1966080
1998848
2007040
2015232
2039808
2039808
2039808
2056192
2056192
2072576
2097152
2097152
2105344
2121728
2129920
2146304
2170880
2170880
2170880
2187264
2203648
2211840
2228224
2228224
2236416
2252800
2260992
2285568
2310144
2318336
2318336
2351104
2359296
2359296
2375680
2375680
2383872
2400256
2408448
2408448
2433024
2433024
2457600
2482176
2482176
2482176
2498560
2506752
2506752
2539520
2539520
2539520
2555904
2580480
2580480
2613248
2621440
2637824
2662400
2662400
2670592
2686976
2686976
2686976
2719744
2719744
2736128
2752512
2752512
2752512
2785280
2793472
2801664
2818048
2818048
2834432
2859008
2867200
2867200
2899968
2899968
2899968
2924544
2924544
2940928
2957312
2973696
2981888
3006464
3006464
3006464
3031040
3031040
3039232
3063808
3072000
3072000
3096576
3112960
3121152
3145728
3145728
3145728
3162112
3170304
3178496
3194880
3194880
3203072
3227648
3235840
3235840
3268608
3268608
3268608
3293184
3309568
3317760
3342336
3350528
3358720
3383296
3391488
3391488
3407872
3407872
3416064
3440640
3440640
3440640
3473408
3481600
3481600
3506176
3506176
3506176
3522560
3522560
3530752
3555328
3579904
3596288
3629056
3653632
3661824
3678208
3678208
3678208
3694592
3702784
3702784
3719168
3727360
3735552
3760128
3776512
3776512
3792896
3792896
3792896
3817472
3817472
3825664
3850240
3866624
3874816
3899392
3899392
3915776
3940352
3940352
3940352
3973120
3973120
3981312
3997696
4005888
4014080
4030464
4030464
4030464
4055040
860160
884736
901120
901120
901120
917504
917504
917504
933888
933888
933888
966656
966656
966656
991232
991232
999424
1015808
1015808
1015808
1032192
1032192
1048576
1064960
1064960
1064960
1081344
1089536
1097728
1114112
1114112
1114112
1130496
1146880
1146880
1163264
1163264
1163264
1187840
1187840
1187840
1204224
1212416
1212416
1245184
1245184
1253376
1269760
1269760
1277952
1294336
1294336
1294336
1310720
1318912
1335296
1368064
1368064
1368064
1384448
1384448
1392640
1409024
1417216
1417216
1441792
1458176
1458176
1474560
1482752
1490944
1507328
1515520
1515520
1531904
1540096
1548288
1581056
1581056
1581056
1597440
1597440
1597440
1622016
1646592
1654784
1671168
1679360
1703936
1728512
1728512
1728512
1753088
1753088
1761280
1777664
1777664
1777664
1810432
1818624
1826816
1851392
1851392
1851392
1867776
1884160
1884160
1900544
1900544
1900544
1933312
1949696
1966080
1990656
1998848
2007040
2031616
2031616
2031616
2048000
2048000
2064384
2088960
2088960
2097152
2113536
2121728
2138112
2162688
2162688
2162688
2179072
2195456
2203648
2220032
2228224
2228224
2244608
2252800
2277376
2301952
2310144
2310144
2342912
2351104
2351104
2367488
2367488
2375680
2392064
2400256
2400256
2424832
2424832
2449408
2473984
2473984
2473984
2498560
2498560
2498560
2531328
2531328
2531328
2547712
2572288
2580480
2605056
2613248
2629632
2654208
2654208
2662400
2678784
2678784
2678784
2711552
2711552
2727936
2744320
2744320
2752512
2777088
2785280
2793472
2809856
2809856
2826240
2850816
2859008
2859008
2891776
2891776
2891776
2916352
2916352
2932736
2949120
2965504
2973696
2998272
2998272
2998272
3022848
3031040
3031040
3055616
3063808
3063808
3088384
3104768
3112960
3137536
3137536
3137536
3153920
3162112
3170304
3186688
3186688
3194880
3219456
3227648
3227648
3260416
3260416
3260416
3293184
3301376
3309568
3334144
3342336
3350528
3383296
3383296
3383296
3399680
3399680
3407872
3432448
3432448
3432448
3465216
3473408
3473408
3497984
3497984
3497984
3514368
3514368
3530752
3547136
3571712
3588096
3620864
3645440
3653632
3670016
3670016
3670016
3686400
3694592
3694592
3710976
3719168
3727360
3751936
3768320
3768320
3784704
3784704
3784704
3801088
3817472
3817472
3842048
3858432
3866624
3891200
3891200
3907584
3932160
3932160
3932160
3964928
3964928
3973120
3989504
3997696
4005888
4022272
4022272
4022272
3694592
868352
909312
909312
909312
925696
925696
925696
942080
942080
942080
966656
974848
974848
999424
999424
999424
1024000
1024000
1024000
1040384
1040384
1040384
1073152
1073152
1073152
1089536
1089536
1105920
1122304
1122304
1122304
1138688
1138688
1155072
1171456
1171456
1171456
1187840
1196032
1196032
1212416
1220608
1228800
1245184
1269760
1269760
1294336
1294336
1294336
1318912
1318912
1318912
1335296
1335296
1343488
1384448
1392640
1392640
1409024
1409024
1409024
1433600
1433600
1433600
1449984
1458176
1474560
1499136
1499136
1515520
1531904
1531904
1540096
1556480
1556480
1556480
1581056
1597440
1597440
1613824
1613824
1613824
1630208
1654784
1654784
1679360
1679360
1687552
1712128
1720320
1728512
1744896
1753088
1753088
1777664
1777664
1777664
1802240
1810432
1818624
1851392
1851392
1851392
1867776
1867776
1884160
1900544
1900544
1900544
1925120
1941504
1957888
1974272
1998848
1998848
2023424
2031616
2031616
2048000
2048000
2056192
2080768
2088960
2088960
2105344
2113536
2129920
2146304
2154496
2154496
2170880
2179072
2187264
2211840
2211840
2211840
2236416
2236416
2244608
2293760
2293760
2301952
2318336
2334720
2342912
2359296
2359296
2367488
2383872
2383872
2392064
2416640
2416640
2424832
2457600
2457600
2465792
2482176
2482176
2490368
2506752
2523136
2523136
2539520
2547712
2564096
2580480
2605056
2613248
2637824
2646016
2646016
2670592
2670592
2670592
2686976
2703360
2711552
2736128
2736128
2736128
2760704
2768896
2777088
2801664
2801664
2801664
2834432
2842624
2850816
2883584
2883584
2883584
2899968
2899968
2924544
2940928
2940928
2965504
2981888
2990080
2990080
3006464
3014656
3014656
3039232
3047424
3055616
3072000
3096576
3096576
3129344
3129344
3129344
3145728
3153920
3153920
3178496
3178496
3178496
3211264
3211264
3219456
3244032
3252224
3252224
3268608
3276800
3301376
3317760
3325952
3334144
3358720
3366912
3375104
3391488
3391488
3399680
3416064
3424256
3424256
3448832
3457024
3465216
3481600
3489792
3489792
3506176
3506176
3506176
3530752
3547136
3563520
3604480
3629056
3637248
3661824
3661824
3661824
3678208
3678208
3678208
3702784
3702784
3710976
3743744
3743744
3760128
3776512
3776512
3776512
3792896
3792896
3801088
3825664
3842048
3858432
3874816
3883008
3899392
3923968
3923968
3923968
3940352
3956736
3956736
3981312
3989504
3989504
4014080
4014080
4014080
4038656
868352
868352
884736
884736
884736
901120
901120
901120
917504
917504
917504
950272
950272
950272
974848
974848
983040
999424
999424
999424
1015808
1015808
1032192
1048576
1048576
1048576
1064960
1073152
1081344
1097728
1097728
1097728
1114112
1130496
1130496
1146880
1146880
1146880
1163264
1171456
1171456
1187840
1196032
1204224
1236992
1236992
1245184
1261568
1261568
1261568
1286144
1286144
1286144
1302528
1310720
1327104
1359872
1359872
1359872
1376256
1376256
1384448
1400832
1409024
1409024
1433600
1449984
1458176
1474560
1482752
1490944
1507328
1515520
1515520
1531904
1540096
1548288
1572864
1581056
1581056
1597440
1597440
1605632
1630208
1654784
1662976
1679360
1687552
1703936
1728512
1736704
1736704
1761280
1761280
1769472
1785856
1785856
1785856
1818624
1826816
1835008
1859584
1859584
1859584
1875968
1892352
1892352
1908736
1908736
1908736
1941504
1957888
1966080
1998848
2007040
2015232
2031616
2039808
2039808
2056192
2056192
2072576
2097152
2097152
2105344
2121728
2129920
2146304
2170880
2170880
2170880
2187264
2203648
2211840
2228224
2228224
2236416
2252800
2260992
2285568
2310144
2318336
2318336
2351104
2351104
2359296
2375680
2375680
2383872
2400256
2408448
2408448
2433024
2433024
2457600
2473984
2482176
2482176
2498560
2506752
2506752
2539520
2539520
2539520
2555904
2580480
2580480
2613248
2621440
2637824
2662400
2662400
2670592
2686976
2686976
2686976
2719744
2719744
2736128
2752512
2752512
2752512
2785280
2793472
2801664
2818048
2818048
2834432
2859008
2867200
2867200
2899968
2899968
2899968
2924544
2924544
2940928
2957312
2973696
2981888
3006464
3006464
3006464
3031040
3031040
3039232
3063808
3072000
3072000
3096576
3112960
3121152
3145728
3145728
3145728
3162112
3170304
3178496
3194880
3194880
3203072
3227648
3235840
3235840
3268608
3268608
3268608
3293184
3309568
3317760
3342336
3350528
3358720
3383296
3391488
3391488
3407872
3407872
3416064
3440640
3440640
3440640
3473408
3481600
3481600
3506176
3506176
3506176
3522560
3522560
3530752
3555328
3579904
3596288
3629056
3653632
3661824
3678208
3678208
3678208
3694592
3694592
3702784
3719168
3727360
3735552
3760128
3776512
3776512
3792896
3792896
3792896
3809280
3817472
3825664
3850240
3866624
3874816
3899392
3899392
3915776
3940352
3940352
3940352
3973120
3973120
3981312
3997696
4005888
4014080
4030464
4030464
4030464
4055040
876544
892928
909312
909312
909312
925696
