1699578
1770464
139511
155613
161336
126340
158718
151136
152695
152086
144203
152856
157011
133662
158492
149563
168330
152987
161448
137158
160210
127448
157516
152966
158112
151396
161900
149620
160773
130809
155506
114206
160478
130596
161122
129507
138198
149136
138016
151951
163673
149576
161634
155898
138394
149970
152865
152185
160931
150225
159594
148819
149056
153696
161201
143020
138453
152014
161302
144718
161130
123000
160333
154882
161096
151973
120857
151002
158445
152738
142448
145416
161136
150749
152717
152361
137500
153052
161417
149404
160604
153108
152928
151712
160938
152221
111044
152041
136423
152149
160315
117142
161915
158140
138266
151827
160171
152131
160817
152890
161415
151975
134557
155857
153607
151936
194083
145189
161109
173730
161439
152423
176887
152065
158915
152307
160958
133418
138189
154147
136895
149687
197830
152375
160880
184734
157646
152385
148406
128916
160919
152433
157946
152291
137041
115967
111697
148854
134590
129333
161072
152392
187860
152490
161032
174150
158221
153478
176832
152612
152681
150653
160380
152141
160460
149611
138125
151974
162193
152344
158669
183561
150490
149715
178905
129956
161654
151706
161065
149582
161867
152257
160863
149283
161512
149639
160173
153503
137417
151761
160585
153065
158639
151529
141293
152840
161716
154889
153603
130616
166159
153028
161421
131588
122751
106048
160697
152664
160694
152808
153485
151833
160587
145470
146966
129551
160892
128802
160603
153139
161393
152388
160617
149400
154563
152354
136054
177975
161123
133256
163760
129350
161149
152032
160154
152182
159276
134888
161499
152083
199850
152032
160883
157638
144042
152728
130899
149999
160603
131847
162586
150232
160785
153925
152485
130248
161246
150945
158641
152738
161536
131760
160836
152872
161404
152453
188267
144023
159082
161473
159731
131589
152519
147781
160419
151723
163362
148478
136660
179469
160659
151681
182859
149896
157647
143439
161530
152159
160643
125095
161059
127378
162747
145424
153580
152377
160960
150259
160892
148351
157984
132687
161528
152240
157715
158548
138281
129242
161377
153019
160960
146239
150950
152909
161368
153449
161487
152863
188698
152263
138625
114375
157627
152268
160856
146620
160641
149569
155607
129763
161236
151851
157971
144957
161135
152125
160882
152236
162167
152270
123408
143323
161665
125480
161272
151236
160579
152666
155473
152685
159195
136032
153782
152270
160816
150095
160922
133699
159383
129596
160982
179269
151308
152442
176969
152285
160936
152665
161511
152031
160942
152360
161278
149532
159404
141304
159071
153105
159847
123078
118070
151918
144358
141403
186349
152883
132601
155587
154036
152093
160428
153211
158666
152789
159311
153135
137732
146336
153717
150610
151368
146218
134771
151398
164281
152364
152517
150662
161707
151882
136002
129737
138110
151821
158943
149028
160629
149829
158156
151961
138331
152455
160366
130486
162043
151824
159450
154032
161845
128409
160571
151671
160503
133373
161595
151755
137442
153180
161464
152128
144281
151617
160876
151705
159284
152108
160598
149322
150127
128669
151339
128966
160978
152806
157728
152005
160552
151928
161068
134112
160470
151685
154827
162099
161432
150099
161136
150225
152358
149752
154211
143919
159282
155146
161261
151942
199965
152379
160528
152489
161555
140851
152795
149375
138028
152031
160844
143423
161201
155786
161705
152518
193800
152807
161699
183279
158535
148638
193695
152129
160639
176438
161317
152695
137156
151676
160922
151868
158311
152344
160868
152402
159013
151484
154159
145126
161220
145884
162030
149600
138992
151838
137277
154616
149823
152726
158314
147602
159972
145147
161148
152474
152596
152128
140687
117266
156817
152487
137892
150439
138229
152234
157438
151548
161902
150724
160738
147176
160904
152389
122765
123313
161111
151781
160502
131995
161657
152053
158566
145365
139395
130540
154616
128678
160771
127707
160796
127708
126137
125476
131784
111966
159909
127624
161024
130292
188812
152291
136939
152238
160482
116953
164188
152160
158705
134180
123212
152433
149711
149630
161064
152195
159281
152082
160587
178468
161335
149311
184503
145266
161177
151948
160788
145462
161337
144291
160327
149597
162280
152168
160295
131625
161007
129655
152794
152149
159418
152265
134776
152655
136959
167949
137982
152900
161174
152000
158061
149003
137936
148978
161566
148900
158104
152563
171232
152980
159492
133241
159952
144358
159257
152874
157760
152698
162439
153136
138295
151994
138424
128904
161108
153247
161465
145806
162692
135278
161045
117157
161604
149538
158725
149886
161480
123474
179125
152990
161097
148224
152018
129937
161341
152205
160626
151940
162891
152217
152378
153239
161412
128464
161055
151589
160665
152094
157887
129660
160567
130727
160774
152509
153864
129868
160149
148989
161257
144042
137203
153374
138167
140322
160590
151530
157379
120271
185107
149944
139169
153826
161449
152174
165597
150273
152833
149416
161313
152465
136829
154570
158457
129743
176577
152095
160800
145799
161598
127695
117017
152001
149953
125223
135634
128448
150460
152480
153167
131312
160923
129508
161502
131594
161231
146715
161225
150693
164205
149674
154146
144831
160898
151881
131088
131775
152665
151683
195170
152477
160630
157853
161769
105498
137602
152557
132652
109884
161057
129295
160455
149130
161612
152090
137234
154923
123543
128750
160454
141763
138186
152390
160483
152738
161569
131095
161160
128873
157730
152747
160797
151820
163388
151670
160903
155564
160838
151934
178108
152486
161014
151915
132447
149226
161200
152736
137621
111569
162491
152099
137265
152241
160766
148517
161797
153126
161170
129885
189692
153015
152890
161524
143027
112152
157884
130329
123688
149366
157342
152321
151886
128904
156818
152425
161897
150600
158503
152123
159481
152235
158190
152665
161049
127657
120153
150048
133300
126657
129739
155654
158790
150107
161674
152819
136031
152251
137370
152840
161458
152467
158335
152631
162030
152430
161359
153390
160644
150585
170433
144030
160235
152844
161434
152034
158398
152593
158027
152515
153470
144075
158351
183024
160809
127612
160185
150165
152818
113879
160936
152504
160682
152965
160753
152885
180839
152268
152572
150585
161270
143879
159220
152366
160613
150417
161547
151457
160686
152664
161404
152545
193697
150530
138172
129603
161021
129335
158993
150288
152710
152154
158945
130926
160885
152389
161099
151962
152487
133289
158815
152126
175877
152347
159804
156361
161363
152689
156255
152250
161012
151971
159561
144314
138115
153137
158985
152165
164133
144177
160938
149470
135296
145382
161147
152371
160793
148899
164716
149635
161112
167520
142606
152466
152751
152188
160048
150429
154222
149931
160741
151306
160607
151791
160113
150505
138436
142282
155469
144874
160818
152461
161860
152394
163742
152344
160916
153421
138218
151970
136507
149238
161412
152301
161751
152761
161486
135290
161570
118571
152626
148401
135338
144270
159181
144838
159228
167028
153752
152357
160194
152160
160902
129890
161465
152080
160719
177880
132726
152550
207817
150581
160386
147615
127899
152466
160850
149932
161336
151926
160817
124385
160624
156031
161294
149624
182879
126023
146924
150749
161194
150587
161345
146472
138139
151914
206551
149169
138562
129471
161264
149356
161156
149390
158780
151640
159930
126228
161262
130937
161249
149771
135120
150807
132550
126123
193108
149844
159120
147177
137409
149218
161427
152454
137398
108595
181829
152084
151939
129014
160551
114677
160549
154662
158001
141744
181272
153142
161776
166972
157759
152072
159477
150425
138277
151840
160836
152870
158947
131566
157936
152788
177000
152429
136922
149237
161382
152437
132861
146132
160612
143972
188000
151524
161034
146413
158685
152750
162063
152421
136683
152933
136154
136536
157471
129434
158324
152905
161049
146501
138240
152285
182141
150105
160874
146377
161025
127799
159106
150873
138152
113876
162682
152159
138228
144111
160983
152911
161288
152757
160907
151914
161794
145326
161093
152919
158959
151974
161086
125060
159094
152435
161605
140805
158084
153042
161003
152138
130874
149663
160827
152814
161086
152139
160702
152008
160840
145522
159192
149167
149031
150989
137518
152571
161304
147476
161414
133761
158725
151835
136546
162618
160253
152139
152885
149251
153800
152315
136603
151081
160460
152660
160487
145331
154324
151972
153320
144929
158575
126722
119467
156395
160384
152238
138588
115776
151743
152341
163814
152209
158977
160590
161113
126005
161015
152173
134059
152515
151294
151751
161064
184108
161506
149345
111431
218727
160998
161298
153821
152116
156269
149529
138194
143510
161489
152133
161471
148538
158537
148908
139488
149124
167253
124367
161514
128116
120461
152175
159592
151957
136702
153159
161419
128695
161574
149823
160750
152557
160654
152508
161641
152061
159396
128239
158940
126795
154039
159973
159210
152554
156934
151913
161283
152387
138859
152096
157831
155524
138275
152309
167092
152924
160995
152876
158097
145471
150306
130273
161102
152182
204719
151852
161618
155668
158540
148636
180283
152525
148279
152640
160200
152264
133744
153458
161181
151965
163435
131683
153578
157132
161450
152324
160884
152185
152990
129329
160563
152283
158119
145456
154394
151987
164993
152644
136317
143949
161014
129633
161433
153092
160890
153753
137111
152174
158223
123652
161724
149937
161169
132748
162585
152605
176797
135336
159018
149833
159303
128889
162513
150398
161596
128578
141606
152738
137431
152307
152861
145559
123026
182012
161202
152280
136461
149163
139627
152668
140532
150102
161439
153162
160213
127780
160237
152627
160631
132893
158906
152912
162430
128864
154147
128838
160297
149139
161558
152185
158802
145370
150650
145990
154110
144163
138163
152054
161726
152458
161087
152040
158222
152922
158218
153020
162329
152670
113558
152210
160999
152177
159097
149575
151064
151479
162188
148939
160832
176465
160218
149215
181805
151965
159268
152841
158098
152841
138137
152731
157484
144124
163701
152377
129994
153638
160994
151959
160422
151532
135932
152052
162993
150486
135201
110745
156651
151873
158375
145471
160311
151755
161544
129500
159724
154894
161390
152462
160595
150645
134554
130340
162192
129565
147952
151415
159476
149599
160690
152091
135421
111058
113606
147104
136485
145763
155649
152740
134692
152739
139609
152410
161345
127963
161100
151806
161182
152712
158474
167779
138491
127687
161198
147079
138348
150213
161894
152300
161754
178269
161384
152272
162095
132616
158230
151747
151834
144016
137233
153345
161442
151965
190742
140855
152560
152358
160048
152224
130442
144566
132364
109239
158694
152371
160282
152269
144801
152414
161293
154631
138529
152028
182578
143933
160739
125533
161715
129172
116714
156295
161285
131806
138230
142615
160401
151840
139876
150838
153386
172935
157726
150994
160905
131599
113715
149664
162363
152066
137978
161504
137953
138116
160134
149550
150352
151716
140566
151846
160807
162836
159339
116680
158649
152598
152855
152318
161524
153110
161065
153168
160118
146153
163681
152542
137720
145197
161580
131648
158426
155679
158097
152135
137175
145470
129616
109313
150498
147678
136151
128359
134426
129777
150592
171052
161563
152166
148140
152057
132078
149397
160436
149988
160657
145106
159803
152063
183147
131974
158903
152126
159740
152361
137484
153514
138171
129661
181697
151722
150328
120798
161122
151576
137685
152650
161349
143664
194948
150610
159628
131503
148421
152157
160779
149510
135309
152596
193831
151836
158821
146890
133060
152245
137110
150384
161194
151549
158373
152698
137620
115651
115966
104879
160316
146675
160590
153720
138769
155295
160327
152483
154696
152188
161022
149311
138231
152121
138031
152513
137067
152090
139863
151654
160547
152736
134954
127826
160933
149011
161379
127760
161539
150462
158517
152802
136070
114532
161288
152612
161032
151790
191121
152422
157761
153479
138352
116970
161221
152136
149916
116961
154497
129445
158102
152095
161074
151470
158843
151978
160818
151983
159362
152394
150413
153193
153837
151937
168970
152321
150348
148724
158482
124901
161657
153190
159298
144355
150395
152679
160927
151759
160633
151861
160240
140705
138190
151068
161902
143066
160678
160932
161240
152743
137218
151577
160432
125529
162006
152751
157818
155726
153701
149466
161653
152146
160845
151632
160609
127519
133134
154534
137586
152855
161138
152359
137595
149283
161680
149448
157288
129786
161417
153497
124179
151993
151533
152467
161706
150489
160512
152717
161530
152320
192976
149407
161572
178346
153907
152518
176603
151942
153983
152682
160930
151970
136685
153548
161329
151829
163220
152357
160618
154394
137998
152146
154014
152779
152652
117754
120227
125602
157193
127653
136699
151256
151113
164858
160682
148958
170408
149315
161097
152406
161314
151984
159101
136287
160294
151741
162278
152598
137333
156131
160403
126455
160650
150860
160997
151486
153163
144912
159488
138515
160998
152210
159439
149407
161755
149310
159057
151237
130718
153500
134110
152766
161438
152115
160702
152220
147267
128838
160061
152600
150506
152135
152645
152054
160835
153290
153717
149972
161199
152735
160804
132587
158805
152217
157677
152362
137659
145447
135509
153066
161243
151442
163837
150132
153925
145452
160929
152795
161380
151999
160597
151867
154739
152377
137295
153483
158256
153479
170381
152080
136433
145365
161467
152045
123240
153304
160769
145097
150185
145508
161615
149456
158939
151804
137715
153271
138163
151558
165161
132799
153728
143015
158930
152465
138493
155864
157972
144153
170441
152843
161228
151925
160967
152027
158920
151821
160683
151891
138223
152562
137058
151954
160534
145686
161387
150807
161276
143925
153018
151618
160932
161957
158470
149279
187603
150389
160957
141799
159255
152600
159832
152336
159045
152525
161187
149171
150467
152688
162067
144019
175881
136174
160974
152306
160363
152205
137121
145551
146858
144372
192345
149928
161211
165257
160698
143863
137902
152683
161108
149758
154227
151871
160753
151319
160189
152417
146603
151918
160745
152332
136708
149179
159259
128022
161460
129116
122367
206745
160792
153550
153307
153331
137651
144633
161189
126658
198935
152220
161320
150280
158397
150533
152680
152140
160680
131427
162390
152278
134877
152724
160864
151662
175893
152174
160431
148776
161170
126589
161627
150251
160200
152144
162171
152228
160752
186870
160514
131816
181937
130543
160581
151589
161132
151863
158688
152013
159482
152088
192577
151983
158534
151835
161314
143761
161701
153172
161103
131514
161216
152477
161002
144340
149805
134037
162003
152092
152559
144411
160621
149157
161300
128751
160889
152160
190642
150355
160862
132270
159752
152007
181595
145474
160644
143346
161112
151392
158785
143957
160728
149321
136537
151795
137108
152680
161312
144215
149943
149539
162892
145224
159627
152398
160143
153873
160111
152902
164444
152391
152544
144519
160858
152801
161492
152144
152582
152144
163696
150405
160659
172067
160754
132982
157478
150389
158791
151990
159621
128270
150429
148418
158148
152842
153880
120367
160606
151614
150847
152348
160665
144782
159970
151373
177760
152983
161048
131579
159966
152324
160545
151537
133610
152825
170647
151929
136557
145165
149899
152122
138148
152865
160984
131411
160577
151947
136474
150183
160566
128079
160622
130251
123091
152918
160997
152262
135873
149452
150742
151565
161204
152287
158668
149497
173621
152309
160513
151911
138432
149680
158093
152815
161061
151920
154671
152121
138017
152180
161333
149352
160777
152113
131115
152060
163348
152394
160040
155248
138342
151574
157926
152761
159050
144653
154419
152651
158147
151803
160980
127564
168100
129861
161159
151981
161096
127507
120061
156736
134980
127270
135851
129843
145792
144206
164437
143959
160143
151969
135040
111282
161480
183052
153285
150238
186658
153244
161423
166615
161463
144805
138083
148079
161062
143053
161584
151664
136388
184916
161536
131738
176097
152695
159915
130416
157763
149776
135307
150897
159155
152807
153122
131992
160342
153027
158214
152416
161616
152714
161036
151821
158697
152530
160813
154927
161040
151915
169962
152546
161241
150662
161567
151939
136009
151729
137108
145665
148867
149993
161495
149800
136760
152733
158457
150838
161068
144671
162896
129762
137908
149457
161279
152573
137575
152494
160757
149788
159024
152495
161049
156090
159165
152133
158999
128994
160895
152358
162374
146349
161205
153016
137267
113765
157224
150681
138419
152672
164099
132700
124783
152078
161025
152201
138246
142278
154798
149312
195472
150603
160408
125299
159277
150892
152923
150565
160958
151781
136748
150484
158509
163752
153762
124180
152627
151606
160602
149354
161431
152476
135966
152871
137399
152389
158480
149010
153878
152205
160804
131441
160496
154413
161078
152057
157581
148639
161370
152005
160948
131478
124491
152418
127019
151896
160649
150706
135177
145053
161555
145081
161426
154892
160964
140275
137061
149477
138102
151493
162926
127825
161165
129548
161352
152525
160785
151994
158042
145087
161299
149159
158924
149674
138091
149366
158430
152604
153795
152388
161513
146850
160999
152417
159043
151762
187032
150948
135973
160268
161412
152168
136111
152121
152452
150603
153217
152385
160633
154563
160921
133462
137980
114382
161171
128634
154323
129408
136487
151879
161725
145211
152641
154278
161316
151990
161493
152029
160569
154244
160567
151756
138545
149650
160247
152117
161557
152647
161084
152716
161439
145046
137373
151544
160509
152772
158630
149308
161452
152367
136112
151875
192912
151816
160457
162844
159518
149022
157851
152633
161124
131636
160880
151842
158082
153274
160857
131833
124314
150422
160693
123392
158699
152897
161306
150141
161286
152195
175581
152328
161810
132130
153321
152120
137592
154007
161205
151886
174455
152473
137744
152878
161407
149676
160418
150605
137509
150891
161187
151818
159083
152872
153990
152594
136538
152080
160416
149083
161374
152391
152520
133203
159042
127458
158258
153338
161026
150541
161405
151851
158885
144703
159884
152087
155967
150393
136602
152323
157433
120992
161293
151895
153649
151859
159940
127836
160297
151657
156956
146626
160410
148924
157118
143447
157959
150747
159889
125720
158909
152735
161245
137272
161140
148458
161093
152001
160625
153590
161171
152068
152371
151863
157976
126903
161946
152319
160040
152616
159481
147166
198312
151834
160705
151891
161416
130325
157876
126790
161426
125707
121876
148579
134734
126417
132681
111680
161285
152657
161243
150913
160225
152118
160579
130684
161246
130330
153461
151690
159388
152402
160762
149663
150328
151879
161445
150993
160832
155572
161466
127678
122846
151631
160930
151795
148639
149867
150351
169896
160498
145058
174933
152137
160586
152706
188480
126779
161505
145427
132154
151599
160726
151983
136660
150440
136387
152242
160964
168618
161408
132018
163156
152636
137322
166221
160723
149568
161052
145270
160439
151900
145265
152006
161461
152928
158303
152876
187843
145134
138131
150141
160731
152199
159089
147002
152591
151898
161186
152279
135701
169032
161409
126193
148343
120434
161701
127865
159985
143947
160715
145211
153216
120738
158097
130187
160519
151578
200047
137401
150123
164852
159180
151964
152784
151051
156661
152440
160400
124310
158819
152054
160276
150837
181056
137494
161240
152259
148444
149678
157657
152387
160688
152427
139146
151836
137088
152699
161314
152578
150477
150020
158250
152708
160329
149854
150985
185115
160643
132864
174672
148704
161402
152060
160452
152004
160566
142939
161017
128187
155217
128948
146722
149514
159319
129948
136608
150158
157835
149647
135240
152502
160103
150584
161010
151664
152397
152482
161406
152568
161915
150119
153618
161506
138493
152006
137661
152880
133471
149374
158433
149247
161222
154820
158882
152147
158103
126849
159329
150248
150145
152812
161209
152479
136924
145427
161342
152208
160608
144977
161512
144017
136048
160750
160673
152049
165834
152772
160892
151956
160516
150471
160814
149588
153885
128759
197491
152479
161096
150123
161541
129663
159262
152056
158760
152489
160978
129715
161461
152745
136812
110129
161048
147737
150303
120865
157462
135660
160478
149029
158655
129475
161507
152294
137194
152931
161696
150268
153736
151415
161227
151828
152567
152349
159643
127579
160788
152066
136360
145061
161434
151683
159342
152137
156831
144065
209142
129275
161273
152369
161138
151871
169030
149784
159308
177449
154009
149846
171471
131681
160573
151652
160536
152131
153727
133199
159987
151662
189817
132634
161802
166429
159427
132828
154000
152280
157222
132677
137298
152117
157534
170792
160962
124428
154134
150513
156901
151984
160007
126934
161315
154963
161238
152252
150729
152281
160992
150884
154852
145173
158602
149121
157454
129397
178862
152543
161333
125319
160913
127638
158398
152652
160927
151924
159814
151846
137182
152185
161315
152608
161056
142860
158657
152601
152657
151975
152576
184816
159041
152241
204344
131759
160659
177549
161373
152168
137305
152906
158634
124833
159517
151328
152508
152865
161024
152199
173879
151721
159127
114478
161445
151138
150046
146123
149655
129474
167257
152001
157728
151120
158681
151527
160367
152062
160720
150667
160695
149152
161626
143197
138334
152732
161169
148366
137348
143285
137769
113320
158505
152378
131249
153227
161400
127635
135996
149529
150361
150316
150394
151827
147871
128970
161693
183140
135300
148969
161569
152445
133572
152818
150997
149252
161060
154651
161123
149711
136362
145310
152973
149749
158703
116719
157633
152742
160846
152239
170706
152211
137486
151939
137028
111597
158929
178397
158684
152972
161929
152064
159032
151996
158905
128291
121266
143988
131470
135009
155511
149234
131977
144531
162532
129369
160896
152290
159179
149568
158650
149337
160718
138805
158309
152179
160765
175439
135997
151915
137359
151629
136356
152191
161796
147183
138333
156928
161866
152341
159673
151591
161011
151858
160812
132330
158820
128584
160710
152379
180526
152602
158385
131379
161579
152688
161081
152613
157998
152689
161551
150518
136155
152550
160759
153331
161334
132147
137646
129760
162526
143871
128389
153922
159615
151644
137898
149139
157580
133343
202239
152451
160674
146151
137451
150987
161028
151297
159163
152601
137865
113598
160762
155336
161222
151861
158091
149930
160742
117175
158789
152267
161296
149369
146807
152610
161055
151973
160437
150449
159346
152578
155335
152996
160820
147233
160867
129697
138047
149121
161238
116960
161081
152335
161399
129704
122874
205188
152580
152636
160026
155081
160861
131839
159150
152685
185537
152568
137342
183035
137596
152151
138003
150291
161291
129785
162481
152412
158587
155316
135048
151674
160390
152128
162192
117014
160800
152375
150756
153381
138113
144048
161063
144566
151591
149364
138324
151788
159449
151058
153722
151022
132277
148992
160888
153464
152747
130628
161331
144040
136519
152358
158868
145984
149431
120490
161258
153437
158426
166098
149717
149170
138099
151814
136128
110713
179088
136980
161416
151896
160856
131835
160641
152347
136598
129577
191491
152335
160902
169015
161927
150744
173292
120458
158170
148193
161605
143883
151670
152433
137070
152727
172769
149999
160901
153242
161184
151921
158414
152532
159353
149361
153201
116812
146040
149750
251022
144345
162708
152111
160589
126528
158165
153692
161209
152026
154368
145233
161823
152536
158862
143312
125444
149650
160560
151051
158978
153296
161229
144835
139181
183072
159444
144014
166820
144057
161666
152207
160885
130614
156130
152625
152545
152450
160632
152474
161467
171326
161021
149468
135792
152586
158871
151711
159107
152024
158301
153372
148150
152112
198006
152587
161498
150768
161342
150863
163677
129568
160809
130120
161554
123331
160447
182225
161372
144166
186292
141748
160821
152953
161549
152067
160937
149318
158290
151641
161002
145796
138417
152432
113498
152322
161132
150740
138973
145038
145332
151812
161349
158491
158299
152517
161232
152213
135476
152129
160981
152742
153993
150031
135207
141669
158230
152248
156426
124827
161971
151618
159373
152529
158124
152835
137691
150870
160979
152424
161437
148963
157845
151887
160749
126919
135503
151838
137027
152630
150517
143801
160744
152397
155218
151722
169469
151669
161575
147382
159375
152475
161577
135173
161182
151897
162747
152628
161354
150712
160605
150718
160952
141124
139233
152009
134029
126064
137015
129025
161428
149584
150277
129089
137459
152824
161127
151794
160890
152247
160239
129672
161076
152673
160193
152190
162311
152246
160944
143089
160457
151952
160612
149223
161684
152023
159315
152499
149217
156947
161521
152465
178625
132810
159909
152723
151999
150004
137914
129243
160755
152877
161756
151867
136396
152169
158979
151913
160789
145136
161184
152482
161259
131424
160798
159728
136286
145360
161275
147337
161132
151937
159985
149442
161653
162014
139945
151366
170843
149586
138872
152183
143231
129066
160386
152828
138242
128406
128611
149524
158147
150055
181772
152491
158952
152864
138150
152563
146422
151063
161029
145019
158564
152681
153359
154658
161410
152460
147434
152146
160969
117034
161333
152769
153952
150256
160767
127278
135982
160312
160845
148218
150154
128135
159777
154431
135324
149088
161363
152109
136791
150245
144441
152285
158142
155501
153995
152148
181135
151417
160625
151972
157909
132631
160915
152512
161857
152653
205137
143054
156709
150421
158426
151090
163331
150626
161286
124584
153950
152881
134507
149605
161176
130204
197736
152027
160744
182361
158433
152761
184250
132665
123110
152610
161370
143810
157846
129167
158910
152622
183671
152618
133873
112019
159179
139509
160257
149558
154370
150736
135629
151484
138009
114062
162012
150330
160962
152731
160739
152166
158992
127859
158828
152623
153004
149433
157864
144444
159189
128755
152529
152603
160871
152512
161255
151608
161239
134217
136834
152245
137248
150853
160668
152159
140814
152941
161109
154339
138440
129210
161247
151975
137698
152442
136286
151279
160995
149949
149876
149399
160809
150707
138389
145377
159170
152832
153927
152415
138061
145038
160645
151858
160503
150577
160825
151911
137954
155252
138412
152172
164656
151687
159703
152017
159261
152278
160869
152357
161036
152339
138457
151434
160706
160027
159183
151969
160674
150619
160615
152028
160743
127981
160076
130203
124023
105875
160812
152714
161402
149290
163577
152319
136126
150285
160975
150112
138533
129974
123198
152839
169832
153177
134970
150185
160762
149487
138242
144461
160518
129803
160420
151951
158344
152625
161456
149504
161302
127256
161363
152507
189166
135286
160777
166837
157549
151436
135926
148578
137030
150078
162736
149744
138662
165238
160917
153026
161128
143321
160727
152083
160844
150320
153137
143230
132144
152179
169751
152127
160933
152625
161030
151772
160802
146754
160812
133660
164008
149871
137597
152410
136779
152469
161170
124772
160572
152518
161698
151997
160388
172350
143170
152096
137077
152103
137970
152423
158590
132040
159388
169988
160574
151844
163460
152134
154537
131901
161594
151993
158393
152962
160946
150694
161621
131746
159716
152142
160531
152308
160705
151669
153909
131639
138535
152716
161270
143693
161180
152255
137847
152842
161086
151836
136996
151992
161355
171085
161414
143991
160885
151882
136466
143972
137358
152401
161557
144544
160721
153173
163930
145221
152812
128764
153973
148446
137441
185710
161427
144076
192113
140345
161013
154124
160887
144161
160406
152819
161178
152497
160988
128135
157954
152931
152580
150759
170348
152477
161637
151630
158456
122066
152768
152428
160236
145245
199545
152900
161055
151263
160981
152001
170150
129680
122295
152959
137314
151661
137435
158984
161014
132886
161315
151968
158327
152227
158922
132451
146586
177835
161289
131903
161091
151670
136499
152233
139467
148534
157791
153185
137547
143006
159928
149334
161393
152219
161163
127746
160454
152369
136407
152514
152936
151795
161240
146515
161380
151958
153096
152538
160658
127170
173477
129741
124057
152373
162613
128703
161361
152999
161183
152079
136999
152805
161509
150709
161651
143958
160327
146294
160863
152259
163379
132696
124855
152161
144030
152045
160794
153079
161442
152017
182881
132805
152455
151722
158347
129548
158270
129717
159068
152617
163971
143891
160958
155436
137686
152885
161267
147131
152782
152273
137666
129461
160986
151832
137799
152519
161428
152179
160371
146131
140900
141319
129984
152682
154319
129356
161180
128784
160561
152743
172887
152408
148738
127947
158667
149571
160917
152863
161350
152149
160866
150290
159105
168892
157631
152152
138401
146147
136864
152742
161200
150547
161310
152267
158242
149333
168761
145500
161516
151633
158399
152458
161287
132767
159568
152284
160756
151816
138140
152516
137608
148908
153747
152317
160511
127343
160739
152159
160812
153037
146156
151883
137370
145195
160927
131582
162064
153095
161081
154281
161180
150703
138298
149250
161325
125596
154429
152307
160870
127403
160904
151925
157976
152617
160718
126773
163670
150157
160908
180083
161742
143981
186292
152708
161253
159224
138404
151299
160353
152764
153890
149597
161946
144453
160395
150126
153747
152009
169439
129458
153698
129134
161510
152438
160957
152328
153957
152754
137357
145372
128341
152701
160735
124192
160500
182125
152626
149645
134573
152203
160608
151912
157715
152532
161071
146154
133257
148519
180640
150626
160987
144618
160926
152728
161334
152095
158287
152802
139216
148983
161068
154365
158745
152927
159242
152657
159508
133129
161174
128157
158168
129749
160470
152249
123450
151856
160643
153007
161611
146583
161531
154335
161703
151950
198038
152779
161441
150927
160793
151180
153920
152307
136429
108002
113733
140637
131409
123481
132509
152285
149095
152170
160640
152599
157593
152137
152537
151850
158379
127401
153563
159377
161072
144205
137136
149968
136945
149264
164051
153064
161359
182204
149645
151919
161133
148962
161318
144171
159545
128769
161131
153184
138029
150237
191362
129742
138158
129430
160987
127899
150567
150167
161451
152774
172870
130602
121202
140023
123441
106753
159311
152974
161407
142634
138062
144764
153314
148580
148416
152393
161051
151621
160565
150610
157417
152001
136287
152532
161739
131522
161017
152461
160907
152870
138295
152789
158054
152090
180337
149368
138220
170925
161113
152115
169522
126996
150638
140971
161291
129703
157837
151641
160812
152455
136790
112110
161211
146072
161633
152280
151061
118569
256448
131321
161410
148657
132848
125843
135368
142162
150398
153074
137146
151757
160531
147976
160730
152219
161593
152461
160840
150753
137295
150596
174208
145453
153274
150732
161346
152014
160359
151737
158037
126889
120464
124959
129985
141285
151206
145300
158632
157118
139666
130455
155622
152426
160633
153036
161764
137408
161295
170498
157555
142736
159902
149209
153834
149285
129112
144131
160998
132752
160653
151686
161473
149394
160561
126400
157072
151854
160647
152633
136425
152895
158277
132465
138138
149641
158163
152625
160759
145570
161316
151917
170517
152811
161116
150597
158485
152869
159938
146220
153238
153084
161476
146710
135564
149734
153193
144360
154443
152055
160555
145055
139054
151765
136957
149186
161416
151914
160628
150587
160983
131628
161537
121049
161552
149522
158707
126493
161487
146918
158302
146235
172106
149502
138164
128572
158217
152757
160933
150818
152770
152247
137551
154155
160826
168318
146081
149989
160916
153113
152988
127688
152689
151756
161234
154674
158039
152686
180129
152546
160989
152355
138320
128705
122733
152925
160843
152224
135532
152118
161154
152222
161324
152287
161247
132104
160060
152296
193346
152788
158553
173753
160634
149262
186466
147907
157355
162671
160456
151823
160655
152899
161332
152624
157058
117317
161430
145609
161326
149671
137341
152333
161284
152494
161648
152774
161406
151016
161371
127571
202683
152978
158124
150448
137395
142215
160916
150398
158647
124136
154240
151245
161206
168665
157663
152389
161736
128796
161186
152600
162451
105555
115312
134542
161645
149290
160636
149436
153512
150520
160777
152612
161078
152386
161267
152678
163227
152827
160723
151805
160674
151943
152862
152593
138126
152077
163406
150345
161212
152746
160747
131978
160252
151501
136911
151892
161551
152528
153424
160668
161228
132668
160940
152191
160338
151671
160991
131490
150413
152790
160141
151795
170951
152496
160949
150828
159944
130082
156080
153250
161282
152355
160145
151899
160748
152312
160456
143567
158533
151909
152856
150487
161098
151911
160650
152279
160477
132127
195693
153087
153569
173222
157709
142970
163166
152697
160272
145147
132573
144067
152071
154430
161175
152161
166723
152824
159223
152660
149902
151970
160152
148905
161204
146313
161685
152332
158134
153167
137307
127958
160511
152779
158016
152251
152774
143034
160673
173897
158501
151970
136221
145341
161065
152370
160717
150271
138431
152710
161303
128482
155262
149742
153967
129805
210797
152290
136952
152001
162288
121900
161154
145074
161010
127723
160889
151774
138306
131790
157589
152430
196017
149048
161593
182124
146819
152197
151770
150576
137768
116881
160350
152719
161236
152011
160122
127522
161025
149251
161258
152456
161035
124939
153938
146640
160835
128061
161241
155020
136027
151957
137505
151995
161433
155216
153766
151808
152509
151866
160757
151421
160451
144711
160927
153197
152648
145313
206616
152251
152355
155037
161162
150543
154422
149991
137540
113669
139544
152881
160995
165547
161587
130592
161496
151783
161433
143455
160634
151848
160330
150503
133036
147309
160583
152451
161112
150035
160772
129794
158580
153193
157699
151967
160706
152352
161739
154176
154218
143352
161243
147409
153226
151127
160895
152110
160123
152070
135416
152007
136952
152542
158508
149371
134667
144548
137899
152596
140337
128852
122607
152442
160655
128359
120393
105184
128124
123454
129069
119610
161350
152249
142116
149705
160407
125297
161886
137113
138276
152629
160371
150516
136363
152044
161139
150615
141368
152093
160248
160515
161386
152645
198655
145210
161221
154325
137897
150855
160821
150576
154020
145582
159569
133162
161228
145368
138351
128780
160902
153176
161204
151959
160867
105135
157821
154221
150492
152270
135186
151971
160596
151659
140551
127559
160845
152474
166243
152119
158566
149433
160584
145357
160766
149781
161027
153331
129743
151190
137139
113976
158142
148821
150565
152083
135556
145212
161398
152615
160835
150655
156159
131687
131212
152629
161100
144094
161109
151123
152641
152349
137157
145047
202749
143777
161436
150153
161178
130289
160716
153475
161004
129609
138281
149512
161501
152664
137241
150301
161339
142322
152816
152056
159753
152368
160590
151531
160661
121173
161402
153619
135104
153692
161195
152448
159467
150167
160477
148949
142167
152315
161516
127014
158222
151976
160288
144478
138208
152435
178894
145123
158376
148984
161380
151904
136899
150812
158214
152821
163304
152592
155700
181610
160901
133097
168502
152726
160954
144508
161545
152609
131449
152748
152703
152081
203501
152336
160829
150741
160801
151360
180132
152253
160667
152002
